0.015625 1.999999999999999 4.42 1.999999999999999 4.42 -2.27822078484169e-70
0.046875 1.999999999999999 4.42 1.999999999999999 4.42 -6.85218368134225e-70
0.078125 1.999999999999999 4.42 1.999999999999999 4.42 -1.8996549218085223e-69
0.109375 1.999999999999999 4.42 1.999999999999999 4.42 -5.008720464462768e-69
0.140625 1.999999999999999 4.42 1.999999999999999 4.42 -1.275954546258792e-68
0.171875 1.999999999999999 4.42 1.999999999999999 4.42 -3.1691289287035775e-68
0.203125 1.999999999999999 4.42 1.999999999999999 4.42 -7.718206623049324e-68
0.234375 1.999999999999999 4.42 1.999999999999999 4.42 -1.8502142513491473e-67
0.265625 1.999999999999999 4.42 1.999999999999999 4.42 -4.377446861968469e-67
0.296875 1.999999999999999 4.42 1.999999999999999 4.42 -1.0241461876918614e-66
0.328125 1.999999999999999 4.42 1.999999999999999 4.42 -2.372921497325267e-66
0.359375 1.999999999999999 4.42 1.999999999999999 4.42 -5.451008665905134e-66
0.390625 1.999999999999999 4.42 1.999999999999999 4.42 -1.2425942366207413e-65
0.421875 1.999999999999999 4.42 1.999999999999999 4.42 -2.8128757645194546e-65
0.453125 1.999999999999999 4.42 1.999999999999999 4.42 -6.326920398120275e-65
0.484375 1.999999999999999 4.42 1.999999999999999 4.42 -1.414693107295441e-64
0.515625 1.999999999999999 4.42 1.999999999999999 4.42 -3.145813634902412e-64
0.546875 1.999999999999999 4.42 1.999999999999999 4.42 -6.959052145299416e-64
0.578125 1.999999999999999 4.42 1.999999999999999 4.42 -1.5319234162033377e-63
0.609375 1.999999999999999 4.42 1.999999999999999 4.42 -3.356600044717967e-63
0.640625 1.999999999999999 4.42 1.999999999999999 4.42 -7.321984942534789e-63
0.671875 1.999999999999999 4.42 1.999999999999999 4.42 -1.5903905636321816e-62
0.703125 1.999999999999999 4.42 1.999999999999999 4.42 -3.4402769321153487e-62
0.734375 1.999999999999999 4.42 1.999999999999999 4.42 -7.4123871613528855e-62
0.765625 1.999999999999999 4.42 1.999999999999999 4.42 -1.590929990931295e-61
0.796875 1.999999999999999 4.42 1.999999999999999 4.42 -3.401882857024736e-61
0.828125 1.999999999999999 4.42 1.999999999999999 4.42 -7.247774453020917e-61
0.859375 1.999999999999999 4.42 1.999999999999999 4.42 -1.5386651948267813e-60
0.890625 1.999999999999999 4.42 1.999999999999999 4.42 -3.2551487659220895e-60
0.921875 1.999999999999999 4.42 1.999999999999999 4.42 -6.863006283915339e-60
0.953125 1.999999999999999 4.42 1.999999999999999 4.42 -1.442119640701555e-59
0.984375 1.999999999999999 4.42 1.999999999999999 4.42 -3.0203361416968546e-59
1.015625 1.999999999999999 4.42 1.999999999999999 4.42 -6.305182608170241e-59
1.046875 1.999999999999999 4.42 1.999999999999999 4.42 -1.3120415267055653e-58
1.078125 1.999999999999999 4.42 1.999999999999999 4.42 -2.7215866533612825e-58
1.109375 1.999999999999999 4.42 1.999999999999999 4.42 -5.6277758939184945e-58
1.140625 1.999999999999999 4.42 1.999999999999999 4.42 -1.1601261438237894e-57
1.171875 1.999999999999999 4.42 1.999999999999999 4.42 -2.3841835575636754e-57
1.203125 1.999999999999999 4.42 1.999999999999999 4.42 -4.884848740431868e-57
1.234375 1.999999999999999 4.42 1.999999999999999 4.42 -9.978129800561989e-57
1.265625 1.999999999999999 4.42 1.999999999999999 4.42 -2.0320867377757505e-56
1.296875 1.999999999999999 4.42 1.999999999999999 4.42 -4.126081146814488e-56
1.328125 1.999999999999999 4.42 1.999999999999999 4.42 -8.352991740634592e-56
1.359375 1.999999999999999 4.42 1.999999999999999 4.42 -1.686011193240446e-55
1.390625 1.999999999999999 4.42 1.999999999999999 4.42 -3.3931056550831865e-55
1.421875 1.999999999999999 4.42 1.999999999999999 4.42 -6.808576983337657e-55
1.453125 1.999999999999999 4.42 1.999999999999999 4.42 -1.3621972531801136e-54
1.484375 1.999999999999999 4.42 1.999999999999999 4.42 -2.71737836329482e-54
1.515625 1.999999999999999 4.42 1.999999999999999 4.42 -5.404899700758321e-54
1.546875 1.999999999999999 4.42 1.999999999999999 4.42 -1.07189611230049e-53
1.578125 1.999999999999999 4.42 1.999999999999999 4.42 -2.119554414886232e-53
1.609375 1.999999999999999 4.42 1.999999999999999 4.42 -4.178897469918695e-53
1.640625 1.999999999999999 4.42 1.999999999999999 4.42 -8.214889684997225e-53
1.671875 1.999999999999999 4.42 1.999999999999999 4.42 -1.6101315822779676e-52
1.703125 1.999999999999999 4.42 1.999999999999999 4.42 -3.1465632025112256e-52
1.734375 1.999999999999999 4.42 1.999999999999999 4.42 -6.1308674558564455e-52
1.765625 1.999999999999999 4.42 1.999999999999999 4.42 -1.1909998921582205e-51
1.796875 1.999999999999999 4.42 1.999999999999999 4.42 -2.3067406877601848e-51
1.828125 1.999999999999999 4.42 1.999999999999999 4.42 -4.454253611117328e-51
1.859375 1.999999999999999 4.42 1.999999999999999 4.42 -8.574936586047256e-51
1.890625 1.999999999999999 4.42 1.999999999999999 4.42 -1.645720846417934e-50
1.921875 1.999999999999999 4.42 1.999999999999999 4.42 -3.1487547339947423e-50
1.953125 1.999999999999999 4.42 1.999999999999999 4.42 -6.005727064687491e-50
1.984375 1.999999999999999 4.42 1.999999999999999 4.42 -1.1418828486624206e-49
2.015625 1.999999999999999 4.42 1.999999999999999 4.42 -2.164163558795051e-49
2.046875 1.999999999999999 4.42 1.999999999999999 4.42 -4.0883930329748965e-49
2.078125 1.999999999999999 4.42 1.999999999999999 4.42 -7.698188899911537e-49
2.109375 1.999999999999999 4.42 1.999999999999999 4.42 -1.4446905109718582e-48
2.140625 1.999999999999999 4.42 1.999999999999999 4.42 -2.702002356417873e-48
2.171875 1.999999999999999 4.42 1.999999999999999 4.42 -5.0360797287801475e-48
2.203125 1.999999999999999 4.42 1.999999999999999 4.42 -9.353267962350299e-48
2.234375 1.999999999999999 4.42 1.999999999999999 4.42 -1.7308607822853055e-47
2.265625 1.999999999999999 4.42 1.999999999999999 4.42 -3.1911596593010844e-47
2.296875 1.999999999999999 4.42 1.999999999999999 4.42 -5.8610728285051535e-47
2.328125 1.999999999999999 4.42 1.999999999999999 4.42 -1.0722511834554478e-46
2.359375 1.999999999999999 4.42 1.999999999999999 4.42 -1.9536579209753196e-46
2.390625 1.999999999999999 4.42 1.999999999999999 4.42 -3.544595714090166e-46
2.421875 1.999999999999999 4.42 1.999999999999999 4.42 -6.402876193520721e-46
2.453125 1.999999999999999 4.42 1.999999999999999 4.42 -1.1512940178789018e-45
2.484375 1.999999999999999 4.42 1.999999999999999 4.42 -2.060150041016556e-45
2.515625 1.999999999999999 4.42 1.999999999999999 4.42 -3.6677085226756304e-45
2.546875 1.999999999999999 4.42 1.999999999999999 4.42 -6.494345351696857e-45
2.578125 1.999999999999999 4.42 1.999999999999999 4.42 -1.1432892156771465e-44
2.609375 1.999999999999999 4.42 1.999999999999999 4.42 -2.0001391905388715e-44
2.640625 1.999999999999999 4.42 1.999999999999999 4.42 -3.4754386748737267e-44
2.671875 1.999999999999999 4.42 1.999999999999999 4.42 -5.993943055649722e-44
2.703125 1.999999999999999 4.42 1.999999999999999 4.42 -1.025195040406753e-43
2.734375 1.999999999999999 4.42 1.999999999999999 4.42 -1.7371316768754017e-43
2.765625 1.999999999999999 4.42 1.999999999999999 4.42 -2.91205779188509e-43
2.796875 1.999999999999999 4.42 1.999999999999999 4.42 -4.8208921257584945e-43
2.828125 1.999999999999999 4.42 1.999999999999999 4.42 -7.862381985663504e-43
2.859375 1.999999999999999 4.42 1.999999999999999 4.42 -1.258888113997978e-42
2.890625 1.999999999999999 4.42 1.999999999999999 4.42 -1.9689254483153933e-42
2.921875 1.999999999999999 4.42 1.999999999999999 4.42 -2.984371359915005e-42
2.953125 1.999999999999999 4.42 1.999999999999999 4.42 -4.325788212120148e-42
2.984375 1.999999999999999 4.42 1.999999999999999 4.42 -5.846063377957028e-42
3.015625 1.999999999999999 4.42 1.999999999999999 4.42 -6.949926403797957e-42
3.046875 1.999999999999999 4.42 1.999999999999999 4.42 -5.97690423008472e-42
3.078125 1.999999999999999 4.42 1.999999999999999 4.42 1.1041630246284527e-42
3.109375 1.999999999999999 4.42 1.999999999999999 4.42 2.3380523158598155e-41
3.140625 1.999999999999999 4.42 1.999999999999999 4.42 8.040211368904828e-41
3.171875 1.999999999999999 4.42 1.999999999999999 4.42 2.128823627925937e-40
3.203125 1.999999999999999 4.42 1.999999999999999 4.42 5.035814308975148e-40
3.234375 1.999999999999999 4.42 1.999999999999999 4.42 1.1175793032213454e-39
3.265625 1.999999999999999 4.42 1.999999999999999 4.42 2.379148315477548e-39
3.296875 1.999999999999999 4.42 1.999999999999999 4.42 4.9171664344323987e-39
3.328125 1.999999999999999 4.42 1.999999999999999 4.42 9.937973385277114e-39
3.359375 1.999999999999999 4.42 1.999999999999999 4.42 1.9733640409492698e-38
3.390625 1.999999999999999 4.42 1.999999999999999 4.42 3.862246412839405e-38
3.421875 1.999999999999999 4.42 1.999999999999999 4.42 7.467854512244359e-38
3.453125 1.999999999999999 4.42 1.999999999999999 4.42 1.4289429136809048e-37
3.484375 1.999999999999999 4.42 1.999999999999999 4.42 2.709319313161419e-37
3.515625 1.999999999999999 4.42 1.999999999999999 4.42 5.095304745953352e-37
3.546875 1.999999999999999 4.42 1.999999999999999 4.42 9.512456240138327e-37
3.578125 1.999999999999999 4.42 1.999999999999999 4.42 1.764039657518716e-36
3.609375 1.999999999999999 4.42 1.999999999999999 4.42 3.251223154159321e-36
3.640625 1.999999999999999 4.42 1.999999999999999 4.42 5.957967746992783e-36
3.671875 1.999999999999999 4.42 1.999999999999999 4.42 1.0859796109704051e-35
3.703125 1.999999999999999 4.42 1.999999999999999 4.42 1.969481613251063e-35
3.734375 1.999999999999999 4.42 1.999999999999999 4.42 3.554705609886775e-35
3.765625 1.999999999999999 4.42 1.999999999999999 4.42 6.386682306426079e-35
3.796875 1.999999999999999 4.42 1.999999999999999 4.42 1.142489249897584e-34
3.828125 1.999999999999999 4.42 1.999999999999999 4.42 2.0352048920353324e-34
3.859375 1.999999999999999 4.42 1.999999999999999 4.42 3.610838991254936e-34
3.890625 1.999999999999999 4.42 1.999999999999999 4.42 6.381297208125961e-34
3.921875 1.999999999999999 4.42 1.999999999999999 4.42 1.123468433039923e-33
3.953125 1.999999999999999 4.42 1.999999999999999 4.42 1.9706444301768363e-33
3.984375 1.999999999999999 4.42 1.999999999999999 4.42 3.444218049896123e-33
4.015625 1.999999999999999 4.42 1.999999999999999 4.42 5.998506676741735e-33
4.046875 1.999999999999999 4.42 1.999999999999999 4.42 1.04111138669265e-32
4.078125 1.999999999999999 4.42 1.999999999999999 4.42 1.8008638503315503e-32
4.109375 1.999999999999999 4.42 1.999999999999999 4.42 3.104698038737646e-32
4.140625 1.999999999999999 4.42 1.999999999999999 4.42 5.335009896503985e-32
4.171875 1.999999999999999 4.42 1.999999999999999 4.42 9.137948787512768e-32
4.203125 1.999999999999999 4.42 1.9999999999999978 4.42 1.5601918693651058e-31
4.234375 1.999999999999999 4.42 1.9999999999999987 4.419999999999998 2.65545774288298e-31
4.265625 1.999999999999999 4.42 1.9999999999999984 4.419999999999998 4.505546363689017e-31
4.296875 1.999999999999999 4.42 1.9999999999999756 4.42000000000005 7.621057735477044e-31
4.328125 1.999999999999999 4.42 1.9999999999999383 4.42000000000013 1.2851516331372023e-30
4.359375 1.999999999999999 4.42 1.9999999999999751 4.420000000000049 2.1606037380466126e-30
4.390625 1.999999999999999 4.42 2.0000000000001146 4.4199999999997335 3.621484103504994e-30
4.421875 1.999999999999999 4.42 2.000000000000093 4.419999999999788 6.0519690049571036e-30
4.453125 1.999999999999999 4.42 1.9999999999996172 4.4200000000008375 1.0083523940785047e-29
4.484375 1.999999999999999 4.42 1.999999999999328 4.420000000001477 1.6750947021985322e-29
4.515625 1.999999999999999 4.42 2.0000000000006093 4.419999999998656 2.774487006777097e-29
4.546875 1.999999999999999 4.42 2.0000000000025238 4.419999999994342 4.5819074330769235e-29
4.578125 1.999999999999999 4.42 2.0000000000001092 4.419999999999813 7.544549486732463e-29
4.609375 1.999999999999999 4.42 1.9999999999921143 4.420000000017421 1.238642375332453e-28
4.640625 1.999999999999999 4.42 1.9999999999926796 4.420000000016254 2.027615344466844e-28
4.671875 1.999999999999999 4.42 2.0000000000174287 4.419999999961439 3.3094267750190695e-28
4.703125 1.999999999999999 4.42 2.0000000000383977 4.419999999914273 5.38576355657764e-28
4.734375 1.999999999999999 4.42 1.9999999999846916 4.420000000034914 8.73912572067705e-28
4.765625 1.999999999999999 4.42 1.9999999998694824 4.420000000288333 1.4138812796945444e-27
4.796875 1.999999999999999 4.42 1.9999999999111673 4.420000000198503 2.2807587812770227e-27
4.828125 1.999999999999999 4.42 2.0000000002868883 4.419999999363218 3.668289004728993e-27
4.859375 1.999999999999999 4.42 2.0000000005695235 4.419999998731724 5.882486307471667e-27
4.890625 1.999999999999999 4.42 1.9999999998043974 4.420000000445351 9.405155247393542e-27
4.921875 1.999999999999999 4.42 1.999999998089494 4.420000004220197 1.49924343140427e-26
4.953125 1.999999999999999 4.42 1.9999999981817433 4.420000004064371 2.3827139994964814e-26
4.984375 1.999999999999999 4.42 2.0000000031899914 4.419999992895766 3.775344399229274e-26
5.015625 1.999999999999999 4.42 2.000000010209888 4.419999977335587 5.963706537766583e-26
5.046875 1.999999999999999 4.42 2.0000000085914804 4.419999981120421 9.391605402168255e-26
5.078125 1.999999999999999 4.42 1.999999995021592 4.420000010645806 1.474398097469421e-25
5.109375 1.999999999999999 4.42 2.0000000055219402 4.419999987988315 2.3074218514254646e-25
5.140625 1.999999999999999 4.42 2.0000001665456035 4.419999631573879 3.599654906553355e-25
5.171875 1.999999999999999 4.42 2.000000833496642 4.419998151631616 5.5975613110885925e-25
5.203125 1.999999999999999 4.42 2.0000035223110757 4.419992205380842 8.676038409735593e-25
5.234375 1.999999999999999 4.42 2.0000127743968745 4.419971511129564 1.3403152088627167e-24
5.265625 1.999999999999999 4.42 2.000029762745275 4.419934246543832 2.063626327147327e-24
5.296875 1.999999999999999 4.42 2.000048890772449 4.419891111630196 3.1664072085467803e-24
5.328125 1.999999999999999 4.42 2.0000631946825314 4.41985971928429 4.8415436441065506e-24
5.359375 1.999999999999999 4.42 2.0000704597672243 4.419844608702036 7.376468727502132e-24
5.390625 1.999999999999999 4.42 2.000073028817027 4.419836931446736 1.1197544736359961e-23
5.421875 1.999999999999999 4.42 2.000074549600465 4.419834324777336 1.6934177460038927e-23
5.453125 1.999999999999999 4.42 2.000075186211008 4.419833959986449 2.5510813027808987e-23
5.484375 1.999999999999999 4.42 2.000075222582641 4.4198330144901465 3.8277972523577195e-23
5.515625 1.999999999999999 4.42 2.000075070977398 4.419832724774758 5.719737357640802e-23
5.546875 1.999999999999999 4.42 2.000074980586179 4.419833528772224 8.510108664216983e-23
5.578125 1.999999999999999 4.42 2.000074924975538 4.419834125379695 1.2605058654817386e-22
5.609375 1.999999999999999 4.42 2.0000748716062966 4.419833813892707 1.8582826090560647e-22
5.640625 1.999999999999999 4.42 2.000074885526674 4.419833417874827 2.7260073698019643e-22
5.671875 1.999999999999999 4.42 2.000074963571852 4.419833543066986 3.977987490968176e-22
5.703125 1.999999999999999 4.42 2.000075002840493 4.419833725203507 5.77259160798956e-22
5.734375 1.999999999999999 4.42 2.0000749632620347 4.419833605054314 8.326656155385357e-22
5.765625 1.999999999999999 4.42 2.000074922560473 4.41983349802667 1.193295339358929e-21
5.796875 1.999999999999999 4.42 2.0000749360365413 4.419833626663502 1.698014209741317e-21
5.828125 1.999999999999999 4.42 2.0000749610622224 4.4198337381597135 2.397332648142728e-21
5.859375 1.999999999999999 4.42 2.000074952155191 4.41983364446172 3.3550959936201877e-21
5.890625 1.999999999999999 4.42 2.0000749334562866 4.419833540081371 4.648962114637106e-21
5.921875 1.999999999999999 4.42 2.0000749380512692 4.419833595307805 6.368100805829833e-21
5.953125 1.999999999999999 4.42 2.000074950534372 4.4198336772784845 8.605353010410987e-21
5.984375 1.999999999999999 4.42 2.000074947210689 4.419833647196533 1.143913179228943e-20
6.015625 1.999999999999999 4.42 2.0000749379890994 4.419833586694332 1.489719778190366e-20
6.046875 1.999999999999999 4.42 2.0000749406181333 4.419833609769759 1.8889436847287846e-20
6.078125 1.999999999999999 4.42 2.000074948372646 4.4198336656298505 2.3088901174160298e-20
6.109375 1.999999999999999 4.42 2.0000749462063934 4.419833653570977 2.672813031849725e-20
6.140625 1.999999999999999 4.42 2.000074938456912 4.41983360338214 2.8258874022225216e-20
6.171875 1.999999999999999 4.42 2.0000749385691163 4.419833604309303 2.4794409328619503e-20
6.203125 1.999999999999999 4.42 2.000074944698307 4.41983364400383 1.120966778113034e-20
6.234375 1.999999999999999 4.42 2.000074945524212 4.419833648569693 -2.1292021952213176e-20
6.265625 1.999999999999999 4.42 2.000074940920976 4.419833618233478 -8.743644241968582e-20
6.296875 1.999999999999999 4.42 2.000074940016791 4.419833612938537 -2.1139984100659238e-19
6.328125 1.999999999999999 4.42 2.0000749440979466 4.419833640364949 -4.3225443940309184e-19
6.359375 1.999999999999999 4.42 2.000074945502965 4.419833649677779 -8.123242558628094e-19
6.390625 1.999999999999999 4.42 2.0000749418864343 4.419833625697096 -1.449916056694189e-18
6.421875 1.999999999999999 4.42 2.0000749396210757 4.419833610646044 -2.498590031010466e-18
6.453125 1.999999999999999 4.42 2.0000749419779336 4.419833625958557 -4.1961531058258706e-18
6.484375 1.999999999999999 4.42 2.0000749441129604 4.419833639764103 -6.908033070364404e-18
6.515625 1.999999999999999 4.42 2.0000749424558046 4.419833628640185 -1.1191819602844879e-17
6.546875 1.999999999999999 4.42 2.000074940570639 4.419833616090191 -1.7892814642745072e-17
6.578125 1.999999999999999 4.42 2.0000749420121844 4.419833625438207 -2.828480622676629e-17
6.609375 1.999999999999999 4.42 2.0000749440815975 4.419833638808038 -4.427650759039602e-17
6.640625 1.999999999999999 4.42 2.0000749431288636 4.419833632258861 -6.871293963104205e-17
6.671875 1.999999999999999 4.42 2.000074941020922 4.419833618246588 -1.0581352319837788e-16
6.703125 1.999999999999999 4.42 2.0000749414662256 4.419833621083156 -1.6180622920595578e-16
6.734375 2.0 4.42 2.000074943451645 4.419833633763898 -2.4584179170539287e-16
6.765625 2.0 4.42 2.0000749432925193 4.41983363195171 -3.7130643844254734e-16
6.796875 2.0 4.42 2.0000749409746486 4.41983361640969 -5.576995431938721e-16
6.828125 1.9999999999999996 4.42 2.0000749397754527 4.4198336100566165 -8.333090963179003e-16
6.859375 1.9999999999999991 4.42 2.0000749407231626 4.419833618999565 -1.2390097532254693e-15
6.890625 1.9999999999999987 4.42 2.0000749418073953 4.419833625553808 -1.833634667520214e-15
6.921875 1.9999999999999971 4.42 2.0000749423266533 4.41983362081629 -2.7015457262591083e-15
6.953125 1.9999999999999947 4.42 2.0000749434670526 4.419833616483134 -3.963263749308563e-15
6.984375 1.999999999999992 4.42 2.0000749454228672 4.419833620683384 -5.790342783568785e-15
7.015625 1.9999999999999882 4.42 2.0000749485225313 4.419833617160747 -8.426110147273168e-15
7.046875 1.9999999999999845 4.42 2.000074957505892 4.419833585587752 -1.2214485147172358e-14
7.078125 1.9999999999999765 4.42 2.000074972279747 4.4198335450490625 -1.7639885483553146e-14
7.109375 1.9999999999999662 4.42 2.0000749547143966 4.419833587202131 -2.53822982660602e-14
7.140625 1.9999999999999518 4.42 2.000074775599109 4.419833995412057 -3.63930197719041e-14
7.171875 1.999999999999933 4.42 2.0000740750976815 4.419835557849866 -5.1998468342356297e-14
7.203125 1.9999999999999014 4.42 2.0000713306798117 4.419841670161462 -7.404199539793786e-14
7.234375 1.9999999999998628 4.42 2.0000620405273186 4.41986215830803 -1.050769502468153e-13
7.265625 1.9999999999998028 4.42 2.000045171308311 4.4198998094745185 -1.4862863863463673e-13
7.296875 1.9999999999997213 4.42 2.000025971226627 4.419942579183367 -2.0954856369736308e-13
7.328125 1.99999999999961 4.42 2.0000117669531186 4.419972548280535 -2.9449184610589434e-13
7.359375 1.9999999999994504 4.42 2.0000047708578763 4.4199907967630985 -4.1255848706260836e-13
7.390625 1.9999999999992317 4.42 2.0000016218756658 4.419996132443303 -5.761517913992377e-13
7.421875 1.9999999999989326 4.42 2.0000004118752397 4.419998081619688 -8.021235938183894e-13
7.453125 1.9999999999985179 4.42 1.9999999265273458 4.420000547650243 -1.113296906264696e-12
7.484375 1.9999999999979505 4.42 1.999999815920047 4.420001050383249 -1.5404834363647938e-12
7.515625 2.0000999999971687 4.42 1.9999998171442652 4.420000127685187 -2.1251475998174054e-12
7.546875 2.000099999996107 4.42 1.9999999441580845 4.419999659867907 -2.922911974610753e-12
7.578125 2.000099999994663 4.42 2.0000000958004733 4.4200000132524435 -4.008153816462366e-12
7.609375 2.0000999999927056 4.42 2.000000103701883 4.420000142701036 -5.480010911465506e-12
7.640625 2.000099999990056 4.42 1.9999999929682504 4.419999879853119 -7.470200829441743e-12
7.671875 2.000099999986483 4.42 1.9999999339131 4.419999873426468 -1.0153164275917284e-11
7.703125 2.0000999999816838 4.42 1.999999972037293 4.420000144226816 -1.3759175065993107e-11
7.734375 2.000099999975248 4.42 2.000000008983849 4.4200001852580835 -1.8591221278310382e-11
7.765625 2.000099999966655 4.42 1.999999997696361 4.419999968113226 -2.5046660111161175e-11
7.796875 2.000099999955208 4.42 1.9999999863136098 4.41999989124882 -3.364488926874075e-11
7.828125 2.0000999999400064 4.42 2.0000000003676472 4.420000032808645 -4.506256740414861e-11
7.859375 2.000099999919882 4.42 2.0000000085518757 4.420000104425287 -6.017826279695694e-11
7.890625 2.0000999998933198 4.42 1.999999996510931 4.420000007932629 -8.012882088826562e-11
7.921875 2.000099999858372 4.42 1.99999998989759 4.419999946794201 -1.0638022529341046e-10
7.953125 2.0000999998125244 4.42 2.0000000003275105 4.420000013226042 -1.4081629059050188e-10
7.984375 2.0000999997525657 4.42 2.000000006495918 4.420000062093512 -1.8584917425466984e-10
8.015625 2.000099999674405 4.42 1.9999999969162088 4.420000008789987 -2.445564327745659e-10
8.046875 2.000099999572837 4.42 1.9999999889085294 4.4199999603543105 -3.2085017244722926e-10
8.078125 2.0000999994412507 4.42 1.999999994708371 4.419999995955156 -4.196847518033573e-10
8.109375 2.000099999271337 4.42 2.0000000016052137 4.420000040105628 -5.473104646628257e-10
8.140625 2.0000999990526367 4.42 1.9999999978868281 4.4200000224961915 -7.115816430660233e-10
8.171875 2.000099998772055 4.42 1.9999999915303943 4.419999991709729 -9.22328624068492e-10
8.203125 2.000099998413289 4.42 1.9999999923438692 4.42000000700611 -1.191803958165589e-09
8.234375 2.0000999979560894 4.42 1.9999999952632506 4.420000036088623 -1.5352140059132596e-09
8.265625 2.000099997375442 4.42 1.9999999919172389 4.420000026435703 -1.971347542156692e-09
8.296875 2.000099996640582 4.42 1.9999999857930901 4.420000000206786 -2.523312985973188e-09
8.328125 2.0000999957138497 4.42 1.9999999846376997 4.420000007087095 -3.219395161131922e-09
8.359375 2.0000999945493914 4.42 1.9999999863440685 4.420000034664776 -4.094040754180995e-09
8.390625 2.0000999930916405 4.42 1.9999999836058209 4.420000037286781 -5.1889784705830064e-09
8.421875 2.000099991273686 4.42 1.999999976876645 4.420000018555933 -6.554474776039984e-09
8.453125 2.000099989015387 4.42 1.9999999724257447 4.420000018968643 -8.250718395545009e-09
8.484375 2.0000999862214144 4.42 1.9999999708182583 4.420000042291008 -1.0349315607112637e-08
8.515625 2.0000999827791412 4.42 1.9999999665289705 4.420000053529293 -1.2934862794373492e-08
8.546875 2.000099978556519 4.42 1.9999999577876997 4.420000042504671 -1.610654146399652e-08
8.578125 2.0000999734000433 4.42 1.9999999486625908 4.4200000369141135 -1.9979652470463198e-08
8.609375 2.0000999671329476 4.42 1.9999999409636016 4.420000049700839 -2.4686968687730042e-08
8.640625 2.0000999595538693 4.42 1.999999931232733 4.420000059612431 -3.037973662956737e-08
8.671875 2.0000999504362893 4.42 1.9999999173474197 4.420000054391957 -3.722809494294276e-08
8.703125 2.000099939529181 4.42 1.9999999020268509 4.420000053789873 -4.542059821685135e-08
8.734375 2.0000999265593644 4.42 1.999999887326203 4.420000073193877 -5.5162434587404565e-08
8.765625 2.0000999112363425 4.42 1.9999998704757522 4.420000096327572 -6.667180104523568e-08
8.796875 2.0000998932604954 4.42 1.9999998482143353 4.4200001037178165 -8.017374642759501e-08
8.828125 2.0000998723358228 4.42 1.9999998214969408 4.4200001037495875 -9.589060343071351e-08
8.859375 2.0000998481886856 4.42 1.9999997926583284 4.4200001137793405 -1.1402790157076528e-07
8.890625 2.000099820594441 4.42 1.9999997608334708 4.420000129626141 -1.3475437614470108e-07
8.921875 2.000099789414193 4.42 1.9999997237210694 4.420000137062576 -1.581743565263702e-07
8.953125 2.0000997546445056 4.42 1.9999996819401238 4.4200001403056755 -1.842904225897277e-07
8.984375 2.0000997164835113 4.42 1.9999996380747542 4.420000155226831 -2.129537521443204e-07
9.015625 2.0000996754175637 4.42 1.9999995925053144 4.420000181149614 -2.4379903603245343e-07
9.046875 2.000099632333443 4.42 1.9999995436613212 4.420000201807213 -2.7616020174017365e-07
9.078125 2.0000995886620827 4.42 1.9999994922134177 4.420000212220726 -3.089624517400078e-07
9.109375 2.000099546560946 4.42 1.999999442118802 4.420000224312653 -3.405852802832484e-07
9.140625 2.000099509143425 4.42 1.9999993974810617 4.420000244617043 -3.686901735755997e-07
9.171875 2.000099480765053 4.42 1.9999993613987803 4.42000026476248 -3.900056158431509e-07
9.203125 2.000099467378042 4.42 1.9999993389693849 4.420000279022776 -4.00060811963365e-07
9.234375 2.0000994769672653 4.42 1.9999993393571702 4.420000295129315 -3.92858192564735e-07
9.265625 2.000099520082994 4.42 1.999999374140661 4.42000031977534 -3.6047328921586107e-07
9.296875 2.0000996104876023 4.42 1.99999945612845 4.420000346496847 -2.9256895874623466e-07
9.328125 2.0000997659359916 4.42 1.9999996019342317 4.42000036755534 -1.75809204796358e-07
9.359375 2.000100009111771 4.42 1.9999998350078376 4.420000387778229 6.84399496390746e-09
9.390625 2.0001003687437864 4.42 2.0000001854369773 4.4200004158199855 2.769693754259723e-07
9.421875 2.000100880930462 4.42 2.0000006888876665 4.420000448522583 6.6168109169794e-07
9.453125 2.0001015907017377 4.42 2.000001388751467 4.420000474950733 1.1948019652308614e-06
9.484375 2.0001025538513386 4.42 2.000002340410748 4.420000492465543 1.91823977061019e-06
9.515625 2.0000038390745107 4.42 2.000003613735729 4.420000508535529 2.8835929655655025e-06
9.546875 2.0000055304485747 4.42 2.0000052937610793 4.420000528338065 4.154014011294916e-06
9.578125 2.000007730295895 4.42 2.0000074827927916 4.420000550113132 5.806359934410772e-06
9.609375 2.0000105624701483 4.42 2.0000103046842113 4.4200005729407685 7.933660947464523e-06
9.640625 2.0000141761078507 4.42 2.0000139089093905 4.420000599603672 1.0647938659910819e-05
9.671875 2.000018749887227 4.42 2.0000184738427347 4.420000629171834 1.4083405549510238e-05
9.703125 2.000024496835712 4.42 2.000024211471187 4.4200006545416635 1.8400076786345152e-05
9.734375 2.0000316697253995 4.42 2.000031374226874 4.420000671485035 2.3787824056655596e-05
9.765625 2.000040567092398 4.42 2.0000402616705975 4.420000684610752 3.047089856032277e-05
9.796875 2.0000515399111 4.42 2.0000512258588303 4.420000700405788 3.871294668531413e-05
9.828125 2.0000649989475687 4.42 2.000064677458812 4.4200007186563885 4.882253682205016e-05
9.859375 2.0000814228073214 4.42 2.0000810944307807 4.420000734916989 6.115920919813026e-05
9.890625 2.0001013666816245 4.42 2.0001010319715906 4.420000747819362 7.614005232250465e-05
9.921875 2.000125471782663 4.42 2.000125131791096 4.420000759144679 9.424679947325484e-05
9.953125 2.0001544754414953 4.42 2.000154131326764 4.420000768940302 0.00011603342650898227
9.984375 2.0001892218234163 4.42 2.00018887451795 4.4200007754182 0.00014213421802187232
10.015625 2.0002306731930752 4.42 2.0002303237625108 4.420000778675869 0.00017327225240822825
10.046875 2.0002799216363383 4.42 2.0002795715354083 4.420000780142418 0.00021026823778249598
10.078125 2.0003382011177333 4.42 2.000337851757605 4.420000778662568 0.00025404960983168684
10.109375 2.00040689972099 4.42 2.0004065521450842 4.420000771258945 0.0003056597797921633
10.140625 2.0004875718865582 4.42 2.000487227281337 4.4200007582494045 0.0003662673958988225
10.171875 2.0005819504238924 4.42 2.0005816107395757 4.420000743919498 0.00043717545516134556
10.203125 2.0006919580383102 4.42 2.00069162571605 4.420000730871747 0.0005198300745101878
10.234375 2.0008197180732443 4.42 2.0008193952368574 4.420000716539482 0.0006158287016735327
10.265625 2.0009675641292284 4.42 2.00096725231269 4.420000696573355 0.0007269275171483163
10.296875 2.001138048181968 4.42 2.0011377487208715 4.420000669233145 0.0008550477499748933
10.328125 2.0013339467844355 4.42 2.001333661139376 4.420000635051761 0.0010022806024855794
10.359375 2.001558264903644 4.42 2.0015579946618383 4.420000594714186 0.0011708904536466504
10.390625 2.0018142369124945 4.42 2.0018139838641877 4.420000549495431 0.00136331598802327
10.421875 2.002105324232791 4.42 2.0021050905624893 4.420000502037163 0.0015821688788247121
10.453125 2.002435209108824 4.42 2.0024349972448365 4.420000454120493 0.001830229640059798
10.484375 2.00280778398329 4.42 2.0028075961004284 4.420000404357257 0.0021104402557239545
10.515625 2.0032271359509144 4.42 2.003226973757726 4.420000350064987 0.0024258931943456344
10.546875 2.0036975257812872 4.42 2.003697390851807 4.420000290896481 0.002779816426326757
10.578125 2.0042233610333797 4.42 2.004223255124985 4.420000228755881 0.0031755540804596885
10.609375 2.004809162830669 4.42 2.0048090877125504 4.420000164539044 0.003616542405846326
10.640625 2.0054595259301324 4.42 2.0054594830381 4.420000096979276 0.004106280747108303
10.671875 2.0061790718004597 4.42 2.0061790622104945 4.420000024765427 0.004648297295010989
10.703125 2.0069723945261195 4.42 2.006972419136849 4.419999947921472 0.005246109441955015
10.734375 2.007843999474088 4.42 2.0078440590321778 4.419999866754901 0.00590317865247471
10.765625 2.008798234798452 4.42 2.0087983298471133 4.4199997813400715 0.006622859852864577
10.796875 2.009839216014298 4.42 2.009839347064559 4.419999692986852 0.007408345450915949
10.828125 2.0109707440433864 4.42 2.010970911826618 4.419999604766795 0.008262604215674192
10.859375 2.012196217318716 4.42 2.012196422702377 4.419999519263455 0.009188315376884767
10.890625 2.0135185387286683 4.42 2.0135187823192053 4.419999436480374 0.01018779844269984
10.921875 2.0149400183809787 4.42 2.014940300278876 4.419999354834522 0.01126293938012599
10.953125 2.0164622733668915 4.42 2.0164625932662705 4.419999273426598 0.012415113953013106
10.984375 2.018086125901385 4.42 2.0180864832393537 4.419999192354765 0.013645109164084353
11.015625 2.0198115014009557 4.42 2.0198118953421473 4.4199991116030315 0.014953043897151557
11.046875 2.02163732822957 4.42 2.021637757660304 4.419999031088353 0.016338289999458067
11.078125 2.0235614409904783 4.42 2.0235619046620115 4.41999895163308 0.017799395177961152
11.109375 2.025580489360549 4.42 2.025580985982415 4.419998874615989 0.019334009203016627
11.140625 2.0276898545492315 4.42 2.027690382677071 4.419998800591251 0.020938815013958157
11.171875 2.029883575511406 4.42 2.029884133455301 4.419998729411125 0.022609466399069394
11.203125 2.032154287047852 4.42 2.0321548730358465 4.419998661906987 0.02434053397314911
11.234375 2.0344931718866146 4.42 2.0344937842680726 4.419998600143437 0.026125461195244212
11.265625 2.0368899287502265 4.42 2.036890565869354 4.419998545218572 0.027956532153544326
11.296875 2.0393327582776672 4.42 2.0393334181106075 4.419998495688196 0.02982485279080091
11.328125 2.0418083684866137 4.42 2.0418090485226585 4.419998449181918 0.031720347149536324
11.359375 2.0443020012320448 4.42 2.044302698781035 4.419998405226529 0.033631770080131254
11.390625 2.046797480845608 4.42 2.046798193401708 4.419998365610746 0.03554673767593849
11.421875 2.049277285829611 4.42 2.049278011093649 4.419998332116198 0.037451776478212004
11.453125 2.0517226441352165 4.42 2.0517233797654706 4.4199983047259295 0.039332392231319985
11.484375 2.054113652182417 4.42 2.0541143956323693 4.419998282224838 0.041173158668053204
11.515625 2.056429417385682 4.42 2.056430166001915 4.419998263947823 0.04295782646966331
11.546875 2.0586482235407715 4.42 2.058648974788551 4.419998250638855 0.04466945218057142
11.578125 2.0607477180124985 4.42 2.06074846961734 4.41999824390069 0.04629054646961692
11.609375 2.062705119247272 4.42 2.062705869143658 4.419998244913632 0.04780324072547297
11.640625 2.064497442725788 4.42 2.064498188839759 4.419998253305157 0.04918947056157731
11.671875 2.066101743077976 4.42 2.0661024831029886 4.419998267056011 0.05043117439454236
11.703125 2.067495369710944 4.42 2.0674961010900317 4.419998283854081 0.051510504859034176
11.734375 2.068656232959619 4.42 2.068656953134427 4.419998302940057 0.052410050441439045
11.765625 2.069563077464564 4.42 2.0695637841937815 4.419998325686677 0.05311306436428788
11.796875 2.0701957592201166 4.42 2.070196450708002 4.419998354387515 0.05360369744326279
11.828125 2.0705355225231545 4.42 2.070536197312477 4.419998390622453 0.05386723137812902
11.859375 2.0705652728950668 4.42 2.070565929679172 4.419998434629132 0.05389030873688286
11.890625 2.070269841950397 4.42 2.070270479415048 4.419998485502737 0.05366115575656725
11.921875 2.069636240149702 4.42 2.06963685682451 4.419998541340847 0.05316979402112389
11.953125 2.06865389340291 4.42 2.0686544875371258 4.419998599453814 0.05240823709138409
11.984375 2.067314859585342 4.42 2.067315429187767 4.41999865742363 0.05137066825821273
12.015625 2.065614021190252 4.42 2.0656145643230395 4.419998714743737 0.05005359576840977
12.046875 2.063549250568907 4.42 2.0635497657475237 4.419998773526768 0.048455982133748285
12.078125 2.061121544498347 4.42 2.061122030898476 4.419998837257295 0.046579344473933665
12.109375 2.0583351251639623 4.42 2.058335582456987 4.419998908337744 0.04442782325967287
12.140625 2.0551975050439495 4.42 2.055197932965397 4.419998986305151 0.04200821730578457
12.171875 2.051719513628286 4.42 2.0517199115802733 4.419999068037474 0.03932998340777328
12.203125 2.0479152843898762 4.42 2.047915651351876 4.419999149795699 0.03640519960818808
12.234375 2.043802200941359 4.42 2.043802535740647 4.419999229623851 0.033248491709506556
12.265625 2.0394008018506593 4.42 2.0394011035721675 4.419999308269046 0.02987692330508533
12.296875 2.0347346441438843 4.42 2.034734912349041 4.419999387915231 0.026309850264809496
12.328125 2.029830126088493 4.42 2.029830360688585 4.41999946988985 0.022568741272777516
12.359375 2.02471627041748 4.42 2.0247164713621046 4.419999553415531 0.018676966655785724
12.390625 2.0194244697209025 4.42 2.0194246367947715 4.419999636339966 0.014659558348819613
12.421875 2.013988196291482 4.42 2.0139883291528045 4.419999716748661 0.01054294440308875
12.453125 2.0084426792634016 4.42 2.0084427776047753 4.419999793748193 0.006354661940193942
12.484375 2.002824552425988 4.42 2.0028246160590553 4.419999866994045 0.002123052880951984
12.515625 1.997171476625279 4.42 1.9971715054509702 4.419999935929024 -0.002123052880951984
12.546875 1.9915217411845798 4.42 1.9915217351733427 4.419999999803384 -0.006354661940193942
12.578125 1.9859138492762214 4.42 1.985913808572968 4.4200000585898715 -0.01054294440308875
12.609375 1.980386092654841 4.42 1.9803860178223203 4.420000113874112 -0.014659558348819613
12.640625 1.9749761216081183 4.42 1.974976013867334 4.420000168780726 -0.018676966655785724
12.671875 1.9697205163792832 4.42 1.9697203776326968 4.420000226682977 -0.022568741272777516
12.703125 1.9646543666484506 4.42 1.9646541992370525 4.4200002893392325 -0.026309850264809496
12.734375 1.9598108659023845 4.42 1.959810672205223 4.420000355833591 -0.02987692330508533
12.765625 1.9552209276472725 4.42 1.9552207097277348 4.420000423072491 -0.033248491709506556
12.796875 1.9509128303965297 4.42 1.9509125898839033 4.420000487145198 -0.03640519960818808
12.828125 1.9469118981656939 4.42 1.9469116363222125 4.42000054468667 -0.03932998340777328
12.859375 1.9432402228049144 4.42 1.9432399406934386 4.4200005936490765 -0.04200821730578457
12.890625 1.9399164338770394 4.42 1.939916132626198 4.4200006337007185 -0.04442782325967287
12.921875 1.936955520941497 4.42 1.9369552019791647 4.42000066634929 -0.046579344473933665
12.953125 1.934368712038066 4.42 1.9343683772184515 4.420000694040313 -0.048455982133748285
12.984375 1.9321634109059829 4.42 1.9321630623661572 4.420000718339889 -0.05005359576840977
13.015625 1.9303431940637163 4.42 1.930342833874691 4.42000073886184 -0.05137066825821273
13.046875 1.9289078673696607 4.42 1.9289074973587186 4.420000753939359 -0.05240823709138409
13.078125 1.927853580151542 4.42 1.9278532020406236 4.420000763214558 -0.05316979402112389
13.109375 1.9271729935057045 4.42 1.9271726092976356 4.420000768924785 -0.05366115575656725
13.140625 1.9268554979996249 4.42 1.9268551101996163 4.420000774884745 -0.05389030873688286
13.171875 1.9268874748282796 4.42 1.9268870861511507 4.420000783316468 -0.05386723137812902
13.203125 1.9272525935308535 4.42 1.927252206409515 4.420000792852814 -0.05360369744326279
13.234375 1.9279321387056232 4.42 1.927931754728189 4.420000799184211 -0.05311306436428788
13.265625 1.9289053577857995 4.42 1.9289049778751526 4.420000798267275 -0.052410050441439045
13.296875 1.9301498218559552 4.42 1.9301494465981086 4.420000789544042 -0.051510504859034176
13.328125 1.9316417916789614 4.42 1.931641422210273 4.420000777301093 -0.05043117439454236
13.359375 1.9333565815336864 4.42 1.9333562198559315 4.420000767915029 -0.04918947056157731
13.390625 1.935268914091413 4.42 1.9352685626265866 4.420000767568889 -0.04780324072547297
13.421875 1.9373532603352746 4.42 1.9373529216765528 4.420000773439295 -0.04629054646961692
13.453125 1.9395841594028806 4.42 1.939583833689713 4.42000077796531 -0.04466945218057142
13.484375 1.9419365141599667 4.42 1.941936199593241 4.42000076140673 -0.04295782646966331
13.515625 1.944385859251566 4.42 1.944385551953508 4.420000712723004 -0.041173158668053204
13.546875 1.9469085992908295 4.42 1.9469082939843232 4.420000637999863 -0.039332392231319985
13.578125 1.94948221570775 4.42 1.9494819157178283 4.420000554219723 -0.037451776478212004
13.609375 1.9520854415706044 4.42 1.9520851452217853 4.420000499617625 -0.03554673767593849
13.640625 1.9546984043990587 4.42 1.9546981198867477 4.420000457706939 -0.033631770080131254
13.671875 1.95730273760309 4.42 1.9573024624485784 4.4200004027477835 -0.031720347149536324
13.703125 1.9598816617037973 4.42 1.9598813817031226 4.420000336919322 -0.02982485279080091
13.734375 1.9624200369228102 4.42 1.962419773680796 4.420000184543607 -0.027956532153544326
13.765625 1.964904389070306 4.42 1.9649040945546163 4.420000153205836 -0.026125461195244212
13.796875 1.9673229109237225 4.42 1.9673226674779685 4.419999964077577 -0.02434053397314911
13.828125 1.9696654414768873 4.42 1.969665139921837 4.420000094937945 -0.022609466399069394
13.859375 1.9719234255599836 4.42 1.971923237086823 4.41999989679551 -0.020938815013958157
13.890625 1.974089856391506 4.42 1.9740895721241443 4.4200003307666895 -0.019334009203016627
13.921875 1.9761592036319984 4.42 1.9761591390467173 4.420000123529682 -0.017799395177961152
13.953125 1.9781273294720345 4.42 1.978127107326214 4.420001225266043 -0.016338289999458067
13.984375 1.979991395210803 4.42 1.9799916062553944 4.420001249061829 -0.014953043897151557
14.015625 1.981749760672456 4.42 1.9817500031338355 4.420003759680267 -0.013645109164084353
14.046875 1.9834018786710628 4.42 1.983402991136819 4.420008068901893 -0.012415113953013106
14.078125 1.9849481865768634 4.42 1.9849511587181836 4.420020841711498 -0.01126293938012599
14.109375 1.9863899968615493 4.42 1.9863968015327755 4.4200461252218926 -0.01018779844269984
14.140625 1.9877293883133245 4.42 1.987741552756619 4.420081654985968 -0.009188315376884767
14.171875 1.9889690994176923 4.42 1.9889868297354936 4.420118528505905 -0.008262604215674192
14.203125 1.9901124252015152 4.42 1.9901343902702875 4.420146569339719 -0.007408345450915949
14.234375 1.9911631186394274 4.42 1.9911872383314098 4.420160807683413 -0.006622859852864577
14.265625 1.99212529752645 4.42 1.9921500229127602 4.420164758679972 -0.00590317865247471
14.296875 1.9930033575321322 4.42 1.993028256235981 4.420165843314141 -0.005246109441955015
14.328125 1.9938018919712315 4.42 1.9938268504076415 4.420166174640648 -0.004648297295010989
14.359375 1.9945256186574678 4.42 1.9945506009997562 4.420166282664622 -0.004106280747108303
14.390625 1.9951793140506708 4.42 1.9952043096070498 4.420166322541208 -0.003616542405846326
14.421875 1.9957677547660606 4.42 1.9957927594524056 4.420166339782156 -0.0031755540804596885
14.453125 1.9962956663880846 4.42 1.9963206779521416 4.420166346676539 -0.002779816426326757
14.484375 1.9967676794204197 4.42 1.9967926961246412 4.420166346156162 -0.0024258931943456344
14.515625 1.997188292109604 4.42 1.9972133130644414 4.420166343502545 -0.0021104402557239545
14.546875 1.9975618398012698 4.42 1.9975868653408675 4.420166346531207 -0.001830229640059798
14.578125 1.9978924704252747 4.42 1.997917501561344 4.420166359427478 -0.0015821688788247121
14.609375 1.9981841256582533 4.42 1.998209162916567 4.42016637868096 -0.00136331598802327
14.640625 1.9984405272785264 4.42 1.9984655698744178 4.420166395316066 -0.0011708904536466504
14.671875 1.9986651682077268 4.42 1.99869021420755 4.420166401446605 -0.0010022806024855794
14.703125 1.9988613077245903 4.42 1.9988863549857068 4.420166395450735 -0.0008550477499748933
14.734375 1.9990319703381538 4.42 1.9990570174474342 4.42016638194643 -0.0007269275171483163
14.765625 1.9991799478182228 4.42 1.9992049944064814 4.420166367658784 -0.0006158287016735327
14.796875 1.9993078038995158 4.42 1.9993328502936276 4.420166357021408 -0.0005198300745101878
14.828125 1.9994178812005547 4.42 1.999442927874509 4.4201663508410345 -0.00043717545516134556
14.859375 1.99951230992801 4.42 1.99953735719057 4.420166347853775 -0.0003662673958988225
14.890625 1.9995930179706496 4.42 1.9996180659593832 4.420166346797348 -0.0003056597797921633
14.921875 1.9996617420225855 4.42 1.9996867907931692 4.4201663469819135 -0.00025404960983168684
14.953125 1.999720039413015 4.42 1.9997450889434687 4.420166347782655 -0.00021026823778249598
14.984375 1.9997693003569494 4.42 1.9997943504967164 4.420166348266964 -0.00017327225240822825
15.015625 1.9998107603788529 4.42 1.9998358109059813 4.420166347804235 -0.00014213421802187232
15.046875 1.9998455126971721 4.42 1.9998705634461431 4.42016634678746 -0.00011603342650898227
15.078125 1.999874520392045 4.42 1.999899571418434 4.420166346525063 -9.424679947325484e-05
15.109375 1.9998986282110494 4.42 1.9999236797309625 4.420166348017468 -7.614005232250465e-05
15.140625 1.999918573897409 4.42 1.9999436260502614 4.420166350891508 -6.115920919813026e-05
15.171875 1.9999349989524853 4.42 1.9999600515789828 4.420166352692975 -4.882253682205016e-05
15.203125 1.9999484587685772 4.42 1.9999735112645354 4.4201663509913764 -3.871294668531413e-05
15.234375 1.999959432089632 4.42 1.9999844838005685 4.420166345016483 -3.047089856032277e-05
15.265625 1.9999683297760873 4.42 1.9999933806075156 4.420166338195126 -2.3787824056655596e-05
15.296875 1.9999755028660222 4.42 2.0000005533505956 4.420166336099694 -1.8400076786345152e-05
15.328125 1.999981249938037 4.42 2.000006301248152 4.420166340239183 -1.4083405549510238e-05
15.359375 1.9999858237922623 4.42 2.0000108756449855 4.420166344164368 -1.0647938659910819e-05
15.390625 1.999989437474398 4.42 2.0000144878477837 4.420166334507397 -7.933660947464523e-06
15.421875 1.9999922696744026 4.42 2.000017315513744 4.420166301813679 -5.806359934410772e-06
15.453125 1.999994469536225 4.42 2.0000195082806913 4.420166258933479 -4.154014011294916e-06
15.484375 1.999996160918165 4.42 2.000021195928682 4.420166228927785 -2.8835929655655025e-06
15.515625 1.9999974461454166 4.42 2.0000224832609916 4.420166245271556 -1.91823977061019e-06
15.546875 1.9999984092970067 4.42 2.0000234549294023 4.420166307544459 -1.1948019652308614e-06
15.578125 1.999999119069154 4.42 2.000024178982043 4.420166384047338 -6.6168109169794e-07
15.609375 1.9999996312561468 4.42 2.0000246971314293 4.420166452826148 -2.769693754259723e-07
15.640625 1.9999999908882304 4.42 2.000025065597636 4.420166483084338 -6.84399496390746e-09
15.671875 2.0000002340639775 4.42 2.0000253131004797 4.42016651467085 1.75809204796358e-07
15.703125 2.0000003895123237 4.42 2.000025471638817 4.420166590512643 2.9256895874623466e-07
15.734375 2.000000479916894 4.42 2.000025590779643 4.420166633962116 3.6047328921586107e-07
15.765625 2.000000523032596 4.42 2.0000256164312957 4.420166789153862 3.92858192564735e-07
15.796875 2.000000532621816 4.42 2.0000256816686783 4.420166731221206 4.00060811963365e-07
15.828125 2.0000005192348143 4.42 2.000025601914726 4.42016691233334 3.900056158431509e-07
15.859375 2.0000004908564546 4.42 2.0000256613957603 4.420166622826061 3.686901735755997e-07
15.890625 2.0000004534389504 4.42 2.000025473311614 4.4201668090478385 3.405852802832484e-07
15.921875 2.000000411337833 4.42 2.0000255648524194 4.420166058995282 3.089624517400078e-07
15.953125 2.0000003676664893 4.42 2.0000252081233345 4.420166252622228 2.7616020174017365e-07
15.984375 2.0000003245823836 4.42 2.0000253541535002 4.420164493916651 2.4379903603245343e-07
16.015625 2.000000283516449 4.42 2.0000246970913045 4.420163435192505 2.129537521443204e-07
16.046875 2.0000002453554675 4.42 2.0000241766765807 4.420158480258705 1.842904225897277e-07
16.078125 2.0000002105857835 4.42 2.0000222084190638 4.4201461568574185 1.581743565263702e-07
16.109375 2.0000001794055433 4.42 2.000018380019918 4.4201208310946924 1.3475437614470108e-07
16.140625 2.0000001518113066 4.42 2.0000129426726314 4.420084934744926 1.1402790157076528e-07
16.171875 2.0000001276641726 4.42 2.000007295286007 4.42004759146723 9.589060343071351e-08
16.203125 2.0000001067395003 4.42 2.000003021591996 4.420019354382507 8.017374642759501e-08
16.234375 2.0000000887636533 4.42 2.000000877125027 4.420005227381127 6.667180104523568e-08
16.265625 2.000000073440636 4.42 2.000000286222405 4.420001405842536 5.5162434587404565e-08
16.296875 2.000000060470817 4.42 2.0000001181211147 4.420000376959637 4.542059821685135e-08
16.328125 2.0000000495637114 4.42 2.0000000627098444 4.420000089512604 3.722809494294276e-08
16.359375 2.000000040446134 4.42 2.000000042882751 4.420000016138872 3.037973662956737e-08
16.390625 2.0000000328670513 4.42 2.0000000334664247 4.420000003793083 2.4686968687730042e-08
16.421875 2.000000026599957 4.42 2.0000000274072955 4.420000005328907 1.9979652470463198e-08
16.453125 2.0000000214434825 4.42 2.000000022292141 4.4200000056329785 1.610654146399652e-08
16.484375 2.0000000172208603 4.42 2.000000017682448 4.420000003064965 1.2934862794373492e-08
16.515625 2.0000000137785836 4.42 2.00000001379893 4.420000000135287 1.0349315607112637e-08
16.546875 2.000000010984613 4.42 2.0000000107937734 4.419999998733022 8.250718395545009e-09
16.578125 2.0000000087263166 4.42 2.0000000085624845 4.41999999891235 6.554474776039984e-09
16.609375 2.0000000069083574 4.42 2.0000000068633135 4.419999999701086 5.1889784705830064e-09
16.640625 2.000000005450611 4.42 2.000000005486831 4.420000000240676 4.094040754180995e-09
16.671875 2.0000000042861488 4.42 2.0000000043312665 4.420000000299755 3.219395161131922e-09
16.703125 2.0000000033594176 4.42 2.000000003375313 4.420000000105731 2.523312985973188e-09
16.734375 2.000000002624555 4.42 2.0000000026158657 4.419999999942476 1.971347542156692e-09
16.765625 2.0000000020439117 4.42 2.0000000020310953 4.419999999915085 1.5352140059132596e-09
16.796875 2.0000000015867094 4.42 2.000000001581937 4.419999999968454 1.191803958165589e-09
16.828125 2.000000001227944 4.42 2.0000000012303283 4.420000000015972 9.22328624068492e-10
16.859375 2.0000000009473657 4.42 2.000000000950899 4.420000000023606 7.115816430660233e-10
16.890625 2.000000000728664 4.42 2.0000000007298127 4.420000000007791 5.473104646628257e-10
16.921875 2.00000000055875 4.42 2.000000000557905 4.419999999994554 4.196847518033573e-10
16.953125 2.0000000004271636 4.42 2.000000000426124 4.419999999993231 3.2085017244722926e-10
16.984375 2.000000000325593 4.42 2.000000000325288 4.419999999998124 2.445564327745659e-10
17.015625 2.0000000002474296 4.42 2.000000000247651 4.420000000001599 1.8584917425466984e-10
17.046875 2.000000000187475 4.42 2.0000000001876854 4.420000000001545 1.4081629059050188e-10
17.078125 2.0000000001416303 4.42 2.000000000141613 4.420000000000037 1.0638022529341046e-10
17.109375 2.00000000010668 4.42 2.0000000001065388 4.419999999999219 8.012882088826562e-11
17.140625 2.0000000000801195 4.42 2.0000000000800098 4.419999999999405 6.017826279695694e-11
17.171875 2.0000000000599947 4.42 2.0000000000599547 4.419999999999861 4.506256740414861e-11
17.203125 2.0000000000447926 4.42 2.0000000000447784 4.420000000000028 3.364488926874075e-11
17.234375 2.000000000033345 4.42 2.000000000033316 4.4199999999999315 2.5046660111161175e-11
17.265625 2.00000000002475 4.42 2.0000000000247047 4.419999999999816 1.8591221278310382e-11
17.296875 2.000000000018317 4.42 2.0000000000182707 4.4199999999998045 1.3759175065993107e-11
17.328125 2.000000000013519 4.42 2.0000000000134777 4.419999999999858 1.0153164275917284e-11
17.359375 2.0000000000099463 4.42 2.0000000000099107 4.419999999999893 7.470200829441743e-12
17.390625 2.0000000000072955 4.42 2.000000000007259 4.419999999999893 5.480010911465506e-12
17.421875 2.0000000000053384 4.42 2.000000000005297 4.41999999999988 4.008153816462366e-12
17.453125 2.0000000000038916 4.42 2.000000000003852 4.419999999999877 2.922911974610753e-12
17.484375 2.00000000000283 4.42 2.0000000000027898 4.419999999999883 2.1251475998174054e-12
17.515625 2.00000000000205 4.42 2.000000000002011 4.419999999999877 1.5404834363647938e-12
17.546875 2.0000000000014806 4.42 2.0000000000014384 4.419999999999856 1.113296906264696e-12
17.578125 2.0000000000010667 4.42 2.00000000000102 4.419999999999824 8.021235938183894e-13
17.609375 2.0000000000007665 4.42 2.0000000000007154 4.419999999999791 5.761517913992377e-13
17.640625 2.00000000000055 4.42 2.000000000000494 4.419999999999757 4.1255848706260836e-13
17.671875 2.0000000000003904 4.42 2.0000000000003335 4.419999999999725 2.9449184610589434e-13
17.703125 2.0000000000002776 4.42 2.0000000000002167 4.419999999999698 2.0954856369736308e-13
17.734375 2.0000000000001994 4.42 2.0000000000001315 4.419999999999677 1.4862863863463673e-13
17.765625 2.0000000000001403 4.42 2.0000000000000693 4.419999999999654 1.050769502468153e-13
17.796875 2.000000000000098 4.42 2.000000000000025 4.419999999999632 7.404199539793786e-14
17.828125 2.0000000000000693 4.42 1.9999999999999925 4.419999999999609 5.1998468342356297e-14
17.859375 2.0000000000000515 4.42 1.9999999999999687 4.419999999999592 3.63930197719041e-14
17.890625 2.000000000000034 4.42 1.999999999999953 4.419999999999589 2.53822982660602e-14
17.921875 2.0000000000000266 4.42 1.9999999999999438 4.419999999999595 1.7639885483553146e-14
17.953125 2.0000000000000178 4.42 1.9999999999999376 4.4199999999996145 1.2214485147172358e-14
17.984375 2.0000000000000124 4.42 1.9999999999999365 4.41999999999965 8.426110147273168e-15
18.015625 2.0000000000000075 4.42 1.9999999999999414 4.419999999999699 5.790342783568785e-15
18.046875 2.0000000000000058 4.42 1.9999999999999478 4.419999999999766 3.963263749308563e-15
18.078125 2.0000000000000053 4.42 1.9999999999999565 4.4199999999998445 2.7015457262591083e-15
18.109375 2.0000000000000053 4.42 1.999999999999969 4.419999999999924 1.833634667520214e-15
18.140625 2.000000000000004 4.42 1.9999999999999827 4.420000000000009 1.2390097532254693e-15
18.171875 2.0000000000000018 4.42 1.9999999999999958 4.4200000000000985 8.333090963179003e-16
18.203125 2.0 4.42 2.0000000000000093 4.420000000000193 5.576995431938721e-16
18.234375 2.0 4.42 2.000000000000023 4.420000000000282 3.7130643844254734e-16
18.265625 2.0 4.42 2.0000000000000355 4.420000000000353 2.4584179170539287e-16
18.296875 1.999999999999999 4.42 2.0000000000000417 4.420000000000404 1.6180622920595578e-16
18.328125 1.999999999999999 4.42 2.0000000000000426 4.4200000000004245 1.0581352319837788e-16
18.359375 1.999999999999999 4.42 2.000000000000042 4.420000000000408 6.871293963104205e-17
18.390625 1.999999999999999 4.42 2.0000000000000364 4.420000000000365 4.427650759039602e-17
18.421875 1.999999999999999 4.42 2.000000000000026 4.420000000000294 2.828480622676629e-17
18.453125 1.999999999999999 4.42 2.0000000000000115 4.420000000000198 1.7892814642745072e-17
18.484375 1.999999999999999 4.42 1.9999999999999927 4.4200000000000745 1.1191819602844879e-17
18.515625 1.999999999999999 4.42 1.9999999999999702 4.419999999999916 6.908033070364404e-18
18.546875 1.999999999999999 4.42 1.9999999999999432 4.419999999999726 4.1961531058258706e-18
18.578125 1.999999999999999 4.42 1.9999999999999107 4.419999999999517 2.498590031010466e-18
18.609375 1.999999999999999 4.42 1.999999999999877 4.4199999999993 1.449916056694189e-18
18.640625 1.999999999999999 4.42 1.9999999999998432 4.419999999999087 8.123242558628094e-19
18.671875 1.999999999999999 4.42 1.9999999999998126 4.419999999998879 4.3225443940309184e-19
18.703125 1.999999999999999 4.42 1.9999999999997837 4.419999999998673 2.1139984100659238e-19
18.734375 1.999999999999999 4.42 1.9999999999997555 4.419999999998483 8.743644241968582e-20
18.765625 1.999999999999999 4.42 1.9999999999997309 4.419999999998322 2.1292021952213176e-20
18.796875 1.999999999999999 4.42 1.999999999999712 4.419999999998199 -1.120966778113034e-20
18.828125 1.999999999999999 4.42 1.9999999999996998 4.4199999999981285 -2.4794409328619503e-20
18.859375 1.999999999999999 4.42 1.9999999999996942 4.419999999998115 -2.8258874022225216e-20
18.890625 1.999999999999999 4.42 1.9999999999996976 4.419999999998155 -2.672813031849725e-20
18.921875 1.999999999999999 4.42 1.999999999999713 4.419999999998252 -2.3088901174160298e-20
18.953125 1.999999999999999 4.42 1.999999999999738 4.419999999998407 -1.8889436847287846e-20
18.984375 1.999999999999999 4.42 1.9999999999997706 4.419999999998624 -1.489719778190366e-20
19.015625 1.999999999999999 4.42 1.9999999999998117 4.4199999999988915 -1.143913179228943e-20
19.046875 1.999999999999999 4.42 1.9999999999998601 4.419999999999204 -8.605353010410987e-21
19.078125 1.999999999999999 4.42 1.9999999999999125 4.419999999999552 -6.368100805829833e-21
19.109375 1.999999999999999 4.42 1.999999999999968 4.419999999999916 -4.648962114637106e-21
19.140625 1.999999999999999 4.42 2.000000000000025 4.4200000000002895 -3.3550959936201877e-21
19.171875 1.999999999999999 4.42 2.000000000000079 4.42000000000065 -2.397332648142728e-21
19.203125 1.999999999999999 4.42 2.000000000000128 4.420000000000974 -1.698014209741317e-21
19.234375 1.999999999999999 4.42 2.000000000000168 4.4200000000012345 -1.193295339358929e-21
19.265625 1.999999999999999 4.42 2.0000000000001967 4.4200000000014175 -8.326656155385357e-22
19.296875 1.999999999999999 4.42 2.0000000000002123 4.4200000000015045 -5.77259160798956e-22
19.328125 1.999999999999999 4.42 2.000000000000207 4.420000000001485 -3.977987490968176e-22
19.359375 1.999999999999999 4.42 2.0000000000001825 4.420000000001329 -2.7260073698019643e-22
19.390625 1.999999999999999 4.42 2.0000000000001377 4.420000000001033 -1.8582826090560647e-22
19.421875 1.999999999999999 4.42 2.0000000000000764 4.42000000000062 -1.2605058654817386e-22
19.453125 1.999999999999999 4.42 2.0000000000000027 4.420000000000114 -8.510108664216983e-23
19.484375 1.999999999999999 4.42 1.999999999999919 4.419999999999549 -5.719737357640802e-23
19.515625 1.999999999999999 4.42 1.9999999999998295 4.4199999999989705 -3.8277972523577195e-23
19.546875 1.999999999999999 4.42 1.9999999999997427 4.419999999998405 -2.5510813027808987e-23
19.578125 1.999999999999999 4.42 1.9999999999996663 4.419999999997889 -1.6934177460038927e-23
19.609375 1.999999999999999 4.42 1.9999999999996025 4.41999999999747 -1.1197544736359961e-23
19.640625 1.999999999999999 4.42 1.9999999999995564 4.4199999999971755 -7.376468727502132e-24
19.671875 1.999999999999999 4.42 1.9999999999995337 4.419999999997022 -4.8415436441065506e-24
19.703125 1.999999999999999 4.42 1.9999999999995348 4.419999999997019 -3.1664072085467803e-24
19.734375 1.999999999999999 4.42 1.9999999999995581 4.419999999997165 -2.063626327147327e-24
19.765625 1.999999999999999 4.42 1.9999999999996014 4.419999999997453 -1.3403152088627167e-24
19.796875 1.999999999999999 4.42 1.9999999999996634 4.419999999997855 -8.676038409735593e-25
19.828125 1.999999999999999 4.42 1.9999999999997353 4.419999999998343 -5.5975613110885925e-25
19.859375 1.999999999999999 4.42 1.9999999999998133 4.41999999999887 -3.599654906553355e-25
19.890625 1.999999999999999 4.42 1.9999999999998925 4.419999999999391 -2.3074218514254646e-25
19.921875 1.999999999999999 4.42 1.9999999999999667 4.419999999999873 -1.474398097469421e-25
19.953125 1.999999999999999 4.42 2.0000000000000293 4.4200000000002895 -9.391605402168255e-26
19.984375 1.999999999999999 4.42 2.0000000000000786 4.420000000000623 -5.963706537766583e-26
20.015625 1.999999999999999 4.42 2.0000000000001155 4.420000000000863 -3.775344399229274e-26
20.046875 1.999999999999999 4.42 2.0000000000001377 4.420000000001004 -2.3827139994964814e-26
20.078125 1.999999999999999 4.42 2.0000000000001457 4.420000000001051 -1.49924343140427e-26
20.109375 1.999999999999999 4.42 2.0000000000001394 4.420000000001017 -9.405155247393542e-27
20.140625 1.999999999999999 4.42 2.0000000000001252 4.420000000000909 -5.882486307471667e-27
20.171875 1.999999999999999 4.42 2.000000000000102 4.420000000000747 -3.668289004728993e-27
20.203125 1.999999999999999 4.42 2.0000000000000737 4.420000000000562 -2.2807587812770227e-27
20.234375 1.999999999999999 4.42 2.0000000000000435 4.420000000000372 -1.4138812796945444e-27
20.265625 1.999999999999999 4.42 2.000000000000014 4.4200000000001864 -8.73912572067705e-28
20.296875 1.999999999999999 4.42 1.9999999999999871 4.420000000000014 -5.38576355657764e-28
20.328125 1.999999999999999 4.42 1.999999999999965 4.419999999999862 -3.3094267750190695e-28
20.359375 1.999999999999999 4.42 1.9999999999999454 4.419999999999734 -2.027615344466844e-28
20.390625 1.999999999999999 4.42 1.9999999999999303 4.419999999999629 -1.238642375332453e-28
20.421875 1.999999999999999 4.42 1.9999999999999192 4.419999999999554 -7.544549486732463e-29
20.453125 1.999999999999999 4.42 1.999999999999913 4.419999999999514 -4.5819074330769235e-29
20.484375 1.999999999999999 4.42 1.9999999999999103 4.419999999999497 -2.774487006777097e-29
20.515625 1.999999999999999 4.42 1.9999999999999098 4.419999999999497 -1.6750947021985322e-29
20.546875 1.999999999999999 4.42 1.999999999999912 4.419999999999515 -1.0083523940785047e-29
20.578125 1.999999999999999 4.42 1.9999999999999176 4.419999999999543 -6.0519690049571036e-30
20.609375 1.999999999999999 4.42 1.9999999999999232 4.419999999999581 -3.621484103504994e-30
20.640625 1.999999999999999 4.42 1.9999999999999305 4.419999999999623 -2.1606037380466126e-30
20.671875 1.999999999999999 4.42 1.9999999999999378 4.419999999999671 -1.2851516331372023e-30
20.703125 1.999999999999999 4.42 1.9999999999999456 4.4199999999997175 -7.621057735477044e-31
20.734375 1.999999999999999 4.42 1.9999999999999538 4.419999999999764 -4.505546363689017e-31
20.765625 1.999999999999999 4.42 1.999999999999961 4.4199999999998045 -2.65545774288298e-31
20.796875 1.999999999999999 4.42 1.9999999999999651 4.419999999999838 -1.5601918693651058e-31
20.828125 1.999999999999999 4.42 1.9999999999999671 4.419999999999868 -9.137948787512768e-32
20.859375 1.999999999999999 4.42 1.9999999999999667 4.419999999999892 -5.335009896503985e-32
20.890625 1.999999999999999 4.42 1.999999999999968 4.419999999999909 -3.104698038737646e-32
20.921875 1.999999999999999 4.42 1.999999999999969 4.419999999999919 -1.8008638503315503e-32
20.953125 1.999999999999999 4.42 1.9999999999999694 4.419999999999918 -1.04111138669265e-32
20.984375 1.999999999999999 4.42 1.9999999999999687 4.419999999999915 -5.998506676741735e-33
21.015625 1.999999999999999 4.42 1.9999999999999694 4.419999999999905 -3.444218049896123e-33
21.046875 1.999999999999999 4.42 1.9999999999999694 4.419999999999895 -1.9706444301768363e-33
21.078125 1.999999999999999 4.42 1.9999999999999694 4.419999999999887 -1.123468433039923e-33
21.109375 1.999999999999999 4.42 1.9999999999999694 4.419999999999883 -6.381297208125961e-34
21.140625 1.999999999999999 4.42 1.9999999999999694 4.419999999999879 -3.610838991254936e-34
21.171875 1.999999999999999 4.42 1.999999999999969 4.419999999999877 -2.0352048920353324e-34
21.203125 1.999999999999999 4.42 1.999999999999969 4.419999999999876 -1.142489249897584e-34
21.234375 1.999999999999999 4.42 1.999999999999969 4.419999999999872 -6.386682306426079e-35
21.265625 1.999999999999999 4.42 1.999999999999969 4.41999999999987 -3.554705609886775e-35
21.296875 1.999999999999999 4.42 1.9999999999999694 4.4199999999998685 -1.969481613251063e-35
21.328125 1.999999999999999 4.42 1.9999999999999696 4.4199999999998685 -1.0859796109704051e-35
21.359375 1.999999999999999 4.42 1.9999999999999696 4.4199999999998685 -5.957967746992783e-36
21.390625 1.999999999999999 4.42 1.9999999999999696 4.4199999999998685 -3.251223154159321e-36
21.421875 1.999999999999999 4.42 1.9999999999999705 4.419999999999866 -1.764039657518716e-36
21.453125 1.999999999999999 4.42 1.9999999999999707 4.419999999999863 -9.512456240138327e-37
21.484375 1.999999999999999 4.42 1.999999999999971 4.419999999999863 -5.095304745953352e-37
21.515625 1.999999999999999 4.42 1.999999999999971 4.419999999999863 -2.709319313161419e-37
21.546875 1.999999999999999 4.42 1.9999999999999698 4.419999999999863 -1.4289429136809048e-37
21.578125 1.999999999999999 4.42 1.99999999999997 4.419999999999865 -7.467854512244359e-38
21.609375 1.999999999999999 4.42 1.9999999999999714 4.41999999999987 -3.862246412839405e-38
21.640625 1.999999999999999 4.42 1.9999999999999722 4.419999999999872 -1.9733640409492698e-38
21.671875 1.999999999999999 4.42 1.999999999999972 4.419999999999872 -9.937973385277114e-39
21.703125 1.999999999999999 4.42 1.9999999999999711 4.419999999999866 -4.9171664344323987e-39
21.734375 1.999999999999999 4.42 1.9999999999999716 4.419999999999863 -2.379148315477548e-39
21.765625 1.999999999999999 4.42 1.9999999999999722 4.419999999999863 -1.1175793032213454e-39
21.796875 1.999999999999999 4.42 1.9999999999999722 4.419999999999863 -5.035814308975148e-40
21.828125 1.999999999999999 4.42 1.9999999999999716 4.419999999999863 -2.128823627925937e-40
21.859375 1.999999999999999 4.42 1.9999999999999716 4.419999999999861 -8.040211368904828e-41
21.890625 1.999999999999999 4.42 1.999999999999972 4.4199999999998605 -2.3380523158598155e-41
21.921875 1.999999999999999 4.42 1.9999999999999716 4.419999999999861 -1.1041630246284527e-42
21.953125 1.999999999999999 4.42 1.999999999999971 4.419999999999861 5.97690423008472e-42
21.984375 1.999999999999999 4.42 1.9999999999999702 4.419999999999861 6.949926403797957e-42
22.015625 1.999999999999999 4.42 1.9999999999999702 4.419999999999861 5.846063377957028e-42
22.046875 1.999999999999999 4.42 1.9999999999999696 4.419999999999861 4.325788212120148e-42
22.078125 1.999999999999999 4.42 1.999999999999969 4.419999999999861 2.984371359915005e-42
22.109375 1.999999999999999 4.42 1.9999999999999682 4.419999999999863 1.9689254483153933e-42
22.140625 1.999999999999999 4.42 1.9999999999999682 4.419999999999861 1.258888113997978e-42
22.171875 1.999999999999999 4.42 1.999999999999969 4.419999999999861 7.862381985663504e-43
22.203125 1.999999999999999 4.42 1.9999999999999694 4.419999999999858 4.8208921257584945e-43
22.234375 1.999999999999999 4.42 1.9999999999999696 4.419999999999856 2.91205779188509e-43
22.265625 1.999999999999999 4.42 1.999999999999969 4.419999999999855 1.7371316768754017e-43
22.296875 1.999999999999999 4.42 1.9999999999999694 4.4199999999998525 1.025195040406753e-43
22.328125 1.999999999999999 4.42 1.9999999999999696 4.419999999999854 5.993943055649722e-44
22.359375 1.999999999999999 4.42 1.9999999999999707 4.4199999999998605 3.4754386748737267e-44
22.390625 1.999999999999999 4.42 1.9999999999999716 4.419999999999865 2.0001391905388715e-44
22.421875 1.999999999999999 4.42 1.9999999999999716 4.419999999999863 1.1432892156771465e-44
22.453125 1.999999999999999 4.42 1.9999999999999716 4.419999999999861 6.494345351696857e-45
22.484375 1.999999999999999 4.42 1.9999999999999716 4.419999999999861 3.6677085226756304e-45
22.515625 1.999999999999999 4.42 1.9999999999999702 4.419999999999863 2.060150041016556e-45
22.546875 1.999999999999999 4.42 1.9999999999999696 4.419999999999865 1.1512940178789018e-45
22.578125 1.999999999999999 4.42 1.9999999999999696 4.419999999999863 6.402876193520721e-46
22.609375 1.999999999999999 4.42 1.9999999999999696 4.419999999999862 3.544595714090166e-46
22.640625 1.999999999999999 4.42 1.9999999999999707 4.419999999999868 1.9536579209753196e-46
22.671875 1.999999999999999 4.42 1.9999999999999718 4.419999999999875 1.0722511834554478e-46
22.703125 1.999999999999999 4.42 1.999999999999971 4.419999999999876 5.8610728285051535e-47
22.734375 1.999999999999999 4.42 1.9999999999999694 4.4199999999998765 3.1911596593010844e-47
22.765625 1.999999999999999 4.42 1.9999999999999694 4.419999999999877 1.7308607822853055e-47
22.796875 1.999999999999999 4.42 1.9999999999999694 4.419999999999876 9.353267962350299e-48
22.828125 1.999999999999999 4.42 1.9999999999999694 4.419999999999874 5.0360797287801475e-48
22.859375 1.999999999999999 4.42 1.9999999999999707 4.419999999999871 2.702002356417873e-48
22.890625 1.999999999999999 4.42 1.9999999999999707 4.4199999999998685 1.4446905109718582e-48
22.921875 1.999999999999999 4.42 1.9999999999999702 4.41999999999987 7.698188899911537e-49
22.953125 1.999999999999999 4.42 1.9999999999999707 4.4199999999998685 4.0883930329748965e-49
22.984375 1.999999999999999 4.42 1.9999999999999716 4.419999999999866 2.164163558795051e-49
23.015625 1.999999999999999 4.42 1.999999999999971 4.419999999999867 1.1418828486624206e-49
23.046875 1.999999999999999 4.42 1.999999999999972 4.419999999999866 6.005727064687491e-50
23.078125 1.999999999999999 4.42 1.9999999999999722 4.419999999999868 3.1487547339947423e-50
23.109375 1.999999999999999 4.42 1.999999999999971 4.4199999999998685 1.645720846417934e-50
23.140625 1.999999999999999 4.42 1.9999999999999676 4.41999999999987 8.574936586047256e-51
23.171875 1.999999999999999 4.42 1.9999999999999662 4.419999999999877 4.454253611117328e-51
23.203125 1.999999999999999 4.42 1.9999999999999682 4.41999999999988 2.3067406877601848e-51
23.234375 1.999999999999999 4.42 1.999999999999969 4.419999999999883 1.1909998921582205e-51
23.265625 1.999999999999999 4.42 1.999999999999969 4.419999999999883 6.1308674558564455e-52
23.296875 1.999999999999999 4.42 1.9999999999999694 4.419999999999879 3.1465632025112256e-52
23.328125 1.999999999999999 4.42 1.9999999999999711 4.419999999999873 1.6101315822779676e-52
23.359375 1.999999999999999 4.42 1.9999999999999716 4.41999999999987 8.214889684997225e-53
23.390625 1.999999999999999 4.42 1.9999999999999722 4.419999999999871 4.178897469918695e-53
23.421875 1.999999999999999 4.42 1.9999999999999722 4.419999999999872 2.119554414886232e-53
23.453125 1.999999999999999 4.42 1.9999999999999722 4.419999999999872 1.07189611230049e-53
23.484375 1.999999999999999 4.42 1.9999999999999734 4.4199999999998685 5.404899700758321e-54
23.515625 1.999999999999999 4.42 1.9999999999999734 4.4199999999998685 2.71737836329482e-54
23.546875 1.999999999999999 4.42 1.999999999999973 4.4199999999998685 1.3621972531801136e-54
23.578125 1.999999999999999 4.42 1.9999999999999734 4.419999999999867 6.808576983337657e-55
23.609375 1.999999999999999 4.42 1.999999999999973 4.419999999999866 3.3931056550831865e-55
23.640625 1.999999999999999 4.42 1.9999999999999722 4.419999999999865 1.686011193240446e-55
23.671875 1.999999999999999 4.42 1.9999999999999716 4.419999999999864 8.352991740634592e-56
23.703125 1.999999999999999 4.42 1.9999999999999725 4.4199999999998685 4.126081146814488e-56
23.734375 1.999999999999999 4.42 1.9999999999999734 4.41999999999987 2.0320867377757505e-56
23.765625 1.999999999999999 4.42 1.9999999999999734 4.4199999999998685 9.978129800561989e-57
23.796875 1.999999999999999 4.42 1.999999999999973 4.4199999999998685 4.884848740431868e-57
23.828125 1.999999999999999 4.42 1.9999999999999722 4.419999999999867 2.3841835575636754e-57
23.859375 1.999999999999999 4.42 1.999999999999973 4.419999999999863 1.1601261438237894e-57
23.890625 1.999999999999999 4.42 1.999999999999972 4.419999999999863 5.6277758939184945e-58
23.921875 1.999999999999999 4.42 1.999999999999972 4.419999999999861 2.7215866533612825e-58
23.953125 1.999999999999999 4.42 1.9999999999999716 4.4199999999998605 1.3120415267055653e-58
23.984375 1.999999999999999 4.42 1.9999999999999716 4.419999999999861 6.305182608170241e-59
24.015625 1.999999999999999 4.42 1.99999999999997 4.419999999999863 3.0203361416968546e-59
24.046875 1.999999999999999 4.42 1.999999999999969 4.4199999999998685 1.442119640701555e-59
24.078125 1.999999999999999 4.42 1.9999999999999702 4.4199999999998685 6.863006283915339e-60
24.109375 1.999999999999999 4.42 1.9999999999999711 4.419999999999867 3.2551487659220895e-60
24.140625 1.999999999999999 4.42 1.9999999999999722 4.419999999999863 1.5386651948267813e-60
24.171875 1.999999999999999 4.42 1.9999999999999716 4.419999999999863 7.247774453020917e-61
24.203125 1.999999999999999 4.42 1.9999999999999725 4.419999999999861 3.401882857024736e-61
24.234375 1.999999999999999 4.42 1.9999999999999734 4.41999999999986 1.590929990931295e-61
24.265625 1.999999999999999 4.42 1.9999999999999716 4.41999999999986 7.4123871613528855e-62
24.296875 1.999999999999999 4.42 1.999999999999973 4.419999999999858 3.4402769321153487e-62
24.328125 1.999999999999999 4.42 1.9999999999999702 4.41999999999986 1.5903905636321816e-62
24.359375 1.999999999999999 4.42 1.999999999999971 4.419999999999856 7.321984942534789e-63
24.390625 1.999999999999999 4.42 1.9999999999999714 4.419999999999857 3.356600044717967e-63
24.421875 1.999999999999999 4.42 1.9999999999999707 4.41999999999986 1.5319234162033377e-63
24.453125 1.999999999999999 4.42 1.9999999999999705 4.41999999999986 6.959052145299416e-64
24.484375 1.999999999999999 4.42 1.9999999999999716 4.419999999999854 3.145813634902412e-64
24.515625 1.999999999999999 4.42 1.9999999999999707 4.419999999999851 1.414693107295441e-64
24.546875 1.999999999999999 4.42 1.9999999999999722 4.419999999999847 6.326920398120275e-65
24.578125 1.999999999999999 4.42 1.9999999999999734 4.4199999999998445 2.8128757645194546e-65
24.609375 1.999999999999999 4.42 1.9999999999999747 4.4199999999998445 1.2425942366207413e-65
24.640625 1.999999999999999 4.42 1.9999999999999756 4.419999999999845 5.451008665905134e-66
24.671875 1.999999999999999 4.42 1.9999999999999762 4.419999999999844 2.372921497325267e-66
24.703125 1.999999999999999 4.42 1.9999999999999774 4.41999999999984 1.0241461876918614e-66
24.734375 1.999999999999999 4.42 1.99999999999998 4.419999999999834 4.377446861968469e-67
24.765625 1.999999999999999 4.42 1.9999999999999822 4.419999999999829 1.8502142513491473e-67
24.796875 1.999999999999999 4.42 1.9999999999999842 4.419999999999827 7.718206623049324e-68
24.828125 1.999999999999999 4.42 1.9999999999999878 4.419999999999833 3.1691289287035775e-68
24.859375 1.999999999999999 4.42 1.9999999999999911 4.419999999999844 1.275954546258792e-68
24.890625 1.999999999999999 4.42 1.9999999999999936 4.41999999999985 5.008720464462768e-69
24.921875 1.999999999999999 4.42 1.999999999999996 4.419999999999851 1.8996549218085223e-69
24.953125 1.999999999999999 4.42 1.9999999999999978 4.419999999999847 6.85218368134225e-70
24.984375 1.999999999999999 4.42 1.999999999999999 4.419999999999842 2.27822078484169e-70
