0.125 1.999999999999999 4.42 1.9999999999999862 4.419999999999854 -8.023378137447364e-69
0.375 1.999999999999999 4.42 1.999999999999838 4.420000000000313 -8.237583357394523e-66
0.625 1.999999999999999 4.42 1.9999999999995697 4.420000000000961 -4.960217038783217e-63
0.875 1.999999999999999 4.42 2.000000000000248 4.419999999999464 -2.2389513277987053e-60
1.125 1.999999999999999 4.42 2.000000000004757 4.419999999989449 -8.083295968589929e-58
1.375 1.999999999999999 4.42 2.000000000011702 4.419999999974021 -2.3927033740792414e-55
1.625 1.999999999999999 4.42 1.9999999999927658 4.420000000016051 -5.861267598663116e-53
1.875 1.999999999999999 4.42 1.9999999998804237 4.420000000265439 -1.1883943908134718e-50
2.125 1.999999999999999 4.42 1.99999999970701 4.420000000650397 -1.976589158084722e-48
2.375 1.999999999999999 4.42 2.0000000000619487 4.419999999862455 -2.632942317395744e-46
2.625 1.999999999999999 4.42 2.0000000023432465 4.419999994798406 -2.638888646042497e-44
2.875 1.999999999999999 4.42 2.0000000064550845 4.419999985669446 -1.5796414191572262e-42
3.125 1.999999999999999 4.42 2.0000000033181875 4.41999999263515 4.567817789604015e-41
3.375 1.999999999999999 4.42 1.9999999688076149 4.420000069258284 2.7652750956800404e-38
3.625 1.999999999999999 4.42 1.9999998881051853 4.4200002482318155 4.404258009248603e-36
3.875 1.999999999999999 4.42 1.9999998463162239 4.420000341729001 4.802503147034089e-34
4.125 1.999999999999999 4.42 2.00000014395384 4.419999683910463 4.0714940949284585e-32
4.375 1.999999999999999 4.42 2.000001349551794 4.419997093828279 2.798298194819873e-30
4.625 1.999999999999999 4.42 2.0000043656822006 4.419990449768716 1.5853487713817023e-28
4.875 1.999999999999999 4.42 2.000010948903138 4.41997580660775 7.44089836681967e-27
5.125 1.999999999999999 4.42 2.0000245702345616 4.419945524644927 2.8831502816409013e-25
5.375 1.999999999999999 4.42 2.0000455642535235 4.419899321291895 9.092577194644609e-24
5.625 1.999999999999999 4.42 2.0000610266005094 4.419863150176787 2.252142269674823e-22
5.875 1.999999999999999 4.42 2.0000698326129083 4.419846255378635 3.954656992153136e-21
6.125 1.999999999999999 4.42 2.0000734025359277 4.419837199837133 2.789761923259548e-20
6.375 1.999999999999999 4.42 2.0000739659344147 4.419835394447704 -1.0909101867037715e-18
6.625 1.999999999999999 4.42 2.00007168935361 4.419840379083821 -5.5213930824722155e-17
6.875 1.9999999999999991 4.42 2.0000646387298042 4.41985617825335 -1.5081395283077498e-15
7.125 1.9999999999999607 4.42 2.0000504343629952 4.419887999989974 -3.0406459207729985e-14
7.375 1.9999999999993494 4.42 2.0000290568303205 4.419935259956617 -4.87731075149774e-13
7.625 2.0000999999914786 4.42 2.0000136639196655 4.419971808131478 -6.400550420574792e-12
7.875 2.000099999907516 4.42 2.000004798850403 4.419988628467438 -6.946621751012237e-11
8.125 2.000099999168834 4.42 2.0000007858031035 4.419996710520237 -6.243021272063907e-10
8.375 2.000099993861073 4.42 1.9999996140524898 4.420000784145482 -4.611047172371882e-09
8.625 2.0000999635209755 4.42 1.9999998341184848 4.420001169766297 -2.7399979986059073e-08
8.875 2.0000998348336525 4.42 1.999999948048906 4.42000047379653 -1.240590773561188e-07
9.125 2.0000995270274142 4.42 1.999999521408202 4.419999789815199 -3.552572240524588e-07
9.375 2.0001001723043887 4.42 2.000000127773081 4.419999072105764 1.2942058380315937e-07
9.625 2.000012261184625 4.42 2.000012421820956 4.419998659455194 9.209599773068e-06
9.875 2.000090916798193 4.42 2.0000911476506547 4.419999444181963 6.829060285179713e-05
10.125 2.000445635126551 4.42 2.0004454583639277 4.42000117678753 0.00033476072351890226
10.375 2.001682083101676 4.42 2.0016811428500363 4.420003144416448 0.0012639670514472895
10.625 2.00512598540328 4.42 2.0051244888928244 4.420003773727524 0.003855097550723615
10.875 2.012845112568688 4.42 2.012843606483748 4.420002994188336 0.009678706501005496
11.125 2.026624222670182 4.42 2.0266227735621656 4.4200021685573905 0.02012788497491368
11.375 2.0455505747316267 4.42 2.0455487848814617 4.420003141539784 0.03458962805843038
11.625 2.0636233536458644 4.42 2.0636217785182325 4.420005273920648 0.0485132950314933
11.875 2.0704590708615243 4.42 2.0704570162151152 4.420005852472035 0.053807929155783495
12.125 2.0568096161460683 4.42 2.05680408196633 4.420004825073458 0.0432510018706274
12.375 2.022090566290612 4.42 2.0220851931099464 4.420004159400252 0.01668234441309194
12.625 1.9776640676065038 4.42 1.977667663176863 4.420005355770706 -0.01668234441309194
12.875 1.941533818670759 4.42 1.9415381762535284 4.420008191490524 -0.0432510018706274
13.125 1.9269696433315944 4.42 1.9269603394516275 4.420012394605269 -0.053807929155783495
13.375 1.934289648496716 4.42 1.9342878204357752 4.420019961448475 -0.0485132950314933
13.625 1.9533918901662037 4.42 1.953408382968939 4.4200337098907525 -0.03458962805843038
13.875 1.9730184644515014 4.42 1.97302855253472 4.420056136272374 -0.02012788497491368
14.125 1.9870723380192024 4.42 1.987080734643285 4.420089504607972 -0.009678706501005496
14.375 1.9948609210956887 4.42 1.9948798734330775 4.42012355233176 -0.003855097550723615
14.625 1.9983165094233506 4.42 1.998339364557939 4.4201425543804955 -0.0012639670514472895
14.875 1.9995542661463435 4.42 1.9995766707326657 4.420149700319115 -0.00033476072351890226
15.125 1.9999090790932463 4.42 1.9999314340394152 4.4201500939823894 -6.829060285179713e-05
15.375 1.9999877387406584 4.42 2.000009935499781 4.420147592204094 -9.209599773068e-06
15.625 1.9999998276955975 4.42 2.000020862879376 4.420139397697451 -1.2942058380315937e-07
15.875 2.00000047297247 4.42 2.000018993553463 4.420122815560736 3.552572240524588e-07
16.125 2.0000001651663326 4.42 2.0000145176534216 4.420095256999934 1.240590773561188e-07
16.375 2.000000036479027 4.42 2.0000092281688877 4.420060803138954 2.7399979986059073e-08
16.625 2.0000000061389285 4.42 2.000005410979806 4.4200354933181245 4.611047172371882e-09
16.875 2.000000000831167 4.42 2.000003202682647 4.420020748095141 6.243021272063907e-10
17.125 2.0000000000924842 4.42 2.0000019806449214 4.420012680160092 6.946621751012237e-11
17.375 2.000000000008522 4.42 2.0000013389132865 4.4200086272838135 6.400550420574792e-12
17.625 2.0000000000006493 4.42 2.0000010353078785 4.4200068074231655 4.87731075149774e-13
17.875 2.0000000000000426 4.42 2.0000009188104793 4.420006093499341 3.0406459207729985e-14
18.125 2.000000000000004 4.42 2.0000008921611476 4.420005920948979 1.5081395283077498e-15
18.375 1.999999999999999 4.42 2.000000891984027 4.420005917605593 5.5213930824722155e-17
18.625 1.999999999999999 4.42 2.0000008671146525 4.420005743804349 1.0909101867037715e-18
18.875 1.999999999999999 4.42 2.0000007850297195 4.4200051943372785 -2.789761923259548e-20
19.125 1.999999999999999 4.42 2.000000633232972 4.420004197405 -3.954656992153136e-21
19.375 1.999999999999999 4.42 2.000000427294305 4.420002832484092 -2.252142269674823e-22
19.625 1.999999999999999 4.42 2.0000002196968145 4.4200014403346595 -9.092577194644609e-24
19.875 1.999999999999999 4.42 2.0000000615057285 4.42000039544557 -2.8831502816409013e-25
20.125 1.999999999999999 4.42 1.9999999673966684 4.419999779935393 -7.44089836681967e-27
20.375 1.999999999999999 4.42 1.9999999264856159 4.419999511610023 -1.5853487713817023e-28
20.625 1.999999999999999 4.42 1.99999992110569 4.419999476215499 -2.798298194819873e-30
20.875 1.999999999999999 4.42 1.9999999342797312 4.419999563627837 -4.0714940949284585e-32
21.125 1.999999999999999 4.42 1.9999999535228472 4.419999691399278 -4.802503147034089e-34
21.375 1.999999999999999 4.42 1.9999999721409747 4.419999815028305 -4.404258009248603e-36
21.625 1.999999999999999 4.42 1.9999999874224297 4.419999916496344 -2.7652750956800404e-38
21.875 1.999999999999999 4.42 1.9999999982481187 4.4199999883736085 -4.567817789604015e-41
22.125 1.999999999999999 4.42 2.0000000041877883 4.420000027807653 1.5796414191572262e-42
22.375 1.999999999999999 4.42 2.000000005735517 4.420000038083094 2.638888646042497e-44
22.625 1.999999999999999 4.42 2.0000000043945905 4.420000029179638 2.632942317395744e-46
22.875 1.999999999999999 4.42 2.000000002069168 4.420000013739038 1.976589158084722e-48
23.125 1.999999999999999 4.42 2.0000000002077627 4.420000001379517 1.1883943908134718e-50
23.375 1.999999999999999 4.42 1.999999999357744 4.419999995735484 5.861267598663116e-53
23.625 1.999999999999999 4.42 1.9999999993237605 4.419999995509797 2.3927033740792414e-55
23.875 1.999999999999999 4.42 1.999999999634012 4.419999997570056 8.083295968589929e-58
24.125 1.999999999999999 4.42 1.999999999923283 4.419999999491676 2.2389513277987053e-60
24.375 1.999999999999999 4.42 2.0000000000590346 4.420000000391421 4.960217038783217e-63
24.625 1.999999999999999 4.42 2.0000000000734697 4.420000000473896 8.237583357394523e-66
24.875 1.999999999999999 4.42 2.000000000033129 4.420000000215686 8.023378137447364e-69

