0.125 1.999999999999999 4.42 1.999999999999999 4.42 -8.023378137447364e-69
0.375 1.999999999999999 4.42 1.999999999999999 4.42 -8.237583357394523e-66
0.625 1.999999999999999 4.42 1.999999999999999 4.42 -4.960217038783217e-63
0.875 1.999999999999999 4.42 1.999999999999999 4.42 -2.2389513277987053e-60
1.125 1.999999999999999 4.42 1.999999999999999 4.42 -8.083295968589929e-58
1.375 1.999999999999999 4.42 1.999999999999999 4.419999999999999 -2.3927033740792414e-55
1.625 1.999999999999999 4.42 2.000000000000001 4.4199999999999955 -5.861267598663116e-53
1.875 1.999999999999999 4.42 1.9999999999999911 4.420000000000014 -1.1883943908134718e-50
2.125 1.999999999999999 4.42 1.9999999999999334 4.420000000000142 -1.976589158084722e-48
2.375 1.999999999999999 4.42 1.9999999999999072 4.4200000000002015 -2.632942317395744e-46
2.625 1.999999999999999 4.42 2.0000000000006946 4.419999999998453 -2.638888646042497e-44
2.875 1.999999999999999 4.42 2.000000000003353 4.41999999999255 -1.5796414191572262e-42
3.125 1.999999999999999 4.42 2.0000000000003366 4.419999999999247 4.567817789604015e-41
3.375 1.999999999999999 4.42 1.999999999957149 4.420000000095113 2.7652750956800404e-38
3.625 1.999999999999999 4.42 1.9999999998686708 4.420000000291536 4.404258009248603e-36
3.875 1.999999999999999 4.42 2.000000000112661 4.419999999750017 4.802503147034089e-34
4.125 1.999999999999999 4.42 2.0000000017898087 4.419999996025513 4.0714940949284585e-32
4.375 1.999999999999999 4.42 2.0000000041683075 4.41999999075275 2.798298194819873e-30
4.625 1.999999999999999 4.42 1.9999999950098086 4.42000001107575 1.5853487713817023e-28
4.875 1.999999999999999 4.42 1.9999999471585208 4.420000117105062 7.44089836681967e-27
5.125 1.999999999999999 4.42 1.9999998835479964 4.420000260046403 2.8831502816409013e-25
5.375 1.999999999999999 4.42 2.000000059024242 4.4199998642174325 9.092577194644609e-24
5.625 1.999999999999999 4.42 2.000001154840521 4.419997555370579 2.252142269674823e-22
5.875 1.999999999999999 4.42 2.000004485314995 4.41999019004691 3.954656992153136e-21
6.125 1.999999999999999 4.42 2.000013508494054 4.419970100955259 2.789761923259548e-20
6.375 1.999999999999999 4.42 2.000035340308582 4.41992160388186 -1.0909101867037715e-18
6.625 1.999999999999999 4.42 2.000058660200472 4.419869512999051 -5.5213930824722155e-17
6.875 1.9999999999999991 4.42 2.0000703028109204 4.419842955221341 -1.5081395283077498e-15
7.125 1.9999999999999607 4.42 2.0000748288274 4.419835472677752 -3.0406459207729985e-14
7.375 1.9999999999993494 4.42 2.0000755214926507 4.419833395434571 -4.87731075149774e-13
7.625 2.0000999999914786 4.42 2.000074247269046 4.419835444707876 -6.400550420574792e-12
7.875 2.000099999907516 4.42 2.0000714842218206 4.419840457422492 -6.946621751012237e-11
8.125 2.000099999168834 4.42 2.000062464143431 4.419859881449538 -6.243021272063907e-10
8.375 2.000099993861073 4.42 2.000038564978345 4.4199126833824405 -4.611047172371882e-09
8.625 2.0000999635209755 4.42 2.0000158311749816 4.419966171349725 -2.7399979986059073e-08
8.875 2.0000998348336525 4.42 2.000003869402349 4.419994318634509 -1.240590773561188e-07
9.125 2.0000995270274142 4.42 1.999998857659225 4.419998821713149 -3.552572240524588e-07
9.375 2.0001001723043887 4.42 1.9999993886915703 4.419999195090952 1.2942058380315937e-07
9.625 2.000012261184625 4.42 2.000012741713458 4.419997650075132 9.209599773068e-06
9.875 2.000090916798193 4.42 2.000090903744204 4.420004162433335 6.829060285179713e-05
10.125 2.000445635126551 4.42 2.000447389920427 4.420010992842181 0.00033476072351890226
10.375 2.001682083101676 4.42 2.001685911130705 4.420026920083959 0.0012639670514472895
10.625 2.00512598540328 4.42 2.005134229544084 4.420051926239683 0.003855097550723615
10.875 2.012845112568688 4.42 2.012859508581308 4.4200902433146165 0.009678706501005496
11.125 2.026624222670182 4.42 2.026643965963256 4.420130762430096 0.02012788497491368
11.375 2.0455505747316267 4.42 2.045572369663991 4.420153849825945 0.03458962805843038
11.625 2.0636233536458644 4.42 2.0636462988342252 4.42016379721086 0.0485132950314933
11.875 2.0704590708615243 4.42 2.0704820533234365 4.420163645132736 0.053807929155783495
12.125 2.0568096161460683 4.42 2.0568290722291733 4.420156468664019 0.0432510018706274
12.375 2.022090566290612 4.42 2.022107037368566 4.420144784252417 0.01668234441309194
12.625 1.9776640676065038 4.42 1.9776840507125126 4.420121331012377 -0.01668234441309194
12.875 1.941533818670759 4.42 1.941548216924406 4.4200810026078825 -0.0432510018706274
13.125 1.9269696433315944 4.42 1.9269650724251957 4.420043467374746 -0.053807929155783495
13.375 1.934289648496716 4.42 1.93428877877147 4.4200219273592385 -0.0485132950314933
13.625 1.9533918901662037 4.42 1.953405560708377 4.420012243159184 -0.03458962805843038
13.875 1.9730184644515014 4.42 1.9730212142480843 4.420007954070416 -0.02012788497491368
14.125 1.9870723380192024 4.42 1.9870682632109982 4.420005828738637 -0.009678706501005496
14.375 1.9948609210956887 4.42 1.994862422550574 4.420004984482101 -0.003855097550723615
14.625 1.9983165094233506 4.42 1.9983188728526904 4.420005686347267 -0.0012639670514472895
14.875 1.9995542661463435 4.42 1.9995550883148518 4.4200061089626965 -0.00033476072351890226
15.125 1.9999090790932463 4.42 1.9999096889724588 4.420006072107421 -6.829060285179713e-05
15.375 1.9999877387406584 4.42 1.999988555929375 4.42000584307298 -9.209599773068e-06
15.625 1.9999998276955975 4.42 2.000000640436381 4.420005238658614 -1.2942058380315937e-07
15.875 2.00000047297247 4.42 2.000001109220455 4.420004128472387 3.552572240524588e-07
16.125 2.0000001651663326 4.42 2.000000546544656 4.420002496605366 1.240590773561188e-07
16.375 2.000000036479027 4.42 2.000000171405423 4.420000840954135 2.7399979986059073e-08
16.625 2.0000000061389285 4.42 1.9999999830852686 4.419999830105583 4.611047172371882e-09
16.875 2.000000000831167 4.42 1.999999917427699 4.419999445884029 6.243021272063907e-10
17.125 2.0000000000924842 4.42 1.9999999165964293 4.419999445695261 6.946621751012237e-11
17.375 2.000000000008522 4.42 1.9999999361826288 4.419999576263683 6.400550420574792e-12
17.625 2.0000000000006493 4.42 1.9999999514564775 4.419999677691649 4.87731075149774e-13
17.875 2.0000000000000426 4.42 1.9999999615032151 4.419999744405327 3.0406459207729985e-14
18.125 2.000000000000004 4.42 1.9999999740322367 4.419999827583855 1.5081395283077498e-15
18.375 1.999999999999999 4.42 1.999999989947373 4.4199999332721625 5.5213930824722155e-17
18.625 1.999999999999999 4.42 2.0000000029981297 4.420000019922859 1.0909101867037715e-18
18.875 1.999999999999999 4.42 2.0000000081948905 4.420000054412257 -2.789761923259548e-20
19.125 1.999999999999999 4.42 2.000000006496587 4.420000043136508 -3.954656992153136e-21
19.375 1.999999999999999 4.42 2.0000000024211437 4.42000001607572 -2.252142269674823e-22
19.625 1.999999999999999 4.42 1.9999999995844815 4.419999997240899 -9.092577194644609e-24
19.875 1.999999999999999 4.42 1.9999999988380972 4.41999999228511 -2.8831502816409013e-25
20.125 1.999999999999999 4.42 1.9999999992653776 4.4199999951222 -7.44089836681967e-27
20.375 1.999999999999999 4.42 1.9999999998215285 4.419999998814987 -1.5853487713817023e-28
20.625 1.999999999999999 4.42 2.000000000079808 4.420000000529937 -2.798298194819873e-30
20.875 1.999999999999999 4.42 2.0000000000954374 4.4200000006337135 -4.0714940949284585e-32
21.125 1.999999999999999 4.42 2.0000000000383102 4.420000000254392 -4.802503147034089e-34
21.375 1.999999999999999 4.42 2.000000000000499 4.420000000003324 -4.404258009248603e-36
21.625 1.999999999999999 4.42 1.9999999999921125 4.41999999994764 -2.7652750956800404e-38
21.875 1.999999999999999 4.42 1.9999999999957652 4.419999999971895 -4.567817789604015e-41
22.125 1.999999999999999 4.42 1.9999999999993965 4.419999999996005 1.5796414191572262e-42
22.375 1.999999999999999 4.42 2.000000000000491 4.42000000000327 2.638888646042497e-44
22.625 1.999999999999999 4.42 2.000000000000332 4.4200000000022195 2.632942317395744e-46
22.875 1.999999999999999 4.42 2.000000000000063 4.420000000000426 1.976589158084722e-48
23.125 1.999999999999999 4.42 1.9999999999999702 4.419999999999813 1.1883943908134718e-50
23.375 1.999999999999999 4.42 1.999999999999976 4.419999999999851 5.861267598663116e-53
23.625 1.999999999999999 4.42 1.9999999999999933 4.419999999999966 2.3927033740792414e-55
23.875 1.999999999999999 4.42 1.9999999999999991 4.420000000000005 8.083295968589929e-58
24.125 1.999999999999999 4.42 1.9999999999999996 4.420000000000005 2.2389513277987053e-60
24.375 1.999999999999999 4.42 1.999999999999999 4.42 4.960217038783217e-63
24.625 1.999999999999999 4.42 1.999999999999999 4.42 8.237583357394523e-66
24.875 1.999999999999999 4.42 1.999999999999999 4.419999999999999 8.023378137447364e-69
