0.125 1.999999999999999 4.42 1.999999999999999 4.42 -8.023378137447364e-69
0.375 1.999999999999999 4.42 1.999999999999999 4.42 -8.237583357394523e-66
0.625 1.999999999999999 4.42 1.999999999999999 4.42 -4.960217038783217e-63
0.875 1.999999999999999 4.42 1.999999999999999 4.42 -2.2389513277987053e-60
1.125 1.999999999999999 4.42 1.999999999999999 4.42 -8.083295968589929e-58
1.375 1.999999999999999 4.42 1.999999999999999 4.419999999999999 -2.3927033740792414e-55
1.625 1.999999999999999 4.42 2.000000000000001 4.4199999999999955 -5.861267598663116e-53
1.875 1.999999999999999 4.42 1.9999999999999911 4.420000000000014 -1.1883943908134718e-50
2.125 1.999999999999999 4.42 1.9999999999999334 4.420000000000142 -1.976589158084722e-48
2.375 1.999999999999999 4.42 1.9999999999999072 4.4200000000002015 -2.632942317395744e-46
2.625 1.999999999999999 4.42 2.0000000000006946 4.419999999998453 -2.638888646042497e-44
2.875 1.999999999999999 4.42 2.000000000003353 4.41999999999255 -1.5796414191572262e-42
3.125 1.999999999999999 4.42 2.0000000000003366 4.419999999999247 4.567817789604015e-41
3.375 1.999999999999999 4.42 1.999999999957149 4.420000000095113 2.7652750956800404e-38
3.625 1.999999999999999 4.42 1.999999999868671 4.420000000291536 4.404258009248603e-36
3.875 1.999999999999999 4.42 2.000000000112661 4.419999999750016 4.802503147034089e-34
4.125 1.999999999999999 4.42 2.0000000017898083 4.419999996025513 4.0714940949284585e-32
4.375 1.999999999999999 4.42 2.000000004168308 4.41999999075275 2.798298194819873e-30
4.625 1.999999999999999 4.42 1.9999999950098097 4.420000011075748 1.5853487713817023e-28
4.875 1.999999999999999 4.42 1.9999999471585208 4.420000117105062 7.44089836681967e-27
5.125 1.999999999999999 4.42 1.9999998835479955 4.420000260046406 2.8831502816409013e-25
5.375 1.999999999999999 4.42 2.0000000590242415 4.419999864217436 9.092577194644609e-24
5.625 1.999999999999999 4.42 2.0000011548405205 4.419997555370583 2.252142269674823e-22
5.875 1.999999999999999 4.42 2.000004485315 4.419990190046898 3.954656992153136e-21
6.125 1.999999999999999 4.42 2.0000135084940895 4.4199701009551795 2.789761923259548e-20
6.375 1.999999999999999 4.42 2.0000353403087083 4.419921603881609 -1.0909101867037715e-18
6.625 1.999999999999999 4.42 2.0000586602001 4.4198695129994725 -5.5213930824722155e-17
6.875 1.9999999999999991 4.42 2.000070302809842 4.4198429552248895 -1.5081395283077498e-15
7.125 1.9999999999999607 4.42 2.0000748288260004 4.419835472678094 -3.0406459207729985e-14
7.375 1.9999999999993494 4.42 2.0000755214983905 4.419833395428533 -4.87731075149774e-13
7.625 2.0000999999914786 4.42 2.000074247320507 4.419835444598133 -6.400550420574792e-12
7.875 2.000099999907516 4.42 2.0000714844404617 4.419840456920209 -6.946621751012237e-11
8.125 2.000099999168834 4.42 2.000062465357581 4.419859878757437 -6.243021272063907e-10
8.375 2.000099993861073 4.42 2.000038569145531 4.4199126754006635 -4.611047172371882e-09
8.625 2.0000999635209755 4.42 2.000015833649344 4.4199661597605875 -2.7399979986059073e-08
8.875 2.0000998348336525 4.42 2.000003868714367 4.419994327364841 -1.240590773561188e-07
9.125 2.0000995270274142 4.42 1.9999988458264957 4.419998848682704 -3.552572240524588e-07
9.375 2.0001001723043887 4.42 1.9999993612679707 4.419999252357588 1.2942058380315937e-07
9.625 2.000012261184625 4.42 2.0000127042891784 4.419997730547376 9.209599773068e-06
9.875 2.000090916798193 4.42 2.0000908867135707 4.420004196030208 6.829060285179713e-05
10.125 2.000445635126551 4.42 2.0004473708213277 4.420011036976709 0.00033476072351890226
10.375 2.001682083101676 4.42 2.0016856034047 4.42002761565684 0.0012639670514472895
10.625 2.00512598540328 4.42 2.0051335267409893 4.420053565589801 0.003855097550723615
10.875 2.012845112568688 4.42 2.0128595793235133 4.420090791542279 0.009678706501005496
11.125 2.026624222670182 4.42 2.0266457756003478 4.420126162213908 0.02012788497491368
11.375 2.0455505747316267 4.42 2.045576018451502 4.4201455632130635 0.03458962805843038
11.625 2.0636233536458644 4.42 2.0636506828865326 4.42015221622008 0.0485132950314933
11.875 2.0704590708615243 4.42 2.0704877194471814 4.420153167004122 0.053807929155783495
12.125 2.0568096161460683 4.42 2.056837018472152 4.420145500932765 0.0432510018706274
12.375 2.022090566290612 4.42 2.022111242299088 4.4201276953944255 0.01668234441309194
12.625 1.9776640676065038 4.42 1.9776800907819452 4.420101087388084 -0.01668234441309194
12.875 1.941533818670759 4.42 1.9415509661105528 4.420062406777925 -0.0432510018706274
13.125 1.9269696433315944 4.42 1.9269774394036572 4.420028252171267 -0.053807929155783495
13.375 1.934289648496716 4.42 1.9342825308488074 4.420008327751702 -0.0485132950314933
13.625 1.9533918901662037 4.42 1.9533874524445594 4.4199977263833485 -0.03458962805843038
13.875 1.9730184644515014 4.42 1.9730198858741352 4.419993358730016 -0.02012788497491368
14.125 1.9870723380192024 4.42 1.9870716254738567 4.419991762838608 -0.009678706501005496
14.375 1.9948609210956887 4.42 1.9948585148246787 4.419990941028495 -0.003855097550723615
14.625 1.9983165094233506 4.42 1.9983146839924104 4.419990661431015 -0.0012639670514472895
14.875 1.9995542661463435 4.42 1.9995529826869283 4.4199911451426 -0.00033476072351890226
15.125 1.9999090790932463 4.42 1.9999079642877113 4.419992077029164 -6.829060285179713e-05
15.375 1.9999877387406584 4.42 1.9999867602647705 4.419993346024085 -9.209599773068e-06
15.625 1.9999998276955975 4.42 1.9999990659725349 4.419994932500069 -1.2942058380315937e-07
15.875 2.00000047297247 4.42 2.00000000797104 4.419996918372935 3.552572240524588e-07
16.125 2.0000001651663326 4.42 2.0000000283424666 4.419999159393928 1.240590773561188e-07
16.375 2.000000036479027 4.42 2.0000001610395577 4.420000895976287 2.7399979986059073e-08
16.625 2.0000000061389285 4.42 2.00000026834372 4.420001751636202 4.611047172371882e-09
16.875 2.000000000831167 4.42 2.0000002898728004 4.420001914847521 6.243021272063907e-10
17.125 2.0000000000924842 4.42 2.000000242933187 4.420001611908178 6.946621751012237e-11
17.375 2.000000000008522 4.42 2.0000001668966703 4.420001107353417 6.400550420574792e-12
17.625 2.0000000000006493 4.42 2.0000000985139064 4.4200006533320355 4.87731075149774e-13
17.875 2.0000000000000426 4.42 2.00000005139752 4.420000341021419 3.0406459207729985e-14
18.125 2.000000000000004 4.42 2.0000000219724443 4.4200001458198805 1.5081395283077498e-15
18.375 1.999999999999999 4.42 2.0000000042831827 4.420000028414945 5.5213930824722155e-17
18.625 1.999999999999999 4.42 1.9999999953103718 4.41999996885766 1.0909101867037715e-18
18.875 1.999999999999999 4.42 1.999999993144446 4.4199999544802635 -2.789761923259548e-20
19.125 1.999999999999999 4.42 1.9999999950242497 4.419999966961568 -3.954656992153136e-21
19.375 1.999999999999999 4.42 1.999999997887286 4.419999985971934 -2.252142269674823e-22
19.625 1.999999999999999 4.42 1.999999999818177 4.419999998792765 -9.092577194644609e-24
19.875 1.999999999999999 4.42 2.000000000472122 4.420000003134859 -2.8831502816409013e-25
20.125 1.999999999999999 4.42 2.000000000386228 4.420000002564532 -7.44089836681967e-27
20.375 1.999999999999999 4.42 2.0000000001406737 4.420000000934076 -1.5853487713817023e-28
20.625 1.999999999999999 4.42 1.999999999997942 4.419999999986348 -2.798298194819873e-30
20.875 1.999999999999999 4.42 1.999999999967395 4.419999999783517 -4.0714940949284585e-32
21.125 1.999999999999999 4.42 1.9999999999818199 4.4199999998793 -4.802503147034089e-34
21.375 1.999999999999999 4.42 1.9999999999966633 4.41999999997786 -4.404258009248603e-36
21.625 1.999999999999999 4.42 2.0000000000017533 4.420000000011658 -2.7652750956800404e-38
21.875 1.999999999999999 4.42 2.000000000001485 4.420000000009871 -4.567817789604015e-41
22.125 1.999999999999999 4.42 2.0000000000003983 4.420000000002656 1.5796414191572262e-42
22.375 1.999999999999999 4.42 1.9999999999999294 4.419999999999543 2.638888646042497e-44
22.625 1.999999999999999 4.42 1.9999999999999023 4.41999999999936 2.632942317395744e-46
22.875 1.999999999999999 4.42 1.9999999999999674 4.419999999999796 1.976589158084722e-48
23.125 1.999999999999999 4.42 2.0000000000000004 4.420000000000009 1.1883943908134718e-50
23.375 1.999999999999999 4.42 2.000000000000003 4.420000000000031 5.861267598663116e-53
23.625 1.999999999999999 4.42 1.9999999999999998 4.420000000000009 2.3927033740792414e-55
23.875 1.999999999999999 4.42 1.9999999999999987 4.42 8.083295968589929e-58
24.125 1.999999999999999 4.42 1.9999999999999987 4.419999999999998 2.2389513277987053e-60
24.375 1.999999999999999 4.42 1.999999999999999 4.419999999999999 4.960217038783217e-63
24.625 1.999999999999999 4.42 1.999999999999999 4.42 8.237583357394523e-66
24.875 1.999999999999999 4.42 1.999999999999999 4.419999999999999 8.023378137447364e-69
