0.125 1.999999999999999 4.42 1.999999999999999 4.42 -8.023378137447364e-69
0.375 1.999999999999999 4.42 1.999999999999999 4.42 -8.237583357394523e-66
0.625 1.999999999999999 4.42 1.999999999999999 4.42 -4.960217038783217e-63
0.875 1.999999999999999 4.42 1.999999999999999 4.42 -2.2389513277987053e-60
1.125 1.999999999999999 4.42 1.999999999999999 4.42 -8.083295968589929e-58
1.375 1.999999999999999 4.42 1.999999999999999 4.42 -2.3927033740792414e-55
1.625 1.999999999999999 4.42 1.999999999999999 4.42 -5.861267598663116e-53
1.875 1.999999999999999 4.42 1.999999999999999 4.42 -1.1883943908134718e-50
2.125 1.999999999999999 4.42 1.999999999999999 4.42 -1.976589158084722e-48
2.375 1.999999999999999 4.42 1.999999999999999 4.42 -2.632942317395744e-46
2.625 1.999999999999999 4.42 1.999999999999999 4.419999999999999 -2.638888646042497e-44
2.875 1.999999999999999 4.42 1.9999999999999978 4.420000000000002 -1.5796414191572262e-42
3.125 1.999999999999999 4.42 1.9999999999999853 4.420000000000028 4.567817789604015e-41
3.375 1.999999999999999 4.42 1.9999999999999867 4.420000000000025 2.7652750956800404e-38
3.625 1.999999999999999 4.42 2.0000000000002895 4.419999999999351 4.404258009248603e-36
3.875 1.999999999999999 4.42 2.0000000000011116 4.419999999997531 4.802503147034089e-34
4.125 1.999999999999999 4.42 1.9999999999967342 4.420000000007225 4.0714940949284585e-32
4.375 1.999999999999999 4.42 1.9999999999671862 4.420000000072907 2.798298194819873e-30
4.625 1.999999999999999 4.42 1.9999999999668214 4.420000000073507 1.5853487713817023e-28
4.875 1.999999999999999 4.42 2.000000000498634 4.4199999988928305 7.44089836681967e-27
5.125 1.999999999999999 4.42 2.0000000020508306 4.419999995447668 2.8831502816409013e-25
5.375 1.999999999999999 4.42 1.9999999984233954 4.420000003540002 9.092577194644609e-24
5.625 1.999999999999999 4.42 1.9999999659908199 4.42000007503403 2.252142269674823e-22
5.875 1.999999999999999 4.42 1.999999917423312 4.420000185645901 3.954656992153136e-21
6.125 1.999999999999999 4.42 2.0000001444165827 4.419999680126834 2.789761923259548e-20
6.375 1.999999999999999 4.42 2.000001592366606 4.419996646550298 -1.0909101867037715e-18
6.625 1.999999999999999 4.42 2.0000069670438476 4.419984609262491 -5.5213930824722155e-17
6.875 1.9999999999999991 4.42 2.000026148826579 4.419941938573366 -1.5081395283077498e-15
7.125 1.9999999999999607 4.42 2.0000580041493907 4.419867976301174 -3.0406459207729985e-14
7.375 1.9999999999993494 4.42 2.00007416763095 4.419840041567724 -4.87731075149774e-13
7.625 2.0000999999914786 4.42 2.0000757063537593 4.419834542537943 -6.400550420574792e-12
7.875 2.000099999907516 4.42 2.0000739252273787 4.41983504172611 -6.946621751012237e-11
8.125 2.000099999168834 4.42 2.0000758111526133 4.419828697915898 -6.243021272063907e-10
8.375 2.000099993861073 4.42 2.0000745595886973 4.4198343115489624 -4.611047172371882e-09
8.625 2.0000999635209755 4.42 2.0000708363098347 4.419855121026361 -2.7399979986059073e-08
8.875 2.0000998348336525 4.42 2.0000560490611505 4.419921812812877 -1.240590773561188e-07
9.125 2.0000995270274142 4.42 2.0000529356666394 4.419985961907274 -3.552572240524588e-07
9.375 2.0001001723043887 4.42 2.000065398884682 4.420016728562196 1.2942058380315937e-07
9.625 2.000012261184625 4.42 2.000144764124787 4.41992473748057 9.209599773068e-06
9.875 2.000090916798193 4.42 2.000361506130336 4.419704491672833 6.829060285179713e-05
10.125 2.000445635126551 4.42 2.0008937316789552 4.419552182057175 0.00033476072351890226
10.375 2.001682083101676 4.42 2.0022429814396894 4.419872573357406 0.0012639670514472895
10.625 2.00512598540328 4.42 2.0058859190410736 4.420422755278259 0.003855097550723615
10.875 2.012845112568688 4.42 2.013918714007197 4.420553417630385 0.009678706501005496
11.125 2.026624222670182 4.42 2.0279956796139675 4.419511757662816 0.02012788497491368
11.375 2.0455505747316267 4.42 2.045954186200553 4.420915813820178 0.03458962805843038
11.625 2.0636233536458644 4.42 2.0564640064493434 4.448192154679422 0.0485132950314933
11.875 2.0704590708615243 4.42 2.0688116771860683 4.4144064610906595 0.053807929155783495
12.125 2.0568096161460683 4.42 2.055183554702584 4.409139043541671 0.0432510018706274
12.375 2.022090566290612 4.42 2.0201488626844037 4.416203573835529 0.01668234441309194
12.625 1.9776640676065038 4.42 1.9771387399884321 4.412178346093939 -0.01668234441309194
12.875 1.941533818670759 4.42 1.9467290668919073 4.396595111029555 -0.0432510018706274
13.125 1.9269696433315944 4.42 1.926698922951076 4.411928043636584 -0.053807929155783495
13.375 1.934289648496716 4.42 1.9354411058999144 4.423096318885135 -0.0485132950314933
13.625 1.9533918901662037 4.42 1.9543502158820398 4.424222268374679 -0.03458962805843038
13.875 1.9730184644515014 4.42 1.9737355489454806 4.4274222553984695 -0.02012788497491368
14.125 1.9870723380192024 4.42 1.9874046480715954 4.42974224666158 -0.009678706501005496
14.375 1.9948609210956887 4.42 1.9952501452719256 4.4285573860208745 -0.003855097550723615
14.625 1.9983165094233506 4.42 1.9987055836566563 4.424980416980766 -0.0012639670514472895
14.875 1.9995542661463435 4.42 1.9996138121043923 4.421123940582402 -0.00033476072351890226
15.125 1.9999090790932463 4.42 1.9997747683152771 4.4192626013271745 -6.829060285179713e-05
15.375 1.9999877387406584 4.42 1.9997815959424854 4.418616848555683 -9.209599773068e-06
15.625 1.9999998276955975 4.42 1.9997904572737273 4.418616103811192 -1.2942058380315937e-07
15.875 2.00000047297247 4.42 1.999823176346458 4.418821229748771 3.552572240524588e-07
16.125 2.0000001651663326 4.42 1.9998819967109869 4.419215144796193 1.240590773561188e-07
16.375 2.000000036479027 4.42 1.9999388546624741 4.4195936583525 2.7399979986059073e-08
16.625 2.0000000061389285 4.42 1.999971215412258 4.419808846649163 4.611047172371882e-09
16.875 2.000000000831167 4.42 1.9999876391784062 4.4199180465385846 6.243021272063907e-10
17.125 2.0000000000924842 4.42 1.9999951306157022 4.419967968294416 6.946621751012237e-11
17.375 2.000000000008522 4.42 1.9999981979470596 4.4199886742643475 6.400550420574792e-12
17.625 2.0000000000006493 4.42 1.9999993891646342 4.419996509795883 4.87731075149774e-13
17.875 2.0000000000000426 4.42 1.9999998502352518 4.419999134394413 3.0406459207729985e-14
18.125 2.000000000000004 4.42 1.9999999873227423 4.419999919863983 1.5081395283077498e-15
18.375 1.999999999999999 4.42 2.0000000130860034 4.420000086841419 5.5213930824722155e-17
18.625 1.999999999999999 4.42 2.0000000076176216 4.420000050578749 1.0909101867037715e-18
18.875 1.999999999999999 4.42 2.0000000011220496 4.420000007449068 -2.789761923259548e-20
19.125 1.999999999999999 4.42 1.9999999993054294 4.4199999953881495 -3.954656992153136e-21
19.375 1.999999999999999 4.42 1.999999999586084 4.419999997251653 -2.252142269674823e-22
19.625 1.999999999999999 4.42 1.999999999950559 4.419999999671733 -9.092577194644609e-24
19.875 1.999999999999999 4.42 2.0000000000381495 4.420000000253322 -2.8831502816409013e-25
20.125 1.999999999999999 4.42 2.0000000000183182 4.420000000121647 -7.44089836681967e-27
20.375 1.999999999999999 4.42 2.0000000000008953 4.420000000005962 -1.5853487713817023e-28
20.625 1.999999999999999 4.42 1.999999999998115 4.419999999987494 -2.798298194819873e-30
20.875 1.999999999999999 4.42 1.9999999999993774 4.4199999999958735 -4.0714940949284585e-32
21.125 1.999999999999999 4.42 2.0000000000000373 4.420000000000256 -4.802503147034089e-34
21.375 1.999999999999999 4.42 2.000000000000072 4.420000000000488 -4.404258009248603e-36
21.625 1.999999999999999 4.42 2.0000000000000124 4.420000000000089 -2.7652750956800404e-38
21.875 1.999999999999999 4.42 1.9999999999999942 4.419999999999971 -4.567817789604015e-41
22.125 1.999999999999999 4.42 1.9999999999999962 4.419999999999984 1.5796414191572262e-42
22.375 1.999999999999999 4.42 1.9999999999999982 4.419999999999997 2.638888646042497e-44
22.625 1.999999999999999 4.42 1.999999999999999 4.42 2.632942317395744e-46
22.875 1.999999999999999 4.42 1.999999999999999 4.42 1.976589158084722e-48
23.125 1.999999999999999 4.42 1.999999999999999 4.42 1.1883943908134718e-50
23.375 1.999999999999999 4.42 1.999999999999999 4.42 5.861267598663116e-53
23.625 1.999999999999999 4.42 1.999999999999999 4.42 2.3927033740792414e-55
23.875 1.999999999999999 4.42 1.999999999999999 4.42 8.083295968589929e-58
24.125 1.999999999999999 4.42 1.999999999999999 4.42 2.2389513277987053e-60
24.375 1.999999999999999 4.42 1.999999999999999 4.42 4.960217038783217e-63
24.625 1.999999999999999 4.42 1.9999999999999987 4.42 8.237583357394523e-66
24.875 1.999999999999999 4.42 1.999999999999999 4.419999999999998 8.023378137447364e-69
