0.125 1.999999999999999 4.42 1.9999999999999862 4.419999999999854 -8.023378137447364e-69
0.375 1.999999999999999 4.42 1.999999999999838 4.420000000000313 -8.237583357394523e-66
0.625 1.999999999999999 4.42 1.9999999999995697 4.420000000000961 -4.960217038783217e-63
0.875 1.999999999999999 4.42 2.000000000000248 4.419999999999464 -2.2389513277987053e-60
1.125 1.999999999999999 4.42 2.0000000000047575 4.419999999989447 -8.083295968589929e-58
1.375 1.999999999999999 4.42 2.000000000011703 4.419999999974019 -2.3927033740792414e-55
1.625 1.999999999999999 4.42 1.9999999999927658 4.420000000016053 -5.861267598663116e-53
1.875 1.999999999999999 4.42 1.9999999998804234 4.420000000265439 -1.1883943908134718e-50
2.125 1.999999999999999 4.42 1.9999999997070095 4.420000000650397 -1.976589158084722e-48
2.375 1.999999999999999 4.42 2.0000000000619482 4.419999999862457 -2.632942317395744e-46
2.625 1.999999999999999 4.42 2.0000000023432456 4.419999994798408 -2.638888646042497e-44
2.875 1.999999999999999 4.42 2.0000000064550845 4.419999985669445 -1.5796414191572262e-42
3.125 1.999999999999999 4.42 2.000000003318189 4.419999992635146 4.567817789604015e-41
3.375 1.999999999999999 4.42 1.9999999688076158 4.420000069258283 2.7652750956800404e-38
3.625 1.999999999999999 4.42 1.9999998881051866 4.420000248231814 4.404258009248603e-36
3.875 1.999999999999999 4.42 1.9999998463162256 4.420000341728999 4.802503147034089e-34
4.125 1.999999999999999 4.42 2.0000001439538346 4.419999683910476 4.0714940949284585e-32
4.375 1.999999999999999 4.42 2.0000013495517415 4.419997093828384 2.798298194819873e-30
4.625 1.999999999999999 4.42 2.0000043656819395 4.419990449769285 1.5853487713817023e-28
4.875 1.999999999999999 4.42 2.000010948901845 4.419975806610632 7.44089836681967e-27
5.125 1.999999999999999 4.42 2.000024570227914 4.419945524659692 2.8831502816409013e-25
5.375 1.999999999999999 4.42 2.0000455642293016 4.41989932134612 9.092577194644609e-24
5.625 1.999999999999999 4.42 2.0000610265757657 4.419863150244335 2.252142269674823e-22
5.875 1.999999999999999 4.42 2.000069832627064 4.419846255301159 3.954656992153136e-21
6.125 1.999999999999999 4.42 2.000073402685664 4.419837199528748 2.789761923259548e-20
6.375 1.999999999999999 4.42 2.0000739663307447 4.419835393664332 -1.0909101867037715e-18
6.625 1.999999999999999 4.42 2.0000716904925695 4.4198403764946965 -5.5213930824722155e-17
6.875 1.9999999999999991 4.42 2.000064642660565 4.41985616945421 -1.5081395283077498e-15
7.125 1.9999999999999607 4.42 2.000050447360687 4.419887971062355 -3.0406459207729985e-14
7.375 1.9999999999993494 4.42 2.0000290743460316 4.41993522260505 -4.87731075149774e-13
7.625 2.0000999999914786 4.42 2.0000136666748003 4.419971794442002 -6.400550420574792e-12
7.875 2.000099999907516 4.42 2.0000047847500184 4.419988678581287 -6.946621751012237e-11
8.125 2.000099999168834 4.42 2.000000748744182 4.419996786061909 -6.243021272063907e-10
8.375 2.000099993861073 4.42 1.999999555111512 4.420000902951477 -4.611047172371882e-09
8.625 2.0000999635209755 4.42 1.9999997347545635 4.420001392826615 -2.7399979986059073e-08
8.875 2.0000998348336525 4.42 1.9999997005142134 4.420000999862478 -1.240590773561188e-07
9.125 2.0000995270274142 4.42 1.9999988013198626 4.420001415528777 -3.552572240524588e-07
9.375 2.0001001723043887 4.42 1.99999835037596 4.420003014055357 1.2942058380315937e-07
9.625 2.000012261184625 4.42 2.000009062481037 4.420006107867199 9.209599773068e-06
9.875 2.000090916798193 4.42 2.0000864202059034 4.420009816752698 6.829060285179713e-05
10.125 2.000445635126551 4.42 2.0004404189067357 4.420012391774165 0.00033476072351890226
10.375 2.001682083101676 4.42 2.00167672214818 4.4200129673131325 0.0012639670514472895
10.625 2.00512598540328 4.42 2.005120481420313 4.420012887176235 0.003855097550723615
10.875 2.012845112568688 4.42 2.0128391977132196 4.42001361028669 0.009678706501005496
11.125 2.026624222670182 4.42 2.026618110721956 4.4200146650214 0.02012788497491368
11.375 2.0455505747316267 4.42 2.045544758725215 4.420014171560675 0.03458962805843038
11.625 2.0636233536458644 4.42 2.063618663335208 4.420011845407163 0.0485132950314933
11.875 2.0704590708615243 4.42 2.0704577572091782 4.420009822625458 0.053807929155783495
12.125 2.0568096161460683 4.42 2.0568131530641534 4.4200092642853175 0.0432510018706274
12.375 2.022090566290612 4.42 2.0220945214628214 4.420010054045192 0.01668234441309194
12.625 1.9776640676065038 4.42 1.977662561301043 4.420011717318767 -0.01668234441309194
12.875 1.941533818670759 4.42 1.9415329830453307 4.420013848411125 -0.0432510018706274
13.125 1.9269696433315944 4.42 1.9269780164971948 4.4200179813539044 -0.053807929155783495
13.375 1.934289648496716 4.42 1.9342995791140167 4.42002586889426 -0.0485132950314933
13.625 1.9533918901662037 4.42 1.9533983991515462 4.420039543990919 -0.03458962805843038
13.875 1.9730184644515014 4.42 1.9730271162551656 4.4200617859701525 -0.02012788497491368
14.125 1.9870723380192024 4.42 1.9870869908901645 4.420095100689953 -0.009678706501005496
14.375 1.9948609210956887 4.42 1.9948808623501602 4.420129240723094 -0.003855097550723615
14.625 1.9983165094233506 4.42 1.9983389839396994 4.420148282911439 -0.0012639670514472895
14.875 1.9995542661463435 4.42 1.9995776304451915 4.420155437020139 -0.00033476072351890226
15.125 1.9999090790932463 4.42 1.999932621180226 4.420155843797351 -6.829060285179713e-05
15.375 1.9999877387406584 4.42 2.0000108744626743 4.4201533435647775 -9.209599773068e-06
15.625 1.9999998276955975 4.42 2.000021707996265 4.420145133980281 -1.2942058380315937e-07
15.875 2.00000047297247 4.42 2.0000198390633095 4.4201285084607 3.552572240524588e-07
16.125 2.0000001651663326 4.42 2.000015360028644 4.420100865657115 1.240590773561188e-07
16.375 2.000000036479027 4.42 2.000010100033341 4.420066592392736 2.7399979986059073e-08
16.625 2.0000000061389285 4.42 2.000006349469561 4.42004174431327 4.611047172371882e-09
16.875 2.000000000831167 4.42 2.000004161814777 4.420027192380474 6.243021272063907e-10
17.125 2.0000000000924842 4.42 2.0000028976536495 4.420018906710906 6.946621751012237e-11
17.375 2.000000000008522 4.42 2.0000021584582246 4.420014182516036 6.400550420574792e-12
17.625 2.0000000000006493 4.42 2.0000017087871633 4.4200113091674975 4.87731075149774e-13
17.875 2.0000000000000426 4.42 2.000001400550001 4.420009295178575 3.0406459207729985e-14
18.125 2.000000000000004 4.42 2.000001145076425 4.420007599957466 1.5081395283077498e-15
18.375 1.999999999999999 4.42 2.0000008890281187 4.420005894878404 5.5213930824722155e-17
18.625 1.999999999999999 4.42 2.000000598989878 4.420003972459075 1.0909101867037715e-18
18.875 1.999999999999999 4.42 2.000000270884059 4.420001789377886 -2.789761923259548e-20
19.125 1.999999999999999 4.42 1.9999999508611606 4.419999628983314 -3.954656992153136e-21
19.375 1.999999999999999 4.42 1.9999997017716755 4.419997973232361 -2.252142269674823e-22
19.625 1.999999999999999 4.42 1.9999995518795564 4.4199970078600055 -9.092577194644609e-24
19.875 1.999999999999999 4.42 1.999999496268774 4.419996659212616 -2.8831502816409013e-25
20.125 1.999999999999999 4.42 1.9999995197022487 4.419996817214724 -7.44089836681967e-27
20.375 1.999999999999999 4.42 1.999999603282161 4.419997366833119 -1.5853487713817023e-28
20.625 1.999999999999999 4.42 1.9999997170156898 4.419998122320992 -2.798298194819873e-30
20.875 1.999999999999999 4.42 1.9999998255951146 4.4199988448196095 -4.0714940949284585e-32
21.125 1.999999999999999 4.42 1.9999999071630348 4.419999385179736 -4.802503147034089e-34
21.375 1.999999999999999 4.42 1.9999999584531478 4.419999724588148 -4.404258009248603e-36
21.625 1.999999999999999 4.42 1.9999999860689517 4.419999907574651 -2.7652750956800404e-38
21.875 1.999999999999999 4.42 1.9999999985756316 4.419999990549432 -4.567817789604015e-41
22.125 1.999999999999999 4.42 2.0000000028958187 4.420000019228191 1.5796414191572262e-42
22.375 1.999999999999999 4.42 2.0000000034256984 4.420000022746299 2.638888646042497e-44
22.625 1.999999999999999 4.42 2.0000000025358835 4.420000016838035 2.632942317395744e-46
22.875 1.999999999999999 4.42 2.0000000013880275 4.420000009216381 1.976589158084722e-48
23.125 1.999999999999999 4.42 2.0000000004963927 4.420000003296019 1.1883943908134718e-50
23.375 1.999999999999999 4.42 2.0000000000046736 4.420000000031049 5.861267598663116e-53
23.625 1.999999999999999 4.42 1.9999999998437614 4.41999999896261 2.3927033740792414e-55
23.875 1.999999999999999 4.42 1.999999999863846 4.419999999096023 8.083295968589929e-58
24.125 1.999999999999999 4.42 1.9999999999345 4.419999999565158 2.2389513277987053e-60
24.375 1.999999999999999 4.42 1.9999999999875038 4.419999999916228 4.960217038783217e-63
24.625 1.999999999999999 4.42 2.000000000009094 4.420000000058162 8.237583357394523e-66
24.875 1.999999999999999 4.42 2.0000000000078177 4.420000000061311 8.023378137447364e-69

