0.125 1.999999999999999 4.42 1.999999999999999 4.42 -8.023378137447364e-69
0.375 1.999999999999999 4.42 1.999999999999999 4.42 -8.237583357394523e-66
0.625 1.999999999999999 4.42 1.999999999999999 4.42 -4.960217038783217e-63
0.875 1.999999999999999 4.42 1.999999999999999 4.42 -2.2389513277987053e-60
1.125 1.999999999999999 4.42 1.999999999999999 4.42 -8.083295968589929e-58
1.375 1.999999999999999 4.42 1.999999999999999 4.42 -2.3927033740792414e-55
1.625 1.999999999999999 4.42 1.999999999999999 4.42 -5.861267598663116e-53
1.875 1.999999999999999 4.42 1.999999999999999 4.42 -1.1883943908134718e-50
2.125 1.999999999999999 4.42 1.999999999999999 4.42 -1.976589158084722e-48
2.375 1.999999999999999 4.42 1.999999999999999 4.42 -2.632942317395744e-46
2.625 1.999999999999999 4.42 1.999999999999999 4.42 -2.638888646042497e-44
2.875 1.999999999999999 4.42 1.9999999999999978 4.420000000000002 -1.5796414191572262e-42
3.125 1.999999999999999 4.42 1.9999999999999853 4.420000000000028 4.567817789604015e-41
3.375 1.999999999999999 4.42 1.9999999999999867 4.420000000000025 2.7652750956800404e-38
3.625 1.999999999999999 4.42 2.0000000000002895 4.41999999999935 4.404258009248603e-36
3.875 1.999999999999999 4.42 2.000000000001112 4.419999999997528 4.802503147034089e-34
4.125 1.999999999999999 4.42 1.9999999999967355 4.420000000007221 4.0714940949284585e-32
4.375 1.999999999999999 4.42 1.9999999999671818 4.420000000072917 2.798298194819873e-30
4.625 1.999999999999999 4.42 1.9999999999668012 4.4200000000735535 1.5853487713817023e-28
4.875 1.999999999999999 4.42 2.000000000498651 4.419999998892791 7.44089836681967e-27
5.125 1.999999999999999 4.42 2.0000000020510558 4.4199999954471725 2.8831502816409013e-25
5.375 1.999999999999999 4.42 1.9999999984236128 4.420000003539559 9.092577194644609e-24
5.625 1.999999999999999 4.42 1.9999999659902232 4.420000075034958 2.252142269674823e-22
5.875 1.999999999999999 4.42 1.9999999174196599 4.420000185651901 3.954656992153136e-21
6.125 1.999999999999999 4.42 2.0000001444127853 4.419999680137938 2.789761923259548e-20
6.375 1.999999999999999 4.42 2.000001592373455 4.419996646593154 -1.0909101867037715e-18
6.625 1.999999999999999 4.42 2.0000069670493033 4.419984609115825 -5.5213930824722155e-17
6.875 1.9999999999999991 4.42 2.0000261483897823 4.419941939590782 -1.5081395283077498e-15
7.125 1.9999999999999607 4.42 2.0000580028860844 4.419867979819758 -3.0406459207729985e-14
7.375 1.9999999999993494 4.42 2.0000741669491733 4.41984004189743 -4.87731075149774e-13
7.625 2.0000999999914786 4.42 2.000075711085625 4.4198345330307935 -6.400550420574792e-12
7.875 2.000099999907516 4.42 2.000073947430942 4.419834994338122 -6.946621751012237e-11
8.125 2.000099999168834 4.42 2.0000758645774366 4.419828578808695 -6.243021272063907e-10
8.375 2.000099993861073 4.42 2.0000746710879906 4.41983407177417 -4.611047172371882e-09
8.625 2.0000999635209755 4.42 2.0000707104273414 4.419855431462103 -2.7399979986059073e-08
8.875 2.0000998348336525 4.42 2.000050098250789 4.419934566458099 -1.240590773561188e-07
9.125 2.0000995270274142 4.42 2.0000278970797556 4.420043598480889 -3.552572240524588e-07
9.375 2.0001001723043887 4.42 2.0000200588855863 4.4201215481025 1.2942058380315937e-07
9.625 2.000012261184625 4.42 2.000034587313351 4.420146707580918 9.209599773068e-06
9.875 2.000090916798193 4.42 2.0001160314736386 4.420160912869457 6.829060285179713e-05
10.125 2.000445635126551 4.42 2.0004699470762035 4.420169584320344 0.00033476072351890226
10.375 2.001682083101676 4.42 2.0017072090981585 4.420166047023665 0.0012639670514472895
10.625 2.00512598540328 4.42 2.0051494588376686 4.420157782988827 0.003855097550723615
10.875 2.012845112568688 4.42 2.012865153730489 4.420133854908635 0.009678706501005496
11.125 2.026624222670182 4.42 2.0266363775900222 4.4200911091498645 0.02012788497491368
11.375 2.0455505747316267 4.42 2.045553516127734 4.420047982859184 0.03458962805843038
11.625 2.0636233536458644 4.42 2.0636212920933072 4.420027989582641 0.0485132950314933
11.875 2.0704590708615243 4.42 2.070457802501202 4.4200166769709 0.053807929155783495
12.125 2.0568096161460683 4.42 2.056813247031185 4.420011296180685 0.0432510018706274
12.375 2.022090566290612 4.42 2.022094731103742 4.420009836971894 0.01668234441309194
12.625 1.9776640676065038 4.42 1.97766026407416 4.4200153419552715 -0.01668234441309194
12.875 1.941533818670759 4.42 1.9415289472200383 4.4200184163492535 -0.0432510018706274
13.125 1.9269696433315944 4.42 1.9269752400363351 4.420012409454577 -0.053807929155783495
13.375 1.934289648496716 4.42 1.9342971174112074 4.4200055738102835 -0.0485132950314933
13.625 1.9533918901662037 4.42 1.953393324934179 4.420003723003654 -0.03458962805843038
13.875 1.9730184644515014 4.42 1.973017968432694 4.420003146944872 -0.02012788497491368
14.125 1.9870723380192024 4.42 1.9870726960011562 4.420001259122192 -0.009678706501005496
14.375 1.9948609210956887 4.42 1.994861255529913 4.419998621527461 -0.003855097550723615
14.625 1.9983165094233506 4.42 1.9983162469483193 4.419996286860475 -0.0012639670514472895
14.875 1.9995542661463435 4.42 1.999553667297304 4.419995638024129 -0.00033476072351890226
15.125 1.9999090790932463 4.42 1.9999084951921615 4.419996087497426 -6.829060285179713e-05
15.375 1.9999877387406584 4.42 1.999987333382007 4.419997322976423 -9.209599773068e-06
15.625 1.9999998276955975 4.42 1.9999995991850592 4.419998500863054 -1.2942058380315937e-07
15.875 2.00000047297247 4.42 2.0000003451320127 4.4199991532071 3.552572240524588e-07
16.125 2.0000001651663326 4.42 2.000000087122415 4.41999948192903 1.240590773561188e-07
16.375 2.000000036479027 4.42 1.9999999904443317 4.419999694408019 2.7399979986059073e-08
16.625 2.0000000061389285 4.42 1.9999999851714516 4.41999986085094 4.611047172371882e-09
16.875 2.000000000831167 4.42 1.9999999960711907 4.419999968416068 6.243021272063907e-10
17.125 2.0000000000924842 4.42 2.000000001855404 4.420000011706256 6.946621751012237e-11
17.375 2.000000000008522 4.42 2.000000002245822 4.420000014855431 6.400550420574792e-12
17.625 2.0000000000006493 4.42 2.0000000009729266 4.420000006455808 4.87731075149774e-13
17.875 2.0000000000000426 4.42 2.0000000001131646 4.4200000007511395 3.0406459207729985e-14
18.125 2.000000000000004 4.42 1.9999999998915643 4.419999999280003 1.5081395283077498e-15
18.375 1.999999999999999 4.42 1.9999999999326405 4.419999999552754 5.5213930824722155e-17
18.625 1.999999999999999 4.42 1.9999999999872184 4.419999999915141 1.0909101867037715e-18
18.875 1.999999999999999 4.42 2.0000000000041673 4.420000000027683 -2.789761923259548e-20
19.125 1.999999999999999 4.42 2.0000000000031974 4.420000000021249 -3.954656992153136e-21
19.375 1.999999999999999 4.42 2.000000000000604 4.420000000004026 -2.252142269674823e-22
19.625 1.999999999999999 4.42 1.999999999999826 4.419999999998856 -9.092577194644609e-24
19.875 1.999999999999999 4.42 1.9999999999998783 4.419999999999201 -2.8831502816409013e-25
20.125 1.999999999999999 4.42 1.999999999999981 4.419999999999884 -7.44089836681967e-27
20.375 1.999999999999999 4.42 2.0000000000000053 4.420000000000046 -1.5853487713817023e-28
20.625 1.999999999999999 4.42 2.0000000000000018 4.420000000000022 -2.798298194819873e-30
20.875 1.999999999999999 4.42 1.9999999999999987 4.420000000000001 -4.0714940949284585e-32
21.125 1.999999999999999 4.42 1.9999999999999982 4.419999999999998 -4.802503147034089e-34
21.375 1.999999999999999 4.42 1.999999999999999 4.42 -4.404258009248603e-36
21.625 1.999999999999999 4.42 1.999999999999999 4.42 -2.7652750956800404e-38
21.875 1.999999999999999 4.42 1.999999999999999 4.42 -4.567817789604015e-41
22.125 1.999999999999999 4.42 1.999999999999999 4.42 1.5796414191572262e-42
22.375 1.999999999999999 4.42 1.999999999999999 4.42 2.638888646042497e-44
22.625 1.999999999999999 4.42 1.999999999999999 4.42 2.632942317395744e-46
22.875 1.999999999999999 4.42 1.999999999999999 4.42 1.976589158084722e-48
23.125 1.999999999999999 4.42 1.999999999999999 4.42 1.1883943908134718e-50
23.375 1.999999999999999 4.42 1.999999999999999 4.42 5.861267598663116e-53
23.625 1.999999999999999 4.42 1.999999999999999 4.42 2.3927033740792414e-55
23.875 1.999999999999999 4.42 1.999999999999999 4.42 8.083295968589929e-58
24.125 1.999999999999999 4.42 1.999999999999999 4.42 2.2389513277987053e-60
24.375 1.999999999999999 4.42 1.999999999999999 4.42 4.960217038783217e-63
24.625 1.999999999999999 4.42 1.999999999999999 4.42 8.237583357394523e-66
24.875 1.999999999999999 4.42 1.999999999999999 4.419999999999999 8.023378137447364e-69

