0.125 1.999999999999999 4.42 1.9999999999999964 4.419999999999947 -8.023378137447364e-69
0.375 1.999999999999999 4.42 1.9999999999998477 4.420000000000384 -8.237583357394523e-66
0.625 1.999999999999999 4.42 1.9999999999995755 4.420000000001 -4.960217038783217e-63
0.875 1.999999999999999 4.42 2.0000000000002505 4.419999999999481 -2.2389513277987053e-60
1.125 1.999999999999999 4.42 2.000000000004756 4.419999999989455 -8.083295968589929e-58
1.375 1.999999999999999 4.42 2.0000000000117 4.419999999974026 -2.3927033740792414e-55
1.625 1.999999999999999 4.42 1.9999999999927618 4.42000000001606 -5.861267598663116e-53
1.875 1.999999999999999 4.42 1.9999999998804259 4.420000000265432 -1.1883943908134718e-50
2.125 1.999999999999999 4.42 1.9999999997070286 4.420000000650353 -1.976589158084722e-48
2.375 1.999999999999999 4.42 2.0000000000619833 4.4199999998623785 -2.632942317395744e-46
2.625 1.999999999999999 4.42 2.000000002343263 4.419999994798369 -2.638888646042497e-44
2.875 1.999999999999999 4.42 2.0000000064549663 4.419999985669705 -1.5796414191572262e-42
3.125 1.999999999999999 4.42 2.0000000033175382 4.419999992636584 4.567817789604015e-41
3.375 1.999999999999999 4.42 1.9999999688055097 4.420000069262955 2.7652750956800404e-38
3.625 1.999999999999999 4.42 1.9999998881018402 4.420000248239194 4.404258009248603e-36
3.875 1.999999999999999 4.42 1.9999998463216373 4.420000341717196 4.802503147034089e-34
4.125 1.999999999999999 4.42 2.000000144001942 4.419999683807052 4.0714940949284585e-32
4.375 1.999999999999999 4.42 2.000001349716921 4.419997093471494 2.798298194819873e-30
4.625 1.999999999999999 4.42 2.0000043661088704 4.419990448820899 1.5853487713817023e-28
4.875 1.999999999999999 4.42 2.0000109498331113 4.419975804547682 7.44089836681967e-27
5.125 1.999999999999999 4.42 2.00002457126999 4.419945522303148 2.8831502816409013e-25
5.375 1.999999999999999 4.42 2.0000455567851536 4.419899336230488 9.092577194644609e-24
5.625 1.999999999999999 4.42 2.000061013939879 4.419863185658812 2.252142269674823e-22
5.875 1.999999999999999 4.42 2.0000698288382903 4.419846250519965 3.954656992153136e-21
6.125 1.999999999999999 4.42 2.0000734378485734 4.419837128766264 2.789761923259548e-20
6.375 1.999999999999999 4.42 2.000074066443993 4.419835189239457 -1.0909101867037715e-18
6.625 1.999999999999999 4.42 2.0000719118391093 4.419839884044214 -5.5213930824722155e-17
6.875 1.9999999999999991 4.42 2.0000669216228433 4.419850940321156 -1.5081395283077498e-15
7.125 1.9999999999999607 4.42 2.0000641092050317 4.419858128910553 -3.0406459207729985e-14
7.375 1.9999999999993494 4.42 2.000064857288839 4.419856757363762 -4.87731075149774e-13
7.625 2.0000999999914786 4.42 2.000075762075604 4.419832085789374 -6.400550420574792e-12
7.875 2.000099999907516 4.42 2.000114595859785 4.419745345227046 -6.946621751012237e-11
8.125 2.000099999168834 4.42 2.000210031094298 4.419533238138614 -6.243021272063907e-10
8.375 2.000099993861073 4.42 2.0004032948835664 4.419104087098293 -4.611047172371882e-09
8.625 2.0000999635209755 4.42 2.0006712385562073 4.418520616062371 -2.7399979986059073e-08
8.875 2.0000998348336525 4.42 2.0008506844342495 4.4180872969222325 -1.240590773561188e-07
9.125 2.0000995270274142 4.42 2.000926786126223 4.417945593080561 -3.552572240524588e-07
9.375 2.0001001723043887 4.42 2.00091728739989 4.417974052197544 1.2942058380315937e-07
9.625 2.000012261184625 4.42 2.0006023001962054 4.418709797785804 9.209599773068e-06
9.875 2.000090916798193 4.42 1.999760186335474 4.420611695779576 6.829060285179713e-05
10.125 2.000445635126551 4.42 1.9988584815308685 4.424055942450394 0.00033476072351890226
10.375 2.001682083101676 4.42 1.999641143283589 4.425643028661666 0.0012639670514472895
10.625 2.00512598540328 4.42 2.0031661455627843 4.426349595009848 0.003855097550723615
10.875 2.012845112568688 4.42 2.0111266332641753 4.426697030281293 0.009678706501005496
11.125 2.026624222670182 4.42 2.0257407410113792 4.424689321624612 0.02012788497491368
11.375 2.0455505747316267 4.42 2.045315019056364 4.42333570667312 0.03458962805843038
11.625 2.0636233536458644 4.42 2.0576231722393414 4.441530998039904 0.0485132950314933
11.875 2.0704590708615243 4.42 2.0714948962442254 4.406587708673477 0.053807929155783495
12.125 2.0568096161460683 4.42 2.0585199942690777 4.400840662182977 0.0432510018706274
12.375 2.022090566290612 4.42 2.0235344173181615 4.408658407300924 0.01668234441309194
12.625 1.9776640676065038 4.42 1.979103094784168 4.411000883017326 -0.01668234441309194
12.875 1.941533818670759 4.42 1.945842828227194 4.402772045355258 -0.0432510018706274
13.125 1.9269696433315944 4.42 1.9281139878840605 4.408902087589556 -0.053807929155783495
13.375 1.934289648496716 4.42 1.9343479688249665 4.424058802478367 -0.0485132950314933
13.625 1.9533918901662037 4.42 1.9527011637675185 4.423076684658474 -0.03458962805843038
13.875 1.9730184644515014 4.42 1.972292641804366 4.422657360848198 -0.02012788497491368
14.125 1.9870723380192024 4.42 1.9861099800484192 4.422988410244178 -0.009678706501005496
14.375 1.9948609210956887 4.42 1.9942697577346415 4.421927206074746 -0.003855097550723615
14.625 1.9983165094233506 4.42 1.9980498141047223 4.420930728486399 -0.0012639670514472895
14.875 1.9995542661463435 4.42 1.9994208137190328 4.420056017687774 -0.00033476072351890226
15.125 1.9999090790932463 4.42 1.999905526429244 4.419937443673086 -6.829060285179713e-05
15.375 1.9999877387406584 4.42 2.000041461441459 4.420378744460596 -9.209599773068e-06
15.625 1.9999998276955975 4.42 2.00012917066053 4.420851009710593 -1.2942058380315937e-07
15.875 2.00000047297247 4.42 2.000149606376059 4.4209969516861545 3.552572240524588e-07
16.125 2.0000001651663326 4.42 2.000146212311356 4.420967480217475 1.240590773561188e-07
16.375 2.000000036479027 4.42 2.000115754363652 4.420768977877466 2.7399979986059073e-08
16.625 2.0000000061389285 4.42 2.00003522182458 4.420233899895337 4.611047172371882e-09
16.875 2.000000000831167 4.42 1.999887948212924 4.4192560695040735 6.243021272063907e-10
17.125 2.0000000000924842 4.42 1.9997872667047267 4.418587659644751 6.946621751012237e-11
17.375 2.000000000008522 4.42 1.9997721085738718 4.418487060250978 6.400550420574792e-12
17.625 2.0000000000006493 4.42 1.999787022131318 4.4185860852097845 4.87731075149774e-13
17.875 2.0000000000000426 4.42 1.999857957433162 4.419056974979661 3.0406459207729985e-14
18.125 2.000000000000004 4.42 2.000020401672764 4.420135495497615 1.5081395283077498e-15
18.375 1.999999999999999 4.42 2.0002942220696465 4.421953758857736 5.5213930824722155e-17
18.625 1.999999999999999 4.42 2.000496877708766 4.423299659398108 1.0909101867037715e-18
18.875 1.999999999999999 4.42 2.0005590083763667 4.423712331327993 -2.789761923259548e-20
19.125 1.999999999999999 4.42 2.0005567962853457 4.423697557116822 -3.954656992153136e-21
19.375 1.999999999999999 4.42 2.0005238122645634 4.423478531046582 -2.252142269674823e-22
19.625 1.999999999999999 4.42 2.0004299856691192 4.42285548893302 -9.092577194644609e-24
19.875 1.999999999999999 4.42 2.000252101703344 4.421674123521502 -2.8831502816409013e-25
20.125 1.999999999999999 4.42 2.000056892146679 4.420377796720945 -7.44089836681967e-27
20.375 1.999999999999999 4.42 1.999954344285838 4.4196967775561085 -1.5853487713817023e-28
20.625 1.999999999999999 4.42 1.9999148744709971 4.419434811203393 -2.798298194819873e-30
20.875 1.999999999999999 4.42 1.9999070896751947 4.419382902553052 -4.0714940949284585e-32
21.125 1.999999999999999 4.42 1.999909331346001 4.419397994627716 -4.802503147034089e-34
21.375 1.999999999999999 4.42 1.9999191707261368 4.419463326841365 -4.404258009248603e-36
21.625 1.999999999999999 4.42 1.9999412882419745 4.419610176170987 -2.7652750956800404e-38
21.875 1.999999999999999 4.42 1.9999682824001255 4.419789474798236 -4.567817789604015e-41
22.125 1.999999999999999 4.42 1.9999842507758836 4.419895574713128 1.5796414191572262e-42
22.375 1.999999999999999 4.42 1.9999923697349067 4.4199496117822985 2.638888646042497e-44
22.625 1.999999999999999 4.42 1.9999963899816664 4.419976498340906 2.632942317395744e-46
22.875 1.999999999999999 4.42 1.9999983427956871 4.419989581605849 1.976589158084722e-48
23.125 1.999999999999999 4.42 1.999999297932359 4.419995736616838 1.1883943908134718e-50
23.375 1.999999999999999 4.42 1.9999997498044846 4.41999847191828 5.861267598663116e-53
23.625 1.999999999999999 4.42 1.9999999412620029 4.419999628253224 2.3927033740792414e-55
23.875 1.999999999999999 4.42 2.0000000094814965 4.420000063838965 8.083295968589929e-58
24.125 1.999999999999999 4.42 2.0000000213458464 4.420000141748136 2.2389513277987053e-60
24.375 1.999999999999999 4.42 2.000000012935713 4.4200000861533075 4.960217038783217e-63
24.625 1.999999999999999 4.42 2.000000003636444 4.42000002398304 8.237583357394523e-66
24.875 1.999999999999999 4.42 1.9999999997184772 4.419999994104249 8.023378137447364e-69

