0.125 1.999999999999999 4.42 1.999999999999999 4.42 -8.023378137447364e-69
0.375 1.999999999999999 4.42 1.999999999999999 4.42 -8.237583357394523e-66
0.625 1.999999999999999 4.42 1.999999999999999 4.42 -4.960217038783217e-63
0.875 1.999999999999999 4.42 1.999999999999999 4.42 -2.2389513277987053e-60
1.125 1.999999999999999 4.42 1.999999999999999 4.42 -8.083295968589929e-58
1.375 1.999999999999999 4.42 1.999999999999999 4.42 -2.3927033740792414e-55
1.625 1.999999999999999 4.42 1.999999999999999 4.42 -5.861267598663116e-53
1.875 1.999999999999999 4.42 1.999999999999999 4.42 -1.1883943908134718e-50
2.125 1.999999999999999 4.42 1.999999999999999 4.42 -1.976589158084722e-48
2.375 1.999999999999999 4.42 1.999999999999999 4.42 -2.632942317395744e-46
2.625 1.999999999999999 4.42 1.999999999999999 4.42 -2.638888646042497e-44
2.875 1.999999999999999 4.42 1.9999999999999978 4.420000000000002 -1.5796414191572262e-42
3.125 1.999999999999999 4.42 1.9999999999999853 4.420000000000028 4.567817789604015e-41
3.375 1.999999999999999 4.42 1.9999999999999867 4.420000000000025 2.7652750956800404e-38
3.625 1.999999999999999 4.42 2.0000000000002895 4.41999999999935 4.404258009248603e-36
3.875 1.999999999999999 4.42 2.000000000001112 4.419999999997528 4.802503147034089e-34
4.125 1.999999999999999 4.42 1.999999999996735 4.420000000007221 4.0714940949284585e-32
4.375 1.999999999999999 4.42 1.9999999999671811 4.420000000072919 2.798298194819873e-30
4.625 1.999999999999999 4.42 1.9999999999668008 4.420000000073554 1.5853487713817023e-28
4.875 1.999999999999999 4.42 2.000000000498651 4.419999998892793 7.44089836681967e-27
5.125 1.999999999999999 4.42 2.0000000020510558 4.4199999954471725 2.8831502816409013e-25
5.375 1.999999999999999 4.42 1.999999998423613 4.420000003539556 9.092577194644609e-24
5.625 1.999999999999999 4.42 1.999999965990222 4.420000075034959 2.252142269674823e-22
5.875 1.999999999999999 4.42 1.999999917419657 4.420000185651905 3.954656992153136e-21
6.125 1.999999999999999 4.42 2.000000144412785 4.419999680137943 2.789761923259548e-20
6.375 1.999999999999999 4.42 2.000001592373467 4.419996646593167 -1.0909101867037715e-18
6.625 1.999999999999999 4.42 2.0000069670493485 4.419984609115632 -5.5213930824722155e-17
6.875 1.9999999999999991 4.42 2.0000261483897614 4.419941939590861 -1.5081395283077498e-15
7.125 1.9999999999999607 4.42 2.0000580028861723 4.419867979820227 -3.0406459207729985e-14
7.375 1.9999999999993494 4.42 2.000074166949031 4.419840041896759 -4.87731075149774e-13
7.625 2.0000999999914786 4.42 2.00007571108581 4.419834533029749 -6.400550420574792e-12
7.875 2.000099999907516 4.42 2.000073947431273 4.419834994337604 -6.946621751012237e-11
8.125 2.000099999168834 4.42 2.0000758645777914 4.419828578808509 -6.243021272063907e-10
8.375 2.000099993861073 4.42 2.0000746710863457 4.419834071777043 -4.611047172371882e-09
8.625 2.0000999635209755 4.42 2.000070710434755 4.419855431445389 -2.7399979986059073e-08
8.875 2.0000998348336525 4.42 2.0000500982917213 4.4199345664119205 -1.240590773561188e-07
9.125 2.0000995270274142 4.42 2.000027895248272 4.420043602340639 -3.552572240524588e-07
9.375 2.0001001723043887 4.42 2.0000200531116707 4.420121561457576 1.2942058380315937e-07
9.625 2.000012261184625 4.42 2.0000345808504987 4.420146719754067 9.209599773068e-06
9.875 2.000090916798193 4.42 2.0001160444827946 4.420160888364705 6.829060285179713e-05
10.125 2.000445635126551 4.42 2.000470003118749 4.420169461541857 0.00033476072351890226
10.375 2.001682083101676 4.42 2.001707447929491 4.420165492657595 0.0012639670514472895
10.625 2.00512598540328 4.42 2.0051497208851563 4.420157122183226 0.003855097550723615
10.875 2.012845112568688 4.42 2.012865072615119 4.420133542040557 0.009678706501005496
11.125 2.026624222670182 4.42 2.0266369388840535 4.420088699186227 0.02012788497491368
11.375 2.0455505747316267 4.42 2.0455562744623026 4.420039598482822 0.03458962805843038
11.625 2.0636233536458644 4.42 2.0636274068004057 4.42001142049544 0.0485132950314933
11.875 2.0704590708615243 4.42 2.0704649474928183 4.419997221241202 0.053807929155783495
12.125 2.0568096161460683 4.42 2.056813682339457 4.419992756492939 0.0432510018706274
12.375 2.022090566290612 4.42 2.0220867402702476 4.41999431984533 0.01668234441309194
12.625 1.9776640676065038 4.42 1.9776593063287462 4.419994410029734 -0.01668234441309194
12.875 1.941533818670759 4.42 1.9415409381875295 4.4199865880088 -0.0432510018706274
13.125 1.9269696433315944 4.42 1.926975145602284 4.419983754863756 -0.053807929155783495
13.375 1.934289648496716 4.42 1.934280671069025 4.419989544574992 -0.0485132950314933
13.625 1.9533918901662037 4.42 1.9533855106188138 4.419994814547711 -0.03458962805843038
13.875 1.9730184644515014 4.42 1.9730199533261337 4.419994310196794 -0.02012788497491368
14.125 1.9870723380192024 4.42 1.9870728516246627 4.419994971828418 -0.009678706501005496
14.375 1.9948609210956887 4.42 1.9948596618331864 4.419997755285038 -0.003855097550723615
14.625 1.9983165094233506 4.42 1.9983159959408625 4.420000454649763 -0.0012639670514472895
14.875 1.9995542661463435 4.42 1.999554578254057 4.420002108895151 -0.00033476072351890226
15.125 1.9999090790932463 4.42 1.9999095268581772 4.420002362836847 -6.829060285179713e-05
15.375 1.9999877387406584 4.42 1.9999880516994866 4.4200018857731775 -9.209599773068e-06
15.625 1.9999998276955975 4.42 2.0000000032272247 4.420001128000767 -1.2942058380315937e-07
15.875 2.00000047297247 4.42 2.0000005707530355 4.42000064525408 3.552572240524588e-07
16.125 2.0000001651663326 4.42 2.000000227457621 4.420000413358334 1.240590773561188e-07
16.375 2.000000036479027 4.42 2.000000073216593 4.420000243879011 2.7399979986059073e-08
16.625 2.0000000061389285 4.42 2.0000000181095867 4.42000007938488 4.611047172371882e-09
16.875 2.000000000831167 4.42 1.9999999963670494 4.4199999703324995 6.243021272063907e-10
17.125 2.0000000000924842 4.42 1.9999999914703013 4.419999942751504 6.946621751012237e-11
17.375 2.000000000008522 4.42 1.9999999945864855 4.419999963998482 6.400550420574792e-12
17.625 2.0000000000006493 4.42 1.9999999985054422 4.419999990072338 4.87731075149774e-13
17.875 2.0000000000000426 4.42 2.0000000003176526 4.420000002108935 3.0406459207729985e-14
18.125 2.000000000000004 4.42 2.0000000004844662 4.42000000321681 1.5081395283077498e-15
18.375 1.999999999999999 4.42 2.000000000189283 4.42000000125683 5.5213930824722155e-17
18.625 1.999999999999999 4.42 2.000000000006551 4.420000000043511 1.0909101867037715e-18
18.875 1.999999999999999 4.42 1.9999999999727869 4.419999999819323 -2.789761923259548e-20
19.125 1.999999999999999 4.42 1.9999999999878688 4.419999999919465 -3.954656992153136e-21
19.375 1.999999999999999 4.42 1.9999999999991291 4.4199999999942285 -2.252142269674823e-22
19.625 1.999999999999999 4.42 2.0000000000012736 4.420000000008471 -9.092577194644609e-24
19.875 1.999999999999999 4.42 2.0000000000005373 4.420000000003579 -2.8831502816409013e-25
20.125 1.999999999999999 4.42 2.0000000000000204 4.420000000000146 -7.44089836681967e-27
20.375 1.999999999999999 4.42 1.9999999999999445 4.419999999999641 -1.5853487713817023e-28
20.625 1.999999999999999 4.42 1.9999999999999807 4.419999999999879 -2.798298194819873e-30
20.875 1.999999999999999 4.42 1.9999999999999987 4.4200000000000035 -4.0714940949284585e-32
21.125 1.999999999999999 4.42 2.0 4.4200000000000115 -4.802503147034089e-34
21.375 1.999999999999999 4.42 1.999999999999999 4.420000000000002 -4.404258009248603e-36
21.625 1.999999999999999 4.42 1.999999999999999 4.419999999999999 -2.7652750956800404e-38
21.875 1.999999999999999 4.42 1.999999999999999 4.42 -4.567817789604015e-41
22.125 1.999999999999999 4.42 1.999999999999999 4.42 1.5796414191572262e-42
22.375 1.999999999999999 4.42 1.999999999999999 4.42 2.638888646042497e-44
22.625 1.999999999999999 4.42 1.999999999999999 4.42 2.632942317395744e-46
22.875 1.999999999999999 4.42 1.999999999999999 4.42 1.976589158084722e-48
23.125 1.999999999999999 4.42 1.999999999999999 4.42 1.1883943908134718e-50
23.375 1.999999999999999 4.42 1.999999999999999 4.42 5.861267598663116e-53
23.625 1.999999999999999 4.42 1.999999999999999 4.42 2.3927033740792414e-55
23.875 1.999999999999999 4.42 1.999999999999999 4.42 8.083295968589929e-58
24.125 1.999999999999999 4.42 1.999999999999999 4.42 2.2389513277987053e-60
24.375 1.999999999999999 4.42 1.999999999999999 4.42 4.960217038783217e-63
24.625 1.999999999999999 4.42 1.999999999999999 4.42 8.237583357394523e-66
24.875 1.999999999999999 4.42 1.999999999999999 4.419999999999999 8.023378137447364e-69
