0.125 1.999999999999999 4.42 1.999999999999999 4.42 -8.023378137447364e-69
0.375 1.999999999999999 4.42 1.999999999999999 4.42 -8.237583357394523e-66
0.625 1.999999999999999 4.42 1.999999999999999 4.42 -4.960217038783217e-63
0.875 1.999999999999999 4.42 1.999999999999999 4.42 -2.2389513277987053e-60
1.125 1.999999999999999 4.42 1.999999999999999 4.42 -8.083295968589929e-58
1.375 1.999999999999999 4.42 1.9999999999999991 4.419999999999999 -2.3927033740792414e-55
1.625 1.999999999999999 4.42 2.000000000000001 4.4199999999999955 -5.861267598663116e-53
1.875 1.999999999999999 4.42 1.9999999999999913 4.420000000000015 -1.1883943908134718e-50
2.125 1.999999999999999 4.42 1.9999999999999338 4.420000000000143 -1.976589158084722e-48
2.375 1.999999999999999 4.42 1.9999999999999072 4.420000000000201 -2.632942317395744e-46
2.625 1.999999999999999 4.42 2.0000000000006932 4.419999999998453 -2.638888646042497e-44
2.875 1.999999999999999 4.42 2.0000000000033515 4.419999999992555 -1.5796414191572262e-42
3.125 1.999999999999999 4.42 2.000000000000335 4.419999999999252 4.567817789604015e-41
3.375 1.999999999999999 4.42 1.9999999999571507 4.4200000000951105 2.7652750956800404e-38
3.625 1.999999999999999 4.42 1.9999999998686884 4.420000000291496 4.404258009248603e-36
3.875 1.999999999999999 4.42 2.000000000112682 4.419999999749969 4.802503147034089e-34
4.125 1.999999999999999 4.42 2.0000000017897355 4.419999996025677 4.0714940949284585e-32
4.375 1.999999999999999 4.42 2.000000004168018 4.419999990753393 2.798298194819873e-30
4.625 1.999999999999999 4.42 1.999999995009492 4.420000011076457 1.5853487713817023e-28
4.875 1.999999999999999 4.42 1.9999999471588 4.42000011710442 7.44089836681967e-27
5.125 1.999999999999999 4.42 1.9999998835502728 4.420000260041601 2.8831502816409013e-25
5.375 1.999999999999999 4.42 2.0000000590349205 4.419999864194864 9.092577194644609e-24
5.625 1.999999999999999 4.42 2.0000011548836025 4.419997555278968 2.252142269674823e-22
5.875 1.999999999999999 4.42 2.000004485495838 4.419990189633499 3.954656992153136e-21
6.125 1.999999999999999 4.42 2.000013509434896 4.41997009888085 2.789761923259548e-20
6.375 1.999999999999999 4.42 2.0000353440056164 4.419921596193792 -1.0909101867037715e-18
6.625 1.999999999999999 4.42 2.0000586608703586 4.419869505288656 -5.5213930824722155e-17
6.875 1.9999999999999991 4.42 2.0000702983144114 4.419842971357343 -1.5081395283077498e-15
7.125 1.9999999999999607 4.42 2.000074814566182 4.419835505799651 -3.0406459207729985e-14
7.375 1.9999999999993494 4.42 2.000075498931321 4.4198334471879654 -4.87731075149774e-13
7.625 2.0000999999914786 4.42 2.0000742378499163 4.419835467265678 -6.400550420574792e-12
7.875 2.000099999907516 4.42 2.000071562897353 4.4198402706004325 -6.946621751012237e-11
8.125 2.000099999168834 4.42 2.0000631952808607 4.419858061260916 -6.243021272063907e-10
8.375 2.000099993861073 4.42 2.000054643505802 4.4198783978644025 -4.611047172371882e-09
8.625 2.0000999635209755 4.42 2.000052943406265 4.419882472218276 -2.7399979986059073e-08
8.875 2.0000998348336525 4.42 2.000070853608288 4.419842252376272 -1.240590773561188e-07
9.125 2.0000995270274142 4.42 2.000143546676266 4.4196804968628784 -3.552572240524588e-07
9.375 2.0001001723043887 4.42 2.00030249909728 4.419332100651947 1.2942058380315937e-07
9.625 2.000012261184625 4.42 2.000539382990808 4.418836906540712 9.209599773068e-06
9.875 2.000090916798193 4.42 2.0008237303185568 4.418447610684895 6.829060285179713e-05
10.125 2.000445635126551 4.42 2.001372632099623 4.41825079094069 0.00033476072351890226
10.375 2.001682083101676 4.42 2.002838532392745 4.418346177839197 0.0012639670514472895
10.625 2.00512598540328 4.42 2.006136581438712 4.419659232288723 0.003855097550723615
10.875 2.012845112568688 4.42 2.0128186468626863 4.422960651437638 0.009678706501005496
11.125 2.026624222670182 4.42 2.025107888329469 4.426408843699546 0.02012788497491368
11.375 2.0455505747316267 4.42 2.042739887355408 4.428626286216232 0.03458962805843038
11.625 2.0636233536458644 4.42 2.0551249285554363 4.447556006268014 0.0485132950314933
11.875 2.0704590708615243 4.42 2.0695337497606845 4.4119082316911005 0.053807929155783495
12.125 2.0568096161460683 4.42 2.0564937824730847 4.406375506486297 0.0432510018706274
12.375 2.022090566290612 4.42 2.023516889105887 4.409265483445022 0.01668234441309194
12.625 1.9776640676065038 4.42 1.9791759485972298 4.41253344050269 -0.01668234441309194
12.875 1.941533818670759 4.42 1.945606083201404 4.404523955068352 -0.0432510018706274
13.125 1.9269696433315944 4.42 1.9293859545812486 4.408834536631173 -0.053807929155783495
13.375 1.934289648496716 4.42 1.9350697496475375 4.424057534103719 -0.0485132950314933
13.625 1.9533918901662037 4.42 1.9530383477507074 4.422541238804351 -0.03458962805843038
13.875 1.9730184644515014 4.42 1.9721989108663098 4.421338645874071 -0.02012788497491368
14.125 1.9870723380192024 4.42 1.985769873267231 4.421336192777761 -0.009678706501005496
14.375 1.9948609210956887 4.42 1.9938619678928289 4.419950578265405 -0.003855097550723615
14.625 1.9983165094233506 4.42 1.9979126932693176 4.419058176554432 -0.0012639670514472895
14.875 1.9995542661463435 4.42 1.9995312625045394 4.419956259044348 -0.00033476072351890226
15.125 1.9999090790932463 4.42 2.000320173285204 4.422846538632405 -6.829060285179713e-05
15.375 1.9999877387406584 4.42 2.0007073581507107 4.424829730952423 -9.209599773068e-06
15.625 1.9999998276955975 4.42 2.0007884823131317 4.4252082638706955 -1.2942058380315937e-07
15.875 2.00000047297247 4.42 2.0007583519208882 4.425040460537691 3.552572240524588e-07
16.125 2.0000001651663326 4.42 2.0006498272558937 4.424313392960757 1.240590773561188e-07
16.375 2.000000036479027 4.42 2.0004029783643533 4.422675706487586 2.7399979986059073e-08
16.625 2.0000000061389285 4.42 2.0000836269223528 4.420555220733245 4.611047172371882e-09
16.875 2.000000000831167 4.42 1.999913283665306 4.419424167670788 6.243021272063907e-10
17.125 2.0000000000924842 4.42 1.9998574526762907 4.419053456564356 6.946621751012237e-11
17.375 2.000000000008522 4.42 1.9998510894162393 4.4190113150527495 6.400550420574792e-12
17.625 2.0000000000006493 4.42 1.9998591765843274 4.419064977639735 4.87731075149774e-13
17.875 2.0000000000000426 4.42 1.9998890473143995 4.419263299322308 3.0406459207729985e-14
18.125 2.000000000000004 4.42 1.9999365039207437 4.419578426877644 1.5081395283077498e-15
18.375 1.999999999999999 4.42 1.9999698670108987 4.419799991970732 5.5213930824722155e-17
18.625 1.999999999999999 4.42 1.9999861824161722 4.41990840592765 1.0909101867037715e-18
18.875 1.999999999999999 4.42 1.999993904128944 4.419959829729995 -2.789761923259548e-20
19.125 1.999999999999999 4.42 1.9999974020074478 4.419983305227968 -3.954656992153136e-21
19.375 1.999999999999999 4.42 1.999998944972619 4.419993606120612 -2.252142269674823e-22
19.625 1.999999999999999 4.42 1.9999996325222824 4.419997844195864 -9.092577194644609e-24
19.875 1.999999999999999 4.42 1.9999999095896568 4.419999441562332 -2.8831502816409013e-25
20.125 1.999999999999999 4.42 1.9999999998095956 4.4200000004722835 -7.44089836681967e-27
20.375 1.999999999999999 4.42 2.0000000167445773 4.42000011114705 -1.5853487713817023e-28
20.625 1.999999999999999 4.42 2.000000009741891 4.420000064682931 -2.798298194819873e-30
20.875 1.999999999999999 4.42 2.000000002057946 4.420000013662241 -4.0714940949284585e-32
21.125 1.999999999999999 4.42 1.9999999991998307 4.4199999946869415 -4.802503147034089e-34
21.375 1.999999999999999 4.42 1.9999999991996573 4.419999994685823 -4.404258009248603e-36
21.625 1.999999999999999 4.42 1.9999999997491806 4.419999998334602 -2.7652750956800404e-38
21.875 1.999999999999999 4.42 2.0000000000215383 4.420000000143027 -4.567817789604015e-41
22.125 1.999999999999999 4.42 2.0000000000527653 4.42000000035037 1.5796414191572262e-42
22.375 1.999999999999999 4.42 2.000000000019843 4.420000000131774 2.638888646042497e-44
22.625 1.999999999999999 4.42 2.000000000000009 4.420000000000075 2.632942317395744e-46
22.875 1.999999999999999 4.42 1.9999999999968965 4.419999999979403 1.976589158084722e-48
23.125 1.999999999999999 4.42 1.9999999999987508 4.4199999999917186 1.1883943908134718e-50
23.375 1.999999999999999 4.42 1.9999999999999716 4.419999999999827 5.861267598663116e-53
23.625 1.999999999999999 4.42 2.000000000000168 4.420000000001124 2.3927033740792414e-55
23.875 1.999999999999999 4.42 2.0000000000000635 4.420000000000431 8.083295968589929e-58
24.125 1.999999999999999 4.42 1.9999999999999973 4.419999999999995 2.2389513277987053e-60
24.375 1.999999999999999 4.42 1.9999999999999887 4.419999999999938 4.960217038783217e-63
24.625 1.999999999999999 4.42 1.9999999999999951 4.419999999999978 8.237583357394523e-66
24.875 1.999999999999999 4.42 1.9999999999999991 4.419999999999996 8.023378137447364e-69
