0.125 1.999999999999999 4.42 1.999999999999999 4.42 -8.023378137447364e-69
0.375 1.999999999999999 4.42 1.999999999999999 4.42 -8.237583357394523e-66
0.625 1.999999999999999 4.42 1.999999999999999 4.42 -4.960217038783217e-63
0.875 1.999999999999999 4.42 1.999999999999999 4.42 -2.2389513277987053e-60
1.125 1.999999999999999 4.42 1.999999999999999 4.42 -8.083295968589929e-58
1.375 1.999999999999999 4.42 1.999999999999999 4.42 -2.3927033740792414e-55
1.625 1.999999999999999 4.42 1.999999999999999 4.42 -5.861267598663116e-53
1.875 1.999999999999999 4.42 1.999999999999999 4.42 -1.1883943908134718e-50
2.125 1.999999999999999 4.42 1.999999999999999 4.42 -1.976589158084722e-48
2.375 1.999999999999999 4.42 1.999999999999999 4.42 -2.632942317395744e-46
2.625 1.999999999999999 4.42 1.999999999999999 4.42 -2.638888646042497e-44
2.875 1.999999999999999 4.42 1.9999999999999978 4.420000000000002 -1.5796414191572262e-42
3.125 1.999999999999999 4.42 1.9999999999999853 4.420000000000028 4.567817789604015e-41
3.375 1.999999999999999 4.42 1.9999999999999867 4.420000000000025 2.7652750956800404e-38
3.625 1.999999999999999 4.42 2.0000000000002895 4.41999999999935 4.404258009248603e-36
3.875 1.999999999999999 4.42 2.000000000001112 4.419999999997528 4.802503147034089e-34
4.125 1.999999999999999 4.42 1.999999999996735 4.420000000007221 4.0714940949284585e-32
4.375 1.999999999999999 4.42 1.9999999999671811 4.420000000072919 2.798298194819873e-30
4.625 1.999999999999999 4.42 1.9999999999668008 4.420000000073554 1.5853487713817023e-28
4.875 1.999999999999999 4.42 2.000000000498651 4.419999998892793 7.44089836681967e-27
5.125 1.999999999999999 4.42 2.0000000020510553 4.4199999954471725 2.8831502816409013e-25
5.375 1.999999999999999 4.42 1.9999999984236128 4.420000003539557 9.092577194644609e-24
5.625 1.999999999999999 4.42 1.9999999659902221 4.420000075034958 2.252142269674823e-22
5.875 1.999999999999999 4.42 1.9999999174196574 4.4200001856519044 3.954656992153136e-21
6.125 1.999999999999999 4.42 2.000000144412785 4.419999680137941 2.789761923259548e-20
6.375 1.999999999999999 4.42 2.0000015923734704 4.419996646593157 -1.0909101867037715e-18
6.625 1.999999999999999 4.42 2.000006967049358 4.419984609115616 -5.5213930824722155e-17
6.875 1.9999999999999991 4.42 2.000026148389783 4.41994193959081 -1.5081395283077498e-15
7.125 1.9999999999999607 4.42 2.0000580028861696 4.419867979820342 -3.0406459207729985e-14
7.375 1.9999999999993494 4.42 2.00007416694899 4.4198400418965775 -4.87731075149774e-13
7.625 2.0000999999914786 4.42 2.0000757110859952 4.419834533029246 -6.400550420574792e-12
7.875 2.000099999907516 4.42 2.0000739474318157 4.419834994336604 -6.946621751012237e-11
8.125 2.000099999168834 4.42 2.000075864578629 4.419828578806778 -6.243021272063907e-10
8.375 2.000099993861073 4.42 2.0000746710862543 4.419834071777728 -4.611047172371882e-09
8.625 2.0000999635209755 4.42 2.000070710394355 4.419855431541603 -2.7399979986059073e-08
8.875 2.0000998348336525 4.42 2.000050097585648 4.419934568070567 -1.240590773561188e-07
9.125 2.0000995270274142 4.42 2.00002789285735 4.42004360707651 -3.552572240524588e-07
9.375 2.0001001723043887 4.42 2.000020051122719 4.420121568456105 1.2942058380315937e-07
9.625 2.000012261184625 4.42 2.0000345837017575 4.420146707678545 9.209599773068e-06
9.875 2.000090916798193 4.42 2.0001160667567275 4.420160844301711 6.829060285179713e-05
10.125 2.000445635126551 4.42 2.0004700484851616 4.420169359808835 0.00033476072351890226
10.375 2.001682083101676 4.42 2.0017075026078457 4.420165357715741 0.0012639670514472895
10.625 2.00512598540328 4.42 2.0051496126451043 4.420157292248262 0.003855097550723615
10.875 2.012845112568688 4.42 2.012864985860989 4.420133470776053 0.009678706501005496
11.125 2.026624222670182 4.42 2.0266373917879696 4.420087313386818 0.02012788497491368
11.375 2.0455505747316267 4.42 2.0455571416498173 4.420037773248559 0.03458962805843038
11.625 2.0636233536458644 4.42 2.063627434431524 4.420012815167649 0.0485132950314933
11.875 2.0704590708615243 4.42 2.0704606278598865 4.420005024097899 0.053807929155783495
12.125 2.0568096161460683 4.42 2.056804767129382 4.420005814484716 0.0432510018706274
12.375 2.022090566290612 4.42 2.0220848936512974 4.420005447137303 0.01668234441309194
12.625 1.9776640676065038 4.42 1.97766905717398 4.4200013930368565 -0.01668234441309194
12.875 1.941533818670759 4.42 1.941540229102228 4.420001052006793 -0.0432510018706274
13.125 1.9269696433315944 4.42 1.9269587278197466 4.420008328373521 -0.053807929155783495
13.375 1.934289648496716 4.42 1.9342837038057408 4.420011286584563 -0.0485132950314933
13.625 1.9533918901662037 4.42 1.9534046640305993 4.420006331379128 -0.03458962805843038
13.875 1.9730184644515014 4.42 1.9730220504352036 4.420003536227423 -0.02012788497491368
14.125 1.9870723380192024 4.42 1.9870675345533804 4.420005952741187 -0.009678706501005496
14.375 1.9948609210956887 4.42 1.9948615625362836 4.420004221670325 -0.003855097550723615
14.625 1.9983165094233506 4.42 1.9983184957062239 4.420001053128957 -0.0012639670514472895
14.875 1.9995542661463435 4.42 1.9995543337434 4.419999418325862 -0.00033476072351890226
15.125 1.9999090790932463 4.42 1.9999085897898303 4.419999144961925 -6.829060285179713e-05
15.375 1.9999877387406584 4.42 1.9999875415923973 4.419999330025471 -9.209599773068e-06
15.625 1.9999998276955975 4.42 1.9999998031676631 4.419999713401847 -1.2942058380315937e-07
15.875 2.00000047297247 4.42 2.000000456549576 4.419999806548246 3.552572240524588e-07
16.125 2.0000001651663326 4.42 2.0000001216617584 4.4199996961727575 1.240590773561188e-07
16.375 2.000000036479027 4.42 1.999999990971122 4.419999696533113 2.7399979986059073e-08
16.625 2.0000000061389285 4.42 1.999999986042595 4.419999866609142 4.611047172371882e-09
16.875 2.000000000831167 4.42 2.0000000064567263 4.420000037476509 6.243021272063907e-10
17.125 2.0000000000924842 4.42 2.0000000136527496 4.42000009002717 6.946621751012237e-11
17.375 2.000000000008522 4.42 2.0000000080652423 4.4200000534936965 6.400550420574792e-12
17.625 2.0000000000006493 4.42 2.0000000010430945 4.420000006919386 4.87731075149774e-13
17.875 2.0000000000000426 4.42 1.9999999982602328 4.419999988447874 3.0406459207729985e-14
18.125 2.000000000000004 4.42 1.9999999986538524 4.41999999106172 1.5081395283077498e-15
18.375 1.999999999999999 4.42 1.999999999641298 4.419999997618273 5.5213930824722155e-17
18.625 1.999999999999999 4.42 2.0000000000931 4.420000000618192 1.0909101867037715e-18
18.875 1.999999999999999 4.42 2.000000000113134 4.420000000751213 -2.789761923259548e-20
19.125 1.999999999999999 4.42 2.0000000000348033 4.420000000231106 -3.954656992153136e-21
19.375 1.999999999999999 4.42 1.9999999999964015 4.41999999997612 -2.252142269674823e-22
19.625 1.999999999999999 4.42 1.9999999999933415 4.419999999955799 -9.092577194644609e-24
19.875 1.999999999999999 4.42 1.9999999999980376 4.419999999986982 -2.8831502816409013e-25
20.125 1.999999999999999 4.42 2.000000000000198 4.420000000001325 -7.44089836681967e-27
20.375 1.999999999999999 4.42 2.000000000000309 4.420000000002067 -1.5853487713817023e-28
20.625 1.999999999999999 4.42 2.000000000000071 4.420000000000481 -2.798298194819873e-30
20.875 1.999999999999999 4.42 1.999999999999984 4.419999999999905 -4.0714940949284585e-32
21.125 1.999999999999999 4.42 1.9999999999999862 4.41999999999992 -4.802503147034089e-34
21.375 1.999999999999999 4.42 1.9999999999999964 4.4199999999999875 -4.404258009248603e-36
21.625 1.999999999999999 4.42 1.999999999999999 4.4200000000000035 -2.7652750956800404e-38
21.875 1.999999999999999 4.42 1.999999999999999 4.420000000000002 -4.567817789604015e-41
22.125 1.999999999999999 4.42 1.999999999999999 4.42 1.5796414191572262e-42
22.375 1.999999999999999 4.42 1.999999999999999 4.42 2.638888646042497e-44
22.625 1.999999999999999 4.42 1.999999999999999 4.42 2.632942317395744e-46
22.875 1.999999999999999 4.42 1.999999999999999 4.42 1.976589158084722e-48
23.125 1.999999999999999 4.42 1.999999999999999 4.42 1.1883943908134718e-50
23.375 1.999999999999999 4.42 1.999999999999999 4.42 5.861267598663116e-53
23.625 1.999999999999999 4.42 1.999999999999999 4.42 2.3927033740792414e-55
23.875 1.999999999999999 4.42 1.999999999999999 4.42 8.083295968589929e-58
24.125 1.999999999999999 4.42 1.999999999999999 4.42 2.2389513277987053e-60
24.375 1.999999999999999 4.42 1.999999999999999 4.42 4.960217038783217e-63
24.625 1.999999999999999 4.42 1.999999999999999 4.42 8.237583357394523e-66
24.875 1.999999999999999 4.42 1.999999999999999 4.419999999999999 8.023378137447364e-69
