0.125 1.999999999999999 4.42 1.9999999999999862 4.419999999999857 -8.023378137447364e-69
0.375 1.999999999999999 4.42 1.999999999999838 4.420000000000313 -8.237583357394523e-66
0.625 1.999999999999999 4.42 1.9999999999995701 4.420000000000959 -4.960217038783217e-63
0.875 1.999999999999999 4.42 2.000000000000247 4.419999999999465 -2.2389513277987053e-60
1.125 1.999999999999999 4.42 2.0000000000047558 4.41999999998945 -8.083295968589929e-58
1.375 1.999999999999999 4.42 2.0000000000117018 4.4199999999740225 -2.3927033740792414e-55
1.625 1.999999999999999 4.42 1.999999999992765 4.420000000016056 -5.861267598663116e-53
1.875 1.999999999999999 4.42 1.9999999998804223 4.420000000265442 -1.1883943908134718e-50
2.125 1.999999999999999 4.42 1.9999999997070095 4.420000000650395 -1.976589158084722e-48
2.375 1.999999999999999 4.42 2.000000000061948 4.419999999862455 -2.632942317395744e-46
2.625 1.999999999999999 4.42 2.0000000023432465 4.419999994798408 -2.638888646042497e-44
2.875 1.999999999999999 4.42 2.0000000064550836 4.419999985669447 -1.5796414191572262e-42
3.125 1.999999999999999 4.42 2.0000000033181875 4.419999992635146 4.567817789604015e-41
3.375 1.999999999999999 4.42 1.9999999688076147 4.420000069258282 2.7652750956800404e-38
3.625 1.999999999999999 4.42 1.9999998881051855 4.420000248231812 4.404258009248603e-36
3.875 1.999999999999999 4.42 1.9999998463162236 4.4200003417290015 4.802503147034089e-34
4.125 1.999999999999999 4.42 2.0000001439538324 4.41999968391048 4.0714940949284585e-32
4.375 1.999999999999999 4.42 2.000001349551738 4.419997093828395 2.798298194819873e-30
4.625 1.999999999999999 4.42 2.0000043656819377 4.41999044976929 1.5853487713817023e-28
4.875 1.999999999999999 4.42 2.0000109489019016 4.4199758066104975 7.44089836681967e-27
5.125 1.999999999999999 4.42 2.0000245702285615 4.419945524658292 2.8831502816409013e-25
5.375 1.999999999999999 4.42 2.0000455642358825 4.419899321334492 9.092577194644609e-24
5.625 1.999999999999999 4.42 2.000061026584997 4.419863150213601 2.252142269674823e-22
5.875 1.999999999999999 4.42 2.0000698326270445 4.4198462553161155 3.954656992153136e-21
6.125 1.999999999999999 4.42 2.000073402635332 4.41983719963555 2.789761923259548e-20
6.375 1.999999999999999 4.42 2.0000739661737037 4.4198353939710895 -1.0909101867037715e-18
6.625 1.999999999999999 4.42 2.0000716899713624 4.419840377682589 -5.5213930824722155e-17
6.875 1.9999999999999991 4.42 2.000064640608543 4.419856174042427 -1.5081395283077498e-15
7.125 1.9999999999999607 4.42 2.0000504396038767 4.419887988295477 -3.0406459207729985e-14
7.375 1.9999999999993494 4.42 2.000029060737312 4.419935250558633 -4.87731075149774e-13
7.625 2.0000999999914786 4.42 2.000013660516904 4.4199718158860986 -6.400550420574792e-12
7.875 2.000099999907516 4.42 2.0000047895483903 4.419988654224689 -6.946621751012237e-11
8.125 2.000099999168834 4.42 2.0000007719356647 4.419996739633874 -6.243021272063907e-10
8.375 2.000099993861073 4.42 1.999999596767895 4.420000817964539 -4.611047172371882e-09
8.625 2.0000999635209755 4.42 1.9999998034286683 4.420001236839397 -2.7399979986059073e-08
8.875 2.0000998348336525 4.42 1.9999998585403889 4.42000066912331 -1.240590773561188e-07
9.125 2.0000995270274142 4.42 1.99999929732346 4.42000028723539 -3.552572240524588e-07
9.375 2.0001001723043887 4.42 1.9999997750668115 4.419999851570988 1.2942058380315937e-07
9.625 2.000012261184625 4.42 2.0000122633474984 4.419999081078476 9.209599773068e-06
9.875 2.000090916798193 4.42 2.0000919148572476 4.419997634458312 6.829060285179713e-05
10.125 2.000445635126551 4.42 2.0004478998445094 4.419995852197678 0.00033476072351890226
10.375 2.001682083101676 4.42 2.0016853158906476 4.419993898269308 0.0012639670514472895
10.625 2.00512598540328 4.42 2.0051296447693403 4.4199923797629435 0.003855097550723615
10.875 2.012845112568688 4.42 2.0128492694965288 4.419990647483159 0.009678706501005496
11.125 2.026624222670182 4.42 2.0266292204646605 4.419987956553915 0.02012788497491368
11.375 2.0455505747316267 4.42 2.045556104798287 4.419985855219679 0.03458962805843038
11.625 2.0636233536458644 4.42 2.063629454537684 4.419985782435614 0.0485132950314933
11.875 2.0704590708615243 4.42 2.0704659325911736 4.419988010498171 0.053807929155783495
12.125 2.0568096161460683 4.42 2.0568138618148546 4.419989715305641 0.0432510018706274
12.375 2.022090566290612 4.42 2.0220880051871655 4.41999049882084 0.01668234441309194
12.625 1.9776640676065038 4.42 1.9776608521953167 4.41999116474746 -0.01668234441309194
12.875 1.941533818670759 4.42 1.941539259876525 4.419993399229119 -0.0432510018706274
13.125 1.9269696433315944 4.42 1.9269723907349137 4.419998078211863 -0.053807929155783495
13.375 1.934289648496716 4.42 1.9342816385562331 4.4200060086041315 -0.0485132950314933
13.625 1.9533918901662037 4.42 1.9533899522206446 4.420019551321836 -0.03458962805843038
13.875 1.9730184644515014 4.42 1.9730266986082419 4.4200418985552865 -0.02012788497491368
14.125 1.9870723380192024 4.42 1.9870842158752602 4.420075391981804 -0.009678706501005496
14.375 1.9948609210956887 4.42 1.9948763439734247 4.420109467511121 -0.003855097550723615
14.625 1.9983165094233506 4.42 1.9983352844525013 4.420128400097394 -0.0012639670514472895
14.875 1.9995542661463435 4.42 1.9995746060765442 4.420135483805263 -0.00033476072351890226
15.125 1.9999090790932463 4.42 1.999929681602985 4.420135860296531 -6.829060285179713e-05
15.375 1.9999877387406584 4.42 2.0000078843469713 4.4201333283564095 -9.209599773068e-06
15.625 1.9999998276955975 4.42 2.0000186906026975 4.4201250800668 -1.2942058380315937e-07
15.875 2.00000047297247 4.42 2.0000168136548973 4.420108427987921 3.552572240524588e-07
16.125 2.0000001651663326 4.42 2.000012345339571 4.42008085893557 1.240590773561188e-07
16.375 2.000000036479027 4.42 2.0000071046447543 4.420046719027626 2.7399979986059073e-08
16.625 2.0000000061389285 4.42 2.000003325357238 4.420021671564587 4.611047172371882e-09
16.875 2.000000000831167 4.42 2.0000011020911512 4.420006840660626 6.243021272063907e-10
17.125 2.0000000000924842 4.42 1.999999839033877 4.4199984850273815 6.946621751012237e-11
17.375 2.000000000008522 4.42 1.9999991535691812 4.419994098244501 6.400550420574792e-12
17.625 2.0000000000006493 4.42 1.9999988150583259 4.419992036842243 4.87731075149774e-13
17.875 2.0000000000000426 4.42 1.9999986830738 4.419991252772012 3.0406459207729985e-14
18.125 2.000000000000004 4.42 1.9999986761838258 4.41999123044949 1.5081395283077498e-15
18.375 1.999999999999999 4.42 1.9999987614088028 4.419991801875216 5.5213930824722155e-17
18.625 1.999999999999999 4.42 1.999998929648697 4.419992916571634 1.0909101867037715e-18
18.875 1.999999999999999 4.42 1.9999991781519824 4.419994551900496 -2.789761923259548e-20
19.125 1.999999999999999 4.42 1.9999994872872884 4.419996604201525 -3.954656992153136e-21
19.375 1.999999999999999 4.42 1.9999997943084835 4.4199986749898725 -2.252142269674823e-22
19.625 1.999999999999999 4.42 2.0000000324013425 4.4200002528018025 -9.092577194644609e-24
19.875 1.999999999999999 4.42 2.000000178074802 4.420001196301932 -2.8831502816409013e-25
20.125 1.999999999999999 4.42 2.000000240960672 4.4200016003177405 -7.44089836681967e-27
20.375 1.999999999999999 4.42 2.0000002397768624 4.420001590571925 -1.5853487713817023e-28
20.625 1.999999999999999 4.42 2.0000001960608076 4.420001301660416 -2.798298194819873e-30
20.875 1.999999999999999 4.42 2.0000001344934883 4.420000892764141 -4.0714940949284585e-32
21.125 1.999999999999999 4.42 2.0000000767194788 4.420000508919037 -4.802503147034089e-34
21.375 1.999999999999999 4.42 2.000000034223924 4.420000226982845 -4.404258009248603e-36
21.625 1.999999999999999 4.42 2.0000000086034864 4.4200000570590445 -2.7652750956800404e-38
21.875 1.999999999999999 4.42 1.9999999963177904 4.419999975542619 -4.567817789604015e-41
22.125 1.999999999999999 4.42 1.9999999926197103 4.419999950995805 1.5796414191572262e-42
22.375 1.999999999999999 4.42 1.9999999934301602 4.419999956377017 2.638888646042497e-44
22.625 1.999999999999999 4.42 1.9999999958688037 4.419999972569331 2.632942317395744e-46
22.875 1.999999999999999 4.42 1.9999999982227092 4.41999998819904 1.976589158084722e-48
23.125 1.999999999999999 4.42 1.9999999997472049 4.419999998321498 1.1883943908134718e-50
23.375 1.999999999999999 4.42 2.0000000003859366 4.420000002562601 5.861267598663116e-53
23.625 1.999999999999999 4.42 2.0000000004377387 4.420000002906573 2.3927033740792414e-55
23.875 1.999999999999999 4.42 2.0000000002568905 4.42000000170563 8.083295968589929e-58
24.125 1.999999999999999 4.42 2.0000000000782805 4.420000000519407 2.2389513277987053e-60
24.375 1.999999999999999 4.42 1.9999999999854114 4.419999999904151 4.960217038783217e-63
24.625 1.999999999999999 4.42 1.9999999999647113 4.419999999772343 8.237583357394523e-66
24.875 1.999999999999999 4.42 1.9999999999813558 4.419999999868459 8.023378137447364e-69

