0.125 1.999999999999999 4.42 1.999999999999999 4.42 -8.023378137447364e-69
0.375 1.999999999999999 4.42 1.999999999999999 4.42 -8.237583357394523e-66
0.625 1.999999999999999 4.42 1.999999999999999 4.42 -4.960217038783217e-63
0.875 1.999999999999999 4.42 1.999999999999999 4.42 -2.2389513277987053e-60
1.125 1.999999999999999 4.42 1.999999999999999 4.42 -8.083295968589929e-58
1.375 1.999999999999999 4.42 1.999999999999999 4.419999999999999 -2.3927033740792414e-55
1.625 1.999999999999999 4.42 2.000000000000001 4.4199999999999955 -5.861267598663116e-53
1.875 1.999999999999999 4.42 1.9999999999999911 4.420000000000014 -1.1883943908134718e-50
2.125 1.999999999999999 4.42 1.9999999999999334 4.420000000000142 -1.976589158084722e-48
2.375 1.999999999999999 4.42 1.9999999999999072 4.4200000000002015 -2.632942317395744e-46
2.625 1.999999999999999 4.42 2.0000000000006946 4.419999999998453 -2.638888646042497e-44
2.875 1.999999999999999 4.42 2.000000000003353 4.41999999999255 -1.5796414191572262e-42
3.125 1.999999999999999 4.42 2.0000000000003366 4.419999999999245 4.567817789604015e-41
3.375 1.999999999999999 4.42 1.999999999957149 4.420000000095113 2.7652750956800404e-38
3.625 1.999999999999999 4.42 1.9999999998686713 4.420000000291534 4.404258009248603e-36
3.875 1.999999999999999 4.42 2.000000000112662 4.419999999750014 4.802503147034089e-34
4.125 1.999999999999999 4.42 2.000000001789809 4.419999996025513 4.0714940949284585e-32
4.375 1.999999999999999 4.42 2.000000004168309 4.419999990752752 2.798298194819873e-30
4.625 1.999999999999999 4.42 1.999999995009809 4.420000011075753 1.5853487713817023e-28
4.875 1.999999999999999 4.42 1.9999999471585213 4.4200001171050625 7.44089836681967e-27
5.125 1.999999999999999 4.42 1.9999998835479975 4.420000260046404 2.8831502816409013e-25
5.375 1.999999999999999 4.42 2.0000000590242424 4.4199998642174325 9.092577194644609e-24
5.625 1.999999999999999 4.42 2.0000011548405183 4.419997555370581 2.252142269674823e-22
5.875 1.999999999999999 4.42 2.0000044853149905 4.419990190046917 3.954656992153136e-21
6.125 1.999999999999999 4.42 2.0000135084940753 4.419970100955215 2.789761923259548e-20
6.375 1.999999999999999 4.42 2.00003534030874 4.419921603881537 -1.0909101867037715e-18
6.625 1.999999999999999 4.42 2.0000586602000405 4.419869512999604 -5.5213930824722155e-17
6.875 1.9999999999999991 4.42 2.0000703028097684 4.419842955224679 -1.5081395283077498e-15
7.125 1.9999999999999607 4.42 2.000074828826103 4.419835472678397 -3.0406459207729985e-14
7.375 1.9999999999993494 4.42 2.000075521497984 4.419833395429034 -4.87731075149774e-13
7.625 2.0000999999914786 4.42 2.0000742473148914 4.4198354446102215 -6.400550420574792e-12
7.875 2.000099999907516 4.42 2.0000714844145424 4.419840456979905 -6.946621751012237e-11
8.125 2.000099999168834 4.42 2.0000624651982277 4.419859879106179 -6.243021272063907e-10
8.375 2.000099993861073 4.42 2.0000385704932273 4.419912672023575 -4.611047172371882e-09
8.625 2.0000999635209755 4.42 2.0000158413709435 4.419966142299861 -2.7399979986059073e-08
8.875 2.0000998348336525 4.42 2.000003878784197 4.419994305942283 -1.240590773561188e-07
9.125 2.0000995270274142 4.42 1.9999988468804657 4.419998851118811 -3.552572240524588e-07
9.375 2.0001001723043887 4.42 1.9999993302136425 4.419999313286436 1.2942058380315937e-07
9.625 2.000012261184625 4.42 2.000012619095626 4.419997922141311 9.209599773068e-06
9.875 2.000090916798193 4.42 2.0000907151119196 4.420004591235152 6.829060285179713e-05
10.125 2.000445635126551 4.42 2.0004471868361637 4.420011445557182 0.00033476072351890226
10.375 2.001682083101676 4.42 2.0016851117566192 4.42002868984477 0.0012639670514472895
10.625 2.00512598540328 4.42 2.0051314782451275 4.420058246828175 0.003855097550723615
10.875 2.012845112568688 4.42 2.012855053282802 4.420101611544123 0.009678706501005496
11.125 2.026624222670182 4.42 2.0266393104740805 4.420142397992931 0.02012788497491368
11.375 2.0455505747316267 4.42 2.045568836230824 4.420163861326554 0.03458962805843038
11.625 2.0636233536458644 4.42 2.0636432020351934 4.420170475016994 0.0485132950314933
11.875 2.0704590708615243 4.42 2.0704807700742323 4.4201721895780945 0.053807929155783495
12.125 2.0568096161460683 4.42 2.056833720814279 4.420171531515585 0.0432510018706274
12.375 2.022090566290612 4.42 2.022113176729946 4.420158271128058 0.01668234441309194
12.625 1.9776640676065038 4.42 1.97767867606023 4.420128762523603 -0.01668234441309194
12.875 1.941533818670759 4.42 1.9415438066355692 4.420085705800094 -0.0432510018706274
13.125 1.9269696433315944 4.42 1.9269829936751424 4.420048128475068 -0.053807929155783495
13.375 1.934289648496716 4.42 1.934300194089435 4.420028351330112 -0.0485132950314933
13.625 1.9533918901662037 4.42 1.9533953244144842 4.420018313133353 -0.03458962805843038
13.875 1.9730184644515014 4.42 1.9730200348585956 4.420013549999947 -0.02012788497491368
14.125 1.9870723380192024 4.42 1.9870745541852117 4.42001138860021 -0.009678706501005496
14.375 1.9948609210956887 4.42 1.994863054390703 4.420010174479215 -0.003855097550723615
14.625 1.9983165094233506 4.42 1.9983181174883553 4.420008913841803 -0.0012639670514472895
14.875 1.9995542661463435 4.42 1.9995554314437483 4.420007298397823 -0.00033476072351890226
15.125 1.9999090790932463 4.42 1.99990991012273 4.420005447561715 -6.829060285179713e-05
15.375 1.9999877387406584 4.42 1.9999882779144376 4.420003566682489 -9.209599773068e-06
15.625 1.9999998276955975 4.42 2.000000064004925 4.420001564709542 -1.2942058380315937e-07
15.875 2.00000047297247 4.42 2.000000381549708 4.419999346372544 3.552572240524588e-07
16.125 2.0000001651663326 4.42 1.9999997913696874 4.419997430155531 1.240590773561188e-07
16.375 2.000000036479027 4.42 1.9999994994553156 4.419996417503624 2.7399979986059073e-08
16.625 2.0000000061389285 4.42 1.9999994369348943 4.419996238655223 4.611047172371882e-09
16.875 2.000000000831167 4.42 1.9999995040697311 4.4199967082559475 6.243021272063907e-10
17.125 2.0000000000924842 4.42 1.999999639903768 4.419997611305645 6.946621751012237e-11
17.375 2.000000000008522 4.42 1.999999778464775 4.419998535856319 6.400550420574792e-12
17.625 2.0000000000006493 4.42 1.9999998777010648 4.419999190634595 4.87731075149774e-13
17.875 2.0000000000000426 4.42 1.9999999364448362 4.419999578527702 3.0406459207729985e-14
18.125 2.000000000000004 4.42 1.999999969139827 4.419999795185581 1.5081395283077498e-15
18.375 1.999999999999999 4.42 1.99999998757355 4.419999917511775 5.5213930824722155e-17
18.625 1.999999999999999 4.42 1.9999999976075573 4.419999984119125 1.0909101867037715e-18
18.875 1.999999999999999 4.42 2.000000001863109 4.420000012371155 -2.789761923259548e-20
19.125 1.999999999999999 4.42 2.0000000024450166 4.420000016234658 -3.954656992153136e-21
19.375 1.999999999999999 4.42 2.000000001477531 4.420000009810666 -2.252142269674823e-22
19.625 1.999999999999999 4.42 2.0000000004630216 4.420000003074428 -9.092577194644609e-24
19.875 1.999999999999999 4.42 1.9999999999538267 4.419999999693431 -2.8831502816409013e-25
20.125 1.999999999999999 4.42 1.9999999998589264 4.419999999063303 -7.44089836681967e-27
20.375 1.999999999999999 4.42 1.9999999999218079 4.41999999948083 -1.5853487713817023e-28
20.625 1.999999999999999 4.42 1.9999999999835056 4.4199999998905 -2.798298194819873e-30
20.875 1.999999999999999 4.42 2.000000000006458 4.420000000042898 -4.0714940949284585e-32
21.125 1.999999999999999 4.42 2.000000000006635 4.420000000044073 -4.802503147034089e-34
21.375 1.999999999999999 4.42 2.000000000002216 4.420000000014726 -4.404258009248603e-36
21.625 1.999999999999999 4.42 1.9999999999999178 4.41999999999947 -2.7652750956800404e-38
21.875 1.999999999999999 4.42 1.999999999999585 4.4199999999972555 -4.567817789604015e-41
22.125 1.999999999999999 4.42 1.9999999999998233 4.419999999998842 1.5796414191572262e-42
22.375 1.999999999999999 4.42 1.9999999999999858 4.419999999999923 2.638888646042497e-44
22.625 1.999999999999999 4.42 2.0000000000000187 4.4200000000001385 2.632942317395744e-46
22.875 1.999999999999999 4.42 2.000000000000007 4.420000000000064 1.976589158084722e-48
23.125 1.999999999999999 4.42 1.999999999999999 4.420000000000002 1.1883943908134718e-50
23.375 1.999999999999999 4.42 1.9999999999999967 4.419999999999989 5.861267598663116e-53
23.625 1.999999999999999 4.42 1.9999999999999978 4.419999999999995 2.3927033740792414e-55
23.875 1.999999999999999 4.42 1.9999999999999987 4.419999999999998 8.083295968589929e-58
24.125 1.999999999999999 4.42 1.999999999999999 4.42 2.2389513277987053e-60
24.375 1.999999999999999 4.42 1.999999999999999 4.42 4.960217038783217e-63
24.625 1.999999999999999 4.42 1.999999999999999 4.42 8.237583357394523e-66
24.875 1.999999999999999 4.42 1.999999999999999 4.419999999999999 8.023378137447364e-69
