0.015625 1.9999999999999996 24.0 1.9999999999999996 24.0 -2.27822078484169e-70
0.046875 1.9999999999999996 24.0 1.9999999999999996 24.0 -6.85218368134225e-70
0.078125 1.9999999999999996 24.0 1.9999999999999996 24.0 -1.8996549218085223e-69
0.109375 1.9999999999999996 24.0 1.9999999999999996 24.0 -5.008720464462768e-69
0.140625 1.9999999999999996 24.0 1.9999999999999996 24.0 -1.275954546258792e-68
0.171875 1.9999999999999996 24.0 1.9999999999999996 24.0 -3.1691289287035775e-68
0.203125 1.9999999999999996 24.0 1.9999999999999996 24.0 -7.718206623049324e-68
0.234375 1.9999999999999996 24.0 1.9999999999999996 24.0 -1.8502142513491473e-67
0.265625 1.9999999999999996 24.0 1.9999999999999996 24.0 -4.377446861968469e-67
0.296875 1.9999999999999996 24.0 1.9999999999999996 24.0 -1.0241461876918614e-66
0.328125 1.9999999999999996 24.0 1.9999999999999996 24.0 -2.372921497325267e-66
0.359375 1.9999999999999996 24.0 1.9999999999999996 24.0 -5.451008665905134e-66
0.390625 1.9999999999999996 24.0 1.9999999999999996 24.0 -1.2425942366207413e-65
0.421875 1.9999999999999996 24.0 1.9999999999999996 24.0 -2.8128757645194546e-65
0.453125 1.9999999999999996 24.0 1.9999999999999996 24.0 -6.326920398120275e-65
0.484375 1.9999999999999996 24.0 1.9999999999999996 24.0 -1.414693107295441e-64
0.515625 1.9999999999999996 24.0 1.9999999999999996 24.0 -3.145813634902412e-64
0.546875 1.9999999999999996 24.0 1.9999999999999996 24.0 -6.959052145299416e-64
0.578125 1.9999999999999996 24.0 1.9999999999999996 24.0 -1.5319234162033377e-63
0.609375 1.9999999999999996 24.0 1.9999999999999996 24.0 -3.356600044717967e-63
0.640625 1.9999999999999996 24.0 1.9999999999999996 24.0 -7.321984942534789e-63
0.671875 1.9999999999999996 24.0 1.9999999999999996 24.0 -1.5903905636321816e-62
0.703125 1.9999999999999996 24.0 1.9999999999999996 24.0 -3.4402769321153487e-62
0.734375 1.9999999999999996 24.0 1.9999999999999996 24.0 -7.4123871613528855e-62
0.765625 1.9999999999999996 24.0 1.9999999999999996 24.0 -1.590929990931295e-61
0.796875 1.9999999999999996 24.0 1.9999999999999996 24.0 -3.401882857024736e-61
0.828125 1.9999999999999996 24.0 1.9999999999999996 24.0 -7.247774453020917e-61
0.859375 1.9999999999999996 24.0 1.9999999999999996 24.0 -1.5386651948267813e-60
0.890625 1.9999999999999996 24.0 1.9999999999999996 24.0 -3.2551487659220895e-60
0.921875 1.9999999999999996 24.0 1.9999999999999996 24.0 -6.863006283915339e-60
0.953125 1.9999999999999996 24.0 1.9999999999999996 24.0 -1.442119640701555e-59
0.984375 1.9999999999999996 24.0 1.9999999999999996 24.0 -3.0203361416968546e-59
1.015625 1.9999999999999996 24.0 1.9999999999999996 24.0 -6.305182608170241e-59
1.046875 1.9999999999999996 24.0 1.9999999999999996 24.0 -1.3120415267055653e-58
1.078125 1.9999999999999996 24.0 1.9999999999999996 24.0 -2.7215866533612825e-58
1.109375 1.9999999999999996 24.0 1.9999999999999996 24.0 -5.6277758939184945e-58
1.140625 1.9999999999999996 24.0 1.9999999999999996 24.0 -1.1601261438237894e-57
1.171875 1.9999999999999996 24.0 1.9999999999999996 24.0 -2.3841835575636754e-57
1.203125 1.9999999999999996 24.0 1.9999999999999996 24.0 -4.884848740431868e-57
1.234375 1.9999999999999996 24.0 1.9999999999999996 24.0 -9.978129800561989e-57
1.265625 1.9999999999999996 24.0 1.9999999999999996 24.0 -2.0320867377757505e-56
1.296875 1.9999999999999996 24.0 1.9999999999999996 24.0 -4.126081146814488e-56
1.328125 1.9999999999999996 24.0 1.9999999999999996 24.0 -8.352991740634592e-56
1.359375 1.9999999999999996 24.0 1.9999999999999996 24.0 -1.686011193240446e-55
1.390625 1.9999999999999996 24.0 1.9999999999999996 24.0 -3.3931056550831865e-55
1.421875 1.9999999999999996 24.0 1.9999999999999996 24.0 -6.808576983337657e-55
1.453125 1.9999999999999996 24.0 1.9999999999999996 24.0 -1.3621972531801136e-54
1.484375 1.9999999999999996 24.0 1.9999999999999996 24.0 -2.71737836329482e-54
1.515625 1.9999999999999996 24.0 1.9999999999999996 24.0 -5.404899700758321e-54
1.546875 1.9999999999999996 24.0 1.9999999999999996 24.0 -1.07189611230049e-53
1.578125 1.9999999999999996 24.0 1.9999999999999996 24.0 -2.119554414886232e-53
1.609375 1.9999999999999996 24.0 1.9999999999999996 24.0 -4.178897469918695e-53
1.640625 1.9999999999999996 24.0 1.9999999999999996 24.0 -8.214889684997225e-53
1.671875 1.9999999999999996 24.0 1.9999999999999996 24.0 -1.6101315822779676e-52
1.703125 1.9999999999999996 24.0 1.9999999999999996 24.0 -3.1465632025112256e-52
1.734375 1.9999999999999996 24.0 1.9999999999999996 24.0 -6.1308674558564455e-52
1.765625 1.9999999999999996 24.0 1.9999999999999996 24.0 -1.1909998921582205e-51
1.796875 1.9999999999999996 24.0 1.9999999999999996 24.0 -2.3067406877601848e-51
1.828125 1.9999999999999996 24.0 1.9999999999999996 24.0 -4.454253611117328e-51
1.859375 1.9999999999999996 24.0 1.9999999999999996 24.0 -8.574936586047256e-51
1.890625 1.9999999999999996 24.0 1.9999999999999996 24.0 -1.645720846417934e-50
1.921875 1.9999999999999996 24.0 1.9999999999999996 24.0 -3.1487547339947423e-50
1.953125 1.9999999999999996 24.0 1.9999999999999996 24.0 -6.005727064687491e-50
1.984375 1.9999999999999996 24.0 1.9999999999999996 24.0 -1.1418828486624206e-49
2.015625 1.9999999999999996 24.0 1.9999999999999996 24.0 -2.164163558795051e-49
2.046875 1.9999999999999996 24.0 1.9999999999999996 24.0 -4.0883930329748965e-49
2.078125 1.9999999999999996 24.0 1.9999999999999996 24.0 -7.698188899911537e-49
2.109375 1.9999999999999996 24.0 1.9999999999999996 24.0 -1.4446905109718582e-48
2.140625 1.9999999999999996 24.0 1.9999999999999996 24.0 -2.702002356417873e-48
2.171875 1.9999999999999996 24.0 1.9999999999999996 24.0 -5.0360797287801475e-48
2.203125 1.9999999999999996 24.0 1.9999999999999996 24.0 -9.353267962350299e-48
2.234375 1.9999999999999996 24.0 1.9999999999999996 24.0 -1.7308607822853055e-47
2.265625 1.9999999999999996 24.0 1.9999999999999996 24.0 -3.1911596593010844e-47
2.296875 1.9999999999999996 24.0 1.9999999999999996 24.0 -5.8610728285051535e-47
2.328125 1.9999999999999996 24.0 1.9999999999999996 24.0 -1.0722511834554478e-46
2.359375 1.9999999999999996 24.0 1.9999999999999996 24.0 -1.9536579209753196e-46
2.390625 1.9999999999999996 24.0 1.9999999999999996 24.0 -3.544595714090166e-46
2.421875 1.9999999999999996 24.0 1.9999999999999996 24.0 -6.402876193520721e-46
2.453125 1.9999999999999996 24.0 1.9999999999999996 24.0 -1.1512940178789018e-45
2.484375 1.9999999999999996 24.0 1.9999999999999996 24.0 -2.060150041016556e-45
2.515625 1.9999999999999996 24.0 1.9999999999999996 24.0 -3.6677085226756304e-45
2.546875 1.9999999999999996 24.0 1.9999999999999996 24.0 -6.494345351696857e-45
2.578125 1.9999999999999996 24.0 1.9999999999999996 24.0 -1.1432892156771465e-44
2.609375 1.9999999999999996 24.0 1.9999999999999996 24.0 -2.0001391905388715e-44
2.640625 1.9999999999999996 24.0 1.9999999999999996 24.0 -3.4754386748737267e-44
2.671875 1.9999999999999996 24.0 1.9999999999999996 24.0 -5.993943055649722e-44
2.703125 1.9999999999999996 24.0 1.9999999999999996 24.0 -1.025195040406753e-43
2.734375 1.9999999999999996 24.0 1.9999999999999996 24.0 -1.7371316768754017e-43
2.765625 1.9999999999999996 24.0 1.9999999999999996 24.0 -2.91205779188509e-43
2.796875 1.9999999999999996 24.0 1.9999999999999996 24.0 -4.8208921257584945e-43
2.828125 1.9999999999999996 24.0 1.9999999999999996 24.0 -7.862381985663504e-43
2.859375 1.9999999999999996 24.0 1.9999999999999996 24.0 -1.258888113997978e-42
2.890625 1.9999999999999996 24.0 1.9999999999999996 24.0 -1.9689254483153933e-42
2.921875 1.9999999999999996 24.0 1.9999999999999996 24.0 -2.984371359915005e-42
2.953125 1.9999999999999996 24.0 1.9999999999999996 24.0 -4.325788212120148e-42
2.984375 1.9999999999999996 24.0 1.9999999999999996 24.0 -5.846063377957028e-42
3.015625 1.9999999999999996 24.0 1.9999999999999996 24.0 -6.949926403797957e-42
3.046875 1.9999999999999996 24.0 1.9999999999999996 24.0 -5.97690423008472e-42
3.078125 1.9999999999999996 24.0 1.9999999999999996 24.0 1.1041630246284527e-42
3.109375 1.9999999999999996 24.0 1.9999999999999996 24.0 2.3380523158598155e-41
3.140625 1.9999999999999996 24.0 1.9999999999999996 24.0 8.040211368904828e-41
3.171875 1.9999999999999996 24.0 1.9999999999999996 24.0 2.128823627925937e-40
3.203125 1.9999999999999996 24.0 1.9999999999999996 24.0 5.035814308975148e-40
3.234375 1.9999999999999996 24.0 1.9999999999999996 24.0 1.1175793032213454e-39
3.265625 1.9999999999999996 24.0 1.9999999999999996 24.0 2.379148315477548e-39
3.296875 1.9999999999999996 24.0 1.9999999999999996 24.0 4.9171664344323987e-39
3.328125 1.9999999999999996 24.0 1.9999999999999996 24.0 9.937973385277114e-39
3.359375 1.9999999999999996 24.0 1.9999999999999996 24.0 1.9733640409492698e-38
3.390625 1.9999999999999996 24.0 1.9999999999999996 24.0 3.862246412839405e-38
3.421875 1.9999999999999996 24.0 1.9999999999999996 24.0 7.467854512244359e-38
3.453125 1.9999999999999996 24.0 1.9999999999999996 24.0 1.4289429136809048e-37
3.484375 1.9999999999999996 24.0 1.9999999999999996 24.0 2.709319313161419e-37
3.515625 1.9999999999999996 24.0 1.9999999999999996 24.0 5.095304745953352e-37
3.546875 1.9999999999999996 24.0 1.9999999999999996 24.0 9.512456240138327e-37
3.578125 1.9999999999999996 24.0 1.9999999999999996 24.0 1.764039657518716e-36
3.609375 1.9999999999999996 24.0 1.9999999999999996 24.0 3.251223154159321e-36
3.640625 1.9999999999999996 24.0 1.9999999999999996 24.0 5.957967746992783e-36
3.671875 1.9999999999999996 24.0 1.9999999999999996 24.0 1.0859796109704051e-35
3.703125 1.9999999999999996 24.0 1.9999999999999996 24.0 1.969481613251063e-35
3.734375 1.9999999999999996 24.0 1.9999999999999996 24.0 3.554705609886775e-35
3.765625 1.9999999999999996 24.0 1.9999999999999996 24.0 6.386682306426079e-35
3.796875 1.9999999999999996 24.0 1.9999999999999996 24.0 1.142489249897584e-34
3.828125 1.9999999999999996 24.0 1.9999999999999996 24.0 2.0352048920353324e-34
3.859375 1.9999999999999996 24.0 1.9999999999999996 24.0 3.610838991254936e-34
3.890625 1.9999999999999996 24.0 1.9999999999999996 24.0 6.381297208125961e-34
3.921875 1.9999999999999996 24.0 1.9999999999999996 24.0 1.123468433039923e-33
3.953125 1.9999999999999996 24.0 1.9999999999999996 24.0 1.9706444301768363e-33
3.984375 1.9999999999999996 24.0 1.9999999999999996 24.0 3.444218049896123e-33
4.015625 1.9999999999999996 24.0 1.9999999999999996 24.0 5.998506676741735e-33
4.046875 1.9999999999999996 24.0 1.9999999999999996 24.0 1.04111138669265e-32
4.078125 1.9999999999999996 24.0 1.9999999999999996 24.0 1.8008638503315503e-32
4.109375 1.9999999999999996 24.0 1.9999999999999996 24.0 3.104698038737646e-32
4.140625 1.9999999999999996 24.0 1.9999999999999996 24.0 5.335009896503985e-32
4.171875 1.9999999999999996 24.0 1.9999999999999996 24.0 9.137948787512768e-32
4.203125 1.9999999999999996 24.0 1.9999999999999996 24.0 1.5601918693651058e-31
4.234375 1.9999999999999996 24.0 1.9999999999999996 24.0 2.65545774288298e-31
4.265625 1.9999999999999996 24.0 1.9999999999999996 24.0 4.505546363689017e-31
4.296875 1.9999999999999996 24.0 1.9999999999999996 24.0 7.621057735477044e-31
4.328125 1.9999999999999996 24.0 1.9999999999999996 24.0 1.2851516331372023e-30
4.359375 1.9999999999999996 24.0 1.9999999999999996 24.0 2.1606037380466126e-30
4.390625 1.9999999999999996 24.0 1.9999999999999996 24.0 3.621484103504994e-30
4.421875 1.9999999999999996 24.0 1.9999999999999996 24.0 6.0519690049571036e-30
4.453125 1.9999999999999996 24.0 1.9999999999999996 24.0 1.0083523940785047e-29
4.484375 1.9999999999999996 24.0 1.9999999999999996 24.0 1.6750947021985322e-29
4.515625 1.9999999999999996 24.0 1.9999999999999996 24.0 2.774487006777097e-29
4.546875 1.9999999999999996 24.0 1.9999999999999996 24.0 4.5819074330769235e-29
4.578125 1.9999999999999996 24.0 1.9999999999999996 24.0 7.544549486732463e-29
4.609375 1.9999999999999996 24.0 1.9999999999999996 24.0 1.238642375332453e-28
4.640625 1.9999999999999996 24.0 1.9999999999999996 24.0 2.027615344466844e-28
4.671875 1.9999999999999996 24.0 1.9999999999999996 24.0 3.3094267750190695e-28
4.703125 1.9999999999999996 24.0 1.9999999999999996 24.0 5.38576355657764e-28
4.734375 1.9999999999999996 24.0 1.9999999999999996 24.0 8.73912572067705e-28
4.765625 1.9999999999999996 24.0 1.9999999999999996 24.0 1.4138812796945444e-27
4.796875 1.9999999999999996 24.0 1.9999999999999996 24.0 2.2807587812770227e-27
4.828125 1.9999999999999996 24.0 1.9999999999999996 24.0 3.668289004728993e-27
4.859375 1.9999999999999996 24.0 1.9999999999999996 24.0 5.882486307471667e-27
4.890625 1.9999999999999996 24.0 1.9999999999999996 24.0 9.405155247393542e-27
4.921875 1.9999999999999996 24.0 1.9999999999999996 24.0 1.49924343140427e-26
4.953125 1.9999999999999996 24.0 1.9999999999999996 24.0 2.3827139994964814e-26
4.984375 1.9999999999999996 24.0 1.9999999999999996 24.0 3.775344399229274e-26
5.015625 1.9999999999999996 24.0 1.9999999999999996 24.0 5.963706537766583e-26
5.046875 1.9999999999999996 24.0 1.9999999999999996 24.0 9.391605402168255e-26
5.078125 1.9999999999999996 24.0 1.9999999999999996 24.0 1.474398097469421e-25
5.109375 1.9999999999999996 24.0 1.9999999999999996 24.0 2.3074218514254646e-25
5.140625 1.9999999999999996 24.0 1.9999999999999996 24.0 3.599654906553355e-25
5.171875 1.9999999999999996 24.0 1.9999999999999996 24.0 5.5975613110885925e-25
5.203125 1.9999999999999996 24.0 1.9999999999999996 24.0 8.676038409735593e-25
5.234375 1.9999999999999996 24.0 1.9999999999999996 24.0 1.3403152088627167e-24
5.265625 1.9999999999999996 24.0 1.9999999999999996 24.0 2.063626327147327e-24
5.296875 1.9999999999999996 24.0 1.9999999999999996 24.0 3.1664072085467803e-24
5.328125 1.9999999999999996 24.0 1.9999999999999996 24.0 4.8415436441065506e-24
5.359375 1.9999999999999996 24.0 1.9999999999999996 24.0 7.376468727502132e-24
5.390625 1.9999999999999996 24.0 1.9999999999999996 24.0 1.1197544736359961e-23
5.421875 1.9999999999999996 24.0 1.9999999999999996 24.0 1.6934177460038927e-23
5.453125 1.9999999999999996 24.0 1.999999999999999 23.999999999999993 2.5510813027808987e-23
5.484375 1.9999999999999996 24.0 1.9999999999999987 23.99999999999999 3.8277972523577195e-23
5.515625 1.9999999999999996 24.0 1.9999999999999987 23.999999999999993 5.719737357640802e-23
5.546875 1.9999999999999996 24.0 1.9999999999999982 23.999999999999986 8.510108664216983e-23
5.578125 1.9999999999999996 24.0 1.9999999999999956 23.999999999999964 1.2605058654817386e-22
5.609375 1.9999999999999996 24.0 1.9999999999999967 23.99999999999998 1.8582826090560647e-22
5.640625 1.999999999999999 23.999999999999993 1.9999999999999973 23.999999999999986 2.7260073698019643e-22
5.671875 1.9999999999999987 23.999999999999993 1.9999999999999996 24.000000000000007 3.977987490968176e-22
5.703125 1.9999999999999982 23.999999999999986 1.9999999999999971 23.999999999999982 5.77259160798956e-22
5.734375 1.9999999999999982 23.999999999999986 1.9999999999999962 23.99999999999996 8.326656155385357e-22
5.765625 1.9999999999999982 23.999999999999986 1.9999999999999982 23.999999999999993 1.193295339358929e-21
5.796875 1.9999999999999987 23.999999999999986 1.9999999999999933 23.999999999999922 1.698014209741317e-21
5.828125 1.9999999999999987 23.999999999999982 1.9999999999999947 23.999999999999993 2.397332648142728e-21
5.859375 1.9999999999999982 23.999999999999982 1.9999999999999856 23.99999999999983 3.3550959936201877e-21
5.890625 1.9999999999999973 23.99999999999997 2.000000000000003 24.00000000000009 4.648962114637106e-21
5.921875 1.999999999999996 23.999999999999964 1.9999999999999831 23.999999999999766 6.368100805829833e-21
5.953125 1.9999999999999956 23.99999999999996 2.0000000000000133 24.000000000000203 8.605353010410987e-21
5.984375 1.999999999999995 23.999999999999957 1.9999999999999765 23.999999999999723 1.143913179228943e-20
6.015625 1.999999999999995 23.999999999999957 1.9999999999999933 23.99999999999997 1.489719778190366e-20
6.046875 1.9999999999999947 23.999999999999957 2.0000000000000298 24.000000000000334 1.8889436847287846e-20
6.078125 1.9999999999999947 23.999999999999957 1.99999999999988 23.99999999999867 2.3088901174160298e-20
6.109375 1.9999999999999947 23.999999999999957 2.0000000000001794 24.000000000002267 2.672813031849725e-20
6.140625 1.9999999999999942 23.99999999999995 1.9999999999997884 23.999999999996717 2.8258874022225216e-20
6.171875 1.9999999999999933 23.99999999999995 2.000000000000071 24.000000000003308 2.4794409328619503e-20
6.203125 1.9999999999999922 23.999999999999943 2.0000000000001723 23.99999999999713 1.120966778113034e-20
6.234375 1.999999999999992 23.99999999999994 1.9999999999996738 24.000000000003304 -2.1292021952213176e-20
6.265625 1.9999999999999916 23.999999999999936 1.9999999999996403 23.99999999999003 -8.743644241968582e-20
6.296875 1.9999999999999902 23.99999999999993 2.0000000000027542 24.00000000002866 -2.1139984100659238e-19
6.328125 1.9999999999999902 23.99999999999993 1.9999999999928733 23.999999999939774 -4.3225443940309184e-19
6.359375 1.9999999999999902 23.99999999999993 2.000000000010833 24.00000000008255 -8.123242558628094e-19
6.390625 1.9999999999999893 23.999999999999922 1.9999999999935025 23.999999999962835 -1.449916056694189e-18
6.421875 1.999999999999989 23.99999999999992 1.9999999999823754 23.99999999983163 -2.498590031010466e-18
6.453125 1.9999999999999882 23.999999999999915 2.0000000000685865 24.00000000059366 -4.1961531058258706e-18
6.484375 1.999999999999988 23.999999999999915 1.999999999872168 23.999999998874856 -6.908033070364404e-18
6.515625 1.9999999999999882 23.999999999999915 2.0000000001223333 24.000000001229964 -1.1191819602844879e-17
6.546875 1.999999999999988 23.999999999999908 2.0000000000606892 24.000000000076724 -1.7892814642745072e-17
6.578125 1.999999999999988 23.999999999999908 1.9999999995622224 23.99999999692394 -2.828480622676629e-17
6.609375 1.999999999999988 23.999999999999904 2.0000000007292504 24.000000005874362 -4.427650759039602e-17
6.640625 1.9999999999999882 23.999999999999904 1.9999999996546216 23.999999995542048 -6.871293963104205e-17
6.671875 1.9999999999999876 23.9999999999999 1.999999999038605 23.99999999474572 -1.0581352319837788e-16
6.703125 1.9999999999999882 23.9999999999999 2.0000000020328765 24.000000015630896 -1.6180622920595578e-16
6.734375 1.9999999999999882 23.9999999999999 1.999999999147898 23.999999989444795 -2.4584179170539287e-16
6.765625 1.9999999999999876 23.999999999999897 1.9999999976413267 23.99999998560734 -3.7130643844254734e-16
6.796875 1.9999999999999876 23.999999999999897 2.000000003602287 24.00000003008102 -5.576995431938721e-16
6.828125 1.9999999999999882 23.999999999999897 2.0000000001928955 23.99999999456147 -8.333090963179003e-16
6.859375 1.999999999999988 23.999999999999897 1.999999994988464 23.999999964402765 -1.2390097532254693e-15
6.890625 1.999999999999988 23.999999999999897 2.0000000032836716 24.00000003133054 -1.833634667520214e-15
6.921875 1.999999999999988 23.999999999999897 2.000000003841496 24.000000024927168 -2.7015457262591083e-15
6.953125 1.999999999999988 23.999999999999893 1.999999993832803 23.99999994811582 -3.963263749308563e-15
6.984375 1.999999999999988 23.999999999999893 1.999999999520126 24.00000000534692 -5.790342783568785e-15
7.015625 1.999999999999988 23.999999999999886 2.0000000074046573 24.000000054192412 -8.426110147273168e-15
7.046875 1.999999999999988 23.999999999999883 1.9999999965608657 23.999999966047756 -1.2214485147172358e-14
7.078125 1.999999999999989 23.99999999999988 1.9999999930489076 23.99999995079671 -1.7639885483553146e-14
7.109375 1.9999999999999893 23.999999999999876 2.000000006442108 24.000000056506988 -2.53822982660602e-14
7.140625 1.9999999999999907 23.999999999999872 2.0000000045748285 24.000000029785415 -3.63930197719041e-14
7.171875 1.9999999999999922 23.999999999999865 1.999999991700887 23.999999929463534 -5.1998468342356297e-14
7.203125 1.9999999999999956 23.999999999999865 1.9999999997705094 24.000000008553958 -7.404199539793786e-14
7.234375 1.9999999999999996 23.999999999999858 2.0000000085126914 24.000000064684016 -1.050769502468153e-13
7.265625 2.0000000000000067 23.999999999999858 1.999999995963202 23.999999960394987 -1.4862863863463673e-13
7.296875 2.000000000000015 23.99999999999985 1.9999999923085312 23.999999944514848 -2.0954856369736308e-13
7.328125 2.0000000000000293 23.99999999999985 2.0000000075054056 24.000000064369754 -2.9449184610589434e-13
7.359375 2.000000000000047 23.999999999999844 2.0000000061107297 24.00000004514895 -4.1255848706260836e-13
7.390625 2.000000000000073 23.999999999999844 1.9999999903915322 23.999999913300137 -5.761517913992377e-13
7.421875 2.000000000000108 23.99999999999984 1.9999999973616194 23.99999999141185 -8.021235938183894e-13
7.453125 2.0000000000001554 23.999999999999833 2.000000009638866 24.000000077151242 -1.113296906264696e-12
7.484375 2.000000000000222 23.99999999999983 1.9999999980310355 23.999999977812397 -1.5404834363647938e-12
7.515625 2.0001000000003137 23.999999999999822 1.9999999918018374 23.999999937440894 -2.1251475998174054e-12
7.546875 2.0001000000004385 23.999999999999815 2.000000006212957 24.000000052239546 -2.922911974610753e-12
7.578125 2.000100000000609 23.999999999999808 2.0000000068164185 24.00000004876022 -4.008153816462366e-12
7.609375 2.0001000000008395 23.9999999999998 1.9999999905894181 23.999999920224674 -5.480010911465506e-12
7.640625 2.000100000001152 23.99999999999979 1.9999999940292685 23.999999959586653 -7.470200829441743e-12
7.671875 2.000100000001576 23.99999999999979 2.0000000105131566 24.000000094643013 -1.0153164275917284e-11
7.703125 2.0001000000021434 23.999999999999787 2.0000000029755958 24.0000000091558 -1.3759175065993107e-11
7.734375 2.000100000002906 23.999999999999787 1.9999999907187465 23.999999926436228 -1.8591221278310382e-11
7.765625 2.000100000003925 23.999999999999787 2.000000002908281 24.00000003225937 -2.5046660111161175e-11
7.796875 2.0001000000052813 23.99999999999978 2.0000000072352857 24.000000053796803 -3.364488926874075e-11
7.828125 2.0001000000070817 23.99999999999978 1.999999992092555 23.999999932496692 -4.506256740414861e-11
7.859375 2.000100000009466 23.999999999999773 1.999999993491358 23.99999995241278 -6.017826279695694e-11
7.890625 2.0001000000126137 23.99999999999977 2.000000010596117 24.000000086878188 -8.012882088826562e-11
7.921875 2.000100000016755 23.999999999999766 2.000000005663319 24.000000037050718 -1.0638022529341046e-10
7.953125 2.000100000022188 23.999999999999766 1.9999999890198783 23.999999903430318 -1.4081629059050188e-10
7.984375 2.0001000000292923 23.99999999999976 1.9999999982754413 24.000000000082544 -1.8584917425466984e-10
8.015625 2.000100000038555 23.99999999999976 2.000000009255614 24.000000074757708 -2.445564327745659e-10
8.046875 2.0001000000505926 23.99999999999975 1.9999999961640458 23.99999995812599 -3.2085017244722926e-10
8.078125 2.0001000000661873 23.99999999999976 1.9999999939592457 23.99999995623002 -4.196847518033573e-10
8.109375 2.000100000086323 23.99999999999975 2.000000009128741 24.000000074490785 -5.473104646628257e-10
8.140625 2.000100000112242 23.99999999999975 2.000000003442123 24.00000002102894 -7.115816430660233e-10
8.171875 2.0001000001454927 23.999999999999748 1.999999986661416 23.99999989183319 -9.22328624068492e-10
8.203125 2.000100000188009 23.999999999999737 1.9999999961341248 23.999999977878375 -1.191803958165589e-09
8.234375 2.0001000002421923 23.999999999999737 2.000000014048072 24.000000116198287 -1.5352140059132596e-09
8.265625 2.0001000003110057 23.999999999999737 2.0000000025320506 24.00000000036085 -1.971347542156692e-09
8.296875 2.000100000398094 23.999999999999734 1.999999992897155 23.99999993980301 -2.523312985973188e-09
8.328125 2.000100000507922 23.999999999999734 2.0000000062309944 24.000000058175363 -3.219395161131922e-09
8.359375 2.0001000006459217 23.99999999999973 2.0000000035383643 24.00000001606328 -4.094040754180995e-09
8.390625 2.0001000008186804 23.999999999999726 1.999999988562276 23.99999990361893 -5.1889784705830064e-09
8.421875 2.0001000010341277 23.999999999999723 1.9999999995166158 23.999999995147192 -6.554474776039984e-09
8.453125 2.0001000013017602 23.999999999999723 2.0000000183462983 24.000000137797276 -8.250718395545009e-09
8.484375 2.0001000016328754 23.999999999999716 2.0000000055393867 24.00000001057648 -1.0349315607112637e-08
8.515625 2.000100002040822 23.999999999999716 1.9999999870799603 23.99999987840154 -1.2934862794373492e-08
8.546875 2.0001000025412474 23.99999999999971 1.9999999996382645 23.99999999724139 -1.610654146399652e-08
8.578125 2.0001000031523453 23.999999999999705 2.0000000057257012 24.00000001478251 -1.9979652470463198e-08
8.609375 2.000100003895064 23.999999999999705 1.9999999955074865 23.999999927480577 -2.4686968687730042e-08
8.640625 2.0001000047932664 23.999999999999705 2.0000000067513346 24.000000022991838 -3.037973662956737e-08
8.671875 2.0001000058737977 23.999999999999705 2.0000000218426663 24.000000124293976 -3.722809494294276e-08
8.703125 2.0001000071664072 23.9999999999997 2.0000000065751697 23.99999998858449 -4.542059821685135e-08
8.734375 2.000100008703471 23.9999999999997 1.999999990898806 23.999999867133546 -5.5162434587404565e-08
8.765625 2.000100010519414 23.999999999999694 2.0000000110443046 24.000000031397427 -6.667180104523568e-08
8.796875 2.0001000126497455 23.999999999999694 2.000000024666019 24.000000088387825 -8.017374642759501e-08
8.828125 2.000100015129546 23.999999999999694 2.0000000138407357 23.99999997221338 -9.589060343071351e-08
8.859375 2.0001000179912416 23.999999999999694 2.0000000206942765 24.000000027096718 -1.1402790157076528e-07
8.890625 2.000100021261455 23.99999999999968 2.0000000302390553 24.000000063621926 -1.3475437614470108e-07
8.921875 2.0001000249566503 23.999999999999673 2.0000000165009113 23.999999926663445 -1.581743565263702e-07
8.953125 2.000100029077234 23.999999999999673 2.00000001270959 23.999999878648094 -1.842904225897277e-07
8.984375 2.000100033599724 23.999999999999673 2.0000000402016695 24.000000058444847 -2.129537521443204e-07
9.015625 2.0001000384664818 23.99999999999967 2.0000000553965407 24.000000124645176 -2.4379903603245343e-07
9.046875 2.0001000435724143 23.999999999999666 2.000000039276838 23.99999994173833 -2.7616020174017365e-07
9.078125 2.000100048747942 23.999999999999666 2.0000000412203076 23.999999957742006 -3.089624517400078e-07
9.109375 2.00010005373738 23.999999999999662 2.000000057363274 24.000000031396702 -3.405852802832484e-07
9.140625 2.00010005817176 23.99999999999966 2.000000050535137 23.999999936712612 -3.686901735755997e-07
9.171875 2.0001000615349027 23.99999999999966 2.00000005243679 23.999999939562855 -3.900056158431509e-07
9.203125 2.000100063121408 23.99999999999966 2.0000000817163075 24.00000014179792 -4.00060811963365e-07
9.234375 2.00010006198498 23.999999999999652 2.0000000896159364 24.000000205497823 -3.92858192564735e-07
9.265625 2.000100056875302 23.999999999999652 2.000000051387091 23.999999910864794 -3.6047328921586107e-07
9.296875 2.00010004616138 23.999999999999652 2.000000023476656 23.999999839092567 -2.9256895874623466e-07
9.328125 2.0001000277390673 23.99999999999965 2.0000000181902866 23.999999939643082 -1.75809204796358e-07
9.359375 2.0000999989201103 23.99999999999965 1.9999999884099404 23.999999916994007 6.84399496390746e-09
9.390625 2.0000999562998274 23.999999999999645 1.9999999491315312 23.99999995121645 2.769693754259723e-07
9.421875 2.0000998956001608 23.999999999999645 1.9999999093156122 24.000000110568536 6.6168109169794e-07
9.453125 2.0000998114845636 23.999999999999638 1.9999998288310483 24.000000128244164 1.1948019652308614e-06
9.484375 2.000099697340857 23.99999999999963 1.9999996872539838 23.999999920066944 1.91823977061019e-06
9.515625 1.9999995450278822 23.99999999999963 1.9999995208649595 23.999999817627472 2.8835929655655025e-06
9.546875 1.9999993445815059 23.99999999999963 1.9999993492760049 24.000000064028814 4.154014011294916e-06
9.578125 1.9999990838753225 23.999999999999623 1.9999991090421136 24.000000201706474 5.806359934410772e-06
9.609375 1.999998748231174 23.999999999999616 1.999998755618945 24.00000002872029 7.933660947464523e-06
9.640625 1.9999983199745135 23.99999999999961 1.9999983219611273 24.000000024545276 1.0647938659910819e-05
9.671875 1.9999977779296345 23.999999999999602 1.9999977837089584 24.00000004163609 1.4083405549510238e-05
9.703125 1.9999970968498493 23.9999999999996 1.9999970817291854 23.999999880815032 1.8400076786345152e-05
9.734375 1.9999962467779597 23.999999999999595 1.9999962110996952 23.999999727931968 2.3787824056655596e-05
9.765625 1.9999951923327366 23.999999999999595 1.999995181319893 23.999999933571175 3.047089856032277e-05
9.796875 1.9999938919177103 23.999999999999588 1.9999939282698393 24.000000323100895 3.871294668531413e-05
9.828125 1.9999922968493893 23.999999999999595 1.9999923307350196 24.000000239285736 4.882253682205016e-05
9.859375 1.999990350403042 23.999999999999588 1.9999903607882688 24.000000068000734 6.115920919813026e-05
9.890625 1.9999879867755268 23.999999999999563 1.9999879885023022 24.00000001342122 7.614005232250465e-05
9.921875 1.9999851299662406 23.999999999999556 1.9999851146649839 23.999999879921344 9.424679947325484e-05
9.953125 1.9999816925791898 23.999999999999574 1.9999816533588968 23.999999698356852 0.00011603342650898227
9.984375 1.999977574551466 23.999999999999588 1.9999775334914536 23.99999968972499 0.00014213421802187232
10.015625 1.9999726618160287 23.999999999999588 1.9999726512967282 23.999999918856346 0.00017327225240822825
10.046875 1.999966824909638 23.999999999999588 1.9999668583023542 24.000000254414033 0.00021026823778249598
10.078125 1.999959917540103 23.999999999999584 1.9999599691582919 24.00000040711668 0.00025404960983168684
10.109375 1.9999517751306657 23.999999999999567 1.999951806733776 24.000000270441706 0.0003056597797921633
10.140625 1.999942213363301 23.999999999999574 1.999942208615885 23.999999988538264 0.0003662673958988225
10.171875 1.999931026746916 23.999999999999584 1.9999309967877037 23.999999779598184 0.00043717545516134556
10.203125 1.999917987240858 23.99999999999957 1.9999179628009447 23.99999981596561 0.0005198300745101878
10.234375 1.9999028429687589 23.999999999999545 1.9999028527861804 24.000000070448216 0.0006158287016735327
10.265625 1.999885317062293 23.999999999999506 1.999885363250341 24.00000034516429 0.0007269275171483163
10.296875 1.999865106679055 23.999999999999496 1.9998651520966473 24.000000342848598 0.0008550477499748933
10.328125 1.9998418822430897 23.999999999999527 1.9998418790158563 23.999999910517467 0.0010022806024855794
10.359375 1.99981528696072 23.999999999999567 1.9998152445845885 23.999999655607144 0.0011708904536466504
10.390625 1.9997849366678653 23.9999999999996 1.999784896597867 23.999999696877257 0.00136331598802327
10.421875 1.9997504200679437 23.999999999999606 1.999750391419184 23.999999782862343 0.0015821688788247121
10.453125 1.999711299421561 23.99999999999957 1.999711295943841 23.999999972803344 0.001830229640059798
10.484375 1.9996671117502256 23.999999999999524 1.9996671475676684 24.00000027314528 0.0021104402557239545
10.515625 1.999617370616089 23.99999999999948 1.9996174308137813 24.000000449760435 0.0024258931943456344
10.546875 1.999561568538161 23.999999999999453 1.9995616137297683 24.000000344454634 0.002779816426326757
10.578125 1.999499180102148 23.999999999999464 1.9994991700485176 23.999999902976594 0.0031755540804596885
10.609375 1.999429665816054 23.999999999999474 1.9994296017040534 23.999999436303376 0.003616542405846326
10.640625 1.999352476756699 23.999999999999492 1.9993524155131892 23.999999526610175 0.004106280747108303
10.671875 1.999267060043266 23.999999999999503 1.9992670322771136 23.9999997888723 0.004648297295010989
10.703125 1.9991728651627851 23.999999999999503 1.9991728759155465 24.00000008345564 0.005246109441955015
10.734375 1.9990693511591278 23.99999999999951 1.9990693961032169 24.0000003403361 0.00590317865247471
10.765625 1.9989559946815172 23.999999999999517 1.9989560378147302 24.0000003270242 0.006622859852864577
10.796875 1.9988322988710316 23.999999999999524 1.99883229762465 23.999999932642552 0.007408345450915949
10.828125 1.9986978030440377 23.9999999999995 1.998697776501683 23.999999801397074 0.008262604215674192
10.859375 1.9985520931103646 23.99999999999946 1.9985520744276823 23.999999868293145 0.009188315376884767
10.890625 1.9983948126414783 23.99999999999946 1.998394790386942 23.999999830144397 0.01018779844269984
10.921875 1.9982256744804945 23.999999999999485 1.9982256522513342 23.99999983408556 0.01126293938012599
10.953125 1.9980444727618836 23.9999999999995 1.998044474470858 24.000000017124858 0.012415113953013106
10.984375 1.9978510951848616 23.99999999999947 1.9978511214367285 24.000000205292306 0.013645109164084353
11.015625 1.9976455353612048 23.9999999999994 1.997645548985664 24.00000010117179 0.014953043897151557
11.046875 1.9974279050364072 23.999999999999385 1.9974278710107258 23.999999740039538 0.016338289999458067
11.078125 1.9971984459631993 23.999999999999456 1.9971983778830034 23.999999488654332 0.017799395177961152
11.109375 1.9969575411894551 23.999999999999524 1.9969575528650783 24.00000009640874 0.019334009203016627
11.140625 1.996705725508871 23.99999999999951 1.9967061612608443 24.000003316002093 0.020938815013958157
11.171875 1.9964436948133064 23.999999999999446 1.9964455710619395 24.000014258799528 0.022609466399069394
11.203125 1.9961723140810506 23.9999999999994 1.996179065936688 24.000051375020135 0.02434053397314911
11.234375 1.995892623735946 23.9999999999994 1.9959162320470551 24.000179108210475 0.026125461195244212
11.265625 1.995605844118803 23.999999999999428 1.9956653575535706 24.00045205580895 0.027956532153544326
11.296875 1.9953133778250662 23.999999999999424 1.9954221667938947 24.000828280369067 0.02982485279080091
11.328125 1.9950168096816268 23.99999999999942 1.9951688881803165 24.001157481124565 0.031720347149536324
11.359375 1.9947179041607885 23.999999999999446 1.9948928425459507 24.001327980705973 0.033631770080131254
11.390625 1.9944186000608575 23.99999999999946 1.9946001440698446 24.001383048366932 0.03554673767593849
11.421875 1.9941210023199654 23.999999999999446 1.9943045747340458 24.001403063816035 0.037451776478212004
11.453125 1.993827370872257 23.99999999999944 1.9940114763531178 24.001406817319157 0.039332392231319985
11.484375 1.9935401065027647 23.999999999999464 1.9937240962983303 24.00140189321172 0.041173158668053204
11.515625 1.9932617337083562 23.999999999999474 1.993445480574185 24.001396328469347 0.04295782646966331
11.546875 1.992994880626118 23.99999999999946 1.993178562907954 24.001395116089796 0.04466945218057142
11.578125 1.9927422561462889 23.999999999999446 1.992926140785028 24.001399349856356 0.04629054646961692
11.609375 1.9925066243834748 23.99999999999943 1.9926908693413687 24.00140665762822 0.04780324072547297
11.640625 1.9922907767359563 23.99999999999941 1.9924752431876644 24.00141145144522 0.04918947056157731
11.671875 1.992097501817466 23.99999999999939 1.9922818662773936 24.001410397605046 0.05043117439454236
11.703125 1.9919295535975223 23.9999999999994 1.992113530380148 24.00140424888512 0.051510504859034176
11.734375 1.9917896181343224 23.999999999999396 1.9919731846357533 24.001397721155648 0.052410050441439045
11.765625 1.9916802793271755 23.999999999999368 1.9918637081936832 24.0013958558893 0.05311306436428788
11.796875 1.991603984152531 23.999999999999343 1.9917876163417074 24.001399661436096 0.05360369744326279
11.828125 1.9915630078781321 23.999999999999346 1.9917470397073125 24.001406501803295 0.05386723137812902
11.859375 1.991559419772876 23.999999999999375 1.991743724078642 24.001410913125827 0.05389030873688286
11.890625 1.9915950498449706 23.99999999999939 1.9917793131318424 24.001409949927066 0.05366115575656725
11.921875 1.9916714571476433 23.999999999999375 1.9918553988821015 24.001404332301775 0.05316979402112389
11.953125 1.9917899001894637 23.99999999999934 1.9919734938453482 24.001398346013456 0.05240823709138409
11.984375 1.9919513099752422 23.99999999999931 1.9921348148223426 24.001396566496446 0.05137066825821273
12.015625 1.9921562661832533 23.999999999999332 1.992340008663961 24.00139993860865 0.05005359576840977
12.046875 1.9924049769553067 23.999999999999364 1.992589143509476 24.001406080008106 0.048455982133748285
12.078125 1.9926972627380244 23.999999999999353 1.992881734481312 24.001410062604165 0.046579344473933665
12.109375 1.9930325445668755 23.999999999999368 1.9932170331956798 24.00140925390843 0.04442782325967287
12.140625 1.9934098371293094 23.999999999999385 1.9935940922161959 24.001404333595545 0.04200821730578457
12.171875 1.9938277468804664 23.999999999999403 1.9940117539113942 24.0013991146338 0.03932998340777328
12.203125 1.9942844754146507 23.999999999999428 1.994468470752443 24.001397589203414 0.03640519960818808
12.234375 1.9947778282190973 23.99999999999944 1.9949620975145368 24.001400526131505 0.033248491709506556
12.265625 1.9953052288542983 23.9999999999994 1.9954899241963078 24.001405800033144 0.02987692330508533
12.296875 1.9958637385183833 23.999999999999368 1.9960487450832511 24.001409153672867 0.026309850264809496
12.328125 1.9964500808630294 23.999999999999325 1.9966351462858807 24.001408386270473 0.022568741272777516
12.359375 1.9970606718366004 23.9999999999993 1.9972455864146945 24.00140415752227 0.018676966655785724
12.390625 1.9976916542381886 23.999999999999282 1.9978764162771112 24.00139978315819 0.014659558348819613
12.421875 1.998338936575902 23.999999999999257 1.998523752322203 24.001398638166876 0.01054294440308875
12.453125 1.99899823573599 23.999999999999297 1.9991833437434672 24.001401307352232 0.006354661940193942
12.484375 1.99966512288816 23.999999999999346 1.9998506392300646 24.001405898947144 0.002123052880951984
12.515625 2.0003350719792268 23.99999999999934 2.000520883919925 24.001408733483885 -0.002123052880951984
12.546875 2.0010035101037067 23.999999999999346 2.00118939208968 24.001407937341963 -0.006354661940193942
12.578125 2.001665868988437 23.999999999999318 2.0018516367244277 24.001404113900694 -0.01054294440308875
12.609375 2.002317636790849 23.999999999999304 2.0025032862291496 24.00140016039573 -0.014659558348819613
12.640625 2.0029544093882623 23.999999999999332 2.003140115310889 24.001399050116806 -0.018676966655785724
12.671875 2.0035719403304775 23.999999999999353 2.0037579066378624 24.001401335207138 -0.022568741272777516
12.703125 2.0041661886404576 23.999999999999318 2.0043525159341664 24.00140540837805 -0.026309850264809496
12.734375 2.0047333636785547 23.999999999999254 2.004919953901643 24.001408041970663 -0.02987692330508533
12.765625 2.005269966334564 23.99999999999926 2.005456617790096 24.001407502233715 -0.033248491709506556
12.796875 2.005772825877947 23.999999999999282 2.0059593684080115 24.001404240511732 -0.03640519960818808
12.828125 2.006239131878764 23.999999999999254 2.006425550359144 24.00140073583992 -0.03932998340777328
12.859375 2.0066664607080895 23.999999999999233 2.0068528968427803 24.00139961609028 -0.04200821730578457
12.890625 2.007052796234726 23.999999999999254 2.007239414340471 24.001401384082307 -0.04442782325967287
12.921875 2.0073965444520256 23.999999999999254 2.0075834296180983 24.00140479002847 -0.046579344473933665
12.953125 2.007696541891378 23.99999999999923 2.0078836244577323 24.00140714616679 -0.048455982133748285
12.984375 2.007952057803844 23.99999999999921 2.008139189450539 24.001407017392342 -0.05005359576840977
13.015625 2.008162790215299 23.999999999999243 2.0083498279189116 24.0014046309507 -0.05137066825821273
13.046875 2.00832885607974 23.999999999999282 2.0085156775853865 24.001401082804172 -0.05240823709138409
13.078125 2.008450775866738 23.999999999999247 2.008637347549813 24.001398446974676 -0.05316979402112389
13.109375 2.0085294530196105 23.999999999999204 2.0087157971781973 24.001397610728173 -0.05366115575656725
13.140625 2.0085661488081343 23.999999999999215 2.0087521797617747 24.001396794308004 -0.05389030873688286
13.171875 2.0085624531716793 23.999999999999265 2.0087473541699494 24.001389240543133 -0.05386723137812902
13.203125 2.0085202522039616 23.9999999999993 2.0087011271134845 24.001358949260073 -0.05360369744326279
13.234375 2.008441692968364 23.999999999999254 2.008608161302052 24.001250004414537 -0.05311306436428788
13.265625 2.008329146352957 23.999999999999204 2.008460600090756 24.000984377981496 -0.052410050441439045
13.296875 2.008185168677084 23.99999999999919 2.0082671355806854 24.0006163238414 -0.051510504859034176
13.328125 2.0080124627478964 23.999999999999186 2.0080470177181597 24.000247059707316 -0.05043117439454236
13.359375 2.007813839036519 23.999999999999183 2.0078227679679292 24.00006708414359 -0.04918947056157731
13.390625 2.0075921776016443 23.99999999999922 2.0075956084935234 24.00003240418351 -0.04780324072547297
13.421875 2.007350391335105 23.999999999999265 2.0073518224930984 24.000014945036686 -0.04629054646961692
13.453125 2.0070913910418033 23.999999999999265 2.0070916785679214 24.00000066750435 -0.04466945218057142
13.484375 2.0068180527972337 23.999999999999226 2.006817429672336 23.99998842677592 -0.04295782646966331
13.515625 2.0065331879522623 23.999999999999233 2.0065321536988563 23.999984699424974 -0.041173158668053204
13.546875 2.0062395160789253 23.999999999999243 2.006238779938833 23.99999132003979 -0.039332392231319985
13.578125 2.0059396410749466 23.99999999999921 2.005939577042616 24.000002289418987 -0.037451776478212004
13.609375 2.0056360305700376 23.99999999999916 2.0056364305709606 24.000008587988468 -0.03554673767593849
13.640625 2.005330998705812 23.999999999999197 2.0053313476105687 24.000006474154862 -0.033631770080131254
13.671875 2.0050266922944235 23.999999999999257 2.005026492232672 23.99999733574502 -0.031720347149536324
13.703125 2.00472508030019 23.999999999999268 2.0047242557054146 23.999988168951063 -0.02982485279080091
13.734375 2.0044279465339434 23.999999999999197 2.004426926021859 23.99998597734429 -0.027956532153544326
13.765625 2.0041368854026347 23.99999999999909 2.004136239798389 23.99999211703025 -0.026125461195244212
13.796875 2.0038533005169574 23.999999999999062 2.0038533548854525 24.000002397567798 -0.02434053397314911
13.828125 2.0035784059275388 23.99999999999917 2.0035789276328497 24.000008703640248 -0.022609466399069394
13.859375 2.0033132297356175 23.999999999999226 2.0033136822834745 24.000007079372068 -0.020938815013958157
13.890625 2.0030586198067737 23.999999999999186 2.0030585408059496 23.99999893570426 -0.019334009203016627
13.921875 2.002815251305658 23.9999999999991 2.00281462649904 23.999990861466912 -0.017799395177961152
13.953125 2.002583635765659 23.999999999999076 2.0025828986910783 23.99998914509495 -0.016338289999458067
13.984375 2.0023641314091516 23.999999999999094 2.0023637934986915 23.99999477716383 -0.014953043897151557
14.015625 2.0021569544409092 23.999999999999105 2.0021572623157464 24.000003952731717 -0.013645109164084353
14.046875 2.0019621910485186 23.999999999999144 2.0019629020365595 24.0000096534621 -0.012415113953013106
14.078125 2.0017798098588795 23.999999999999158 2.0017804464820665 24.000008461537103 -0.01126293938012599
14.109375 2.0016096746180665 23.99999999999909 2.0016098555189084 24.000001640828778 -0.01018779844269984
14.140625 2.001451556882483 23.999999999999076 2.0014512893000624 23.99999471231851 -0.009188315376884767
14.171875 2.0013051485314635 23.999999999999094 2.0013048042150796 23.999993111130703 -0.008262604215674192
14.203125 2.0011700739350933 23.99999999999914 2.0011700714246814 23.999997739556598 -0.007408345450915949
14.234375 2.0010459016347566 23.99999999999914 2.0010464316435486 24.00000551102284 -0.006622859852864577
14.265625 2.000932155417961 23.999999999999126 2.0009330118696784 24.000010549235814 -0.00590317865247471
14.296875 2.0008283246923275 23.999999999999112 2.0008291132721014 24.000009776066545 -0.005246109441955015
14.328125 2.0007338740862206 23.999999999999098 2.000734283138814 24.000004112061788 -0.004648297295010989
14.359375 2.0006482522247504 23.999999999999083 2.000648277085876 23.999997977904478 -0.004106280747108303
14.390625 2.0005708996496114 23.999999999999062 2.0005708304750867 23.999996073852206 -0.003616542405846326
14.421875 2.000501255869313 23.999999999999034 2.0005014229903875 23.999999353465682 -0.0031755540804596885
14.453125 2.0004387655423828 23.999999999999037 2.0004393270513163 24.000005486993828 -0.002779816426326757
14.484375 2.000382883810337 23.999999999999055 2.0003836908965456 24.00000969708188 -0.0024258931943456344
14.515625 2.0003330808092517 23.99999999999907 2.0003338312061354 24.00000925169695 -0.0021104402557239545
14.546875 2.000288845398872 23.999999999999105 2.0002892942018313 24.000004729195787 -0.001830229640059798
14.578125 2.0002496881562175 23.999999999999115 2.0002498164790974 23.999999540304383 -0.0015821688788247121
14.609375 2.00021514368686 23.999999999999115 2.0002151631981073 23.999997603023072 -0.00136331598802327
14.640625 2.0001847723114263 23.999999999999147 2.0001849343546807 23.999999859351274 -0.0011708904536466504
14.671875 2.000158161187567 23.999999999999126 2.0001585983840937 24.00000460373049 -0.0010022806024855794
14.703125 2.0001349249290046 23.99999999999906 2.000135538900762 24.000007995137725 -0.0008550477499748933
14.734375 2.0001147057830932 23.999999999999016 2.000115266772335 24.000007606240548 -0.0007269275171483163
14.765625 2.0000971734271373 23.999999999999012 2.000097479960206 24.000003717951103 -0.0006158287016735327
14.796875 2.000082024441668 23.999999999999044 2.000082037155403 23.99999898856334 -0.0005198300745101878
14.828125 2.0000689815158195 23.999999999999112 2.000068858907779 23.999996895282194 -0.00043717545516134556
14.859375 2.0000577924364102 23.99999999999917 2.000057752139858 23.999998559259918 -0.0003662673958988225
14.890625 2.0000482289084145 23.999999999999176 2.000048418035839 24.000002811697804 -0.0003056597797921633
14.921875 2.0000400852501032 23.99999999999914 2.0000404620839873 24.000006358050264 -0.00025404960983168684
14.953125 2.0000331770016975 23.999999999999126 2.000033550733508 24.000006589495886 -0.00021026823778249598
14.984375 2.0000273394818504 23.999999999999137 2.000027507132817 24.000003319103335 -0.00017327225240822825
15.015625 2.0000224263218147 23.99999999999915 2.0000222971741426 23.99999853835505 -0.00014213421802187232
15.046875 2.0000183080027685 23.999999999999176 2.0000179865539254 23.999995609126827 -0.00011603342650898227
15.078125 2.000014870417653 23.999999999999183 2.000014561291695 23.99999615519283 -9.424679947325484e-05
15.109375 2.000012013474983 23.99999999999917 2.000011897360259 23.999999657758977 -7.614005232250465e-05
15.140625 2.000009649758539 23.999999999999115 2.0000097609144802 24.00000354723668 -6.115920919813026e-05
15.171875 2.0000077032535266 23.999999999999048 2.00000790545751 24.000005008185585 -4.882253682205016e-05
15.203125 2.0000061081469394 23.999999999998977 2.000006210517792 24.000003257275214 -3.871294668531413e-05
15.234375 2.000004807707262 23.999999999998984 2.0000046741075215 23.99999934630339 -3.047089856032277e-05
15.265625 2.000003753246367 23.99999999999904 2.0000034101560313 23.99999601762956 -2.3787824056655596e-05
15.296875 2.0000029031646553 23.999999999999083 2.0000025144344113 23.999995426614316 -1.8400076786345152e-05
15.328125 2.000002222078809 23.999999999999083 2.000001980304974 23.999997910082634 -1.4083405549510238e-05
15.359375 2.0000016800302545 23.999999999999062 2.0000017060025543 24.00000219666201 -1.0647938659910819e-05
15.390625 2.0000012517714083 23.999999999999005 2.0000015059740974 24.000005694284294 -7.933660947464523e-06
15.421875 2.000000916125992 23.999999999998977 2.0000012433778127 24.000006630403103 -5.806359934410772e-06
15.453125 2.0000006554190985 23.99999999999897 2.000000916570648 24.00000541200907 -4.154014011294916e-06
15.484375 2.0000004549723376 23.999999999998995 2.000000598757558 24.00000349493427 -2.8835929655655025e-06
15.515625 2.0000003026591666 23.999999999999034 2.0000003009562013 24.00000116368282 -1.91823977061019e-06
15.546875 2.0000001885153615 23.999999999999 1.9999999529713754 23.999997309438974 -1.1948019652308614e-06
15.578125 2.0000001043997164 23.99999999999894 1.999999218926518 23.9999863924404 -6.6168109169794e-07
15.609375 2.0000000437000343 23.999999999998934 1.9999970026055536 23.99995071960983 -2.769693754259723e-07
15.640625 2.0000000010797567 23.999999999999 1.9999911467088993 23.999855105751884 -6.84399496390746e-09
15.671875 1.9999999722608066 23.999999999999048 1.9999802109050195 23.999675843694845 1.75809204796358e-07
15.703125 1.999999953838489 23.999999999999012 1.9999645762802225 23.999419230776105 2.9256895874623466e-07
15.734375 1.99999994312456 23.99999999999896 1.9999464747775342 23.99912197686195 3.6047328921586107e-07
15.765625 1.9999999380148852 23.999999999998973 1.999929944349799 23.99885041735888 3.92858192564735e-07
15.796875 1.999999936878466 23.999999999999027 1.999919318441492 23.9986757644289 4.00060811963365e-07
15.828125 1.9999999384649745 23.99999999999905 1.999915744481218 23.998616917856527 3.900056158431509e-07
15.859375 1.999999941828117 23.99999999999905 1.9999150972433803 23.998606163712562 3.686901735755997e-07
15.890625 1.999999946262494 23.999999999999048 1.9999149281128183 23.998603295689392 3.405852802832484e-07
15.921875 1.9999999512519318 23.99999999999905 1.999914855740863 23.99860202525472 3.089624517400078e-07
15.953125 1.9999999564274606 23.999999999999062 1.999914776745209 23.998600639208128 2.7616020174017365e-07
15.984375 1.9999999615333968 23.999999999999083 1.9999146641436718 23.998598690467503 2.4379903603245343e-07
16.015625 1.9999999664001518 23.999999999999055 1.9999145328331696 23.998596414488777 2.129537521443204e-07
16.046875 1.9999999709226364 23.99999999999902 1.9999144355212732 23.998594699425297 1.842904225897277e-07
16.078125 1.999999975043218 23.999999999999012 1.9999144191039075 23.99859433767574 1.581743565263702e-07
16.109375 1.999999978738412 23.99999999999899 1.9999144843162606 23.998595348348218 1.3475437614470108e-07
16.140625 1.9999999820086234 23.99999999999894 1.9999145844282058 23.998596959473673 1.1402790157076528e-07
16.171875 1.9999999848703152 23.999999999998884 1.999914644017076 23.9985979038235 9.589060343071351e-08
16.203125 1.9999999873501126 23.99999999999888 1.9999146282068965 23.998597602667452 8.017374642759501e-08
16.234375 1.999999989480448 23.999999999998927 1.9999145512045122 23.99859628243711 6.667180104523568e-08
16.265625 1.9999999912964004 23.999999999999005 1.9999144725298803 23.99859493769108 5.5162434587404565e-08
16.296875 1.9999999928334713 23.99999999999908 1.9999144528744492 23.998594581571908 4.542059821685135e-08
16.328125 1.9999999941260849 23.999999999999115 1.999914503945714 23.99859540501083 3.722809494294276e-08
16.359375 1.999999995206614 23.99999999999907 1.99991459257396 23.99859686263749 3.037973662956737e-08
16.390625 1.9999999961048132 23.999999999999016 1.9999146517622188 23.998597829356346 2.4686968687730042e-08
16.421875 1.999999996847528 23.999999999998987 1.999914643165826 23.99859767453311 1.9979652470463198e-08
16.453125 1.9999999974586191 23.999999999998934 1.9999145749446368 23.99859653004896 1.610654146399652e-08
16.484375 1.9999999979590362 23.999999999998852 1.9999144977398766 23.998595239311342 1.2934862794373492e-08
16.515625 1.9999999983669796 23.99999999999882 1.9999144697838376 23.998594772095387 1.0349315607112637e-08
16.546875 1.9999999986980996 23.999999999998845 1.9999145061129955 23.99859536878371 8.250718395545009e-09
16.578125 1.9999999989657398 23.9999999999989 1.9999145808281562 23.998596605994855 6.554474776039984e-09
16.609375 1.9999999991811914 23.99999999999895 1.9999146356370952 23.99859750641015 5.1889784705830064e-09
16.640625 1.999999999353948 23.999999999998934 1.9999146337084002 23.99859746860505 4.094040754180995e-09
16.671875 1.9999999994919444 23.999999999998877 1.9999145795853668 23.998596567487127 3.219395161131922e-09
16.703125 1.99999999960177 23.999999999998863 1.999914514747048 23.998595491381323 2.523312985973188e-09
16.734375 1.9999999996888593 23.999999999998863 1.999914489392297 23.99859507566689 1.971347542156692e-09
16.765625 1.9999999997576685 23.999999999998828 1.999914517256813 23.99859553635822 1.5352140059132596e-09
16.796875 1.9999999998118523 23.999999999998835 1.9999145769104383 23.9985965267741 1.191803958165589e-09
16.828125 1.999999999854373 23.999999999998877 1.9999146187390742 23.998597214510728 9.22328624068492e-10
16.859375 1.9999999998876246 23.999999999998888 1.9999146104546208 23.998597075836216 7.115816430660233e-10
16.890625 1.9999999999135414 23.99999999999889 1.999914556078109 23.99859617585524 5.473104646628257e-10
16.921875 1.9999999999336762 23.999999999998884 1.999914493276745 23.998595138129744 4.196847518033573e-10
16.953125 1.9999999999492695 23.999999999998867 1.999914471124277 23.99859477789965 3.2085017244722926e-10
16.984375 1.9999999999613078 23.999999999998856 1.9999145053435554 23.998595342959902 2.445564327745659e-10
17.015625 1.999999999970571 23.99999999999885 1.9999145765409714 23.99859651946165 1.8584917425466984e-10
17.046875 1.9999999999776783 23.99999999999887 1.9999146344228937 23.99859746899267 1.4081629059050188e-10
17.078125 1.999999999983118 23.999999999998927 1.999914640145291 23.998597560083674 1.0638022529341046e-10
17.109375 1.9999999999872626 23.99999999999895 1.9999145925672177 23.998596776848927 8.012882088826562e-11
17.140625 1.9999999999904077 23.999999999998913 1.9999145243378669 23.998595654026857 6.017826279695694e-11
17.171875 1.999999999992787 23.999999999998877 1.9999144894453496 23.99859508700186 4.506256740414861e-11
17.203125 1.999999999994586 23.99999999999885 1.999914513344959 23.998595479888476 3.364488926874075e-11
17.234375 1.9999999999959412 23.99999999999885 1.9999145821245445 23.998596613083095 2.5046660111161175e-11
17.265625 1.9999999999969598 23.999999999998856 1.9999146422559528 23.998597598279495 1.8591221278310382e-11
17.296875 1.99999999999772 23.999999999998842 1.9999146404940538 23.998597564924403 1.3759175065993107e-11
17.328125 1.9999999999982883 23.99999999999884 1.9999145732675099 23.998596460457364 1.0153164275917284e-11
17.359375 1.9999999999987146 23.99999999999885 1.9999144853330364 23.99859501654733 7.470200829441743e-12
17.390625 1.9999999999990319 23.999999999998863 1.9999144332290397 23.99859418021235 5.480010911465506e-12
17.421875 1.9999999999992628 23.999999999998856 1.9999144203240784 23.998593968829635 4.008153816462366e-12
17.453125 1.9999999999994311 23.99999999999883 1.9999144233268373 23.998594004888318 2.922911974610753e-12
17.484375 1.9999999999995517 23.999999999998792 1.9999144400070983 23.99859426864693 2.1251475998174054e-12
17.515625 1.9999999999996423 23.999999999998764 1.9999144883023612 23.998595031736805 1.5404834363647938e-12
17.546875 1.9999999999997062 23.99999999999873 1.999914642847196 23.998597573306427 1.113296906264696e-12
17.578125 1.9999999999997506 23.999999999998693 1.9999152383883587 23.99860738997453 8.021235938183894e-13
17.609375 1.999999999999785 23.999999999998696 1.9999173657634406 23.998642347207102 5.761517913992377e-13
17.640625 1.9999999999998135 23.999999999998742 1.9999232252469437 23.99873860454909 4.1255848706260836e-13
17.671875 1.9999999999998388 23.999999999998792 1.9999343188101104 23.998920871365097 2.9449184610589434e-13
17.703125 1.999999999999858 23.999999999998842 1.9999500951968796 23.999180073812745 2.0954856369736308e-13
17.734375 1.999999999999871 23.999999999998877 1.9999679818381053 23.99947394634233 1.4862863863463673e-13
17.765625 1.9999999999998757 23.999999999998845 1.999984011482373 23.99973731073631 1.050769502468153e-13
17.796875 1.9999999999998757 23.99999999999881 1.9999945440706621 23.999910359728755 7.404199539793786e-14
17.828125 1.99999999999988 23.99999999999882 1.999998670157629 23.999978150533646 5.1998468342356297e-14
17.859375 1.9999999999998843 23.999999999998828 1.999999600824622 23.999993441418404 3.63930197719041e-14
17.890625 1.999999999999884 23.99999999999882 1.9999998831966947 23.99999807863906 2.53822982660602e-14
17.921875 1.9999999999998792 23.99999999999878 1.9999999691258201 23.99999948862953 1.7639885483553146e-14
17.953125 1.9999999999998752 23.999999999998735 1.999999995898667 23.999999931327153 1.2214485147172358e-14
17.984375 1.9999999999998785 23.999999999998735 2.0000000029712366 24.00000005024374 8.426110147273168e-15
18.015625 1.9999999999998836 23.999999999998746 2.0000000035383403 24.00000005853454 5.790342783568785e-15
18.046875 1.9999999999998834 23.999999999998735 2.0000000020813182 24.000000034109284 3.963263749308563e-15
18.078125 1.9999999999998805 23.999999999998714 2.00000000049184 24.00000000798459 2.7015457262591083e-15
18.109375 1.9999999999998812 23.999999999998728 1.9999999995500017 23.99999999255408 1.833634667520214e-15
18.140625 1.9999999999998836 23.999999999998757 1.9999999993356494 23.99999998905677 1.2390097532254693e-15
18.171875 1.999999999999881 23.999999999998746 1.9999999995684345 23.999999992907565 8.333090963179003e-16
18.203125 1.9999999999998788 23.99999999999873 1.999999999893316 23.999999998246125 5.576995431938721e-16
18.234375 1.9999999999998788 23.999999999998707 2.0000000000880833 24.000000001448 3.7130643844254734e-16
18.265625 1.9999999999998792 23.9999999999987 2.0000000001177893 24.000000001937124 2.4584179170539287e-16
18.296875 1.9999999999998788 23.999999999998685 2.00000000005729 24.000000000942144 1.6180622920595578e-16
18.328125 1.9999999999998734 23.99999999999865 1.9999999999937048 23.999999999897394 1.0581352319837788e-16
18.359375 1.999999999999868 23.99999999999863 1.9999999999693774 23.99999999949764 6.871293963104205e-17
18.390625 1.9999999999998672 23.999999999998636 1.9999999999789373 23.999999999654552 4.427650759039602e-17
18.421875 1.9999999999998748 23.999999999998696 1.9999999999976157 23.99999999996137 2.828480622676629e-17
18.453125 1.9999999999998834 23.999999999998774 2.0000000000076614 24.000000000126477 1.7892814642745072e-17
18.484375 1.9999999999998845 23.99999999999881 2.000000000006691 24.00000000011063 1.1191819602844879e-17
18.515625 1.9999999999998808 23.999999999998792 2.0000000000013314 24.00000000002261 6.908033070364404e-18
18.546875 1.9999999999998754 23.999999999998764 1.9999999999978346 23.999999999965112 4.1961531058258706e-18
18.578125 1.9999999999998719 23.999999999998714 1.9999999999977685 23.999999999963972 2.498590031010466e-18
18.609375 1.9999999999998685 23.999999999998654 1.9999999999993223 23.999999999989512 1.449916056694189e-18
18.640625 1.9999999999998672 23.99999999999862 2.0000000000004396 24.000000000007923 8.123242558628094e-19
18.671875 1.999999999999864 23.999999999998593 2.0000000000005 24.000000000008953 4.3225443940309184e-19
18.703125 1.9999999999998612 23.999999999998558 2.000000000000035 24.000000000001307 2.1139984100659238e-19
18.734375 1.9999999999998586 23.99999999999853 1.999999999999703 23.999999999995822 8.743644241968582e-20
18.765625 1.9999999999998574 23.999999999998533 1.9999999999997 23.999999999995723 2.1292021952213176e-20
18.796875 1.999999999999858 23.999999999998558 1.9999999999998457 23.999999999998106 -1.120966778113034e-20
18.828125 1.9999999999998603 23.999999999998586 1.9999999999999343 23.999999999999616 -2.4794409328619503e-20
18.859375 1.999999999999862 23.999999999998604 1.9999999999999192 23.99999999999945 -2.8258874022225216e-20
18.890625 1.9999999999998619 23.999999999998607 1.9999999999998717 23.9999999999987 -2.672813031849725e-20
18.921875 1.9999999999998614 23.999999999998607 1.999999999999849 23.999999999998327 -2.3088901174160298e-20
18.953125 1.9999999999998685 23.999999999998664 1.9999999999998546 23.999999999998423 -1.8889436847287846e-20
18.984375 1.9999999999998788 23.99999999999875 1.9999999999998674 23.999999999998646 -1.489719778190366e-20
19.015625 1.9999999999998843 23.999999999998796 1.9999999999998757 23.999999999998757 -1.143913179228943e-20
19.046875 1.9999999999998825 23.99999999999878 1.9999999999998783 23.999999999998757 -8.605353010410987e-21
19.078125 1.9999999999998743 23.999999999998714 1.9999999999998814 23.999999999998746 -6.368100805829833e-21
19.109375 1.9999999999998612 23.99999999999859 1.9999999999998808 23.99999999999873 -4.648962114637106e-21
19.140625 1.9999999999998543 23.999999999998508 1.9999999999998725 23.99999999999866 -3.3550959936201877e-21
19.171875 1.9999999999998614 23.999999999998558 1.999999999999864 23.9999999999986 -2.397332648142728e-21
19.203125 1.9999999999998748 23.999999999998668 1.9999999999998637 23.999999999998607 -1.698014209741317e-21
19.234375 1.999999999999879 23.999999999998714 1.9999999999998632 23.9999999999986 -1.193295339358929e-21
19.265625 1.9999999999998737 23.999999999998675 1.9999999999998597 23.999999999998565 -8.326656155385357e-22
19.296875 1.9999999999998634 23.99999999999858 1.9999999999998619 23.9999999999986 -5.77259160798956e-22
19.328125 1.9999999999998577 23.999999999998526 1.9999999999998694 23.999999999998682 -3.977987490968176e-22
19.359375 1.9999999999998606 23.999999999998565 1.999999999999874 23.999999999998735 -2.7260073698019643e-22
19.390625 1.999999999999865 23.999999999998586 1.999999999999873 23.99999999999872 -1.8582826090560647e-22
19.421875 1.9999999999998672 23.999999999998607 1.9999999999998699 23.999999999998685 -1.2605058654817386e-22
19.453125 1.9999999999998679 23.99999999999862 1.9999999999998654 23.99999999999865 -8.510108664216983e-23
19.484375 1.9999999999998634 23.999999999998593 1.9999999999998623 23.99999999999862 -5.719737357640802e-23
19.515625 1.9999999999998592 23.999999999998565 1.9999999999998597 23.9999999999986 -3.8277972523577195e-23
19.546875 1.9999999999998583 23.999999999998565 1.9999999999998588 23.999999999998586 -2.5510813027808987e-23
19.578125 1.9999999999998583 23.999999999998572 1.9999999999998619 23.99999999999863 -1.6934177460038927e-23
19.609375 1.9999999999998583 23.999999999998558 1.9999999999998646 23.999999999998646 -1.1197544736359961e-23
19.640625 1.999999999999857 23.999999999998543 1.999999999999861 23.999999999998618 -7.376468727502132e-24
19.671875 1.9999999999998548 23.999999999998522 1.9999999999998592 23.99999999999859 -4.8415436441065506e-24
19.703125 1.9999999999998517 23.9999999999985 1.9999999999998601 23.99999999999856 -3.1664072085467803e-24
19.734375 1.9999999999998546 23.999999999998522 1.9999999999998654 23.99999999999859 -2.063626327147327e-24
19.765625 1.9999999999998597 23.999999999998536 1.999999999999872 23.999999999998664 -1.3403152088627167e-24
19.796875 1.9999999999998632 23.999999999998558 1.9999999999998728 23.999999999998685 -8.676038409735593e-25
19.828125 1.999999999999865 23.999999999998593 1.9999999999998677 23.99999999999865 -5.5975613110885925e-25
19.859375 1.9999999999998652 23.99999999999863 1.9999999999998614 23.999999999998607 -3.599654906553355e-25
19.890625 1.9999999999998626 23.99999999999863 1.9999999999998548 23.999999999998547 -2.3074218514254646e-25
19.921875 1.999999999999857 23.999999999998558 1.9999999999998521 23.999999999998504 -1.474398097469421e-25
19.953125 1.999999999999853 23.999999999998497 1.9999999999998543 23.9999999999985 -9.391605402168255e-26
19.984375 1.9999999999998552 23.999999999998504 1.999999999999855 23.9999999999985 -5.963706537766583e-26
20.015625 1.9999999999998574 23.999999999998526 1.999999999999853 23.9999999999985 -3.775344399229274e-26
20.046875 1.9999999999998583 23.999999999998554 1.999999999999854 23.999999999998515 -2.3827139994964814e-26
20.078125 1.9999999999998588 23.99999999999857 1.9999999999998614 23.99999999999858 -1.49924343140427e-26
20.109375 1.9999999999998568 23.999999999998565 1.9999999999998677 23.999999999998625 -9.405155247393542e-27
20.140625 1.999999999999854 23.999999999998522 1.9999999999998666 23.9999999999986 -5.882486307471667e-27
20.171875 1.9999999999998521 23.999999999998476 1.9999999999998614 23.999999999998547 -3.668289004728993e-27
20.203125 1.9999999999998503 23.999999999998447 1.9999999999998535 23.999999999998465 -2.2807587812770227e-27
20.234375 1.9999999999998472 23.99999999999843 1.9999999999998497 23.999999999998444 -1.4138812796945444e-27
20.265625 1.9999999999998463 23.999999999998455 1.999999999999851 23.999999999998458 -8.73912572067705e-28
20.296875 1.9999999999998488 23.999999999998515 1.999999999999851 23.99999999999845 -5.38576355657764e-28
20.328125 1.9999999999998543 23.999999999998572 1.9999999999998535 23.999999999998494 -3.3094267750190695e-28
20.359375 1.9999999999998606 23.99999999999862 1.9999999999998583 23.999999999998575 -2.027615344466844e-28
20.390625 1.9999999999998659 23.999999999998664 1.9999999999998632 23.999999999998643 -1.238642375332453e-28
20.421875 1.9999999999998637 23.999999999998636 1.9999999999998663 23.99999999999868 -7.544549486732463e-29
20.453125 1.9999999999998535 23.999999999998536 1.999999999999865 23.999999999998675 -4.5819074330769235e-29
20.484375 1.9999999999998437 23.999999999998444 1.999999999999861 23.99999999999863 -2.774487006777097e-29
20.515625 1.9999999999998415 23.999999999998423 1.9999999999998581 23.999999999998565 -1.6750947021985322e-29
20.546875 1.9999999999998428 23.999999999998423 1.9999999999998557 23.999999999998504 -1.0083523940785047e-29
20.578125 1.9999999999998441 23.999999999998426 1.9999999999998521 23.999999999998447 -6.0519690049571036e-30
20.609375 1.9999999999998441 23.999999999998423 1.9999999999998495 23.999999999998426 -3.621484103504994e-30
20.640625 1.999999999999844 23.999999999998423 1.9999999999998468 23.999999999998423 -2.1606037380466126e-30
20.671875 1.9999999999998477 23.99999999999845 1.9999999999998417 23.999999999998412 -1.2851516331372023e-30
20.703125 1.9999999999998526 23.999999999998487 1.9999999999998403 23.999999999998415 -7.621057735477044e-31
20.734375 1.9999999999998521 23.999999999998487 1.999999999999841 23.99999999999843 -4.505546363689017e-31
20.765625 1.9999999999998455 23.999999999998437 1.9999999999998423 23.99999999999843 -2.65545774288298e-31
20.796875 1.9999999999998392 23.99999999999841 1.999999999999846 23.99999999999844 -1.5601918693651058e-31
20.828125 1.9999999999998368 23.999999999998398 1.9999999999998523 23.9999999999985 -9.137948787512768e-32
20.859375 1.9999999999998412 23.99999999999845 1.99999999999986 23.999999999998565 -5.335009896503985e-32
20.890625 1.9999999999998508 23.99999999999854 1.999999999999863 23.999999999998593 -3.104698038737646e-32
20.921875 1.9999999999998557 23.99999999999858 1.9999999999998603 23.999999999998586 -1.8008638503315503e-32
20.953125 1.9999999999998537 23.999999999998558 1.9999999999998554 23.999999999998554 -1.04111138669265e-32
20.984375 1.9999999999998486 23.9999999999985 1.999999999999848 23.999999999998476 -5.998506676741735e-33
21.015625 1.9999999999998441 23.99999999999844 1.9999999999998417 23.9999999999984 -3.444218049896123e-33
21.046875 1.9999999999998437 23.99999999999844 1.9999999999998432 23.999999999998423 -1.9706444301768363e-33
21.078125 1.9999999999998486 23.999999999998483 1.9999999999998457 23.99999999999845 -1.123468433039923e-33
21.109375 1.999999999999854 23.999999999998547 1.9999999999998426 23.999999999998423 -6.381297208125961e-34
21.140625 1.9999999999998574 23.99999999999858 1.9999999999998401 23.99999999999841 -3.610838991254936e-34
21.171875 1.999999999999856 23.999999999998558 1.9999999999998401 23.999999999998394 -2.0352048920353324e-34
21.203125 1.9999999999998546 23.999999999998533 1.9999999999998392 23.99999999999839 -1.142489249897584e-34
21.234375 1.99999999999985 23.9999999999985 1.9999999999998426 23.99999999999843 -6.386682306426079e-35
21.265625 1.9999999999998457 23.999999999998483 1.9999999999998463 23.999999999998476 -3.554705609886775e-35
21.296875 1.999999999999846 23.9999999999985 1.9999999999998463 23.99999999999848 -1.969481613251063e-35
21.328125 1.9999999999998463 23.99999999999849 1.9999999999998441 23.99999999999847 -1.0859796109704051e-35
21.359375 1.9999999999998423 23.999999999998437 1.9999999999998432 23.999999999998465 -5.957967746992783e-36
21.390625 1.9999999999998372 23.999999999998376 1.99999999999984 23.999999999998437 -3.251223154159321e-36
21.421875 1.999999999999833 23.999999999998348 1.9999999999998348 23.999999999998387 -1.764039657518716e-36
21.453125 1.9999999999998308 23.999999999998344 1.99999999999983 23.999999999998305 -9.512456240138327e-37
21.484375 1.999999999999831 23.999999999998362 1.9999999999998301 23.99999999999828 -5.095304745953352e-37
21.515625 1.9999999999998375 23.99999999999842 1.9999999999998375 23.999999999998344 -2.709319313161419e-37
21.546875 1.9999999999998423 23.99999999999846 1.9999999999998437 23.9999999999984 -1.4289429136809048e-37
21.578125 1.9999999999998437 23.99999999999846 1.9999999999998466 23.999999999998447 -7.467854512244359e-38
21.609375 1.9999999999998364 23.999999999998387 1.999999999999845 23.999999999998458 -3.862246412839405e-38
21.640625 1.9999999999998277 23.999999999998305 1.9999999999998397 23.99999999999842 -1.9733640409492698e-38
21.671875 1.9999999999998248 23.999999999998266 1.9999999999998361 23.999999999998373 -9.937973385277114e-39
21.703125 1.9999999999998266 23.99999999999827 1.9999999999998368 23.999999999998376 -4.9171664344323987e-39
21.734375 1.999999999999833 23.99999999999832 1.9999999999998397 23.999999999998415 -2.379148315477548e-39
21.765625 1.9999999999998384 23.999999999998355 1.999999999999841 23.999999999998437 -1.1175793032213454e-39
21.796875 1.9999999999998384 23.999999999998362 1.9999999999998397 23.999999999998423 -5.035814308975148e-40
21.828125 1.99999999999983 23.99999999999832 1.9999999999998372 23.999999999998394 -2.128823627925937e-40
21.859375 1.999999999999823 23.999999999998284 1.9999999999998384 23.999999999998394 -8.040211368904828e-41
21.890625 1.9999999999998255 23.99999999999831 1.9999999999998421 23.99999999999843 -2.3380523158598155e-41
21.921875 1.9999999999998357 23.9999999999984 1.9999999999998432 23.999999999998423 -1.1041630246284527e-42
21.953125 1.999999999999842 23.999999999998465 1.9999999999998388 23.99999999999838 5.97690423008472e-42
21.984375 1.9999999999998408 23.999999999998444 1.9999999999998361 23.999999999998366 6.949926403797957e-42
22.015625 1.9999999999998392 23.99999999999844 1.9999999999998348 23.999999999998344 5.846063377957028e-42
22.046875 1.9999999999998388 23.999999999998447 1.9999999999998308 23.999999999998302 4.325788212120148e-42
22.078125 1.999999999999834 23.9999999999984 1.9999999999998272 23.999999999998256 2.984371359915005e-42
22.109375 1.999999999999831 23.999999999998373 1.9999999999998233 23.99999999999824 1.9689254483153933e-42
22.140625 1.9999999999998328 23.999999999998384 1.9999999999998197 23.99999999999823 1.258888113997978e-42
22.171875 1.9999999999998348 23.9999999999984 1.99999999999982 23.999999999998238 7.862381985663504e-43
22.203125 1.9999999999998335 23.99999999999838 1.9999999999998277 23.999999999998302 4.8208921257584945e-43
22.234375 1.9999999999998324 23.999999999998366 1.9999999999998355 23.999999999998366 2.91205779188509e-43
22.265625 1.999999999999832 23.999999999998362 1.9999999999998361 23.999999999998362 1.7371316768754017e-43
22.296875 1.9999999999998272 23.999999999998323 1.9999999999998321 23.99999999999832 1.025195040406753e-43
22.328125 1.999999999999821 23.999999999998263 1.9999999999998253 23.999999999998263 5.993943055649722e-44
22.359375 1.9999999999998184 23.99999999999822 1.9999999999998155 23.99999999999818 3.4754386748737267e-44
22.390625 1.9999999999998197 23.999999999998217 1.9999999999998117 23.999999999998145 2.0001391905388715e-44
22.421875 1.999999999999822 23.999999999998238 1.9999999999998106 23.999999999998135 1.1432892156771465e-44
22.453125 1.9999999999998215 23.999999999998252 1.99999999999981 23.99999999999811 6.494345351696857e-45
22.484375 1.9999999999998193 23.999999999998234 1.9999999999998077 23.999999999998074 3.6677085226756304e-45
22.515625 1.9999999999998184 23.999999999998224 1.9999999999998064 23.99999999999807 2.060150041016556e-45
22.546875 1.9999999999998197 23.999999999998238 1.9999999999998077 23.999999999998092 1.1512940178789018e-45
22.578125 1.9999999999998213 23.99999999999823 1.9999999999998097 23.99999999999812 6.402876193520721e-46
22.609375 1.9999999999998221 23.99999999999823 1.9999999999998126 23.999999999998156 3.544595714090166e-46
22.640625 1.9999999999998257 23.99999999999826 1.999999999999814 23.999999999998177 1.9536579209753196e-46
22.671875 1.9999999999998272 23.99999999999829 1.999999999999813 23.999999999998167 1.0722511834554478e-46
22.703125 1.999999999999825 23.999999999998273 1.9999999999998108 23.999999999998145 5.8610728285051535e-47
22.734375 1.9999999999998224 23.999999999998252 1.999999999999814 23.999999999998185 3.1911596593010844e-47
22.765625 1.9999999999998275 23.99999999999831 1.9999999999998233 23.999999999998273 1.7308607822853055e-47
22.796875 1.9999999999998326 23.999999999998344 1.9999999999998321 23.999999999998344 9.353267962350299e-48
22.828125 1.9999999999998292 23.999999999998302 1.9999999999998335 23.99999999999834 5.0360797287801475e-48
22.859375 1.999999999999821 23.999999999998217 1.9999999999998277 23.99999999999828 2.702002356417873e-48
22.890625 1.9999999999998128 23.999999999998153 1.9999999999998193 23.999999999998202 1.4446905109718582e-48
22.921875 1.9999999999998128 23.99999999999816 1.999999999999815 23.999999999998174 7.698188899911537e-49
22.953125 1.9999999999998228 23.999999999998252 1.9999999999998186 23.99999999999819 4.0883930329748965e-49
22.984375 1.9999999999998348 23.999999999998355 1.9999999999998237 23.999999999998238 2.164163558795051e-49
23.015625 1.9999999999998368 23.999999999998362 1.9999999999998277 23.99999999999829 1.1418828486624206e-49
23.046875 1.9999999999998312 23.99999999999832 1.999999999999826 23.999999999998288 6.005727064687491e-50
23.078125 1.9999999999998233 23.999999999998256 1.999999999999822 23.999999999998277 3.1487547339947423e-50
23.109375 1.999999999999814 23.999999999998177 1.9999999999998197 23.999999999998266 1.645720846417934e-50
23.140625 1.9999999999998104 23.999999999998163 1.9999999999998197 23.999999999998266 8.574936586047256e-51
23.171875 1.9999999999998135 23.99999999999821 1.999999999999822 23.999999999998284 4.454253611117328e-51
23.203125 1.9999999999998217 23.999999999998288 1.9999999999998228 23.999999999998284 2.3067406877601848e-51
23.234375 1.9999999999998312 23.999999999998373 1.9999999999998244 23.999999999998302 1.1909998921582205e-51
23.265625 1.999999999999834 23.99999999999838 1.9999999999998228 23.999999999998302 6.1308674558564455e-52
23.296875 1.9999999999998286 23.999999999998327 1.9999999999998161 23.999999999998238 3.1465632025112256e-52
23.328125 1.9999999999998206 23.99999999999826 1.9999999999998153 23.999999999998234 1.6101315822779676e-52
23.359375 1.9999999999998106 23.999999999998188 1.9999999999998188 23.999999999998256 8.214889684997225e-53
23.390625 1.9999999999998053 23.99999999999816 1.999999999999818 23.99999999999824 4.178897469918695e-53
23.421875 1.9999999999998062 23.99999999999816 1.999999999999811 23.999999999998167 2.119554414886232e-53
23.453125 1.9999999999998086 23.99999999999818 1.9999999999998033 23.999999999998096 1.07189611230049e-53
23.484375 1.999999999999815 23.999999999998227 1.9999999999998013 23.999999999998074 5.404899700758321e-54
23.515625 1.9999999999998197 23.999999999998263 1.9999999999998088 23.99999999999813 2.71737836329482e-54
23.546875 1.9999999999998181 23.99999999999824 1.9999999999998184 23.999999999998217 1.3621972531801136e-54
23.578125 1.999999999999814 23.99999999999821 1.9999999999998226 23.99999999999826 6.808576983337657e-55
23.609375 1.9999999999998097 23.999999999998177 1.999999999999822 23.999999999998252 3.3931056550831865e-55
23.640625 1.9999999999998026 23.99999999999811 1.9999999999998168 23.99999999999821 1.686011193240446e-55
23.671875 1.999999999999799 23.999999999998067 1.9999999999998137 23.99999999999819 8.352991740634592e-56
23.703125 1.9999999999998028 23.99999999999809 1.9999999999998144 23.999999999998202 4.126081146814488e-56
23.734375 1.9999999999998082 23.999999999998124 1.9999999999998157 23.99999999999821 2.0320867377757505e-56
23.765625 1.9999999999998135 23.999999999998174 1.9999999999998161 23.999999999998202 9.978129800561989e-57
23.796875 1.999999999999817 23.999999999998213 1.9999999999998141 23.99999999999818 4.884848740431868e-57
23.828125 1.9999999999998228 23.999999999998273 1.9999999999998104 23.99999999999815 2.3841835575636754e-57
23.859375 1.99999999999983 23.999999999998344 1.999999999999809 23.999999999998142 1.1601261438237894e-57
23.890625 1.9999999999998295 23.999999999998344 1.9999999999998117 23.999999999998167 5.6277758939184945e-58
23.921875 1.9999999999998221 23.999999999998273 1.999999999999816 23.999999999998217 2.7215866533612825e-58
23.953125 1.9999999999998144 23.9999999999982 1.999999999999819 23.999999999998256 1.3120415267055653e-58
23.984375 1.99999999999981 23.999999999998153 1.9999999999998177 23.999999999998245 6.305182608170241e-59
24.015625 1.999999999999811 23.999999999998156 1.9999999999998148 23.999999999998238 3.0203361416968546e-59
24.046875 1.9999999999998057 23.999999999998135 1.9999999999998115 23.999999999998202 1.442119640701555e-59
24.078125 1.999999999999797 23.99999999999808 1.9999999999998077 23.99999999999817 6.863006283915339e-60
24.109375 1.9999999999997915 23.999999999998032 1.9999999999998084 23.999999999998177 3.2551487659220895e-60
24.140625 1.9999999999997906 23.99999999999802 1.999999999999813 23.999999999998202 1.5386651948267813e-60
24.171875 1.9999999999997948 23.99999999999807 1.999999999999817 23.999999999998224 7.247774453020917e-61
24.203125 1.9999999999998026 23.999999999998145 1.999999999999817 23.99999999999822 3.401882857024736e-61
24.234375 1.9999999999998133 23.99999999999823 1.999999999999815 23.9999999999982 1.590929990931295e-61
24.265625 1.9999999999998206 23.9999999999983 1.9999999999998117 23.999999999998177 7.4123871613528855e-62
24.296875 1.9999999999998235 23.999999999998302 1.9999999999998064 23.99999999999814 3.4402769321153487e-62
24.328125 1.9999999999998233 23.999999999998263 1.9999999999998008 23.99999999999809 1.5903905636321816e-62
24.359375 1.999999999999818 23.9999999999982 1.9999999999997957 23.99999999999804 7.321984942534789e-63
24.390625 1.99999999999981 23.999999999998128 1.9999999999997975 23.999999999998042 3.356600044717967e-63
24.421875 1.9999999999998037 23.9999999999981 1.999999999999802 23.999999999998106 1.5319234162033377e-63
24.453125 1.9999999999998033 23.999999999998103 1.9999999999998093 23.999999999998174 6.959052145299416e-64
24.484375 1.9999999999997988 23.99999999999808 1.999999999999809 23.99999999999819 3.145813634902412e-64
24.515625 1.9999999999998002 23.999999999998053 1.999999999999809 23.999999999998174 1.414693107295441e-64
24.546875 1.9999999999997964 23.99999999999805 1.9999999999997988 23.999999999998124 6.326920398120275e-65
24.578125 1.999999999999805 23.999999999998046 1.9999999999998 23.99999999999808 2.8128757645194546e-65
24.609375 1.9999999999997977 23.99999999999804 1.9999999999997882 23.999999999998053 1.2425942366207413e-65
24.640625 1.9999999999998124 23.99999999999805 1.999999999999797 23.999999999998 5.451008665905134e-66
24.671875 1.9999999999997948 23.99999999999806 1.9999999999997748 23.99999999999794 2.372921497325267e-66
24.703125 1.9999999999998233 23.9999999999981 1.999999999999805 23.99999999999796 1.0241461876918614e-66
24.734375 1.9999999999997866 23.99999999999816 1.9999999999997708 23.999999999998014 4.377446861968469e-67
24.765625 1.9999999999998463 23.9999999999982 1.9999999999998317 23.999999999998053 1.8502142513491473e-67
24.796875 1.999999999999763 23.999999999998188 1.999999999999746 23.99999999999804 7.718206623049324e-68
24.828125 1.9999999999998788 23.999999999998135 1.9999999999998677 23.99999999999805 3.1691289287035775e-68
24.859375 1.9999999999997042 23.999999999998117 1.9999999999996907 23.999999999998003 1.275954546258792e-68
24.890625 1.9999999999999525 23.999999999998067 1.9999999999999445 23.999999999997993 5.008720464462768e-69
24.921875 1.9999999999995857 23.99999999999806 1.9999999999995797 23.99999999999796 1.8996549218085223e-69
24.953125 2.00000000000011 23.999999999998025 2.0000000000001066 23.99999999999795 6.85218368134225e-70
24.984375 1.9999999999993652 23.999999999998025 1.9999999999993734 23.999999999998018 2.27822078484169e-70
