0.125 2.00000000000077 23.999999999999993 2.00000000000077 24.0 -8.023378137447364e-69
0.375 2.000000000000769 23.999999999999982 2.00000000000077 24.0 -8.237583357394523e-66
0.625 2.0000000000007665 23.99999999999997 2.00000000000077 24.0 -4.960217038783217e-63
0.875 2.0000000000007656 23.999999999999964 2.00000000000077 24.0 -2.2389513277987053e-60
1.125 2.000000000000764 23.999999999999957 2.00000000000077 24.0 -8.083295968589929e-58
1.375 2.000000000000761 23.99999999999994 2.00000000000077 24.0 -2.3927033740792414e-55
1.625 2.0000000000007594 23.99999999999993 2.00000000000077 24.0 -5.861267598663116e-53
1.875 2.0000000000007567 23.999999999999915 2.0000000000007696 23.999999999999993 -1.1883943908134718e-50
2.125 2.000000000000755 23.9999999999999 2.0000000000007763 24.000000000000036 -1.976589158084722e-48
2.375 2.000000000000754 23.999999999999893 2.0000000000007545 23.999999999999865 -2.632942317395744e-46
2.625 2.0000000000007514 23.999999999999883 2.000000000000817 24.000000000000334 -2.638888646042497e-44
2.875 2.0000000000007496 23.999999999999872 2.0000000000006266 23.999999999998902 -1.5796414191572262e-42
3.125 2.000000000000748 23.99999999999986 2.0000000000011267 24.000000000002686 4.567817789604015e-41
3.375 2.000000000000745 23.99999999999985 1.9999999999999734 23.999999999993957 2.7652750956800404e-38
3.625 2.0000000000007434 23.999999999999837 2.000000000002166 24.00000000001055 4.404258009248603e-36
3.875 2.0000000000007425 23.999999999999833 1.9999999999991696 23.999999999987867 4.802503147034089e-34
4.125 2.00000000000074 23.99999999999982 2.0000000000003606 23.999999999996877 4.0714940949284585e-32
4.375 2.000000000000738 23.99999999999981 2.0000000000082334 24.000000000056488 2.798298194819873e-30
4.625 2.0000000000007354 23.999999999999794 1.9999999999812823 23.99999999985247 1.5853487713817023e-28
4.875 2.0000000000007327 23.99999999999978 2.0000000000232485 24.000000000170125 7.44089836681967e-27
5.125 2.00000000000073 23.999999999999766 2.0000000000196847 24.00000000014317 2.8831502816409013e-25
5.375 2.0000000000007274 23.99999999999975 1.9999999998750504 23.99999999904838 9.092577194644609e-24
5.625 2.0000000000007248 23.999999999999737 2.000000000184736 24.00000000139251 2.252142269674823e-22
5.875 2.000000000000722 23.999999999999723 2.0000000001242526 24.000000000934527 3.954656992153136e-21
6.125 2.0000000000007203 23.999999999999716 1.9999999991328923 23.99999999343065 2.789761923259548e-20
6.375 2.0000000000007185 23.9999999999997 2.000000000809621 24.000000006123308 -1.0909101867037715e-18
6.625 2.0000000000007168 23.999999999999694 2.0000000020586546 24.000000015576298 -5.5213930824722155e-17
6.875 2.0000000000007168 23.999999999999687 1.9999999950093745 23.999999962215238 -1.5081395283077498e-15
7.125 2.0000000000007208 23.99999999999968 1.9999999972261842 23.999999979002425 -3.0406459207729985e-14
7.375 2.0000000000008007 23.99999999999967 2.000000018711475 24.000000141636207 -4.87731075149774e-13
7.625 2.000100000001821 23.99999999999966 2.000000000499552 24.000000003749854 -6.400550420574792e-12
7.875 2.000100000012473 23.99999999999966 1.9999999387679768 23.99999953640028 -6.946621751012237e-11
8.125 2.000100000104258 23.999999999999652 2.000000002585327 24.00000001887296 -6.243021272063907e-10
8.375 2.000100000751147 23.999999999999645 2.000000194274488 24.00000146509094 -4.611047172371882e-09
8.625 2.0001000043789197 23.99999999999964 2.0000000617524165 24.000000434571874 -2.7399979986059073e-08
8.875 2.0001000194204805 23.999999999999638 1.9999994597626336 23.999995762377473 -1.240590773561188e-07
9.125 2.0001000535587203 23.999999999999623 1.9999994693943859 23.999995559503898 -3.552572240524588e-07
9.375 2.0000999646259165 23.99999999999962 2.0000010842617053 24.00000836203238 1.2942058380315937e-07
9.625 1.9999984885121587 23.99999999999962 2.000001510943636 24.000022436048198 9.209599773068e-06
9.875 1.999989068424611 23.99999999999962 1.9999900137224391 24.000005969421213 6.829060285179713e-05
10.125 1.9999469223473225 23.99999999999962 1.999940074191354 23.999946177181332 0.00033476072351890226
10.375 1.9998005008967161 23.99999999999962 1.9997862740219159 23.9998914442012 0.0012639670514472895
10.625 1.9993928236406182 23.99999999999962 1.9993837873258877 23.99993708223146 0.003855097550723615
10.875 1.998477149100693 23.999999999999623 1.9984945748990846 24.000148541323 0.009678706501005496
11.125 1.9968355137616718 23.99999999999962 1.996898129223847 24.000494931602983 0.02012788497491368
11.375 1.9945672912420553 23.999999999999616 1.9946819841422143 24.000868056047977 0.03458962805843038
11.625 1.9923887766268136 23.99999999999961 1.9925493314093112 24.001169556913773 0.0485132950314933
11.875 1.9915626379753308 23.99999999999961 1.9917529257354611 24.001372695245696 0.053807929155783495
12.125 1.993214832838507 23.99999999999961 1.9934129431144494 24.00150029568303 0.0432510018706274
12.375 1.9973869147468046 23.9999999999996 1.9975757413315947 24.00155651641946 0.01668234441309194
12.625 2.002655904890813 23.999999999999588 2.0028334794251705 24.0014972562221 -0.01668234441309194
12.875 2.0068693924586998 23.999999999999574 2.0070349307804625 24.001276590041467 -0.0432510018706274
13.125 2.0085389069648256 23.999999999999563 2.0086733091224347 24.000915000119672 -0.053807929155783495
13.375 2.0076880291437575 23.999999999999552 2.0077689809633563 24.000510460633077 -0.0485132950314933
13.625 2.005478888145441 23.999999999999538 2.0055052926738277 24.000184032870457 -0.03458962805843038
13.875 2.003192713268289 23.999999999999524 2.0031851002097665 24.00001297545378 -0.02012788497491368
14.125 2.001538606581075 23.999999999999513 2.001524586427489 23.999995285491146 -0.009678706501005496
14.375 2.0006119175177446 23.999999999999503 2.000608398994685 24.000056760180144 -0.003855097550723615
14.625 2.000197785541146 23.999999999999492 2.000202665977513 24.000093730586855 -0.0012639670514472895
14.875 2.00005028123472 23.99999999999948 2.000050761649456 24.00003111843516 -0.00033476072351890226
15.125 2.0000095520966283 23.999999999999467 1.9999956188117656 23.999860421899278 -6.829060285179713e-05
15.375 2.000001401576614 23.99999999999946 1.9999718136087936 23.999628445491606 -9.209599773068e-06
15.625 2.0000003578640824 23.999999999999446 1.999959422011394 23.999386937113346 -1.2942058380315937e-07
15.875 2.000000237674148 23.99999999999944 1.9999507722798824 23.999151824249015 3.552572240524588e-07
16.125 2.000000160939499 23.999999999999424 1.9999396779571565 23.998911903234216 1.240590773561188e-07
16.375 2.000000112500281 23.999999999999407 1.9999238527404168 23.99867417674654 2.7399979986059073e-08
16.625 2.0000000941893292 23.999999999999396 1.9999080026675546 23.9984932222249 4.611047172371882e-09
16.875 2.0000000897536143 23.999999999999382 1.999900947348769 23.99844869689976 6.243021272063907e-10
17.125 2.000000089130614 23.999999999999375 1.9999086985975003 23.998588540698222 6.946621751012237e-11
17.375 2.0000000891316514 23.99999999999936 1.9999297404504806 23.99888847355283 6.400550420574792e-12
17.625 2.0000000891583554 23.999999999999346 1.9999562369136972 23.999261218909744 4.87731075149774e-13
17.875 2.000000089166594 23.999999999999332 1.9999793889302375 23.99960491156713 3.0406459207729985e-14
18.125 2.000000089168192 23.99999999999932 1.9999942801442605 23.99985261707372 1.5081395283077498e-15
18.375 2.000000089168422 23.99999999999931 2.000001103644691 23.99999220028907 5.5213930824722155e-17
18.625 2.000000089168447 23.9999999999993 2.0000031011316826 24.000052607452577 1.0909101867037715e-18
18.875 2.000000089168447 23.99999999999929 2.0000035981771402 24.00007393920474 -2.789761923259548e-20
19.125 2.000000089168445 23.999999999999275 2.0000042089083276 24.00008273132152 -3.954656992153136e-21
19.375 2.0000000891684433 23.999999999999268 2.000004788799651 24.000084553574005 -2.252142269674823e-22
19.625 2.0000000891684424 23.99999999999926 2.0000044950506677 24.000072938449442 -9.092577194644609e-24
19.875 2.0000000891684415 23.999999999999257 2.0000029341905408 24.00004430349078 -2.8831502816409013e-25
20.125 2.000000089168439 23.99999999999924 2.0000006526465137 24.000006845424153 -7.44089836681967e-27
20.375 2.000000089168437 23.999999999999233 1.9999987937981967 23.999977446834233 -1.5853487713817023e-28
20.625 2.0000000891684375 23.999999999999233 1.9999982923128585 23.999970166694954 -2.798298194819873e-30
20.875 2.000000089168438 23.999999999999236 1.999999233771059 23.999986054399468 -4.0714940949284585e-32
21.125 2.000000089168437 23.999999999999233 2.0000008315088396 24.000012353707138 -4.802503147034089e-34
21.375 2.000000089168437 23.999999999999233 2.0000019945491303 24.00003138751342 -4.404258009248603e-36
21.625 2.000000089168436 23.999999999999226 2.0000020407417924 24.000032082914988 -2.7652750956800404e-38
21.875 2.0000000891684353 23.999999999999215 2.000001055643854 24.00001587328091 -4.567817789604015e-41
22.125 2.0000000891684353 23.99999999999921 1.999999711293266 23.999993784178677 1.5796414191572262e-42
22.375 2.0000000891684366 23.999999999999222 1.9999987570633877 23.999978110433737 2.638888646042497e-44
22.625 2.0000000891684366 23.999999999999226 1.999998572556953 23.999975081889076 2.632942317395744e-46
22.875 2.0000000891684353 23.999999999999215 1.9999990462467399 23.999982865053504 1.976589158084722e-48
23.125 2.0000000891684326 23.999999999999197 1.9999997696339062 23.99999475087796 1.1883943908134718e-50
23.375 2.0000000891684317 23.99999999999919 2.0000003424438595 24.000004159908173 5.861267598663116e-53
23.625 2.0000000891684313 23.999999999999183 2.000000574677263 24.00000798076682 2.3927033740792414e-55
23.875 2.0000000891684313 23.999999999999183 2.000000508771178 24.000006883463964 8.083295968589929e-58
24.125 2.0000000891684326 23.99999999999919 2.000000301366235 24.000003514895905 2.2389513277987053e-60
24.375 2.0000000891684326 23.99999999999919 2.000000119148588 24.00000041660956 4.960217038783217e-63
24.625 2.0000000891684317 23.999999999999183 1.999999995752793 23.99999865288177 8.237583357394523e-66
24.875 2.000000089168432 23.999999999999183 2.0000000361478167 23.999998769642925 8.023378137447364e-69

