0.125 2.0000000000007727 24.000000000000007 2.0000000000007727 23.999999999999993 -8.023378137447364e-69
0.375 2.0000000000007736 24.000000000000007 2.0000000000007727 23.999999999999993 -8.237583357394523e-66
0.625 2.0000000000007736 24.000000000000007 2.0000000000007736 24.0 -4.960217038783217e-63
0.875 2.0000000000007736 24.000000000000007 2.0000000000007736 24.0 -2.2389513277987053e-60
1.125 2.0000000000007736 24.000000000000007 2.0000000000007736 24.0 -8.083295968589929e-58
1.375 2.0000000000007736 24.000000000000007 2.0000000000007727 23.999999999999993 -2.3927033740792414e-55
1.625 2.000000000000774 24.000000000000007 2.0000000000007727 23.999999999999993 -5.861267598663116e-53
1.875 2.0000000000007736 24.0 2.0000000000007714 23.99999999999998 -1.1883943908134718e-50
2.125 2.000000000000774 24.0 2.000000000000777 24.00000000000002 -1.976589158084722e-48
2.375 2.0000000000007736 24.0 2.000000000000757 23.99999999999987 -2.632942317395744e-46
2.625 2.0000000000007736 23.999999999999993 2.0000000000008202 24.00000000000034 -2.638888646042497e-44
2.875 2.0000000000007736 23.999999999999993 2.000000000000629 23.999999999998884 -1.5796414191572262e-42
3.125 2.0000000000007736 23.999999999999993 2.000000000001129 24.00000000000268 4.567817789604015e-41
3.375 2.0000000000007736 23.999999999999993 1.9999999999999774 23.999999999993964 2.7652750956800404e-38
3.625 2.0000000000007736 23.999999999999993 2.0000000000021703 24.00000000001056 4.404258009248603e-36
3.875 2.0000000000007736 23.999999999999993 1.9999999999991718 23.99999999998786 4.802503147034089e-34
4.125 2.0000000000007736 23.999999999999993 2.0000000000003637 23.99999999999688 4.0714940949284585e-32
4.375 2.0000000000007736 23.999999999999993 2.0000000000082405 24.000000000056513 2.798298194819873e-30
4.625 2.0000000000007736 23.999999999999993 1.9999999999812936 23.999999999852534 1.5853487713817023e-28
4.875 2.0000000000007736 23.999999999999993 2.000000000023267 24.000000000170235 7.44089836681967e-27
5.125 2.0000000000007736 23.999999999999993 2.0000000000197087 24.000000000143327 2.8831502816409013e-25
5.375 2.0000000000007736 23.999999999999993 1.999999999875078 23.999999999048562 9.092577194644609e-24
5.625 2.0000000000007736 23.999999999999993 2.000000000184764 24.0000000013927 2.252142269674823e-22
5.875 2.000000000000774 23.999999999999993 2.0000000001242806 24.000000000934715 3.954656992153136e-21
6.125 2.0000000000007736 23.99999999999999 1.9999999991329203 23.99999999343083 2.789761923259548e-20
6.375 2.0000000000007736 23.99999999999999 2.0000000008096506 24.0000000061235 -1.0909101867037715e-18
6.625 2.0000000000007736 23.99999999999999 2.0000000020586883 24.000000015576518 -5.5213930824722155e-17
6.875 2.0000000000007736 23.999999999999986 1.9999999950094127 23.9999999622155 -1.5081395283077498e-15
7.125 2.000000000000779 23.999999999999982 1.999999997226223 23.999999979002688 -3.0406459207729985e-14
7.375 2.000000000000866 23.99999999999998 2.000000018711516 24.000000141636477 -4.87731075149774e-13
7.625 2.000100000001964 23.99999999999997 2.000000000499594 24.000000003750145 -6.400550420574792e-12
7.875 2.0001000000133176 23.999999999999964 1.999999938768021 23.99999953640059 -6.946621751012237e-11
8.125 2.0001000001102427 23.99999999999996 2.0000000025853732 24.000000018873283 -6.243021272063907e-10
8.375 2.0001000007861482 23.999999999999957 2.000000194274538 24.000001465091273 -4.611047172371882e-09
8.625 2.000100004527409 23.99999999999995 2.000000061752446 24.00000043457205 -2.7399979986059073e-08
8.875 2.000100019738684 23.99999999999995 1.999999459762713 23.999995762378024 -1.240590773561188e-07
9.125 2.0001000523749437 23.999999999999947 1.999999469394477 23.999995559504544 -3.552572240524588e-07
9.375 2.000099948115494 23.999999999999943 2.0000010842614295 24.000008362030094 1.2942058380315937e-07
9.625 1.9999983908425487 23.999999999999943 2.0000015109446925 24.000022436057517 9.209599773068e-06
9.875 1.9999886749262266 23.999999999999943 1.9999900137200322 24.000005969415326 6.829060285179713e-05
10.125 1.9999457635118083 23.999999999999936 1.9999400742310276 23.99994617712732 0.00033476072351890226
10.375 1.9997980492503955 23.99999999999993 1.999786275324413 23.999891444165662 0.0012639670514472895
10.625 1.9993895618208026 23.999999999999922 1.9993838017302654 23.99993708127791 0.003855097550723615
10.875 1.9984763694470757 23.99999999999992 1.9984946623258368 24.00014854104493 0.009678706501005496
11.125 1.9968432784525914 23.999999999999915 1.9968984198196207 24.00049494302548 0.02012788497491368
11.375 1.994586616041064 23.9999999999999 1.9946824425717693 24.000868078396515 0.03458962805843038
11.625 1.99241009240998 23.999999999999872 1.9925495260970238 24.001169568180668 0.0485132950314933
11.875 1.991563705297789 23.999999999999822 1.9917534366786027 24.001372713279906 0.053807929155783495
12.125 1.993180426046774 23.999999999999766 1.993416662367558 24.001500290422687 0.0432510018706274
12.375 1.997332987151486 23.999999999999705 1.9975827375047603 24.00155623105049 0.01668234441309194
12.625 2.00262545277614 23.999999999999684 2.002838037146616 24.00149685365473 -0.01668234441309194
12.875 2.006892273722779 23.999999999999737 2.0070373202762197 24.00127778953194 -0.0432510018706274
13.125 2.0085967598024723 23.99999999999992 2.008681255399284 24.00091944733936 -0.053807929155783495
13.375 2.0077316286721945 24.000000000000266 2.0077804510040558 24.00051357959576 -0.0485132950314933
13.625 2.0054801177807633 24.000000000000533 2.0055111738992966 24.00017096265917 -0.03458962805843038
13.875 2.0031657216125778 24.000000000000355 2.0031841402414727 23.999969406195902 -0.02012788497491368
14.125 2.0015130500194713 23.999999999999588 2.0015220441650277 23.999934386376427 -0.009678706501005496
14.375 2.000602321467899 23.999999999999293 2.000611735190536 24.00003527384914 -0.003855097550723615
14.625 2.000200163476062 24.00000000000088 2.0002200244493507 24.00018055678884 -0.0012639670514472895
14.875 2.000055464802901 23.999999999996522 2.000083018216326 24.000232853737238 -0.00033476072351890226
15.125 2.000012691418581 23.999999999979984 2.0000290145319357 24.00007113074311 -6.829060285179713e-05
15.375 2.000002267546951 23.99999999997553 1.9999837021211824 23.999676205920814 -9.209599773068e-06
15.625 2.000000182918715 24.000000000041748 1.9999357583749555 23.99916550115017 -1.2942058380315937e-07
15.875 1.999999852949467 24.000000000155936 1.9999003946416738 23.998728287081004 3.552572240524588e-07
16.125 1.9999998192057817 23.999999999754124 1.9998910704946953 23.99850212931417 1.240590773561188e-07
16.375 1.9999998209310121 23.99999999899299 1.9999052482634931 23.99849184885887 2.7399979986059073e-08
16.625 1.999999823366501 24.000000000665132 1.9999271039225572 23.99859587929616 4.611047172371882e-09
16.875 1.99999982475022 24.00000000488297 1.999940874286975 23.998707230311958 6.243021272063907e-10
17.125 1.9999998245489845 24.000000002774552 1.999942122490806 23.998795625104933 6.946621751012237e-11
17.375 1.999999820500855 23.99999997154623 1.9999382324534971 23.99890706435506 6.400550420574792e-12
17.625 1.99999981960608 23.99999996143529 1.999939832312035 23.999097242828938 4.87731075149774e-13
17.875 1.99999984268553 24.000000151442027 1.9999517046683224 23.999366639947514 3.0406459207729985e-14
18.125 1.9999998581333884 24.00000023774559 1.9999701464485606 23.999650414771587 1.5081395283077498e-15
18.375 1.9999997748565868 23.99999952609241 1.9999871391889283 23.999862950367532 5.5213930824722155e-17
18.625 1.9999996668265025 23.99999892544747 1.9999966481034834 23.99995603997524 1.0909101867037715e-18
18.875 1.999999783074413 23.999999932483142 1.9999981749453348 23.99994764431542 -2.789761923259548e-20
19.125 2.000000111238343 24.000002458809767 1.9999958924923027 23.999905390379716 -3.954656992153136e-21
19.375 2.000000229128645 24.000002717911848 1.9999949793467762 23.999900328116837 -2.252142269674823e-22
19.625 1.999999883246844 23.99999992416282 1.9999980707236964 23.99996270391052 -9.092577194644609e-24
19.875 1.999999283197303 23.99999535814179 2.000003976572283 24.000066900607983 -2.8831502816409013e-25
20.125 1.9999991304082247 23.999995123888286 2.0000090431548956 24.000152699826273 -7.44089836681967e-27
20.375 1.9999995925707679 23.99999877938511 2.000009915160737 24.000167086878307 -1.5853487713817023e-28
20.625 2.000000419330141 24.000005379868277 2.000005797029937 24.000098797981728 -2.798298194819873e-30
20.875 2.0000007378039273 24.000006618943583 1.9999988541657943 23.999984174383854 -4.0714940949284585e-32
21.125 2.000000325603394 24.00000325975538 1.9999927152743018 23.999882983557885 -4.802503147034089e-34
21.375 1.9999993971771362 23.999995737756066 1.9999902466281998 23.999842395402975 -4.404258009248603e-36
21.625 1.9999988288700008 23.99999262215163 1.9999920774203321 23.999872816915616 -2.7652750956800404e-38
21.875 1.9999990707593653 23.999994775119042 1.9999966475310937 23.999948393177903 -4.567817789604015e-41
22.125 1.9999999370989587 24.000001784369218 2.000001450587362 24.000027383860544 1.5796414191572262e-42
22.375 2.0000007739809798 24.00000743571647 2.0000044817827827 24.000076453938192 2.638888646042497e-44
22.625 2.0000007779380864 24.000006785861654 2.000005034841794 24.000084381063054 2.632942317395744e-46
22.875 2.000000102567867 24.000001604922417 2.0000036279488382 24.00006076993835 1.976589158084722e-48
23.125 1.999999080994343 23.999993421161573 2.000001399986708 24.000025161547732 1.1883943908134718e-50
23.375 1.9999987146078417 23.999991862866967 1.9999994549632738 23.99999526604173 5.861267598663116e-53
23.625 1.9999991082044875 23.9999951125404 1.9999984456431716 23.999980162531212 2.3927033740792414e-55
23.875 2.000000090946923 24.000002852266118 1.999998464289923 23.999979841245327 8.083295968589929e-58
24.125 2.0000010412502167 24.00000980734685 1.9999991111955975 23.99998786607734 2.2389513277987053e-60
24.375 2.0000011935880755 24.000009915605 1.9999998246440533 23.999997266489178 4.960217038783217e-63
24.625 2.000000584516528 24.000005215908956 2.000000261297248 24.000002688997657 8.237583357394523e-66
24.875 1.9999990524216038 23.999993733553723 1.9999997897816115 24.000001070790134 8.023378137447364e-69

