0.125 1.9999999999999996 24.0 1.9999999999999996 24.0 -8.023378137447364e-69
0.375 1.9999999999999996 24.0 1.9999999999999996 24.0 -8.237583357394523e-66
0.625 1.9999999999999996 24.0 1.9999999999999996 24.0 -4.960217038783217e-63
0.875 1.9999999999999996 24.0 1.9999999999999996 24.0 -2.2389513277987053e-60
1.125 1.9999999999999996 24.0 1.9999999999999996 24.0 -8.083295968589929e-58
1.375 1.9999999999999996 24.0 1.9999999999999996 24.0 -2.3927033740792414e-55
1.625 1.9999999999999996 24.0 1.9999999999999996 24.0 -5.861267598663116e-53
1.875 1.9999999999999996 24.0 1.9999999999999982 23.999999999999982 -1.1883943908134718e-50
2.125 1.9999999999999996 24.0 2.0000000000000036 24.00000000000002 -1.976589158084722e-48
2.375 1.9999999999999996 24.0 1.9999999999999845 23.999999999999872 -2.632942317395744e-46
2.625 1.9999999999999996 24.0 2.000000000000048 24.000000000000355 -2.638888646042497e-44
2.875 1.9999999999999996 24.0 1.9999999999998577 23.999999999998906 -1.5796414191572262e-42
3.125 1.9999999999999996 24.0 2.000000000000357 24.000000000002686 4.567817789604015e-41
3.375 1.9999999999999996 24.0 1.999999999999204 23.999999999993964 2.7652750956800404e-38
3.625 1.9999999999999996 24.0 2.000000000001396 24.00000000001056 4.404258009248603e-36
3.875 1.9999999999999996 24.0 1.999999999998397 23.999999999987853 4.802503147034089e-34
4.125 1.9999999999999996 24.0 1.9999999999995892 23.999999999996874 4.0714940949284585e-32
4.375 1.9999999999999996 24.0 2.000000000007467 24.000000000056517 2.798298194819873e-30
4.625 1.9999999999999996 24.0 1.9999999999805211 23.999999999852548 1.5853487713817023e-28
4.875 1.9999999999999996 24.0 2.0000000000224936 24.000000000170232 7.44089836681967e-27
5.125 1.9999999999999996 24.0 2.000000000018935 24.000000000143316 2.8831502816409013e-25
5.375 1.9999999999999996 24.0 1.9999999998743045 23.99999999904856 9.092577194644609e-24
5.625 1.9999999999999996 24.0 2.000000000183992 24.00000000139271 2.252142269674823e-22
5.875 1.9999999999999996 24.0 2.000000000123509 24.000000000934747 3.954656992153136e-21
6.125 1.9999999999999996 24.0 1.9999999991321493 23.99999999343086 2.789761923259548e-20
6.375 1.9999999999999996 24.0 2.0000000008088774 24.000000006123507 -1.0909101867037715e-18
6.625 1.9999999999999996 24.0 2.0000000020579147 24.000000015576507 -5.5213930824722155e-17
6.875 2.0000000000000018 24.0 1.999999995008638 23.999999962215487 -1.5081395283077498e-15
7.125 2.0000000000000053 24.0 1.9999999972254499 23.999999979002688 -3.0406459207729985e-14
7.375 2.0000000000000773 24.0 2.00000001871074 24.000000141636463 -4.87731075149774e-13
7.625 2.00010000000101 24.0 2.000000000498817 24.00000000375011 -6.400550420574792e-12
7.875 2.0001000000109594 23.999999999999993 1.9999999387672416 23.99999953640054 -6.946621751012237e-11
8.125 2.0001000000985 23.999999999999982 2.0000000025845894 24.000000018873195 -6.243021272063907e-10
8.375 2.000100000727526 23.99999999999997 2.000000194273768 24.000001465091298 -4.611047172371882e-09
8.625 2.0001000043231545 23.999999999999964 2.0000000617516687 24.00000043457203 -2.7399979986059073e-08
8.875 2.0001000195739915 23.999999999999957 1.9999994597618562 23.999995762377395 -1.240590773561188e-07
9.125 2.000100056052353 23.999999999999957 1.9999994693940593 23.999995559507234 -3.552572240524588e-07
9.375 2.0000999795800793 23.999999999999957 2.000001084260183 24.000008362026737 1.2942058380315937e-07
9.625 1.9999985469159358 23.999999999999957 2.0000015109417735 24.000022436039966 9.209599773068e-06
9.875 1.9999892252703044 23.99999999999995 1.9999900137252513 24.00000596949142 6.829060285179713e-05
10.125 1.999947184464212 23.99999999999995 1.9999400740313886 23.999946177063364 0.00033476072351890226
10.375 1.9998006095532386 23.999999999999943 1.999786272144279 23.999891444102666 0.0012639670514472895
10.625 1.9993920760139448 23.99999999999994 1.9993837737846853 23.999937084280656 0.003855097550723615
10.875 1.9984749187076267 23.999999999999936 1.9984945189036432 24.000148541217925 0.009678706501005496
11.125 1.996832859456537 23.99999999999993 1.9968980349600842 24.000494920968208 0.02012788497491368
11.375 1.9945680239200008 23.999999999999925 1.9946820663257632 24.000868053995166 0.03458962805843038
11.625 1.9923963301317316 23.99999999999992 1.9925496668779359 24.00116957340459 0.0485132950314933
11.875 1.9915725227775791 23.99999999999992 1.9917523834849373 24.001372694420876 0.053807929155783495
12.125 1.9932143343995543 23.999999999999915 1.9934112628262581 24.001500338978452 0.0432510018706274
12.375 1.9973722486925625 23.999999999999915 1.9975773517332789 24.001556596358654 0.01668234441309194
12.625 2.0026411870598713 23.999999999999908 2.0028393220659098 24.001496876512142 -0.01668234441309194
12.875 2.0068668946392894 23.999999999999908 2.0070363712132315 24.001275634116446 -0.0432510018706274
13.125 2.0085496067597717 23.999999999999908 2.0086716457742604 24.00091531524165 -0.053807929155783495
13.375 2.007706239849669 23.999999999999893 2.0077755234080197 24.00051485109207 -0.0485132950314933
13.625 2.0054887082246617 23.99999999999988 2.00551533775755 24.000191556379196 -0.03458962805843038
13.875 2.0031861516037592 23.999999999999872 2.0031886081052788 24.000014922024448 -0.02012788497491368
14.125 2.0015286024721686 23.999999999999865 2.0015241453108725 23.99998030909686 -0.009678706501005496
14.375 2.0006097179116624 23.999999999999865 2.0006082036711095 24.000026410836142 -0.003855097550723615
14.625 2.000201113207078 23.999999999999865 2.0002039735740005 24.000072107596438 -0.0012639670514472895
14.875 2.000053919957882 23.999999999999865 2.0000566027900373 24.00004946548362 -0.00033476072351890226
15.125 2.000011731160499 23.999999999999872 2.0000071826003873 23.999923317552323 -6.829060285179713e-05
15.375 2.000002504272568 23.999999999999872 1.9999841392256128 23.999696223460248 -9.209599773068e-06
15.625 2.0000011092381955 23.999999999999872 1.9999646618613138 23.99940069191646 -1.2942058380315937e-07
15.875 2.0000010302676774 23.999999999999865 1.9999452727772649 23.999084243487335 3.552572240524588e-07
16.125 2.000001063015108 23.99999999999985 1.9999277394310369 23.998795651757924 1.240590773561188e-07
16.375 2.000001077381218 23.999999999999837 1.9999145097184194 23.998577834801345 2.7399979986059073e-08
16.625 2.0000010808730986 23.99999999999983 1.9999076913746858 23.998465618142564 4.611047172371882e-09
16.875 2.0000010814955598 23.999999999999822 1.9999087004921474 23.99848216407827 6.243021272063907e-10
17.125 2.000001081582907 23.999999999999815 1.9999177657476424 23.998631122113565 6.946621751012237e-11
17.375 2.0000010815928553 23.999999999999808 1.9999334661272523 23.998889091274542 6.400550420574792e-12
17.625 2.000001081593788 23.999999999999808 1.9999527936034682 23.999206640858105 4.87731075149774e-13
17.875 2.000001081593859 23.9999999999998 1.9999719659416226 23.999521636467623 3.0406459207729985e-14
18.125 2.0000010815938625 23.999999999999794 1.9999876749453327 23.999779730768307 1.5081395283077498e-15
18.375 2.0000010815938625 23.999999999999787 1.9999981202154369 23.99995134453843 5.5213930824722155e-17
18.625 2.00000108159386 23.999999999999773 2.000003313792887 24.00003667456157 1.0909101867037715e-18
18.875 2.000001081593859 23.999999999999766 2.000004607573662 24.000057931442868 -2.789761923259548e-20
19.125 2.000001081593857 23.99999999999976 2.0000038235057884 24.00004504935263 -3.954656992153136e-21
19.375 2.000001081593856 23.999999999999748 2.0000024834648404 24.000023032609832 -2.252142269674823e-22
19.625 2.0000010815938545 23.999999999999744 2.0000014431653383 24.000005940583648 -9.092577194644609e-24
19.875 2.0000010815938545 23.999999999999737 2.0000009358045636 23.999997604695633 -2.8831502816409013e-25
20.125 2.000001081593849 23.99999999999973 2.0000008338452746 23.999995929516047 -7.44089836681967e-27
20.375 2.000001081593859 23.999999999999723 2.0000009157340948 23.999997274941272 -1.5853487713817023e-28
20.625 2.0000010815938305 23.999999999999723 2.0000010202447402 23.999998992040698 -2.798298194819873e-30
20.875 2.000001081593904 23.999999999999716 2.0000010818129015 24.000000003597766 -4.0714940949284585e-32
21.125 2.0000010815937026 23.999999999999716 2.000001099646693 24.000000296608317 -4.802503147034089e-34
21.375 2.0000010815942444 23.99999999999971 2.0000010953093725 24.00000022533771 -4.404258009248603e-36
21.625 2.000001081592786 23.9999999999997 2.0000010867970435 24.00000008550502 -2.7652750956800404e-38
21.875 2.0000010815967024 23.9999999999997 2.0000010816715115 24.000000001228763 -4.567817789604015e-41
22.125 2.0000010815861833 23.999999999999694 2.0000010802716637 23.999999978402247 1.5796414191572262e-42
22.375 2.0000010816144362 23.999999999999687 2.0000010806896347 23.999999984805246 2.638888646042497e-44
22.625 2.0000010815385387 23.99999999999968 2.000001081245967 23.99999999519271 2.632942317395744e-46
22.875 2.000001081742405 23.99999999999967 2.0000010817767966 24.00000000056467 1.976589158084722e-48
23.125 2.0000010811947866 23.999999999999666 2.0000010812870217 24.00000000151504 1.1883943908134718e-50
23.375 2.000001082665764 23.999999999999662 2.000001082715622 24.00000000081878 5.861267598663116e-53
23.625 2.000001078714511 23.999999999999662 2.000001078723943 24.000000000154593 2.3927033740792414e-55
23.875 2.0000010893281317 23.99999999999966 2.000001089322572 23.999999999908283 8.083295968589929e-58
24.125 2.000001060818451 23.999999999999652 2.0000010608130925 23.999999999911587 2.2389513277987053e-60
24.375 2.0000011373994626 23.999999999999652 2.000001137397571 23.999999999968573 4.960217038783217e-63
24.625 2.00000093169211 23.999999999999638 2.0000009316921976 24.000000000001094 8.237583357394523e-66
24.875 2.0000014842511096 23.99999999999965 2.0000014842514986 24.0000000000054 8.023378137447364e-69

