0.125 2.00000000000077 23.999999999999993 2.00000000000077 23.999999999999993 -8.023378137447364e-69
0.375 2.00000000000077 23.999999999999993 2.00000000000077 23.999999999999993 -8.237583357394523e-66
0.625 2.000000000000771 23.999999999999993 2.000000000000771 23.999999999999993 -4.960217038783217e-63
0.875 2.000000000000771 23.999999999999993 2.000000000000771 23.999999999999993 -2.2389513277987053e-60
1.125 2.000000000000771 23.999999999999993 2.000000000000771 23.999999999999993 -8.083295968589929e-58
1.375 2.000000000000771 23.999999999999993 2.000000000000771 23.999999999999993 -2.3927033740792414e-55
1.625 2.000000000000771 23.999999999999993 2.000000000000771 23.999999999999993 -5.861267598663116e-53
1.875 2.00000000000077 23.999999999999986 2.0000000000007696 23.999999999999982 -1.1883943908134718e-50
2.125 2.0000000000007687 23.99999999999998 2.0000000000007763 24.00000000000003 -1.976589158084722e-48
2.375 2.0000000000007683 23.99999999999997 2.000000000000755 23.999999999999872 -2.632942317395744e-46
2.625 2.0000000000007674 23.999999999999964 2.000000000000818 24.00000000000034 -2.638888646042497e-44
2.875 2.0000000000007674 23.99999999999996 2.0000000000006284 23.999999999998906 -1.5796414191572262e-42
3.125 2.0000000000007683 23.999999999999964 2.0000000000011298 24.0000000000027 4.567817789604015e-41
3.375 2.0000000000007687 23.999999999999968 1.9999999999999765 23.999999999993975 2.7652750956800404e-38
3.625 2.0000000000007674 23.999999999999964 2.000000000002168 24.000000000010566 4.404258009248603e-36
3.875 2.0000000000007665 23.999999999999957 1.9999999999991696 23.99999999998787 4.802503147034089e-34
4.125 2.0000000000007656 23.99999999999995 2.000000000000362 23.99999999999688 4.0714940949284585e-32
4.375 2.0000000000007656 23.99999999999995 2.000000000008236 24.000000000056502 2.798298194819873e-30
4.625 2.0000000000007656 23.99999999999995 1.9999999999812892 23.99999999985251 1.5853487713817023e-28
4.875 2.0000000000007647 23.999999999999943 2.0000000000232583 24.000000000170175 7.44089836681967e-27
5.125 2.000000000000763 23.999999999999936 2.0000000000196976 24.000000000143253 2.8831502816409013e-25
5.375 2.0000000000007656 23.99999999999993 1.9999999998750688 23.999999999048512 9.092577194644609e-24
5.625 2.0000000000007576 23.99999999999993 2.0000000001847518 24.000000001392614 2.252142269674823e-22
5.875 2.0000000000007763 23.99999999999992 2.0000000001242935 24.000000000934822 3.954656992153136e-21
6.125 2.000000000000722 23.999999999999915 1.999999999132841 23.999999993430244 2.789761923259548e-20
6.375 2.000000000000865 23.999999999999915 2.0000000008098917 24.00000000612534 -1.0909101867037715e-18
6.625 2.0000000000004823 23.999999999999915 2.0000000020579294 24.00000001557079 -5.5213930824722155e-17
6.875 2.0000000000015117 23.999999999999908 1.9999999950115552 23.999999962231733 -1.5081395283077498e-15
7.125 1.9999999999987499 23.999999999999908 1.9999999972207034 23.999999978960936 -3.0406459207729985e-14
7.375 2.000000000006211 23.9999999999999 2.0000000187237057 24.000000141729075 -4.87731075149774e-13
7.625 2.000099999986792 23.9999999999999 2.000000000477012 24.000000003582578 -6.400550420574792e-12
7.875 2.000100000046579 23.999999999999893 1.9999999387913072 23.999999536608506 -6.946621751012237e-11
8.125 2.0000999999627203 23.999999999999904 2.0000000025502893 24.000000018847672 -6.243021272063907e-10
8.375 2.000100000822839 23.999999999999897 2.0000001939959855 24.000001464399624 -4.611047172371882e-09
8.625 2.0001000027691904 23.9999999999999 2.0000000612145157 24.00000043654262 -2.7399979986059073e-08
8.875 2.000100020350993 23.999999999999897 1.999999457693823 23.999995759917965 -1.240590773561188e-07
9.125 2.000100057301547 23.999999999999872 1.9999994751816317 23.999995558080094 -3.552572240524588e-07
9.375 2.000099839935489 23.999999999999837 2.0000011719297657 24.000008374336545 1.2942058380315937e-07
9.625 1.9999974950862751 24.00000000000002 2.0000020214758187 24.000022415912845 9.209599773068e-06
9.875 1.9999842124006184 23.999999999999645 1.9999921061492378 24.000005962118454 6.829060285179713e-05
10.125 1.9999294733113335 24.000000000000114 1.999946419532772 23.99994626180571 0.00033476072351890226
10.375 1.9997526806928085 23.99999999999855 1.9998005265941563 23.99989134113924 0.0012639670514472895
10.625 1.9992938566371208 24.00000000000327 1.9994063184361583 23.999936932599773 0.003855097550723615
10.875 1.998329710231915 23.999999999992575 1.9985138581816866 24.000149135032775 0.009678706501005496
11.125 1.996687875168822 24.000000000022663 1.9968865388621038 24.00049500540421 0.02012788497491368
11.375 1.9945756042627143 23.9999999999162 1.994613024440691 24.000865984285543 0.03458962805843038
11.625 1.9915044775233355 24.000000000235215 1.992434922088172 24.00117039810298 0.0485132950314933
11.875 1.9917883229412836 23.999999999572687 1.9916611240359745 24.001379516766512 0.053807929155783495
12.125 1.9938182740928934 24.000000002400817 1.9934276784157325 24.00149672877165 0.0432510018706274
12.375 1.9978175036219281 23.999999995381256 1.9977182974001613 24.00153374265011 0.01668234441309194
12.625 2.0025301848720374 23.99999990252905 2.0030233806031 24.001497229485143 -0.01668234441309194
12.875 2.0080383567184468 24.000000286888124 2.0071517773202574 24.001339872786343 -0.0432510018706274
13.125 2.0083405736010134 24.000000995724218 2.0086608070163274 24.000984956436586 -0.053807929155783495
13.375 2.007294309075432 24.000009428074534 2.007663221312134 24.000472650903237 -0.0485132950314933
13.625 2.0053045051029095 24.000380815378854 2.005381711609136 23.99998843006512 -0.03458962805843038
13.875 2.003134783847033 23.998854309994535 2.0030887292380606 23.999636729610504 -0.02012788497491368
14.125 2.00113968697993 23.99837416087687 2.0014298051261465 23.99926077811829 -0.009678706501005496
14.375 2.000639770102704 24.0044832506454 2.000443469340674 23.998628826945026 -0.003855097550723615
14.625 2.0003653625195827 24.001055961834183 1.999922623956997 23.997798740457732 -0.0012639670514472895
14.875 1.9999085019026421 23.997953330721643 1.9996934861938853 23.99721012792706 -0.00033476072351890226
15.125 1.99990205976793 23.99829278611355 1.9996786370117694 23.997392274088597 -6.829060285179713e-05
15.375 2.0000292800473174 24.000448785363684 1.999837084824181 23.998564606826946 -9.209599773068e-06
15.625 2.0000628755224925 24.00091931280056 2.000100441654363 24.00042062736938 -1.2942058380315937e-07
15.875 2.000031366247206 24.000451465880268 2.0003603742145146 24.002223252344194 3.552572240524588e-07
16.125 1.9999816630674123 23.999679369898537 2.000507592319292 24.00318423150825 1.240590773561188e-07
16.375 1.9999805477781003 23.999634434285493 2.0004868142559187 24.00290876860372 2.7399979986059073e-08
16.625 1.9999957730182494 23.999835093956428 2.000320729744967 24.00158656354562 4.611047172371882e-09
16.875 2.0000165744719123 24.00014271843485 2.0000852463606726 23.99980578599712 6.243021272063907e-10
17.125 2.0000190374944466 24.00018382443999 1.9998624984868656 23.99819194015557 6.946621751012237e-11
17.375 2.0000147918801474 24.000128957774052 1.9997086222481428 23.997158907417703 6.400550420574792e-12
17.625 2.0000067931332133 24.00001724862077 1.999646899356995 23.996863320352375 4.87731075149774e-13
17.875 2.0000038416499755 23.99998455823441 1.9996736131925905 23.99726737454914 3.0406459207729985e-14
18.125 2.000003661546079 23.999985680754683 1.9997657318181932 23.998211343663588 1.5081395283077498e-15
18.375 2.0000044491471973 23.9999961891044 1.9998898452816283 23.99946967068623 5.5213930824722155e-17
18.625 2.000005336699654 24.000001464412165 2.000012444360813 24.0007877841474 1.0909101867037715e-18
18.875 2.0000060057440967 24.00000327259793 2.000107289419005 24.00189491066707 -2.789761923259548e-20
19.125 2.0000061456796576 23.999999269644142 2.0001573192175224 24.002515924999123 -3.954656992153136e-21
19.375 2.0000055380691233 23.999990775514174 2.000154286691287 24.00242711697213 -2.252142269674823e-22
19.625 2.0000042665550333 23.999978052531908 2.0001001792347277 24.00156062480801 -9.092577194644609e-24
19.875 2.000002962237352 23.999968194215064 2.0000095055093134 24.000090761366202 -2.8831502816409013e-25
20.125 2.000002524510342 23.999966365899066 1.9999079123369907 23.998418434740273 -7.44089836681967e-27
20.375 2.000002731466475 23.999968700624727 1.999824962072772 23.99703647372914 -1.5853487713817023e-28
20.625 2.0000034768310986 23.99997531819644 1.9997841175268363 23.996345830685705 -2.798298194819873e-30
20.875 2.0000046724353706 23.999986309778315 1.9997952800059848 23.99652032078746 -4.0714940949284585e-32
21.125 2.0000060135340068 24.000000286580704 1.999852985189186 23.99747251011451 -4.802503147034089e-34
21.375 2.0000071820577565 24.000015828804962 1.9999396802713987 23.998909161561834 -4.404258009248603e-36
21.625 2.0000077289606395 24.00002500104038 2.000031745432357 24.00043460596423 -2.7652750956800404e-38
21.875 2.0000076964097135 24.000026939499023 2.0001063362349183 24.001667454204824 -4.567817789604015e-41
22.125 2.0000076877995348 24.000028850056424 2.0001477441667532 24.002347521249682 1.5796414191572262e-42
22.375 2.0000081846576307 24.000034126068485 2.0001516944427347 24.002406511223143 2.638888646042497e-44
22.625 2.000009044790961 24.000039930562156 2.000125715332493 24.001972507153404 2.632942317395744e-46
22.875 2.0000102923156167 24.000047760740905 2.000084966666865 24.001298822718798 1.976589158084722e-48
23.125 2.0000124095171783 24.000061086340324 2.000045265895273 24.000647664230225 1.1883943908134718e-50
23.375 2.0000157793297504 24.00008300967884 2.0000169989545085 24.000188536587352 5.861267598663116e-53
23.625 2.000020582753625 24.000115248672735 2.0000026748099167 23.99996044925936 2.3927033740792414e-55
23.875 2.0000269828131128 24.00015946284146 1.9999989938539027 23.999903643909406 8.083295968589929e-58
24.125 2.000035571809451 24.000220522141653 2.00000032102863 23.999928751602408 2.2389513277987053e-60
24.375 2.0000474432836115 24.000307251568692 2.0000034051313835 23.99996665575498 4.960217038783217e-63
24.625 2.0000639443894057 24.00042824867389 2.000003776777434 23.999991535389476 8.237583357394523e-66
24.875 2.0000826385208756 24.00056966735551 2.000009752023299 24.00001577976191 8.023378137447364e-69

