0.125 1.9999999999999996 24.0 1.9999999999999996 24.0 -8.023378137447364e-69
0.375 1.9999999999999996 24.0 1.9999999999999996 24.0 -8.237583357394523e-66
0.625 1.9999999999999996 24.0 1.9999999999999996 24.0 -4.960217038783217e-63
0.875 1.9999999999999996 24.0 1.9999999999999996 24.0 -2.2389513277987053e-60
1.125 1.9999999999999996 24.0 1.9999999999999996 24.0 -8.083295968589929e-58
1.375 1.9999999999999996 24.0 1.9999999999999996 24.0 -2.3927033740792414e-55
1.625 1.9999999999999996 24.0 1.9999999999999996 24.0 -5.861267598663116e-53
1.875 1.9999999999999996 24.0 1.9999999999999996 24.0 -1.1883943908134718e-50
2.125 1.9999999999999996 24.0 1.9999999999999996 24.0 -1.976589158084722e-48
2.375 1.9999999999999996 24.0 1.9999999999999996 24.0 -2.632942317395744e-46
2.625 1.9999999999999996 24.0 1.9999999999999996 24.0 -2.638888646042497e-44
2.875 1.9999999999999996 24.0 1.9999999999999996 24.0 -1.5796414191572262e-42
3.125 1.9999999999999996 24.0 1.9999999999999996 24.0 4.567817789604015e-41
3.375 1.9999999999999996 24.0 1.9999999999999996 24.0 2.7652750956800404e-38
3.625 1.9999999999999996 24.0 1.9999999999999996 24.0 4.404258009248603e-36
3.875 1.9999999999999996 24.0 1.9999999999999996 24.0 4.802503147034089e-34
4.125 1.9999999999999996 24.0 1.9999999999999996 24.0 4.0714940949284585e-32
4.375 1.9999999999999996 24.0 1.9999999999999996 24.0 2.798298194819873e-30
4.625 1.9999999999999996 24.0 1.9999999999999996 24.0 1.5853487713817023e-28
4.875 1.9999999999999996 24.0 1.9999999999999996 24.0 7.44089836681967e-27
5.125 1.9999999999999996 24.0 1.9999999999999996 24.0 2.8831502816409013e-25
5.375 1.9999999999999996 24.0 1.9999999999999996 24.0 9.092577194644609e-24
5.625 1.9999999999999996 24.0 1.9999999999999996 24.0 2.252142269674823e-22
5.875 1.9999999999999996 24.0 1.9999999999999996 24.0 3.954656992153136e-21
6.125 1.9999999999999996 24.0 1.9999999999999996 24.0 2.789761923259548e-20
6.375 1.9999999999999996 24.0 1.9999999999999996 24.0 -1.0909101867037715e-18
6.625 1.9999999999999996 24.0 1.9999999999999996 24.0 -5.5213930824722155e-17
6.875 2.0000000000000018 24.0 2.0000000000000018 24.0 -1.5081395283077498e-15
7.125 2.0000000000000053 24.0 2.0000000000000053 24.0 -3.0406459207729985e-14
7.375 2.0000000000000773 24.0 2.0000000000000773 24.0 -4.87731075149774e-13
7.625 2.0000000000010103 24.0 2.00000000000101 24.0 -6.400550420574792e-12
7.875 2.0000000000109623 24.0 2.0000000000109592 23.999999999999993 -6.946621751012237e-11
8.125 2.000000000098502 24.0 2.0000000000985 23.999999999999982 -6.243021272063907e-10
8.375 2.0000000007275305 24.0 2.0000000007275256 23.99999999999997 -4.611047172371882e-09
8.625 2.00000000432316 24.0 2.0000000043231543 23.999999999999964 -2.7399979986059073e-08
8.875 2.0000000195739975 24.0 2.0000000195739913 23.999999999999957 -1.240590773561188e-07
9.125 2.0000000560523588 24.0 2.000000056052353 23.999999999999957 -3.552572240524588e-07
9.375 1.99999997958007 24.0 1.9999999795800791 23.999999999999957 1.2942058380315937e-07
9.625 1.9999985469145345 24.0 1.9999985469159358 23.999999999999957 9.209599773068e-06
9.875 1.9999892252343539 24.0 1.9999892252703044 23.99999999999995 6.829060285179713e-05
10.125 1.999947183997248 24.0 1.999947184464212 23.99999999999995 0.00033476072351890226
10.375 1.9998006062665017 24.0 1.9998006095532386 23.999999999999943 0.0012639670514472895
10.625 1.9993920651653252 24.0 1.9993920760139448 23.99999999999994 0.003855097550723615
10.875 1.9984749189029762 24.0 1.9984749187076267 23.999999999999936 0.009678706501005496
11.125 1.9968329575959611 24.0 1.996832859456537 23.99999999999993 0.02012788497491368
11.375 1.9945681741525068 24.0 1.9945680239200008 23.999999999999925 0.03458962805843038
11.625 1.9923960528264235 24.0 1.9923963301317316 23.99999999999992 0.0485132950314933
11.875 1.9915722283871957 24.0 1.9915725227775791 23.99999999999992 0.053807929155783495
12.125 1.9932160170480222 24.0 1.9932143343995543 23.999999999999915 0.0432510018706274
12.375 1.9973738648186663 24.0 1.9973722486925625 23.999999999999915 0.01668234441309194
12.625 2.0026381671618303 24.0 2.0026411870598713 23.999999999999908 -0.01668234441309194
12.875 2.0068648622820344 24.0 2.0068668946392894 23.999999999999908 -0.0432510018706274
13.125 2.0085529565497833 24.0 2.0085496067597717 23.999999999999908 -0.053807929155783495
13.375 2.007705706329197 24.0 2.007706239849669 23.999999999999893 -0.0485132950314933
13.625 2.005483554071176 24.0 2.0054887082246617 23.99999999999988 -0.03458962805843038
13.875 2.00318455784232 24.0 2.0031861516037592 23.999999999999872 -0.02012788497491368
14.125 2.0015291310969436 24.0 2.0015286024721686 23.999999999999865 -0.009678706501005496
14.375 2.0006085773596554 24.0 2.0006097179116624 23.999999999999865 -0.003855097550723615
14.625 2.0001994628036814 24.0 2.000201113207078 23.999999999999865 -0.0012639670514472895
14.875 2.000052820847689 24.0 2.000053919957882 23.999999999999865 -0.00033476072351890226
15.125 2.000010774967268 24.0 2.000011731160499 23.999999999999872 -6.829060285179713e-05
15.375 2.0000014530891326 24.0 2.000002504272568 23.999999999999872 -9.209599773068e-06
15.625 2.000000020419934 24.0 2.0000011092381955 23.999999999999872 -1.2942058380315937e-07
15.875 1.999999943947647 24.0 2.0000010302676774 23.999999999999865 3.552572240524588e-07
16.125 1.9999999804260038 24.0 2.000001063015108 23.99999999999985 1.240590773561188e-07
16.375 1.9999999956768408 24.0 2.000001077381218 23.999999999999837 2.7399979986059073e-08
16.625 1.9999999992724706 24.0 2.0000010808730986 23.99999999999983 4.611047172371882e-09
16.875 1.9999999999014986 24.0 2.0000010814955598 23.999999999999822 6.243021272063907e-10
17.125 1.999999999989039 24.0 2.000001081582907 23.999999999999815 6.946621751012237e-11
17.375 1.9999999999989901 24.0 2.0000010815928553 23.999999999999808 6.400550420574792e-12
17.625 1.9999999999999238 24.0 2.000001081593788 23.999999999999808 4.87731075149774e-13
17.875 1.9999999999999964 24.0 2.000001081593859 23.9999999999998 3.0406459207729985e-14
18.125 1.9999999999999996 24.0 2.0000010815938625 23.999999999999794 1.5081395283077498e-15
18.375 1.9999999999999996 24.0 2.0000010815938625 23.999999999999787 5.5213930824722155e-17
18.625 1.9999999999999996 24.0 2.00000108159386 23.999999999999773 1.0909101867037715e-18
18.875 1.9999999999999996 24.0 2.000001081593859 23.999999999999766 -2.789761923259548e-20
19.125 1.9999999999999996 24.0 2.000001081593857 23.99999999999976 -3.954656992153136e-21
19.375 1.9999999999999996 24.0 2.000001081593856 23.999999999999748 -2.252142269674823e-22
19.625 1.9999999999999996 24.0 2.0000010815938545 23.999999999999744 -9.092577194644609e-24
19.875 1.9999999999999996 24.0 2.0000010815938545 23.999999999999737 -2.8831502816409013e-25
20.125 1.9999999999999996 24.0 2.000001081593849 23.99999999999973 -7.44089836681967e-27
20.375 1.9999999999999996 24.0 2.000001081593859 23.999999999999723 -1.5853487713817023e-28
20.625 1.9999999999999996 24.0 2.0000010815938305 23.999999999999723 -2.798298194819873e-30
20.875 1.9999999999999996 24.0 2.000001081593904 23.999999999999716 -4.0714940949284585e-32
21.125 1.9999999999999996 24.0 2.0000010815937026 23.999999999999716 -4.802503147034089e-34
21.375 1.9999999999999996 24.0 2.0000010815942444 23.99999999999971 -4.404258009248603e-36
21.625 1.9999999999999996 24.0 2.000001081592786 23.9999999999997 -2.7652750956800404e-38
21.875 1.9999999999999996 24.0 2.0000010815967024 23.9999999999997 -4.567817789604015e-41
22.125 1.9999999999999996 24.0 2.0000010815861833 23.999999999999694 1.5796414191572262e-42
22.375 1.9999999999999996 24.0 2.0000010816144362 23.999999999999687 2.638888646042497e-44
22.625 1.9999999999999996 24.0 2.0000010815385387 23.99999999999968 2.632942317395744e-46
22.875 1.9999999999999996 24.0 2.000001081742405 23.99999999999967 1.976589158084722e-48
23.125 1.9999999999999996 24.0 2.0000010811947866 23.999999999999666 1.1883943908134718e-50
23.375 1.9999999999999996 24.0 2.000001082665764 23.999999999999662 5.861267598663116e-53
23.625 1.9999999999999996 24.0 2.000001078714511 23.999999999999662 2.3927033740792414e-55
23.875 1.9999999999999996 24.0 2.0000010893281317 23.99999999999966 8.083295968589929e-58
24.125 1.9999999999999996 24.0 2.000001060818451 23.999999999999652 2.2389513277987053e-60
24.375 1.9999999999999996 24.0 2.0000011373994626 23.999999999999652 4.960217038783217e-63
24.625 1.9999999999999996 24.0 2.00000093169211 23.999999999999638 8.237583357394523e-66
24.875 1.9999999999999996 24.0 2.0000014842511096 23.99999999999965 8.023378137447364e-69
