-9.899999999999999911e-01 9.057437927595723970e-01 -9.900000000000000466e-02
-9.699999999999999734e-01 9.075564996180082167e-01 -9.700000000000000289e-02
-9.499999999999999556e-01 9.093735579616349929e-01 -9.500000000000000111e-02
-9.299999999999999378e-01 9.111941347217306086e-01 -9.299999999999999933e-02
-9.100000000000000311e-01 9.130183705079789602e-01 -9.100000000000001144e-02
-8.900000000000000133e-01 9.148462371681891359e-01 -8.900000000000000966e-02
-8.699999999999999956e-01 9.166776834046064248e-01 -8.700000000000000788e-02
-8.499999999999999778e-01 9.185127037722772281e-01 -8.500000000000000611e-02
-8.300000000000000711e-01 9.203513635797609949e-01 -8.300000000000001821e-02
-8.100000000000000533e-01 9.221937498589806159e-01 -8.100000000000001643e-02
-7.900000000000000355e-01 9.240399073736995650e-01 -7.900000000000001465e-02
-7.700000000000000178e-01 9.258898256210320588e-01 -7.700000000000001288e-02
-7.500000000000000000e-01 9.277434725483394429e-01 -7.500000000000001110e-02
-7.299999999999999822e-01 9.296008285876623534e-01 -7.299999999999999545e-02
-7.099999999999999645e-01 9.314618945583634790e-01 -7.099999999999999367e-02
-6.899999999999999467e-01 9.333266817143133220e-01 -6.899999999999999190e-02
-6.699999999999999289e-01 9.351952016540572288e-01 -6.699999999999999012e-02
-6.499999999999999112e-01 9.370674631957813805e-01 -6.499999999999998834e-02
-6.300000000000000044e-01 9.389434735399313503e-01 -6.300000000000000044e-02
-6.099999999999999867e-01 9.408232397416926851e-01 -6.099999999999999867e-02
-5.900000000000000799e-01 9.427067691686474848e-01 -5.900000000000001077e-02
-5.700000000000000622e-01 9.445940693773076102e-01 -5.700000000000000899e-02
-5.500000000000000444e-01 9.464851479560412173e-01 -5.500000000000000722e-02
-5.300000000000000266e-01 9.483800124816348376e-01 -5.300000000000000544e-02
-5.100000000000000089e-01 9.502786705317882721e-01 -5.100000000000000366e-02
-4.899999999999999911e-01 9.521811296983585526e-01 -4.900000000000000189e-02
-4.699999999999999734e-01 9.540873975904027304e-01 -4.700000000000000011e-02
-4.499999999999999556e-01 9.559974818331279378e-01 -4.499999999999999833e-02
-4.299999999999999933e-01 9.579113900670268578e-01 -4.300000000000000350e-02
-4.100000000000000311e-01 9.598291299478359795e-01 -4.100000000000000866e-02
-3.900000000000000133e-01 9.617507091461233726e-01 -3.900000000000000688e-02
-3.699999999999999956e-01 9.636761353503690009e-01 -3.699999999999999817e-02
-3.499999999999999778e-01 9.656054162508309613e-01 -3.499999999999999639e-02
-3.299999999999999600e-01 9.675385596209169492e-01 -3.299999999999999462e-02
-3.099999999999999423e-01 9.694755729372410702e-01 -3.099999999999999631e-02
-2.899999999999999800e-01 9.714164650159351488e-01 -2.899999999999999800e-02
-2.700000000000000178e-01 9.733612395747116564e-01 -2.700000000000000316e-02
-2.500000000000000000e-01 9.753099181066798851e-01 -2.500000000000000139e-02
-2.299999999999999822e-01 9.772624676586825210e-01 -2.299999999999999961e-02
-2.099999999999999645e-01 9.792189987701710452e-01 -2.099999999999999784e-02
-1.899999999999999467e-01 9.811793123030443375e-01 -1.899999999999999606e-02
-1.699999999999999845e-01 9.831437033037029316e-01 -1.699999999999999775e-02
-1.500000000000000222e-01 9.851120705736329253e-01 -1.500000000000000291e-02
-1.300000000000000044e-01 9.870837851724292289e-01 -1.300000000000000114e-02
-1.099999999999999867e-01 9.890604773527359450e-01 -1.099999999999999936e-02
-8.999999999999996891e-02 9.910411824875080544e-01 -8.999999999999997585e-03
-6.999999999999995115e-02 9.930231671648981351e-01 -6.999999999999995809e-03
-4.999999999999998890e-02 9.950107454568640764e-01 -4.999999999999999237e-03
-3.000000000000002665e-02 9.970067597381616631e-01 -3.000000000000002665e-03
-1.000000000000000888e-02 9.990112958831073309e-01 -1.000000000000000888e-03
1.000000000000000888e-02 1.682822579872559121e+00 5.100000000000000089e-01
3.000000000000002665e-02 1.716802825803938282e+00 5.300000000000000266e-01
5.000000000000004441e-02 1.751443090564142713e+00 5.500000000000000444e-01
7.000000000000006217e-02 1.786778404650129826e+00 5.700000000000000622e-01
9.000000000000007994e-02 1.822881621869508306e+00 5.900000000000000799e-01
1.100000000000000977e-01 1.859832300912237502e+00 6.100000000000000977e-01
1.300000000000001155e-01 1.897637816975668246e+00 6.300000000000001155e-01
1.500000000000000222e-01 1.936164017315457286e+00 6.500000000000000222e-01
1.699999999999999289e-01 1.975188496266014671e+00 6.699999999999999289e-01
1.899999999999999467e-01 2.014571515827862758e+00 6.899999999999999467e-01
2.099999999999999645e-01 2.054480264958002955e+00 7.099999999999999645e-01
2.299999999999999822e-01 2.095432125879766794e+00 7.299999999999999822e-01
2.500000000000000000e-01 2.138044809245714273e+00 7.500000000000000000e-01
2.700000000000000178e-01 2.182611142402588023e+00 7.700000000000000178e-01
2.900000000000000355e-01 2.228781614749688167e+00 7.900000000000000355e-01
3.100000000000000533e-01 2.275589537784454386e+00 8.100000000000000533e-01
3.300000000000000711e-01 2.321843345330107944e+00 8.300000000000000711e-01
3.500000000000000888e-01 2.366691647017902245e+00 8.500000000000000888e-01
3.700000000000001066e-01 2.410056676098319084e+00 8.700000000000001066e-01
3.900000000000001243e-01 2.452692000908082814e+00 8.900000000000001243e-01
4.100000000000000311e-01 2.495836377935446215e+00 9.100000000000000311e-01
4.299999999999999378e-01 2.540692819162148730e+00 9.299999999999999378e-01
4.499999999999999556e-01 2.587994567508017596e+00 9.499999999999999556e-01
4.699999999999999734e-01 2.637952839916314129e+00 9.699999999999999734e-01
4.899999999999999911e-01 2.690281434653646997e+00 9.899999999999999911e-01
5.100000000000000089e-01 4.153640298663088259e+00 1.410000000000000142e+00
5.300000000000000266e-01 4.237669702260570048e+00 1.430000000000000160e+00
5.500000000000000444e-01 4.323609778436965811e+00 1.450000000000000178e+00
5.700000000000000622e-01 4.411362340801346704e+00 1.470000000000000195e+00
5.900000000000000799e-01 4.500869588370879804e+00 1.490000000000000213e+00
6.100000000000000977e-01 4.592115214418456937e+00 1.510000000000000231e+00
6.300000000000001155e-01 4.685116122380808434e+00 1.530000000000000249e+00
6.500000000000001332e-01 4.779899250811096678e+00 1.550000000000000266e+00
6.700000000000000400e-01 4.876528487887368257e+00 1.570000000000000062e+00
6.899999999999999467e-01 4.975061344930478135e+00 1.589999999999999858e+00
7.099999999999999645e-01 5.075555252006634710e+00 1.609999999999999876e+00
7.299999999999999822e-01 5.178064813222626128e+00 1.629999999999999893e+00
7.500000000000000000e-01 5.282642303811719842e+00 1.649999999999999911e+00
7.700000000000000178e-01 5.389333591777335286e+00 1.669999999999999929e+00
7.900000000000000355e-01 5.498190484445489190e+00 1.689999999999999947e+00
8.100000000000000533e-01 5.609241342674378572e+00 1.709999999999999964e+00
8.300000000000000711e-01 5.722572015386538702e+00 1.729999999999999982e+00
8.500000000000000888e-01 5.838115626289619442e+00 1.750000000000000000e+00
8.700000000000001066e-01 5.956208542613104839e+00 1.770000000000000018e+00
8.900000000000001243e-01 6.076127982619743406e+00 1.790000000000000036e+00
9.100000000000000311e-01 6.199942836493018916e+00 1.810000000000000053e+00
9.299999999999999378e-01 6.322377659944811157e+00 1.830000000000000071e+00
9.499999999999999556e-01 6.457492901572226884e+00 1.850000000000000089e+00
9.699999999999999734e-01 6.568442979942259896e+00 1.870000000000000107e+00
9.899999999999999911e-01 6.752332540599272903e+00 1.890000000000000124e+00
