-9.899999999999999911e-01 9.057437923444618955e-01 -9.900000000000000466e-02
-9.699999999999999734e-01 9.075565010406405619e-01 -9.700000000000000289e-02
-9.499999999999999556e-01 9.093735627520649345e-01 -9.500000000000000111e-02
-9.299999999999999378e-01 9.111941309920867926e-01 -9.299999999999999933e-02
-9.100000000000000311e-01 9.130183424186788521e-01 -9.100000000000001144e-02
-8.900000000000000133e-01 9.148462064567725038e-01 -8.900000000000000966e-02
-8.699999999999999956e-01 9.166777297719379547e-01 -8.700000000000000788e-02
-8.499999999999999778e-01 9.185129197968151527e-01 -8.500000000000000611e-02
-8.300000000000000711e-01 9.203517838857675493e-01 -8.300000000000001821e-02
-8.100000000000000533e-01 9.221943294268690750e-01 -8.100000000000001643e-02
-7.900000000000000355e-01 9.240405637470923139e-01 -7.900000000000001465e-02
-7.700000000000000178e-01 9.258904940954058027e-01 -7.700000000000001288e-02
-7.500000000000000000e-01 9.277441278683278281e-01 -7.500000000000001110e-02
-7.299999999999999822e-01 9.296014728563568585e-01 -7.299999999999999545e-02
-7.099999999999999645e-01 9.314625369269670108e-01 -7.099999999999999367e-02
-6.899999999999999467e-01 9.333273270885243944e-01 -6.899999999999999190e-02
-6.699999999999999289e-01 9.351958491228939963e-01 -6.699999999999999012e-02
-6.499999999999999112e-01 9.370681091856274403e-01 -6.499999999999998834e-02
-6.300000000000000044e-01 9.389441166906563607e-01 -6.300000000000000044e-02
-6.099999999999999867e-01 9.408238851218451160e-01 -6.099999999999999867e-02
-5.900000000000000799e-01 9.427074277827293125e-01 -5.900000000000001077e-02
-5.700000000000000622e-01 9.445947500545528452e-01 -5.700000000000000899e-02
-5.500000000000000444e-01 9.464858445915944607e-01 -5.500000000000000722e-02
-5.300000000000000266e-01 9.483806954931210953e-01 -5.300000000000000544e-02
-5.100000000000000089e-01 9.502792908655500748e-01 -5.100000000000000366e-02
-4.899999999999999911e-01 9.521816357868208014e-01 -4.900000000000000189e-02
-4.699999999999999734e-01 9.540877563472884848e-01 -4.700000000000000011e-02
-4.499999999999999556e-01 9.559976916347299181e-01 -4.499999999999999833e-02
-4.299999999999999933e-01 9.579114790117506661e-01 -4.300000000000000350e-02
-4.100000000000000311e-01 9.598291419731810326e-01 -4.100000000000000866e-02
-3.900000000000000133e-01 9.617506868901006811e-01 -3.900000000000000688e-02
-3.699999999999999956e-01 9.636761083834808339e-01 -3.699999999999999817e-02
-3.499999999999999778e-01 9.656053982142343006e-01 -3.499999999999999639e-02
-3.299999999999999600e-01 9.675385521818004042e-01 -3.299999999999999462e-02
-3.099999999999999423e-01 9.694755724867791802e-01 -3.099999999999999631e-02
-2.899999999999999800e-01 9.714164663565227897e-01 -2.899999999999999800e-02
-2.700000000000000178e-01 9.733612432918783419e-01 -2.700000000000000316e-02
-2.500000000000000000e-01 9.753099128870603707e-01 -2.500000000000000139e-02
-2.299999999999999822e-01 9.772624839250734219e-01 -2.299999999999999961e-02
-2.099999999999999645e-01 9.792189644400668413e-01 -2.099999999999999784e-02
-1.899999999999999467e-01 9.811793621063961135e-01 -1.899999999999999606e-02
-1.699999999999999845e-01 9.831436845638057420e-01 -1.699999999999999775e-02
-1.500000000000000222e-01 9.851119395874267104e-01 -1.500000000000000291e-02
-1.300000000000000044e-01 9.870841350477799203e-01 -1.300000000000000114e-02
-1.099999999999999867e-01 9.890602787910078852e-01 -1.099999999999999936e-02
-8.999999999999996891e-02 9.910403787348027738e-01 -8.999999999999997585e-03
-6.999999999999995115e-02 9.930244429281964713e-01 -6.999999999999995809e-03
-4.999999999999998890e-02 9.950124792697263576e-01 -4.999999999999999237e-03
-3.000000000000002665e-02 9.970044955566382816e-01 -3.000000000000002665e-03
-1.000000000000000888e-02 9.990004997562813571e-01 -1.000000000000000888e-03
1.000000000000000888e-02 1.682803408909864018e+00 5.100000000000000089e-01
3.000000000000002665e-02 1.716802871838695843e+00 5.300000000000000266e-01
5.000000000000004441e-02 1.751489262253894896e+00 5.500000000000000444e-01
7.000000000000006217e-02 1.786876459010401152e+00 5.700000000000000622e-01
9.000000000000007994e-02 1.822978621203964478e+00 5.900000000000000799e-01
1.100000000000000977e-01 1.859810193760061736e+00 6.100000000000000977e-01
1.300000000000001155e-01 1.897385913236187660e+00 6.300000000000001155e-01
1.500000000000000222e-01 1.935715684950061632e+00 6.500000000000000222e-01
1.699999999999999289e-01 1.974819704781964003e+00 6.699999999999999289e-01
1.899999999999999467e-01 2.014713721023936976e+00 6.899999999999999467e-01
2.099999999999999645e-01 2.055413631632152960e+00 7.099999999999999645e-01
2.299999999999999822e-01 2.096935738482507805e+00 7.299999999999999822e-01
2.500000000000000000e-01 2.139296650630049257e+00 7.500000000000000000e-01
2.700000000000000178e-01 2.182513314043878605e+00 7.700000000000000178e-01
2.900000000000000355e-01 2.226603016766542265e+00 7.900000000000000355e-01
3.100000000000000533e-01 2.271583394395358724e+00 8.100000000000000533e-01
3.300000000000000711e-01 2.317472436944687075e+00 8.300000000000000711e-01
3.500000000000000888e-01 2.364288496253132976e+00 8.500000000000000888e-01
3.700000000000001066e-01 2.412050293517425281e+00 8.700000000000001066e-01
3.900000000000001243e-01 2.460776929289701265e+00 8.900000000000001243e-01
4.100000000000000311e-01 2.510487889659822613e+00 9.100000000000000311e-01
4.299999999999999378e-01 2.561203061989697272e+00 9.299999999999999378e-01
4.499999999999999556e-01 2.612942733608654589e+00 9.499999999999999556e-01
4.699999999999999734e-01 2.665727615571359621e+00 9.699999999999999734e-01
4.899999999999999911e-01 2.719578841974917172e+00 9.899999999999999911e-01
5.100000000000000089e-01 4.199128287462187359e+00 1.410000000000000142e+00
5.300000000000000266e-01 4.283967734461622712e+00 1.430000000000000160e+00
5.500000000000000444e-01 4.370521320093546436e+00 1.450000000000000178e+00
5.700000000000000622e-01 4.458823684362686279e+00 1.470000000000000195e+00
5.900000000000000799e-01 4.548910165490589463e+00 1.490000000000000213e+00
6.100000000000000977e-01 4.640816810165799389e+00 1.510000000000000231e+00
6.300000000000001155e-01 4.734580395912683315e+00 1.530000000000000249e+00
6.500000000000001332e-01 4.830225623755765696e+00 1.550000000000000266e+00
6.700000000000000400e-01 4.927802911511415473e+00 1.570000000000000062e+00
6.899999999999999467e-01 5.027351458044613253e+00 1.589999999999999858e+00
7.099999999999999645e-01 5.128911129745321595e+00 1.609999999999999876e+00
7.299999999999999822e-01 5.232522002542943085e+00 1.629999999999999893e+00
7.500000000000000000e-01 5.338226999179397581e+00 1.649999999999999911e+00
7.700000000000000178e-01 5.446064390437351577e+00 1.669999999999999929e+00
7.900000000000000355e-01 5.556087755875012135e+00 1.689999999999999947e+00
8.100000000000000533e-01 5.668313488340659845e+00 1.709999999999999964e+00
8.300000000000000711e-01 5.782859073236335412e+00 1.729999999999999982e+00
8.500000000000000888e-01 5.899579083473564189e+00 1.750000000000000000e+00
8.700000000000001066e-01 6.019023648143528860e+00 1.770000000000000018e+00
8.900000000000001243e-01 6.139914926015952901e+00 1.790000000000000036e+00
9.100000000000000311e-01 6.265791406418145471e+00 1.810000000000000053e+00
9.299999999999999378e-01 6.387513233390401446e+00 1.830000000000000071e+00
9.499999999999999556e-01 6.529321048478453626e+00 1.850000000000000089e+00
9.699999999999999734e-01 6.627536786402522750e+00 1.870000000000000107e+00
9.899999999999999911e-01 6.849756126363709896e+00 1.890000000000000124e+00
