-9.899999999999999911e-01 9.057437923409710212e-01 -9.900000000000000466e-02
-9.699999999999999734e-01 9.075565010365331808e-01 -9.700000000000000289e-02
-9.499999999999999556e-01 9.093735627830286106e-01 -9.500000000000000111e-02
-9.299999999999999378e-01 9.111941310273833361e-01 -9.299999999999999933e-02
-9.100000000000000311e-01 9.130183422827826689e-01 -9.100000000000001144e-02
-8.900000000000000133e-01 9.148462062094385727e-01 -8.900000000000000966e-02
-8.699999999999999956e-01 9.166777301110542453e-01 -8.700000000000000788e-02
-8.499999999999999778e-01 9.185129210708953273e-01 -8.500000000000000611e-02
-8.300000000000000711e-01 9.203517841671038369e-01 -8.300000000000001821e-02
-8.100000000000000533e-01 9.221943254752424934e-01 -8.100000000000001643e-02
-7.900000000000000355e-01 9.240405569614131842e-01 -7.900000000000001465e-02
-7.700000000000000178e-01 9.258904952852917702e-01 -7.700000000000001288e-02
-7.500000000000000000e-01 9.277441503788028676e-01 -7.500000000000001110e-02
-7.299999999999999822e-01 9.296015133264277086e-01 -7.299999999999999545e-02
-7.099999999999999645e-01 9.314625593294874051e-01 -7.099999999999999367e-02
-6.899999999999999467e-01 9.333272688333673628e-01 -6.899999999999999190e-02
-6.699999999999999289e-01 9.351956502808649319e-01 -6.699999999999999012e-02
-6.499999999999999112e-01 9.370677439135828291e-01 -6.499999999999998834e-02
-6.300000000000000044e-01 9.389436027868597323e-01 -6.300000000000000044e-02
-6.099999999999999867e-01 9.408232668630912565e-01 -6.099999999999999867e-02
-5.900000000000000799e-01 9.427067495064129776e-01 -5.900000000000001077e-02
-5.700000000000000622e-01 9.445940425444401267e-01 -5.700000000000000899e-02
-5.500000000000000444e-01 9.464851313102170538e-01 -5.500000000000000722e-02
-5.300000000000000266e-01 9.483800071539760790e-01 -5.300000000000000544e-02
-5.100000000000000089e-01 9.502786712740651787e-01 -5.100000000000000366e-02
-4.899999999999999911e-01 9.521811317447300693e-01 -4.900000000000000189e-02
-4.699999999999999734e-01 9.540873988427845953e-01 -4.700000000000000011e-02
-4.499999999999999556e-01 9.559974821537684520e-01 -4.499999999999999833e-02
-4.299999999999999933e-01 9.579113899604332349e-01 -4.300000000000000350e-02
-4.100000000000000311e-01 9.598291298013841288e-01 -4.100000000000000866e-02
-3.900000000000000133e-01 9.617507090804280345e-01 -3.900000000000000688e-02
-3.699999999999999956e-01 9.636761353425609133e-01 -3.699999999999999817e-02
-3.499999999999999778e-01 9.656054162729160728e-01 -3.499999999999999639e-02
-3.299999999999999600e-01 9.675385595900727331e-01 -3.299999999999999462e-02
-3.099999999999999423e-01 9.694755730820407980e-01 -3.099999999999999631e-02
-2.899999999999999800e-01 9.714164644799334614e-01 -2.899999999999999800e-02
-2.700000000000000178e-01 9.733612414777108590e-01 -2.700000000000000316e-02
-2.500000000000000000e-01 9.753099120765398311e-01 -2.500000000000000139e-02
-2.299999999999999822e-01 9.772624838337922171e-01 -2.299999999999999961e-02
-2.099999999999999645e-01 9.792189643051838477e-01 -2.099999999999999784e-02
-1.899999999999999467e-01 9.811793624661845348e-01 -1.899999999999999606e-02
-1.699999999999999845e-01 9.831436851397469256e-01 -1.699999999999999775e-02
-1.500000000000000222e-01 9.851119383250666051e-01 -1.500000000000000291e-02
-1.300000000000000044e-01 9.870841348887513522e-01 -1.300000000000000114e-02
-1.099999999999999867e-01 9.890602823239316166e-01 -1.099999999999999936e-02
-8.999999999999996891e-02 9.910403769906622751e-01 -8.999999999999997585e-03
-6.999999999999995115e-02 9.930244355003636780e-01 -6.999999999999995809e-03
-4.999999999999998890e-02 9.950124825349058177e-01 -4.999999999999999237e-03
-3.000000000000002665e-02 9.970045102720511698e-01 -3.000000000000002665e-03
-1.000000000000000888e-02 9.990005169283517894e-01 -1.000000000000000888e-03
1.000000000000000888e-02 1.682803410811521960e+00 5.100000000000000089e-01
3.000000000000002665e-02 1.716802820087740988e+00 5.300000000000000266e-01
5.000000000000004441e-02 1.751489146262901642e+00 5.500000000000000444e-01
7.000000000000006217e-02 1.786876305052945257e+00 5.700000000000000622e-01
9.000000000000007994e-02 1.822978505588679354e+00 5.900000000000000799e-01
1.100000000000000977e-01 1.859810235968278214e+00 6.100000000000000977e-01
1.300000000000001155e-01 1.897386235520209796e+00 6.300000000000001155e-01
1.500000000000000222e-01 1.935716337779167073e+00 6.500000000000000222e-01
1.699999999999999289e-01 1.974820571723011176e+00 6.699999999999999289e-01
1.899999999999999467e-01 2.014714442379715642e+00 6.899999999999999467e-01
2.099999999999999645e-01 2.055413607249520158e+00 7.099999999999999645e-01
2.299999999999999822e-01 2.096934273330487208e+00 7.299999999999999822e-01
2.500000000000000000e-01 2.139293277213480948e+00 7.500000000000000000e-01
2.700000000000000178e-01 2.182508264919814867e+00 7.700000000000000178e-01
2.900000000000000355e-01 2.226597735603005557e+00 7.900000000000000355e-01
3.100000000000000533e-01 2.271580759016303297e+00 8.100000000000000533e-01
3.300000000000000711e-01 2.317476439741994465e+00 8.300000000000000711e-01
3.500000000000000888e-01 2.364302836370568262e+00 8.500000000000000888e-01
3.700000000000001066e-01 2.412075936082642702e+00 8.700000000000001066e-01
3.900000000000001243e-01 2.460809818889915235e+00 8.900000000000001243e-01
4.100000000000000311e-01 2.510515431042950052e+00 9.100000000000000311e-01
4.299999999999999378e-01 2.561208692287531896e+00 9.299999999999999378e-01
4.499999999999999556e-01 2.612904060868109113e+00 9.499999999999999556e-01
4.699999999999999734e-01 2.665633358121983321e+00 9.699999999999999734e-01
4.899999999999999911e-01 2.719439974110008151e+00 9.899999999999999911e-01
5.100000000000000089e-01 4.198887089345229917e+00 1.410000000000000142e+00
5.300000000000000266e-01 4.283720482531123253e+00 1.430000000000000160e+00
5.500000000000000444e-01 4.370305848532196613e+00 1.450000000000000178e+00
5.700000000000000622e-01 4.458685607972457277e+00 1.470000000000000195e+00
5.900000000000000799e-01 4.548897553102419167e+00 1.490000000000000213e+00
6.100000000000000977e-01 4.640973796395982731e+00 1.510000000000000231e+00
6.300000000000001155e-01 4.734940046882828213e+00 1.530000000000000249e+00
6.500000000000001332e-01 4.830803109105531234e+00 1.550000000000000266e+00
6.700000000000000400e-01 4.928589787186611559e+00 1.570000000000000062e+00
6.899999999999999467e-01 5.028311595633685016e+00 1.589999999999999858e+00
7.099999999999999645e-01 5.129979390405644324e+00 1.609999999999999876e+00
7.299999999999999822e-01 5.233605902350763728e+00 1.629999999999999893e+00
7.500000000000000000e-01 5.339211739369070564e+00 1.649999999999999911e+00
7.700000000000000178e-01 5.446820341123484788e+00 1.669999999999999929e+00
7.900000000000000355e-01 5.556481678359733500e+00 1.689999999999999947e+00
8.100000000000000533e-01 5.668218124364777566e+00 1.709999999999999964e+00
8.300000000000000711e-01 5.782170947220734547e+00 1.729999999999999982e+00
8.500000000000000888e-01 5.898218542040522649e+00 1.750000000000000000e+00
8.700000000000001066e-01 6.016970226578116865e+00 1.770000000000000018e+00
8.900000000000001243e-01 6.137165795423191739e+00 1.790000000000000036e+00
9.100000000000000311e-01 6.262451983304714531e+00 1.810000000000000053e+00
9.299999999999999378e-01 6.383678890308299714e+00 1.830000000000000071e+00
9.499999999999999556e-01 6.525126401479319327e+00 1.850000000000000089e+00
9.699999999999999734e-01 6.623620051967660238e+00 1.870000000000000107e+00
9.899999999999999911e-01 6.844642828532479406e+00 1.890000000000000124e+00
