-9.899999999999999911e-01 9.057437923329718643e-01 -9.900000000000000466e-02
-9.699999999999999734e-01 9.075565008928281330e-01 -9.700000000000000289e-02
-9.499999999999999556e-01 9.093735628006387461e-01 -9.500000000000000111e-02
-9.299999999999999378e-01 9.111941319057740296e-01 -9.299999999999999933e-02
-9.100000000000000311e-01 9.130183428872413742e-01 -9.100000000000001144e-02
-8.900000000000000133e-01 9.148462029720181299e-01 -8.900000000000000966e-02
-8.699999999999999956e-01 9.166777236838759002e-01 -8.700000000000000788e-02
-8.499999999999999778e-01 9.185129238352637282e-01 -8.500000000000000611e-02
-8.300000000000000711e-01 9.203518115222010243e-01 -8.300000000000001821e-02
-8.100000000000000533e-01 9.221943678013480028e-01 -8.100000000000001643e-02
-7.900000000000000355e-01 9.240405577693968642e-01 -7.900000000000001465e-02
-7.700000000000000178e-01 9.258903665258342297e-01 -7.700000000000001288e-02
-7.500000000000000000e-01 9.277438243680253827e-01 -7.500000000000001110e-02
-7.299999999999999822e-01 9.296009939972547098e-01 -7.299999999999999545e-02
-7.099999999999999645e-01 9.314619323079337265e-01 -7.099999999999999367e-02
-6.899999999999999467e-01 9.333266622130893531e-01 -6.899999999999999190e-02
-6.699999999999999289e-01 9.351951742156245917e-01 -6.699999999999999012e-02
-6.499999999999999112e-01 9.370674476595414193e-01 -6.499999999999998834e-02
-6.300000000000000044e-01 9.389434698140270985e-01 -6.300000000000000044e-02
-6.099999999999999867e-01 9.408232412913954956e-01 -6.099999999999999867e-02
-5.900000000000000799e-01 9.427067711358805280e-01 -5.900000000000001077e-02
-5.700000000000000622e-01 9.445940702302095815e-01 -5.700000000000000899e-02
-5.500000000000000444e-01 9.464851480025078256e-01 -5.500000000000000722e-02
-5.300000000000000266e-01 9.483800123129718651e-01 -5.300000000000000544e-02
-5.100000000000000089e-01 9.502786704270245188e-01 -5.100000000000000366e-02
-4.899999999999999911e-01 9.521811296776687694e-01 -4.900000000000000189e-02
-4.699999999999999734e-01 9.540873976011470248e-01 -4.700000000000000011e-02
-4.499999999999999556e-01 9.559974818428536025e-01 -4.499999999999999833e-02
-4.299999999999999933e-01 9.579113900692969308e-01 -4.300000000000000350e-02
-4.100000000000000311e-01 9.598291299487553552e-01 -4.100000000000000866e-02
-3.900000000000000133e-01 9.617507091409318587e-01 -3.900000000000000688e-02
-3.699999999999999956e-01 9.636761353624613280e-01 -3.699999999999999817e-02
-3.499999999999999778e-01 9.656054162225994331e-01 -3.499999999999999639e-02
-3.299999999999999600e-01 9.675385596653151010e-01 -3.299999999999999462e-02
-3.099999999999999423e-01 9.694755729451449699e-01 -3.099999999999999631e-02
-2.899999999999999800e-01 9.714164646043743634e-01 -2.899999999999999800e-02
-2.700000000000000178e-01 9.733612415936619966e-01 -2.700000000000000316e-02
-2.500000000000000000e-01 9.753099113296748168e-01 -2.500000000000000139e-02
-2.299999999999999822e-01 9.772624853303216730e-01 -2.299999999999999961e-02
-2.099999999999999645e-01 9.792189633480121724e-01 -2.099999999999999784e-02
-1.899999999999999467e-01 9.811793595273314850e-01 -1.899999999999999606e-02
-1.699999999999999845e-01 9.831436937919489916e-01 -1.699999999999999775e-02
-1.500000000000000222e-01 9.851119332321294220e-01 -1.500000000000000291e-02
-1.300000000000000044e-01 9.870841159323714420e-01 -1.300000000000000114e-02
-1.099999999999999867e-01 9.890603184925290670e-01 -1.099999999999999936e-02
-8.999999999999996891e-02 9.910403972098674741e-01 -8.999999999999997585e-03
-6.999999999999995115e-02 9.930243378936800536e-01 -6.999999999999995809e-03
-4.999999999999998890e-02 9.950124434479727942e-01 -4.999999999999999237e-03
-3.000000000000002665e-02 9.970046696731331703e-01 -3.000000000000002665e-03
-1.000000000000000888e-02 9.990009250829107179e-01 -1.000000000000000888e-03
1.000000000000000888e-02 1.682804012875887878e+00 5.100000000000000089e-01
3.000000000000002665e-02 1.716802713461163865e+00 5.300000000000000266e-01
5.000000000000004441e-02 1.751487570025717755e+00 5.500000000000000444e-01
7.000000000000006217e-02 1.786872968508052217e+00 5.700000000000000622e-01
9.000000000000007994e-02 1.822974402668877225e+00 5.900000000000000799e-01
1.100000000000000977e-01 1.859808253972900616e+00 6.100000000000000977e-01
1.300000000000001155e-01 1.897390735347048496e+00 6.300000000000001155e-01
1.500000000000000222e-01 1.935730970727017608e+00 6.500000000000000222e-01
1.699999999999999289e-01 1.974844144248707911e+00 6.699999999999999289e-01
1.899999999999999467e-01 2.014736312582193545e+00 6.899999999999999467e-01
2.099999999999999645e-01 2.055412777732923857e+00 7.099999999999999645e-01
2.299999999999999822e-01 2.096887221365755227e+00 7.299999999999999822e-01
2.500000000000000000e-01 2.139192027551310993e+00 7.500000000000000000e-01
2.700000000000000178e-01 2.182381535243940185e+00 7.700000000000000178e-01
2.900000000000000355e-01 2.226519399999438598e+00 7.900000000000000355e-01
3.100000000000000533e-01 2.271648506313230342e+00 8.100000000000000533e-01
3.300000000000000711e-01 2.317758738447556865e+00 8.300000000000000711e-01
3.500000000000000888e-01 2.364770195686341836e+00 8.500000000000000888e-01
3.700000000000001066e-01 2.412563834426797893e+00 8.700000000000001066e-01
3.900000000000001243e-01 2.461039039131355022e+00 8.900000000000001243e-01
4.100000000000000311e-01 2.510197323434375516e+00 9.100000000000000311e-01
4.299999999999999378e-01 2.560219747027634440e+00 9.299999999999999378e-01
4.499999999999999556e-01 2.611325766675684168e+00 9.499999999999999556e-01
4.699999999999999734e-01 2.664068940413498954e+00 9.699999999999999734e-01
4.899999999999999911e-01 2.718301384496989215e+00 9.899999999999999911e-01
5.100000000000000089e-01 4.198171952163050946e+00 1.410000000000000142e+00
5.300000000000000266e-01 4.284478732990384842e+00 1.430000000000000160e+00
5.500000000000000444e-01 4.372835912385128587e+00 1.450000000000000178e+00
5.700000000000000622e-01 4.463086860991879234e+00 1.470000000000000195e+00
5.900000000000000799e-01 4.555032714231553648e+00 1.490000000000000213e+00
6.100000000000000977e-01 4.648452009440112498e+00 1.510000000000000231e+00
6.300000000000001155e-01 4.743125526831297734e+00 1.530000000000000249e+00
6.500000000000001332e-01 4.838853530347376974e+00 1.550000000000000266e+00
6.700000000000000400e-01 4.935505835788982054e+00 1.570000000000000062e+00
6.899999999999999467e-01 5.033011398931584779e+00 1.589999999999999858e+00
7.099999999999999645e-01 5.131379722061872428e+00 1.609999999999999876e+00
7.299999999999999822e-01 5.230704112611357814e+00 1.629999999999999893e+00
7.500000000000000000e-01 5.331157592559771174e+00 1.649999999999999911e+00
7.700000000000000178e-01 5.432974570544784498e+00 1.669999999999999929e+00
7.900000000000000355e-01 5.536441633101667925e+00 1.689999999999999947e+00
8.100000000000000533e-01 5.641843172313883770e+00 1.709999999999999964e+00
8.300000000000000711e-01 5.749516167264490107e+00 1.729999999999999982e+00
8.500000000000000888e-01 5.859621510728822535e+00 1.750000000000000000e+00
8.700000000000001066e-01 5.972674281592059486e+00 1.770000000000000018e+00
8.900000000000001243e-01 6.088103326158648798e+00 1.790000000000000036e+00
9.100000000000000311e-01 6.208009929945673022e+00 1.810000000000000053e+00
9.299999999999999378e-01 6.327294524699022205e+00 1.830000000000000071e+00
9.499999999999999556e-01 6.459621041282071374e+00 1.850000000000000089e+00
9.699999999999999734e-01 6.569136747717153391e+00 1.870000000000000107e+00
9.899999999999999911e-01 6.750279245992147459e+00 1.890000000000000124e+00
