-9.899999999999999911e-01 9.057437923442062111e-01 -9.900000000000000466e-02
-9.699999999999999734e-01 9.075565010412875999e-01 -9.700000000000000289e-02
-9.499999999999999556e-01 9.093735627544962119e-01 -9.500000000000000111e-02
-9.299999999999999378e-01 9.111941309886890661e-01 -9.299999999999999933e-02
-9.100000000000000311e-01 9.130183424052498165e-01 -9.100000000000001144e-02
-8.900000000000000133e-01 9.148462064652117531e-01 -8.900000000000000966e-02
-8.699999999999999956e-01 9.166777298325096135e-01 -8.700000000000000788e-02
-8.499999999999999778e-01 9.185129198110785209e-01 -8.500000000000000611e-02
-8.300000000000000711e-01 9.203517836765364724e-01 -8.300000000000001821e-02
-8.100000000000000533e-01 9.221943291602191506e-01 -8.100000000000001643e-02
-7.900000000000000355e-01 9.240405641450541996e-01 -7.900000000000001465e-02
-7.700000000000000178e-01 9.258904954809591414e-01 -7.700000000000001288e-02
-7.500000000000000000e-01 9.277441285650959157e-01 -7.500000000000001110e-02
-7.299999999999999822e-01 9.296014696571713865e-01 -7.299999999999999545e-02
-7.099999999999999645e-01 9.314625295269604033e-01 -7.099999999999999367e-02
-6.899999999999999467e-01 9.333273232499503802e-01 -6.899999999999999190e-02
-6.699999999999999289e-01 9.351958628756357195e-01 -6.699999999999999012e-02
-6.499999999999999112e-01 9.370681475894240275e-01 -6.499999999999998834e-02
-6.300000000000000044e-01 9.389441615955507192e-01 -6.300000000000000044e-02
-6.099999999999999867e-01 9.408238853421273529e-01 -6.099999999999999867e-02
-5.900000000000000799e-01 9.427073137208787923e-01 -5.900000000000001077e-02
-5.700000000000000622e-01 9.445944672660775421e-01 -5.700000000000000899e-02
-5.500000000000000444e-01 9.464853871610147129e-01 -5.500000000000000722e-02
-5.300000000000000266e-01 9.483801176566974966e-01 -5.300000000000000544e-02
-5.100000000000000089e-01 9.502786885465654976e-01 -5.100000000000000366e-02
-4.899999999999999911e-01 9.521811085121172358e-01 -4.900000000000000189e-02
-4.699999999999999734e-01 9.540873707918532398e-01 -4.700000000000000011e-02
-4.499999999999999556e-01 9.559974645081698030e-01 -4.499999999999999833e-02
-4.299999999999999933e-01 9.579113836590293918e-01 -4.300000000000000350e-02
-4.100000000000000311e-01 9.598291300184071950e-01 -4.100000000000000866e-02
-3.900000000000000133e-01 9.617507111500676054e-01 -3.900000000000000688e-02
-3.699999999999999956e-01 9.636761368904201985e-01 -3.699999999999999817e-02
-3.499999999999999778e-01 9.656054168481755795e-01 -3.499999999999999639e-02
-3.299999999999999600e-01 9.675385595943899464e-01 -3.299999999999999462e-02
-3.099999999999999423e-01 9.694755729228724528e-01 -3.099999999999999631e-02
-2.899999999999999800e-01 9.714164643570571966e-01 -2.899999999999999800e-02
-2.700000000000000178e-01 9.733612414901917642e-01 -2.700000000000000316e-02
-2.500000000000000000e-01 9.753099120415680279e-01 -2.500000000000000139e-02
-2.299999999999999822e-01 9.772624837763905781e-01 -2.299999999999999961e-02
-2.099999999999999645e-01 9.792189645616002913e-01 -2.099999999999999784e-02
-1.899999999999999467e-01 9.811793622856495034e-01 -1.899999999999999606e-02
-1.699999999999999845e-01 9.831436846277971098e-01 -1.699999999999999775e-02
-1.500000000000000222e-01 9.851119394888440128e-01 -1.500000000000000291e-02
-1.300000000000000044e-01 9.870841351298100808e-01 -1.300000000000000114e-02
-1.099999999999999867e-01 9.890602789976870035e-01 -1.099999999999999936e-02
-8.999999999999996891e-02 9.910403784055590304e-01 -8.999999999999997585e-03
-6.999999999999995115e-02 9.930244425373453421e-01 -6.999999999999995809e-03
-4.999999999999998890e-02 9.950124798697856932e-01 -4.999999999999999237e-03
-3.000000000000002665e-02 9.970044965609978771e-01 -3.000000000000002665e-03
-1.000000000000000888e-02 9.990005000682760095e-01 -1.000000000000000888e-03
1.000000000000000888e-02 1.682803406773999200e+00 5.100000000000000089e-01
3.000000000000002665e-02 1.716802866237645997e+00 5.300000000000000266e-01
5.000000000000004441e-02 1.751489254458013178e+00 5.500000000000000444e-01
7.000000000000006217e-02 1.786876452820594707e+00 5.700000000000000622e-01
9.000000000000007994e-02 1.822978622198657694e+00 5.900000000000000799e-01
1.100000000000000977e-01 1.859810207056594500e+00 6.100000000000000977e-01
1.300000000000001155e-01 1.897385940195202902e+00 6.300000000000001155e-01
1.500000000000000222e-01 1.935715720103641235e+00 6.500000000000000222e-01
1.699999999999999289e-01 1.974819734262902138e+00 6.699999999999999289e-01
1.899999999999999467e-01 2.014713724176176335e+00 6.899999999999999467e-01
2.099999999999999645e-01 2.055413586603456189e+00 7.099999999999999645e-01
2.299999999999999822e-01 2.096935631591222204e+00 7.299999999999999822e-01
2.500000000000000000e-01 2.139296488047948586e+00 7.500000000000000000e-01
2.700000000000000178e-01 2.182513131810349449e+00 7.700000000000000178e-01
2.900000000000000355e-01 2.226602885792498654e+00 7.900000000000000355e-01
3.100000000000000533e-01 2.271583413007927987e+00 8.100000000000000533e-01
3.300000000000000711e-01 2.317472708349288091e+00 8.300000000000000711e-01
3.500000000000000888e-01 2.364289094030761706e+00 8.500000000000000888e-01
3.700000000000001066e-01 2.412051200093157544e+00 8.700000000000001066e-01
3.900000000000001243e-01 2.460778014876504827e+00 8.900000000000001243e-01
4.100000000000000311e-01 2.510488825259121093e+00 9.100000000000000311e-01
4.299999999999999378e-01 2.561203406564719565e+00 9.299999999999999378e-01
4.499999999999999556e-01 2.612941918441354261e+00 9.499999999999999556e-01
4.699999999999999734e-01 2.665725023133886928e+00 9.699999999999999734e-01
4.899999999999999911e-01 2.719574582897173354e+00 9.899999999999999911e-01
5.100000000000000089e-01 4.199120073631678274e+00 1.410000000000000142e+00
5.300000000000000266e-01 4.283957984497868132e+00 1.430000000000000160e+00
5.500000000000000444e-01 4.370510704101246091e+00 1.450000000000000178e+00
5.700000000000000622e-01 4.458813259885323177e+00 1.470000000000000195e+00
5.900000000000000799e-01 4.548901356628759274e+00 1.490000000000000213e+00
6.100000000000000977e-01 4.640811354244480214e+00 1.510000000000000231e+00
6.300000000000001155e-01 4.734580239828562576e+00 1.530000000000000249e+00
6.500000000000001332e-01 4.830232761227770233e+00 1.550000000000000266e+00
6.700000000000000400e-01 4.927819196079988195e+00 1.570000000000000062e+00
6.899999999999999467e-01 5.027378353986609483e+00 1.589999999999999858e+00
7.099999999999999645e-01 5.128949451276142213e+00 1.609999999999999876e+00
7.299999999999999822e-01 5.232571648890392169e+00 1.629999999999999893e+00
7.500000000000000000e-01 5.338286730406140990e+00 1.649999999999999911e+00
7.700000000000000178e-01 5.446131633082934798e+00 1.669999999999999929e+00
7.900000000000000355e-01 5.556158538586336348e+00 1.689999999999999947e+00
8.100000000000000533e-01 5.668382410695109286e+00 1.709999999999999964e+00
8.300000000000000711e-01 5.782919461373654535e+00 1.729999999999999982e+00
8.500000000000000888e-01 5.899623384756036870e+00 1.750000000000000000e+00
8.700000000000001066e-01 6.019043050802864947e+00 1.770000000000000018e+00
8.900000000000001243e-01 6.139902718270372262e+00 1.790000000000000036e+00
9.100000000000000311e-01 6.265734470599654493e+00 1.810000000000000053e+00
9.299999999999999378e-01 6.387419227174121694e+00 1.830000000000000071e+00
9.499999999999999556e-01 6.529145959645793695e+00 1.850000000000000089e+00
9.699999999999999734e-01 6.627378868248274379e+00 1.870000000000000107e+00
9.899999999999999911e-01 6.849363586006571580e+00 1.890000000000000124e+00
