-9.899999999999999911e-01 9.057427080235485040e-01 -9.900000000000000466e-02
-9.699999999999999734e-01 9.075560061332726969e-01 -9.700000000000000289e-02
-9.499999999999999556e-01 9.093729344682314197e-01 -9.500000000000000111e-02
-9.299999999999999378e-01 9.111935002961405461e-01 -9.299999999999999933e-02
-9.100000000000000311e-01 9.130177108992657553e-01 -9.100000000000001144e-02
-8.900000000000000133e-01 9.148455735744519535e-01 -8.900000000000000966e-02
-8.699999999999999956e-01 9.166770956331522502e-01 -8.700000000000000788e-02
-8.499999999999999778e-01 9.185122844014573795e-01 -8.500000000000000611e-02
-8.300000000000000711e-01 9.203511472201246768e-01 -8.300000000000001821e-02
-8.100000000000000533e-01 9.221936914446080547e-01 -8.100000000000001643e-02
-7.900000000000000355e-01 9.240399244450867577e-01 -7.900000000000001465e-02
-7.700000000000000178e-01 9.258898536064953388e-01 -7.700000000000001288e-02
-7.500000000000000000e-01 9.277434863285528577e-01 -7.500000000000001110e-02
-7.299999999999999822e-01 9.296008300257927459e-01 -7.299999999999999545e-02
-7.099999999999999645e-01 9.314618921275921171e-01 -7.099999999999999367e-02
-6.899999999999999467e-01 9.333266800782019645e-01 -6.899999999999999190e-02
-6.699999999999999289e-01 9.351952013367765826e-01 -6.699999999999999012e-02
-6.499999999999999112e-01 9.370674633774034312e-01 -6.499999999999998834e-02
-6.300000000000000044e-01 9.389434736891332234e-01 -6.300000000000000044e-02
-6.099999999999999867e-01 9.408232397760096788e-01 -6.099999999999999867e-02
-5.900000000000000799e-01 9.427067691570997221e-01 -5.900000000000001077e-02
-5.700000000000000622e-01 9.445940693665233479e-01 -5.700000000000000899e-02
-5.500000000000000444e-01 9.464851479534838186e-01 -5.500000000000000722e-02
-5.300000000000000266e-01 9.483800124822981958e-01 -5.300000000000000544e-02
-5.100000000000000089e-01 9.502786705324269834e-01 -5.100000000000000366e-02
-4.899999999999999911e-01 9.521811296985048800e-01 -4.900000000000000189e-02
-4.699999999999999734e-01 9.540873975903710891e-01 -4.700000000000000011e-02
-4.499999999999999556e-01 9.559974818330999602e-01 -4.499999999999999833e-02
-4.299999999999999933e-01 9.579113900670306325e-01 -4.300000000000000350e-02
-4.100000000000000311e-01 9.598291299477988980e-01 -4.100000000000000866e-02
-3.900000000000000133e-01 9.617507091463667335e-01 -3.900000000000000688e-02
-3.699999999999999956e-01 9.636761353490534976e-01 -3.699999999999999817e-02
-3.499999999999999778e-01 9.656054162575664623e-01 -3.499999999999999639e-02
-3.299999999999999600e-01 9.675385595890320101e-01 -3.299999999999999462e-02
-3.099999999999999423e-01 9.694755730760259427e-01 -3.099999999999999631e-02
-2.899999999999999800e-01 9.714164644666047899e-01 -2.899999999999999800e-02
-2.700000000000000178e-01 9.733612415243367844e-01 -2.700000000000000316e-02
-2.500000000000000000e-01 9.753099120283326151e-01 -2.500000000000000139e-02
-2.299999999999999822e-01 9.772624837732770686e-01 -2.299999999999999961e-02
-2.099999999999999645e-01 9.792189645694595601e-01 -2.099999999999999784e-02
-1.899999999999999467e-01 9.811793622428059969e-01 -1.899999999999999606e-02
-1.699999999999999845e-01 9.831436846349096426e-01 -1.699999999999999775e-02
-1.500000000000000222e-01 9.851119396030626474e-01 -1.500000000000000291e-02
-1.300000000000000044e-01 9.870841350202875786e-01 -1.300000000000000114e-02
-1.099999999999999867e-01 9.890602787753687286e-01 -1.099999999999999936e-02
-8.999999999999996891e-02 9.910403787728836456e-01 -8.999999999999997585e-03
-6.999999999999995115e-02 9.930244429332351075e-01 -6.999999999999995809e-03
-4.999999999999998890e-02 9.950124791926823198e-01 -4.999999999999999237e-03
-3.000000000000002665e-02 9.970044955033730005e-01 -3.000000000000002665e-03
-1.000000000000000888e-02 9.990004998333750219e-01 -1.000000000000000888e-03
1.000000000000000888e-02 1.665291194945886399e+00 5.100000000000000089e-01
3.000000000000002665e-02 1.698932308618550602e+00 5.300000000000000266e-01
5.000000000000004441e-02 1.733253017867395274e+00 5.500000000000000444e-01
7.000000000000006217e-02 1.768267051433735304e+00 5.700000000000000622e-01
9.000000000000007994e-02 1.803988415397857148e+00 5.900000000000000799e-01
1.100000000000000977e-01 1.840431398781637640e+00 6.100000000000000977e-01
1.300000000000001155e-01 1.877610579264343382e+00 6.300000000000001155e-01
1.500000000000000222e-01 1.915540829013896218e+00 6.500000000000000222e-01
1.699999999999999289e-01 1.954237320635939357e+00 6.699999999999999289e-01
1.899999999999999467e-01 1.993715533243082261e+00 6.899999999999999467e-01
2.099999999999999645e-01 2.033991258646750566e+00 7.099999999999999645e-01
2.299999999999999822e-01 2.075080607674122390e+00 7.299999999999999822e-01
2.500000000000000000e-01 2.117000016612674784e+00 7.500000000000000000e-01
2.700000000000000178e-01 2.159766253784915158e+00 7.700000000000000178e-01
2.900000000000000355e-01 2.203396426255936902e+00 7.900000000000000355e-01
3.100000000000000533e-01 2.247907986676471737e+00 8.100000000000000533e-01
3.300000000000000711e-01 2.293318740264183031e+00 8.300000000000000711e-01
3.500000000000000888e-01 2.339646851925991200e+00 8.500000000000000888e-01
3.700000000000001066e-01 2.386910853524276899e+00 8.700000000000001066e-01
3.900000000000001243e-01 2.435129651289874797e+00 8.900000000000001243e-01
4.100000000000000311e-01 2.484322533384816456e+00 9.100000000000000311e-01
4.299999999999999378e-01 2.534509177617854547e+00 9.299999999999999378e-01
4.499999999999999556e-01 2.585709659315845954e+00 9.499999999999999556e-01
4.699999999999999734e-01 2.637944459354152560e+00 9.699999999999999734e-01
4.899999999999999911e-01 2.691234472349262052e+00 9.899999999999999911e-01
5.100000000000000089e-01 4.095955404071176531e+00 1.410000000000000142e+00
5.300000000000000266e-01 4.178699191923247014e+00 1.430000000000000160e+00
5.500000000000000444e-01 4.263114515168818563e+00 1.450000000000000178e+00
5.700000000000000622e-01 4.349235141062742116e+00 1.470000000000000195e+00
5.900000000000000799e-01 4.437095519003665167e+00 1.490000000000000213e+00
6.100000000000000977e-01 4.526730794314253181e+00 1.510000000000000231e+00
6.300000000000001155e-01 4.618176822299782103e+00 1.530000000000000249e+00
6.500000000000001332e-01 4.711470182590742795e+00 1.550000000000000266e+00
6.700000000000000400e-01 4.806648193775178157e+00 1.570000000000000062e+00
6.899999999999999467e-01 4.903748928326621126e+00 1.589999999999999858e+00
7.099999999999999645e-01 5.002811227833587004e+00 1.609999999999999876e+00
7.299999999999999822e-01 5.103874718536725474e+00 1.629999999999999893e+00
7.500000000000000000e-01 5.206979827179848641e+00 1.649999999999999911e+00
7.700000000000000178e-01 5.312167797181166939e+00 1.669999999999999929e+00
7.900000000000000355e-01 5.419480705131205944e+00 1.689999999999999947e+00
8.100000000000000533e-01 5.528961477624004139e+00 1.709999999999999964e+00
8.300000000000000711e-01 5.640653908428320484e+00 1.729999999999999982e+00
8.500000000000000888e-01 5.754602676005730721e+00 1.750000000000000000e+00
8.700000000000001066e-01 5.870853361382601499e+00 1.770000000000000018e+00
8.900000000000001243e-01 5.989452466383113460e+00 1.790000000000000036e+00
9.100000000000000311e-01 6.110447432230610154e+00 1.810000000000000053e+00
9.299999999999999378e-01 6.233886658524717461e+00 1.830000000000000071e+00
9.499999999999999556e-01 6.359819522601831920e+00 1.850000000000000089e+00
9.699999999999999734e-01 6.488296399286712202e+00 1.870000000000000107e+00
9.899999999999999911e-01 6.619368681043078517e+00 1.890000000000000124e+00
