-9.899999999999999911e-01 9.057437923444563443e-01 -9.900000000000000466e-02
-9.699999999999999734e-01 9.075565010405257649e-01 -9.700000000000000289e-02
-9.499999999999999556e-01 9.093735627521031262e-01 -9.500000000000000111e-02
-9.299999999999999378e-01 9.111941309927832355e-01 -9.299999999999999933e-02
-9.100000000000000311e-01 9.130183424186575358e-01 -9.100000000000001144e-02
-8.900000000000000133e-01 9.148462064536436733e-01 -8.900000000000000966e-02
-8.699999999999999956e-01 9.166777297704937766e-01 -8.700000000000000788e-02
-8.499999999999999778e-01 9.185129198080774771e-01 -8.500000000000000611e-02
-8.300000000000000711e-01 9.203517838991239763e-01 -8.300000000000001821e-02
-8.100000000000000533e-01 9.221943293979935063e-01 -8.100000000000001643e-02
-7.900000000000000355e-01 9.240405636747693885e-01 -7.900000000000001465e-02
-7.700000000000000178e-01 9.258904941160791546e-01 -7.700000000000001288e-02
-7.500000000000000000e-01 9.277441281234279913e-01 -7.500000000000001110e-02
-7.299999999999999822e-01 9.296014731075954440e-01 -7.299999999999999545e-02
-7.099999999999999645e-01 9.314625364895647852e-01 -7.099999999999999367e-02
-6.899999999999999467e-01 9.333273257166532222e-01 -6.899999999999999190e-02
-6.699999999999999289e-01 9.351958482745327261e-01 -6.699999999999999012e-02
-6.499999999999999112e-01 9.370681116571601965e-01 -6.499999999999998834e-02
-6.300000000000000044e-01 9.389441233054239833e-01 -6.300000000000000044e-02
-6.099999999999999867e-01 9.408238906135718560e-01 -6.099999999999999867e-02
-5.900000000000000799e-01 9.427074210835693080e-01 -5.900000000000001077e-02
-5.700000000000000622e-01 9.445947224996544822e-01 -5.700000000000000899e-02
-5.500000000000000444e-01 9.464858028038245497e-01 -5.500000000000000722e-02
-5.300000000000000266e-01 9.483806695449024105e-01 -5.300000000000000544e-02
-5.100000000000000089e-01 9.502793293726159440e-01 -5.100000000000000366e-02
-4.899999999999999911e-01 9.521817884383880770e-01 -4.900000000000000189e-02
-4.699999999999999734e-01 9.540880540017703249e-01 -4.700000000000000011e-02
-4.499999999999999556e-01 9.559981361422010826e-01 -4.499999999999999833e-02
-4.299999999999999933e-01 9.579120475231523990e-01 -4.300000000000000350e-02
-4.100000000000000311e-01 9.598298000262903695e-01 -4.100000000000000866e-02
-3.900000000000000133e-01 9.617513996431369394e-01 -3.900000000000000688e-02
-3.699999999999999956e-01 9.636768432891502645e-01 -3.699999999999999817e-02
-3.499999999999999778e-01 9.656061209108739440e-01 -3.499999999999999639e-02
-3.299999999999999600e-01 9.675392230266272042e-01 -3.299999999999999462e-02
-3.099999999999999423e-01 9.694761498761927943e-01 -3.099999999999999631e-02
-2.899999999999999800e-01 9.714169167282631356e-01 -2.899999999999999800e-02
-2.700000000000000178e-01 9.733615519821905426e-01 -2.700000000000000316e-02
-2.500000000000000000e-01 9.753100890435761894e-01 -2.500000000000000139e-02
-2.299999999999999822e-01 9.772625564905168538e-01 -2.299999999999999961e-02
-2.099999999999999645e-01 9.792189715305331665e-01 -2.099999999999999784e-02
-1.899999999999999467e-01 9.811793392688855642e-01 -1.899999999999999606e-02
-1.699999999999999845e-01 9.831436568750817617e-01 -1.699999999999999775e-02
-1.500000000000000222e-01 9.851119195568259768e-01 -1.500000000000000291e-02
-1.300000000000000044e-01 9.870841252582179814e-01 -1.300000000000000114e-02
-1.099999999999999867e-01 9.890602765743221614e-01 -1.099999999999999936e-02
-8.999999999999996891e-02 9.910403801718001837e-01 -8.999999999999997585e-03
-6.999999999999995115e-02 9.930244450047642779e-01 -6.999999999999995809e-03
-4.999999999999998890e-02 9.950124805937115013e-01 -4.999999999999999237e-03
-3.000000000000002665e-02 9.970044960549198088e-01 -3.000000000000002665e-03
-1.000000000000000888e-02 9.990004998884600695e-01 -1.000000000000000888e-03
1.000000000000000888e-02 1.682803409096540026e+00 5.100000000000000089e-01
3.000000000000002665e-02 1.716802872090778198e+00 5.300000000000000266e-01
5.000000000000004441e-02 1.751489262437028849e+00 5.500000000000000444e-01
7.000000000000006217e-02 1.786876458796997413e+00 5.700000000000000622e-01
9.000000000000007994e-02 1.822978620250697901e+00 5.900000000000000799e-01
1.100000000000000977e-01 1.859810191967946835e+00 6.100000000000000977e-01
1.300000000000001155e-01 1.897385910986304935e+00 6.300000000000001155e-01
1.500000000000000222e-01 1.935715683177911428e+00 6.500000000000000222e-01
1.699999999999999289e-01 1.974819704809215981e+00 6.699999999999999289e-01
1.899999999999999467e-01 2.014713724093351033e+00 6.899999999999999467e-01
2.099999999999999645e-01 2.055413638247778785e+00 7.099999999999999645e-01
2.299999999999999822e-01 2.096935747765638958e+00 7.299999999999999822e-01
2.500000000000000000e-01 2.139296659956452018e+00 7.500000000000000000e-01
2.700000000000000178e-01 2.182513319242348704e+00 7.700000000000000178e-01
2.900000000000000355e-01 2.226603012976151597e+00 7.900000000000000355e-01
3.100000000000000533e-01 2.271583377584232899e+00 8.100000000000000533e-01
3.300000000000000711e-01 2.317472405784152034e+00 8.300000000000000711e-01
3.500000000000000888e-01 2.364288453778365273e+00 8.500000000000000888e-01
3.700000000000001066e-01 2.412050248603303082e+00 8.700000000000001066e-01
3.900000000000001243e-01 2.460776895628656646e+00 8.900000000000001243e-01
4.100000000000000311e-01 2.510487886198341734e+00 9.100000000000000311e-01
4.299999999999999378e-01 2.561203105446312467e+00 9.299999999999999378e-01
4.499999999999999556e-01 2.612942840174226067e+00 9.499999999999999556e-01
4.699999999999999734e-01 2.665727787126489279e+00 9.699999999999999734e-01
4.899999999999999911e-01 2.719579060848249519e+00 9.899999999999999911e-01
5.100000000000000089e-01 4.199128650055077294e+00 1.410000000000000142e+00
5.300000000000000266e-01 4.283968103010366235e+00 1.430000000000000160e+00
5.500000000000000444e-01 4.370521657659166337e+00 1.450000000000000178e+00
5.700000000000000622e-01 4.458823945516121157e+00 1.470000000000000195e+00
5.900000000000000799e-01 4.548910298701458466e+00 1.490000000000000213e+00
6.100000000000000977e-01 4.640816760754894688e+00 1.510000000000000231e+00
6.300000000000001155e-01 4.734580109810890391e+00 1.530000000000000249e+00
6.500000000000001332e-01 4.830225052066252189e+00 1.550000000000000266e+00
6.700000000000000400e-01 4.927802014987785917e+00 1.570000000000000062e+00
6.899999999999999467e-01 5.027350212465838908e+00 1.589999999999999858e+00
7.099999999999999645e-01 5.128909530990821253e+00 1.609999999999999876e+00
7.299999999999999822e-01 5.232520071437063436e+00 1.629999999999999893e+00
7.500000000000000000e-01 5.338224785461100019e+00 1.649999999999999911e+00
7.700000000000000178e-01 5.446061975895551299e+00 1.669999999999999929e+00
7.900000000000000355e-01 5.556085256445301823e+00 1.689999999999999947e+00
8.100000000000000533e-01 5.668311052334562561e+00 1.709999999999999964e+00
8.300000000000000711e-01 5.782856886851277523e+00 1.729999999999999982e+00
8.500000000000000888e-01 5.899577344636203868e+00 1.750000000000000000e+00
8.700000000000001066e-01 6.019022626247246599e+00 1.770000000000000018e+00
8.900000000000001243e-01 6.139914774525774277e+00 1.790000000000000036e+00
9.100000000000000311e-01 6.265792628007227805e+00 1.810000000000000053e+00
9.299999999999999378e-01 6.387515451221213780e+00 1.830000000000000071e+00
9.499999999999999556e-01 6.529326035071213674e+00 1.850000000000000089e+00
9.699999999999999734e-01 6.627541007955370489e+00 1.870000000000000107e+00
9.899999999999999911e-01 6.849768525873875191e+00 1.890000000000000124e+00
