-9.899999999999999911e-01 9.057437923444602301e-01 -9.900000000000000466e-02
-9.699999999999999734e-01 9.075565010405326483e-01 -9.700000000000000289e-02
-9.499999999999999556e-01 9.093735627520784792e-01 -9.500000000000000111e-02
-9.299999999999999378e-01 9.111941309927493737e-01 -9.299999999999999933e-02
-9.100000000000000311e-01 9.130183424187789942e-01 -9.100000000000001144e-02
-8.900000000000000133e-01 9.148462064538319671e-01 -8.900000000000000966e-02
-8.699999999999999956e-01 9.166777297700596794e-01 -8.700000000000000788e-02
-8.499999999999999778e-01 9.185129198071191325e-01 -8.500000000000000611e-02
-8.300000000000000711e-01 9.203517839001754686e-01 -8.300000000000001821e-02
-8.100000000000000533e-01 9.221943294021678339e-01 -8.100000000000001643e-02
-7.900000000000000355e-01 9.240405636743900253e-01 -7.900000000000001465e-02
-7.700000000000000178e-01 9.258904941016714574e-01 -7.700000000000001288e-02
-7.500000000000000000e-01 9.277441281107592363e-01 -7.500000000000001110e-02
-7.299999999999999822e-01 9.296014731403692277e-01 -7.299999999999999545e-02
-7.099999999999999645e-01 9.314625365666775458e-01 -7.099999999999999367e-02
-6.899999999999999467e-01 9.333273257111471821e-01 -6.899999999999999190e-02
-6.699999999999999289e-01 9.351958480359530146e-01 -6.699999999999999012e-02
-6.499999999999999112e-01 9.370681113388918959e-01 -6.499999999999998834e-02
-6.300000000000000044e-01 9.389441235205159275e-01 -6.300000000000000044e-02
-6.099999999999999867e-01 9.408238918522368044e-01 -6.099999999999999867e-02
-5.900000000000000799e-01 9.427074225341682823e-01 -5.900000000000001077e-02
-5.700000000000000622e-01 9.445947216398350443e-01 -5.700000000000000899e-02
-5.500000000000000444e-01 9.464857973584668294e-01 -5.500000000000000722e-02
-5.300000000000000266e-01 9.483806614675251989e-01 -5.300000000000000544e-02
-5.100000000000000089e-01 9.502793274270935342e-01 -5.100000000000000366e-02
-4.899999999999999911e-01 9.521818048421329950e-01 -4.900000000000000189e-02
-4.699999999999999734e-01 9.540880938299112213e-01 -4.700000000000000011e-02
-4.499999999999999556e-01 9.559981844659337646e-01 -4.499999999999999833e-02
-4.299999999999999933e-01 9.579120636851576887e-01 -4.300000000000000350e-02
-4.100000000000000311e-01 9.598297264659522154e-01 -4.100000000000000866e-02
-3.900000000000000133e-01 9.617511843236634661e-01 -3.900000000000000688e-02
-3.699999999999999956e-01 9.636764654019811527e-01 -3.699999999999999817e-02
-3.499999999999999778e-01 9.656056059092412713e-01 -3.499999999999999639e-02
-3.299999999999999600e-01 9.675386380981186862e-01 -3.299999999999999462e-02
-3.099999999999999423e-01 9.694755815477976713e-01 -3.099999999999999631e-02
-2.899999999999999800e-01 9.714164416139684510e-01 -2.899999999999999800e-02
-2.700000000000000178e-01 9.733612142289274072e-01 -2.700000000000000316e-02
-2.500000000000000000e-01 9.753098930999538618e-01 -2.500000000000000139e-02
-2.299999999999999822e-01 9.772624752833855011e-01 -2.299999999999999961e-02
-2.099999999999999645e-01 9.792189632484993300e-01 -2.099999999999999784e-02
-1.899999999999999467e-01 9.811793639413740609e-01 -1.899999999999999606e-02
-1.699999999999999845e-01 9.831436865792714253e-01 -1.699999999999999775e-02
-1.500000000000000222e-01 9.851119407310784393e-01 -1.500000000000000291e-02
-1.300000000000000044e-01 9.870841353567566534e-01 -1.300000000000000114e-02
-1.099999999999999867e-01 9.890602787025565279e-01 -1.099999999999999936e-02
-8.999999999999996891e-02 9.910403786119057479e-01 -8.999999999999997585e-03
-6.999999999999995115e-02 9.930244428339878304e-01 -6.999999999999995809e-03
-4.999999999999998890e-02 9.950124791671015601e-01 -4.999999999999999237e-03
-3.000000000000002665e-02 9.970044955071923898e-01 -3.000000000000002665e-03
-1.000000000000000888e-02 9.990004998326437180e-01 -1.000000000000000888e-03
1.000000000000000888e-02 1.682803409251076410e+00 5.100000000000000089e-01
3.000000000000002665e-02 1.716802872348241138e+00 5.300000000000000266e-01
5.000000000000004441e-02 1.751489262705964389e+00 5.500000000000000444e-01
7.000000000000006217e-02 1.786876459046278232e+00 5.700000000000000622e-01
9.000000000000007994e-02 1.822978620479088541e+00 5.900000000000000799e-01
1.100000000000000977e-01 1.859810192168654286e+00 6.100000000000000977e-01
1.300000000000001155e-01 1.897385911124197300e+00 6.300000000000001155e-01
1.500000000000000222e-01 1.935715683189486835e+00 6.500000000000000222e-01
1.699999999999999289e-01 1.974819704626279426e+00 6.699999999999999289e-01
1.899999999999999467e-01 2.014713723685545688e+00 6.899999999999999467e-01
2.099999999999999645e-01 2.055413637667546034e+00 7.099999999999999645e-01
2.299999999999999822e-01 2.096935747175012743e+00 7.299999999999999822e-01
2.500000000000000000e-01 2.139296659616602092e+00 7.500000000000000000e-01
2.700000000000000178e-01 2.182513319454531420e+00 7.700000000000000178e-01
2.900000000000000355e-01 2.226603013980793300e+00 7.900000000000000355e-01
3.100000000000000533e-01 2.271583379436100891e+00 8.100000000000000533e-01
3.300000000000000711e-01 2.317472408246383342e+00 8.300000000000000711e-01
3.500000000000000888e-01 2.364288456270688954e+00 8.500000000000000888e-01
3.700000000000001066e-01 2.412050250236713822e+00 8.700000000000001066e-01
3.900000000000001243e-01 2.460776895392047248e+00 8.900000000000001243e-01
4.100000000000000311e-01 2.510487883108808660e+00 9.100000000000000311e-01
4.299999999999999378e-01 2.561203099128068317e+00 9.299999999999999378e-01
4.499999999999999556e-01 2.612942830582693610e+00 9.499999999999999556e-01
4.699999999999999734e-01 2.665727775922892118e+00 9.699999999999999734e-01
4.899999999999999911e-01 2.719579049583708219e+00 9.899999999999999911e-01
5.100000000000000089e-01 4.199128635068375637e+00 1.410000000000000142e+00
5.300000000000000266e-01 4.283968092343518386e+00 1.430000000000000160e+00
5.500000000000000444e-01 4.370521653673282714e+00 1.450000000000000178e+00
5.700000000000000622e-01 4.458823950536426217e+00 1.470000000000000195e+00
5.900000000000000799e-01 4.548910314825397094e+00 1.490000000000000213e+00
6.100000000000000977e-01 4.640816789648276597e+00 1.510000000000000231e+00
6.300000000000001155e-01 4.734580152503356842e+00 1.530000000000000249e+00
6.500000000000001332e-01 4.830225108769290898e+00 1.550000000000000266e+00
6.700000000000000400e-01 4.927802084941294680e+00 1.570000000000000062e+00
6.899999999999999467e-01 5.027350293814594195e+00 1.589999999999999858e+00
7.099999999999999645e-01 5.128909620717523765e+00 1.609999999999999876e+00
7.299999999999999822e-01 5.232520165345355245e+00 1.629999999999999893e+00
7.500000000000000000e-01 5.338224878231720538e+00 1.649999999999999911e+00
7.700000000000000178e-01 5.446062061184850478e+00 1.669999999999999929e+00
7.900000000000000355e-01 5.556085327072484148e+00 1.689999999999999947e+00
8.100000000000000533e-01 5.668311100518277357e+00 1.709999999999999964e+00
8.300000000000000711e-01 5.782856904386720842e+00 1.729999999999999982e+00
8.500000000000000888e-01 5.899577323700103015e+00 1.750000000000000000e+00
8.700000000000001066e-01 6.019022558102808063e+00 1.770000000000000018e+00
8.900000000000001243e-01 6.139914655040858094e+00 1.790000000000000036e+00
9.100000000000000311e-01 6.265792443151150692e+00 1.810000000000000053e+00
9.299999999999999378e-01 6.387515218810044360e+00 1.830000000000000071e+00
9.499999999999999556e-01 6.529325694038243810e+00 1.850000000000000089e+00
9.699999999999999734e-01 6.627540709958759990e+00 1.870000000000000107e+00
9.899999999999999911e-01 6.849767889703095136e+00 1.890000000000000124e+00
