-9.899999999999999911e-01 9.057438054673424555e-01 -9.900000000000000466e-02
-9.699999999999999734e-01 9.075565207989406691e-01 -9.700000000000000289e-02
-9.499999999999999556e-01 9.093734750396598177e-01 -9.500000000000000111e-02
-9.299999999999999378e-01 9.111938081245410936e-01 -9.299999999999999933e-02
-9.100000000000000311e-01 9.130177927204045085e-01 -9.100000000000001144e-02
-8.900000000000000133e-01 9.148455490756695063e-01 -8.900000000000000966e-02
-8.699999999999999956e-01 9.166770656362502878e-01 -8.700000000000000788e-02
-8.499999999999999778e-01 9.185122768087909950e-01 -8.500000000000000611e-02
-8.300000000000000711e-01 9.203511505117361047e-01 -8.300000000000001821e-02
-8.100000000000000533e-01 9.221936943080986104e-01 -8.100000000000001643e-02
-7.900000000000000355e-01 9.240399249491632050e-01 -7.900000000000001465e-02
-7.700000000000000178e-01 9.258898533097534855e-01 -7.700000000000001288e-02
-7.500000000000000000e-01 9.277434861462543481e-01 -7.500000000000001110e-02
-7.299999999999999822e-01 9.296008300067413188e-01 -7.299999999999999545e-02
-7.099999999999999645e-01 9.314618921451971456e-01 -7.099999999999999367e-02
-6.899999999999999467e-01 9.333266800857513701e-01 -6.899999999999999190e-02
-6.699999999999999289e-01 9.351952013369525529e-01 -6.699999999999999012e-02
-6.499999999999999112e-01 9.370674633766606920e-01 -6.499999999999998834e-02
-6.300000000000000044e-01 9.389434736889229471e-01 -6.300000000000000044e-02
-6.099999999999999867e-01 9.408232397760254440e-01 -6.099999999999999867e-02
-5.900000000000000799e-01 9.427067691571204833e-01 -5.900000000000001077e-02
-5.700000000000000622e-01 9.445940693665257903e-01 -5.700000000000000899e-02
-5.500000000000000444e-01 9.464851479534820422e-01 -5.500000000000000722e-02
-5.300000000000000266e-01 9.483800124822971966e-01 -5.300000000000000544e-02
-5.100000000000000089e-01 9.502786705324267613e-01 -5.100000000000000366e-02
-4.899999999999999911e-01 9.521811296985046580e-01 -4.900000000000000189e-02
-4.699999999999999734e-01 9.540873975903709781e-01 -4.700000000000000011e-02
-4.499999999999999556e-01 9.559974818330999602e-01 -4.499999999999999833e-02
-4.299999999999999933e-01 9.579113900670306325e-01 -4.300000000000000350e-02
-4.100000000000000311e-01 9.598291299477987870e-01 -4.100000000000000866e-02
-3.900000000000000133e-01 9.617507091463666224e-01 -3.900000000000000688e-02
-3.699999999999999956e-01 9.636761353490533866e-01 -3.699999999999999817e-02
-3.499999999999999778e-01 9.656054162575644639e-01 -3.499999999999999639e-02
-3.299999999999999600e-01 9.675385595890482193e-01 -3.299999999999999462e-02
-3.099999999999999423e-01 9.694755730758550794e-01 -3.099999999999999631e-02
-2.899999999999999800e-01 9.714164644682021788e-01 -2.899999999999999800e-02
-2.700000000000000178e-01 9.733612415103685134e-01 -2.700000000000000316e-02
-2.500000000000000000e-01 9.753099121408748129e-01 -2.500000000000000139e-02
-2.299999999999999822e-01 9.772624829433373961e-01 -2.299999999999999961e-02
-2.099999999999999645e-01 9.792189701170356253e-01 -2.099999999999999784e-02
-1.899999999999999467e-01 9.811793290437955672e-01 -1.899999999999999606e-02
-1.699999999999999845e-01 9.831438595748669407e-01 -1.699999999999999775e-02
-1.500000000000000222e-01 9.851111469208873039e-01 -1.500000000000000291e-02
-1.300000000000000044e-01 9.870871117704739239e-01 -1.300000000000000114e-02
-1.099999999999999867e-01 9.890516061432218509e-01 -1.099999999999999936e-02
-8.999999999999996891e-02 9.910571707185489299e-01 -8.999999999999997585e-03
-6.999999999999995115e-02 9.930148852486484490e-01 -6.999999999999995809e-03
-4.999999999999998890e-02 9.949665291516803789e-01 -4.999999999999999237e-03
-3.000000000000002665e-02 9.970729607011714624e-01 -3.000000000000002665e-03
-1.000000000000000888e-02 9.992607218827544990e-01 -1.000000000000000888e-03
1.000000000000000888e-02 1.682970625517868690e+00 5.100000000000000089e-01
3.000000000000002665e-02 1.716113724356189474e+00 5.300000000000000266e-01
5.000000000000004441e-02 1.749980087946636509e+00 5.500000000000000444e-01
7.000000000000006217e-02 1.785831755069887450e+00 5.700000000000000622e-01
9.000000000000007994e-02 1.824143987240231635e+00 5.900000000000000799e-01
1.100000000000000977e-01 1.863506367224998517e+00 6.100000000000000977e-01
1.300000000000001155e-01 1.901396648431510128e+00 6.300000000000001155e-01
1.500000000000000222e-01 1.936263022887010132e+00 6.500000000000000222e-01
1.699999999999999289e-01 1.968851517727439049e+00 6.699999999999999289e-01
1.899999999999999467e-01 2.001588846075022410e+00 6.899999999999999467e-01
2.099999999999999645e-01 2.036726674983808660e+00 7.099999999999999645e-01
2.299999999999999822e-01 2.075094582005816868e+00 7.299999999999999822e-01
2.500000000000000000e-01 2.116211830835963870e+00 7.500000000000000000e-01
2.700000000000000178e-01 2.159129167228091006e+00 7.700000000000000178e-01
2.900000000000000355e-01 2.203116446638442305e+00 7.900000000000000355e-01
3.100000000000000533e-01 2.247863945862098589e+00 8.100000000000000533e-01
3.300000000000000711e-01 2.293356159311540132e+00 8.300000000000000711e-01
3.500000000000000888e-01 2.339683366741843962e+00 8.500000000000000888e-01
3.700000000000001066e-01 2.386927241907045527e+00 8.700000000000001066e-01
3.900000000000001243e-01 2.435131577440062145e+00 8.900000000000001243e-01
4.100000000000000311e-01 2.484319584621626831e+00 9.100000000000000311e-01
4.299999999999999378e-01 2.534508633705096159e+00 9.299999999999999378e-01
4.499999999999999556e-01 2.585711046188298390e+00 9.499999999999999556e-01
4.699999999999999734e-01 2.637943061976168124e+00 9.699999999999999734e-01
4.899999999999999911e-01 2.691227108115936240e+00 9.899999999999999911e-01
5.100000000000000089e-01 4.155349424792111890e+00 1.410000000000000142e+00
5.300000000000000266e-01 4.239312386468585103e+00 1.430000000000000160e+00
5.500000000000000444e-01 4.324988052922286386e+00 1.450000000000000178e+00
5.700000000000000622e-01 4.412405181865969084e+00 1.470000000000000195e+00
5.900000000000000799e-01 4.501573261555373406e+00 1.490000000000000213e+00
6.100000000000000977e-01 4.592485717059724415e+00 1.510000000000000231e+00
6.300000000000001155e-01 4.685150951531623420e+00 1.530000000000000249e+00
6.500000000000001332e-01 4.779629830496828546e+00 1.550000000000000266e+00
6.700000000000000400e-01 4.876103087209404663e+00 1.570000000000000062e+00
6.899999999999999467e-01 4.974783977789897449e+00 1.589999999999999858e+00
7.099999999999999645e-01 5.075781157097297935e+00 1.609999999999999876e+00
7.299999999999999822e-01 5.178942961000644551e+00 1.629999999999999893e+00
7.500000000000000000e-01 5.283847961741201971e+00 1.649999999999999911e+00
7.700000000000000178e-01 5.390039594672963119e+00 1.669999999999999929e+00
7.900000000000000355e-01 5.497421652222718613e+00 1.689999999999999947e+00
8.100000000000000533e-01 5.606558004822908892e+00 1.709999999999999964e+00
8.300000000000000711e-01 5.718607574593888465e+00 1.729999999999999982e+00
8.500000000000000888e-01 5.834834925038445697e+00 1.750000000000000000e+00
8.700000000000001066e-01 5.955893967733927319e+00 1.770000000000000018e+00
8.900000000000001243e-01 6.081299710330073438e+00 1.790000000000000036e+00
9.100000000000000311e-01 6.209359400858224909e+00 1.810000000000000053e+00
9.299999999999999378e-01 6.337170434263990515e+00 1.830000000000000071e+00
9.499999999999999556e-01 6.464368780373199286e+00 1.850000000000000089e+00
9.699999999999999734e-01 6.579916002173537670e+00 1.870000000000000107e+00
9.899999999999999911e-01 6.722167534970759029e+00 1.890000000000000124e+00
