4.266239583827769e-10 0.015055599798773186
1.1170780411795533e-09 0.03011119959754637
1.92433541323922e-09 0.04516679939631951
2.95377500236782e-09 0.06022239919494962
4.5042068408385205e-09 0.07527799899266185
6.894441462179657e-09 0.09033359879225832
1.0007545181434097e-08 0.10538919860583172
1.4006321269466326e-08 0.12044479845148828
1.8846305016584353e-08 0.13550039828737218
2.408049959434777e-08 0.15055599798376695
3.008604493315303e-08 0.16561159727557795
3.532797743233118e-08 0.18066719562215275
4.0018360736304714e-08 0.19572279197681489
4.29196327367265e-08 0.2107783844829359
4.2910812680929666e-08 0.2258339701036566
4.0052277217039745e-08 0.24088954413406657
3.262352471500307e-08 0.2559450994683244
2.17091111753831e-08 0.2710006257578522
6.771849192510615e-09 0.28605610851166857
-1.055851178710654e-08 0.3011115282036425
-2.931393822125372e-08 0.31616685939593847
-4.728657537755865e-08 0.3312220704967144
-6.285774734049454e-08 0.34627712067419775
-7.36410487589545e-08 0.36133196604330897
-7.820633340926975e-08 0.37638658593762503
-7.67870402818005e-08 0.391440997560223
-6.875942581974215e-08 0.40649523874963145
-5.514697154485049e-08 0.4215493473779868
-3.744331550370461e-08 0.4366033573320678
-1.800088472725392e-08 0.4516572953202209
9.289433111625556e-10 0.4667111839909146
1.6643902200907945e-08 0.4817650425499933
2.8842726151889764e-08 0.4968188829286769
3.613321053475005e-08 0.5118727190088128
3.809164517143415e-08 0.5269265561114918
3.729146130782013e-08 0.541980396346685
3.30187356900602e-08 0.5570342472751667
2.8240686122948944e-08 0.5720881216671675
2.4700102130292834e-08 0.5871420365917123
1.9128956862957125e-08 0.6021960132335298
1.872269111968805e-08 0.6172500780193215
1.9843839071942426e-08 0.6323041313422693
2.051894071319893e-08 0.6473581289786488
2.0987334037325667e-08 0.6624120882074749
2.018428757466495e-08 0.6774660239848546
1.4891522459592466e-08 0.6925199485435638
5.9955665987487805e-09 0.7075738696492122
-6.230674809426517e-09 0.7226277927088243
-2.2212944816857316e-08 0.737681719583992
-4.026474631491084e-08 0.7527356589623604
-5.7997880331672746e-08 0.7677896233721443
-7.413533426037233e-08 0.7828436308193082
-8.679064000816084e-08 0.7978977030894412
-9.473345369270803e-08 0.8129518659893402
-9.795104188858872e-08 0.8280061498804605
-9.521233240716853e-08 0.8430605881679061
-8.737029155714282e-08 0.8581152047326744
-7.544145858018325e-08 0.8731700009336466
-6.04562703232503e-08 0.8882249582183472
-4.4094059348243064e-08 0.9032800519644886
-2.721608671762965e-08 0.9183352589989859
-1.1307713876362868e-08 0.9333905590269937
2.7933971802340807e-09 0.9484459345967485
1.449082914772859e-08 0.9635013708926995
2.313932534470098e-08 0.9785568554967248
2.9238510557139108e-08 0.993612378131045
3.1090329088989677e-08 1.0
