-3.7192471324942744e-15 0.015055449665766843
-4.884981308350689e-15 0.0301108993315337
-6.2727600891321345e-15 0.045166348997291064
-7.882583474838611e-15 0.060221798662732084
-9.658940314238862e-15 0.07527724832729513
-1.1324274851176597e-14 0.0903326979973069
-1.2823075934420558e-14 0.10538814768921148
-1.426636586643326e-14 0.12044359741412328
-1.6042722705833512e-14 0.13549904712764022
-1.7763568394002505e-14 0.15055449669359042
-1.942890293094024e-14 0.16560994585039623
-2.142730437526552e-14 0.1806653940530533
-2.3370194668359545e-14 0.1957208402471249
-2.481348460037225e-14 0.2107762825651804
-2.6756374893466273e-14 0.22583171795555412
-2.836619827917275e-14 0.24088714169200653
-2.9753977059954195e-14 0.25594254664290883
-3.169686735304822e-14 0.2709979224454184
-3.3806291099836017e-14 0.28605325462847214
-3.574918139293004e-14 0.301108523748722
-3.758104938356155e-14 0.3161637045397173
-3.952393967665557e-14 0.33121876571159803
-4.1300296516055823e-14 0.3462736669346001
-4.346523141407488e-14 0.36132836433939985
-4.579669976578771e-14 0.37638283659849897
-4.823919041996305e-14 0.39143710022043077
-4.979350265443827e-14 0.4064911929146903
-5.21249710061511e-14 0.4215451526295836
-5.445643935786393e-14 0.4365990133922582
-5.667688540711424e-14 0.45165280200775754
-5.911937606128959e-14 0.4667065412052393
-6.145084441300241e-14 0.48176025027146885
-6.394884621840902e-14 0.4968139411678545
-6.59472476627343e-14 0.5118676277828204
-6.761258219967203e-14 0.5269213154461062
-6.972200594645983e-14 0.5419750062460497
-7.216449660063518e-14 0.557028707767379
-7.416289804496046e-14 0.5720824327844367
-7.682743330406083e-14 0.5871361983268709
-7.97695243193175e-14 0.602190025497394
-8.293365993949919e-14 0.6172439405672276
-8.548717289613705e-14 0.6322979746134063
-8.837375276016246e-14 0.647352162894965
-9.120482147295661e-14 0.6624065340577556
-9.381384558082573e-14 0.6774610486912739
-9.708900350346994e-14 0.6925155520183255
-1.0053069487980792e-13 0.7075700518087411
-1.0286216323152075e-13 0.7226245534443639
-1.0558220964185239e-13 0.7376790588368148
-1.081912337497215e-13 0.7527335765654385
-1.1124434706744069e-13 0.7677881191467646
-1.1340928196545974e-13 0.7828427045494162
-1.1668443988810395e-13 0.797897354713258
-1.192379528447418e-13 0.8129520957591942
-1.2140288774276087e-13 0.8280069586613714
-1.247890679678676e-13 0.8430619771765108
-1.279532035880493e-13 0.8581171746561471
-1.304512053934559e-13 0.873172551479121
-1.343924971308752e-13 0.8882280063916268
-1.3739009929736312e-13 0.9032834656177844
-1.4127587988355117e-13 0.9183389276999959
-1.4627188349436437e-13 0.9333943915716744
-1.4904744105592727e-13 0.9484498564916064
-1.511013536514838e-13 0.9635053219818986
-1.5143442055887135e-13 0.9785607877395559
-1.5165646516379638e-13 0.9936162535508848
-1.5276668818842154e-13 1.0
