0.0125 2.0000000000000004 4.42 2.0 4.42 -2.0270559036300675e-70
0.037500000000000006 2.0000000000000004 4.42 2.0 4.42 -4.9774111563089664e-70
0.0625 2.0000000000000004 4.42 2.0 4.42 -1.1497184111213586e-69
0.08750000000000001 2.0000000000000004 4.42 2.0 4.42 -2.55203364775579e-69
0.1125 2.0000000000000004 4.42 2.0 4.42 -5.50717719283256e-69
0.1375 2.0000000000000004 4.42 2.0 4.42 -1.1635099356149476e-68
0.16250000000000003 2.0000000000000004 4.42 2.0 4.42 -2.4176688109133217e-68
0.1875 2.0000000000000004 4.42 2.0 4.42 -4.956512554488603e-68
0.21250000000000002 2.0000000000000004 4.42 2.0 4.42 -1.0048217049466512e-67
0.2375 2.0000000000000004 4.42 2.0 4.42 -2.0177281948396558e-67
0.2625 2.0000000000000004 4.42 2.0 4.42 -4.018386342776648e-67
0.28750000000000003 2.0000000000000004 4.42 2.0 4.42 -7.944900101904554e-67
0.3125 2.0000000000000004 4.42 2.0 4.42 -1.5606895560755955e-66
0.3375 2.0000000000000004 4.42 2.0 4.42 -3.047989818704041e-66
0.36250000000000004 2.0000000000000004 4.42 2.0 4.42 -5.921160370615494e-66
0.3875 2.0000000000000004 4.42 2.0 4.42 -1.1446826487103051e-65
0.41250000000000003 2.0000000000000004 4.42 2.0 4.42 -2.2029595396344515e-65
0.4375 2.0000000000000004 4.42 2.0 4.42 -4.221871484767452e-65
0.4625 2.0000000000000004 4.42 2.0 4.42 -8.05925551450868e-65
0.48750000000000004 2.0000000000000004 4.42 2.0 4.42 -1.5327618366328095e-64
0.5125 2.0000000000000004 4.42 2.0 4.42 -2.9048890006825248e-64
0.5375000000000001 2.0000000000000004 4.42 2.0 4.42 -5.4869862030630075e-64
0.5625 2.0000000000000004 4.42 2.0 4.42 -1.0331249664820779e-63
0.5875000000000001 2.0000000000000004 4.42 2.0 4.42 -1.93929544797814e-63
0.6125 2.0000000000000004 4.42 2.0 4.42 -3.6295946565155e-63
0.6375 2.0000000000000004 4.42 2.0 4.42 -6.77392789259667e-63
0.6625000000000001 2.0000000000000004 4.42 2.0 4.42 -1.2607579719892636e-62
0.6875 2.0000000000000004 4.42 2.0 4.42 -2.340279915629186e-62
0.7125000000000001 2.0000000000000004 4.42 2.0 4.42 -4.3329270522407695e-62
0.7375 2.0000000000000004 4.42 2.0 4.42 -8.002059910505465e-62
0.7625 2.0000000000000004 4.42 2.0 4.42 -1.4741973095134e-61
0.7875000000000001 2.0000000000000004 4.42 2.0 4.42 -2.70936105733644e-61
0.8125 2.0000000000000004 4.42 2.0 4.42 -4.9677240512015786e-61
0.8375000000000001 2.0000000000000004 4.42 2.0 4.42 -9.087559001715815e-61
0.8625 2.0000000000000004 4.42 2.0 4.42 -1.6586485007756497e-60
0.8875 2.0000000000000004 4.42 2.0 4.42 -3.020615002001045e-60
0.9125000000000001 2.0000000000000004 4.42 2.0 4.42 -5.488901393850938e-60
0.9375 2.0000000000000004 4.42 2.0 4.42 -9.952641974695324e-60
0.9625000000000001 2.0000000000000004 4.42 2.0 4.42 -1.8008059997021185e-59
0.9875 2.0000000000000004 4.42 2.0 4.42 -3.2514921399973854e-59
1.0125000000000002 2.0000000000000004 4.42 2.0 4.42 -5.858634313440563e-59
1.0375 2.0000000000000004 4.42 2.0 4.42 -1.0534592986849285e-58
1.0625 2.0000000000000004 4.42 2.0 4.42 -1.8904090561110707e-58
1.0875 2.0000000000000004 4.42 2.0 4.42 -3.3854678583601626e-58
1.1125 2.0000000000000004 4.42 2.0 4.42 -6.0508167803313155e-58
1.1375000000000002 2.0000000000000004 4.42 2.0 4.42 -1.0793159393872074e-57
1.1625 2.0000000000000004 4.42 2.0 4.42 -1.9214484457434897e-57
1.1875 2.0000000000000004 4.42 2.0 4.42 -3.4139735638802406e-57
1.2125000000000001 2.0000000000000004 4.42 2.0 4.42 -6.054078237262675e-57
1.2375 2.0000000000000004 4.42 2.0 4.42 -1.071512028279251e-56
1.2625000000000002 2.0000000000000004 4.42 2.0 4.42 -1.8928292394916361e-56
1.2875 2.0000000000000004 4.42 2.0 4.42 -3.3372977557357843e-56
1.3125 2.0000000000000004 4.42 2.0 4.42 -5.872877688638674e-56
1.3375000000000001 2.0000000000000004 4.42 2.0 4.42 -1.0315312083855977e-55
1.3625 2.0000000000000004 4.42 2.0 4.42 -1.8083885467636622e-55
1.3875000000000002 2.0000000000000004 4.42 2.0 4.42 -3.1643262156309425e-55
1.4125 2.0000000000000004 4.42 2.0 4.42 -5.5265318046565485e-55
1.4375 2.0000000000000004 4.42 2.0 4.42 -9.634018146557815e-55
1.4625000000000001 2.0000000000000004 4.42 2.0 4.42 -1.6762805117658993e-54
1.4875 2.0000000000000004 4.42 2.0 4.42 -2.911193840193229e-54
1.5125000000000002 2.0000000000000004 4.42 2.0 4.42 -5.0463938581506594e-54
1.5375 2.0000000000000004 4.42 2.0 4.42 -8.731257859033412e-54
1.5625 2.0000000000000004 4.42 2.0 4.42 -1.5078490196182649e-53
1.5875000000000001 2.0000000000000004 4.42 2.0 4.42 -2.599103973739228e-53
1.6125 2.0000000000000004 4.42 2.0 4.42 -4.471705927782454e-53
1.6375000000000002 2.0000000000000004 4.42 2.0 4.42 -7.679011014248401e-53
1.6625 2.0000000000000004 4.42 2.0 4.42 -1.3161886733165038e-52
1.6875 2.0000000000000004 4.42 2.0 4.42 -2.2516961084400117e-52
1.7125000000000001 2.0000000000000004 4.42 2.0 4.42 -3.844835526125213e-52
1.7375 2.0000000000000004 4.42 2.0 4.42 -6.552685441822141e-52
1.7625000000000002 2.0000000000000004 4.42 2.0 4.42 -1.1146313174602364e-51
1.7875 2.0000000000000004 4.42 2.0 4.42 -1.8923868038778735e-51
1.8125 2.0000000000000004 4.42 2.0 4.42 -3.206647879385634e-51
1.8375000000000001 2.0000000000000004 4.42 2.0 4.42 -5.423139900270304e-51
1.8625 2.0000000000000004 4.42 2.0 4.42 -9.15384406300332e-51
1.8875000000000002 2.0000000000000004 4.42 2.0 4.42 -1.5420691710867659e-50
1.9125 2.0000000000000004 4.42 2.0 4.42 -2.592661206439967e-50
1.9375 2.0000000000000004 4.42 2.0 4.42 -4.350333912421186e-50
1.9625000000000001 2.0000000000000004 4.42 2.0 4.42 -7.284957701652568e-50
1.9875 2.0000000000000004 4.42 2.0 4.42 -1.2174499814395766e-49
2.0125 2.0000000000000004 4.42 2.0 4.42 -2.030421360844878e-49
2.0375 2.0000000000000004 4.42 2.0 4.42 -3.379268380360855e-49
2.0625 2.0000000000000004 4.42 2.0 4.42 -5.612421917410396e-49
2.0875000000000004 2.0000000000000004 4.42 2.0 4.42 -9.301602375783494e-49
2.1125 2.0000000000000004 4.42 2.0 4.42 -1.5382706363806926e-48
2.1375 2.0000000000000004 4.42 2.0 4.42 -2.5384102698320256e-48
2.1625 2.0000000000000004 4.42 2.0 4.42 -4.1795574170777066e-48
2.1875 2.0000000000000004 4.42 2.0 4.42 -6.866290082952759e-48
2.2125000000000004 2.0000000000000004 4.42 2.0 4.42 -1.1254334309526266e-47
2.2375 2.0000000000000004 4.42 2.0 4.42 -1.8403653220803882e-47
2.2625 2.0000000000000004 4.42 2.0 4.42 -3.0022973432510753e-47
2.2875 2.0000000000000004 4.42 2.0 4.42 -4.885910918439656e-47
2.3125 2.0000000000000004 4.42 2.0 4.42 -7.931474614496866e-47
2.3375000000000004 2.0000000000000004 4.42 2.0 4.42 -1.284252919747139e-46
2.3625 2.0000000000000004 4.42 2.0 4.42 -2.07397747425451e-46
2.3875 2.0000000000000004 4.42 2.0 4.42 -3.3402540025532064e-46
2.4125000000000005 2.0000000000000004 4.42 2.0 4.42 -5.364608991329522e-46
2.4375 2.0000000000000004 4.42 2.0 4.42 -8.590853396874958e-46
2.4625000000000004 2.0000000000000004 4.42 2.0 4.42 -1.3715934229804476e-45
2.4875 2.0000000000000004 4.42 2.0 4.42 -2.18298277841166e-45
2.5125 2.0000000000000004 4.42 2.0 4.42 -3.462970077919892e-45
2.5375000000000005 2.0000000000000004 4.42 2.0 4.42 -5.474566714537383e-45
2.5625 2.0000000000000004 4.42 2.0 4.42 -8.623273722320799e-45
2.5875000000000004 2.0000000000000004 4.42 2.0 4.42 -1.3530770428828e-44
2.6125 2.0000000000000004 4.42 2.0 4.42 -2.114425888392383e-44
2.6375 2.0000000000000004 4.42 2.0 4.42 -3.2896937910595615e-44
2.6625000000000005 2.0000000000000004 4.42 2.0 4.42 -5.094042654818183e-44
2.6875 2.0000000000000004 4.42 2.0 4.42 -7.847597927876126e-44
2.7125000000000004 2.0000000000000004 4.42 2.0 4.42 -1.202168666314927e-43
2.7375 2.0000000000000004 4.42 2.0 4.42 -1.8301651753491355e-43
2.7625 2.0000000000000004 4.42 2.0 4.42 -2.7668992660047867e-43
2.7875000000000005 2.0000000000000004 4.42 2.0 4.42 -4.150274453656458e-43
2.8125 2.0000000000000004 4.42 2.0 4.42 -6.16927538059152e-43
2.8375000000000004 2.0000000000000004 4.42 2.0 4.42 -9.074160336139498e-43
2.8625 2.0000000000000004 4.42 2.0 4.42 -1.317997119300767e-42
2.8875 2.0000000000000004 4.42 2.0 4.42 -1.8851592159867795e-42
2.9125000000000005 2.0000000000000004 4.42 2.0 4.42 -2.644697227386317e-42
2.9375 2.0000000000000004 4.42 2.0 4.42 -3.6173956053941074e-42
2.9625000000000004 2.0000000000000004 4.42 2.0 4.42 -4.777829932515162e-42
2.9875 2.0000000000000004 4.42 2.0 4.42 -5.991371904493634e-42
3.0125 2.0000000000000004 4.42 2.0 4.42 -6.89286783738512e-42
3.0375000000000005 2.0000000000000004 4.42 2.0 4.42 -6.660452677773885e-42
3.0625 2.0000000000000004 4.42 2.0 4.42 -3.603800524878784e-42
3.0875000000000004 2.0000000000000004 4.42 2.0 4.42 5.57175912906062e-42
3.1125 2.0000000000000004 4.42 2.0 4.42 2.7061194723868177e-41
3.1375 2.0000000000000004 4.42 2.0 4.42 7.221452471750234e-41
3.1625000000000005 2.0000000000000004 4.42 2.0 4.42 1.6141976111043539e-40
3.1875 2.0000000000000004 4.42 2.0 4.42 3.3073113098458767e-40
3.2125000000000004 2.0000000000000004 4.42 2.0 4.42 6.430966576254081e-40
3.2375 2.0000000000000004 4.42 2.0 4.42 1.2072470647902017e-39
3.2625 2.0000000000000004 4.42 2.0 4.42 2.2092794102958995e-39
3.2875000000000005 2.0000000000000004 4.42 2.0 4.42 3.9651740088585087e-39
3.3125 2.0000000000000004 4.42 2.0 4.42 7.007674905386313e-39
3.3375000000000004 2.0000000000000004 4.42 2.0 4.42 1.222934419173884e-38
3.3625 2.0000000000000004 4.42 2.0 4.42 2.1117081576087347e-38
3.3875 2.0000000000000004 4.42 2.0 4.42 3.6135018384988445e-38
3.4125000000000005 2.0000000000000004 4.42 2.0 4.42 6.134725363930074e-38
3.4375 2.0000000000000004 4.42 2.0 4.42 1.0342698109135129e-37
3.4625000000000004 2.0000000000000004 4.42 2.0 4.42 1.7328609504207296e-37
3.4875 2.0000000000000004 4.42 2.0 4.42 2.886980972829585e-37
3.5125 2.0000000000000004 4.42 2.0 4.42 4.7850640168858564e-37
3.5375000000000005 2.0000000000000004 4.42 2.0 4.42 7.893557860607428e-37
3.5625 2.0000000000000004 4.42 2.0 4.42 1.2964282047082334e-36
3.5875000000000004 2.0000000000000004 4.42 2.0 4.42 2.1205164958301467e-36
3.6125 2.0000000000000004 4.42 2.0 4.42 3.45510291523422e-36
3.6375 2.0000000000000004 4.42 2.0 4.42 5.609190374227446e-36
3.6625000000000005 2.0000000000000004 4.42 2.0 4.42 9.074874110881638e-36
3.6875 2.0000000000000004 4.42 2.0 4.42 1.4633673851942304e-35
3.7125000000000004 2.0000000000000004 4.42 2.0 4.42 2.3523444960592118e-35
3.7375 2.0000000000000004 4.42 2.0 4.42 3.769974449954612e-35
3.7625 2.0000000000000004 4.42 2.0 4.42 6.024412858462897e-35
3.7875000000000005 2.0000000000000004 4.42 2.0 4.42 9.600048760340942e-35
3.8125 2.0000000000000004 4.42 2.0 4.42 1.5256449707696942e-34
3.8375000000000004 2.0000000000000004 4.42 2.0 4.42 2.4181864717261646e-34
3.8625 2.0000000000000004 4.42 2.0 4.42 3.823083577057737e-34
3.8875 2.0000000000000004 4.42 2.0 4.42 6.029119200010419e-34
3.9125000000000005 2.0000000000000004 4.42 2.0 4.42 9.484964209541178e-34
3.9375 2.0000000000000004 4.42 2.0 4.42 1.4886155797128192e-33
3.9625000000000004 2.0000000000000004 4.42 2.0 4.42 2.3308570015195362e-33
3.9875 2.0000000000000004 4.42 2.0 4.42 3.6412809319511946e-33
4.0125 2.0000000000000004 4.42 2.0 4.42 5.675652760230583e-33
4.0375 2.0000000000000004 4.42 2.0 4.42 8.82707036091572e-33
4.0625 2.0000000000000004 4.42 2.0 4.42 1.3698442674456298e-32
4.0875 2.0000000000000004 4.42 2.0 4.42 2.1212560673577565e-32
4.112500000000001 2.0000000000000004 4.42 2.0 4.42 3.2778918475463313e-32
4.1375 2.0000000000000004 4.42 2.0 4.42 5.05460318915081e-32
4.1625 2.0000000000000004 4.42 2.0 4.42 7.778230384986794e-32
4.1875 2.0000000000000004 4.42 2.0 4.42 1.1944977329459876e-31
4.2125 2.0000000000000004 4.42 2.0 4.42 1.8306670316567107e-31
4.237500000000001 2.0000000000000004 4.42 2.0 4.42 2.8000183272523375e-31
4.2625 2.0000000000000004 4.42 2.0 4.42 4.274124538469331e-31
4.2875 2.0000000000000004 4.42 2.0 4.42 6.511408277905352e-31
4.3125 2.0000000000000004 4.42 2.0 4.42 9.90034257306422e-31
4.3375 2.0000000000000004 4.42 2.0 4.42 1.5023758386263738e-30
4.362500000000001 2.0000000000000004 4.42 2.0 4.42 2.2754382144570334e-30
4.3875 2.0000000000000004 4.42 2.0 4.42 3.439648946257551e-30
4.4125 2.0000000000000004 4.42 2.0 4.42 5.1895520724616134e-30
4.4375 2.0000000000000004 4.42 2.0 4.42 7.814765201370724e-30
4.4625 2.0000000000000004 4.42 2.0 4.42 1.1745608080974023e-29
4.487500000000001 2.0000000000000004 4.42 2.0 4.42 1.7620222646721333e-29
4.5125 2.0000000000000004 4.42 2.0 4.42 2.6383111213934254e-29
4.5375 2.0000000000000004 4.42 2.0 4.42 3.942951136397047e-29
4.5625 2.0000000000000004 4.42 2.0 4.42 5.881650691709571e-29
4.5875 2.0000000000000004 4.42 2.0 4.42 8.757110470686863e-29
4.612500000000001 2.0000000000000004 4.42 2.0 4.42 1.3013891028435411e-28
4.6375 2.0000000000000004 4.42 2.0 4.42 1.9303624796275902e-28
4.6625 2.0000000000000004 4.42 2.0 4.42 2.8579604812573865e-28
4.6875 2.0000000000000004 4.42 2.0 4.42 4.223370350087268e-28
4.7125 2.0000000000000004 4.42 2.0 4.42 6.2294157396157685e-28
4.737500000000001 2.0000000000000004 4.42 2.0 4.42 9.17106836493174e-28
4.7625 2.0000000000000004 4.42 2.0 4.42 1.3476463213843353e-27
4.7875000000000005 2.0000000000000004 4.42 2.0 4.42 1.976577653529057e-27
4.8125 2.0000000000000004 4.42 2.0 4.42 2.893556671295461e-27
4.8375 2.0000000000000004 4.42 2.0 4.42 4.227933093900043e-27
4.862500000000001 2.0000000000000004 4.42 2.0 4.42 6.165945534335626e-27
4.8875 2.0000000000000004 4.42 2.0 4.42 8.975193021048882e-27
4.9125000000000005 2.0000000000000004 4.42 2.0 4.42 1.303938499592358e-26
4.9375 2.0000000000000004 4.42 2.0 4.42 1.890757597486316e-26
4.9625 2.0000000000000004 4.42 2.0 4.42 2.736376330955119e-26
4.987500000000001 2.0000000000000004 4.42 2.0 4.42 3.952504214199791e-26
5.0125 2.0000000000000004 4.42 2.0 4.42 5.69797089408383e-26
5.0375000000000005 2.0000000000000004 4.42 2.0 4.42 8.198110638568653e-26
5.0625 2.0000000000000004 4.42 2.0 4.42 1.177190424551076e-25
5.0875 2.0000000000000004 4.42 2.0 4.42 1.6869887875189862e-25
5.112500000000001 2.0000000000000004 4.42 2.0 4.42 2.4126964683866886e-25
5.1375 2.0000000000000004 4.42 2.0 4.42 3.443578530603837e-25
5.1625000000000005 2.0000000000000004 4.42 2.0 4.42 4.904843427488247e-25
5.1875 2.0000000000000004 4.42 2.0 4.42 6.971695163562433e-25
5.2125 2.0000000000000004 4.42 2.0 4.42 9.888696782141118e-25
5.237500000000001 2.0000000000000004 4.42 2.0 4.42 1.3996374090457433e-24
5.2625 2.0000000000000004 4.42 2.0 4.42 1.976765519241915e-24
5.2875000000000005 2.0000000000000004 4.42 2.0 4.42 2.7857623777115526e-24
5.3125 2.0000000000000004 4.42 2.0 4.42 3.91712255151615e-24
5.3375 2.0000000000000004 4.42 2.0 4.42 5.495508623785668e-24
5.362500000000001 2.0000000000000004 4.42 2.0 4.42 7.692157464105311e-24
5.3875 2.0000000000000004 4.42 2.0 4.42 1.0741578764671624e-23
5.4125000000000005 2.0000000000000004 4.42 2.0 4.42 1.4963939018217597e-23
5.4375 2.0000000000000004 4.42 2.0 4.42 2.0794935839713404e-23
5.4625 2.0000000000000004 4.42 2.0 4.42 2.8825482398236007e-23
5.487500000000001 2.0000000000000004 4.42 2.0 4.42 3.985415640911204e-23
5.5125 2.0000000000000004 4.42 2.0 4.42 5.495613674336001e-23
5.5375000000000005 2.0000000000000004 4.42 2.0 4.42 7.557326047716062e-23
5.5625 2.0000000000000004 4.42 2.0 4.42 1.0363087742791856e-22
5.5875 2.0000000000000004 4.42 2.0 4.42 1.4168832600462197e-22
5.612500000000001 2.0000000000000004 4.42 2.0 4.42 1.9313102891756649e-22
5.6375 2.0000000000000004 4.42 2.0 4.42 2.6241326586101203e-22
5.6625000000000005 2.0000000000000004 4.42 2.0 4.42 3.553613689377613e-22
5.6875 2.0000000000000004 4.42 2.0 4.42 4.795469821729646e-22
5.7125 2.0000000000000004 4.42 2.0 4.42 6.44738448641507e-22
5.737500000000001 2.0000000000000004 4.42 2.0 4.42 8.634342722308051e-22
5.7625 2.0000000000000004 4.42 2.0 4.419999999999999 1.151474311041255e-21
5.7875000000000005 2.0000000000000004 4.42 2.0 4.419999999999999 1.5287094267106287e-21
5.8125 2.0000000000000004 4.42 1.9999999999999996 4.42 2.0196850576742936e-21
5.8375 2.0000000000000004 4.42 1.9999999999999973 4.420000000000002 2.65425317738774e-21
5.862500000000001 2.0000000000000004 4.42 1.9999999999999936 4.420000000000009 3.467962414050767e-21
5.8875 2.0000000000000004 4.42 1.9999999999999911 4.420000000000017 4.501976263693312e-21
5.9125000000000005 2.0000000000000004 4.42 1.9999999999999876 4.420000000000021 5.802117810925734e-21
5.9375 2.0000000000000004 4.42 1.999999999999987 4.420000000000023 7.416412590413098e-21
5.9625 2.0000000000000004 4.42 1.9999999999999876 4.420000000000023 9.390165674396287e-21
5.987500000000001 2.0000000000000004 4.42 1.9999999999999876 4.420000000000022 1.1757117436957047e-20
6.0125 2.0000000000000004 4.42 1.9999999999999856 4.420000000000023 1.4524508224114695e-20
6.0375000000000005 2.0000000000000004 4.42 1.9999999999999842 4.420000000000023 1.7648852335162065e-20
6.0625 2.0000000000000004 4.42 1.999999999999985 4.420000000000025 2.0997746765631944e-20
6.0875 2.0000000000000004 4.42 1.999999999999985 4.420000000000023 2.4290940447810965e-20
6.112500000000001 2.0000000000000004 4.42 1.999999999999985 4.420000000000021 2.7010917128765656e-20
6.1375 2.0000000000000004 4.42 1.999999999999985 4.420000000000021 2.8269058103138997e-20
6.1625000000000005 2.0000000000000004 4.42 1.999999999999985 4.420000000000021 2.6607581589896176e-20
6.1875 2.0000000000000004 4.42 1.9999999999999853 4.420000000000017 1.970926387775956e-20
6.2125 2.0000000000000004 4.42 1.999999999999987 4.420000000000015 3.9755622346984e-21
6.237500000000001 2.0000000000000004 4.42 1.9999999999999867 4.420000000000014 -2.60820016846176e-20
6.2625 2.0000000000000004 4.42 1.9999999999999867 4.420000000000012 -7.871407699921798e-20
6.2875000000000005 2.0000000000000004 4.42 1.9999999999999867 4.420000000000012 -1.6617608982886583e-19
6.3125 2.0000000000000004 4.42 1.9999999999999867 4.420000000000012 -3.06488886306849e-19
6.3375 2.0000000000000004 4.42 1.999999999999987 4.420000000000012 -5.25920926063927e-19
6.362500000000001 2.0000000000000004 4.42 1.999999999999984 4.420000000000015 -8.624715314906395e-19
6.3875 2.0000000000000004 4.42 1.9999999999999822 4.42000000000002 -1.3707377799990646e-18
6.4125000000000005 2.0000000000000004 4.42 1.999999999999983 4.4200000000000195 -2.128687037310349e-18
6.4375 2.0000000000000004 4.42 1.9999999999999827 4.420000000000014 -3.2470451229757577e-18
6.4625 2.0000000000000004 4.42 1.9999999999999818 4.420000000000018 -4.88226288370011e-18
6.487500000000001 2.0000000000000004 4.42 1.9999999999999827 4.42000000000002 -7.254362909822111e-18
6.5125 2.0000000000000004 4.42 1.9999999999999827 4.420000000000018 -1.067142140404454e-17
6.5375000000000005 2.0000000000000004 4.42 1.9999999999999816 4.420000000000018 -1.5563044729551464e-17
6.5625 2.0000000000000004 4.42 1.9999999999999822 4.420000000000014 -2.2526004271834337e-17
6.5875 2.0000000000000004 4.42 1.9999999999999827 4.420000000000011 -3.2386260070975655e-17
6.612500000000001 2.0000000000000004 4.42 1.9999999999999827 4.420000000000009 -4.6283015436768435e-17
6.6375 2.0000000000000004 4.42 1.9999999999999818 4.420000000000011 -6.578230826221413e-17
6.6625000000000005 2.0000000000000004 4.42 1.9999999999999813 4.420000000000012 -9.303009842227699e-17
6.6875 2.0000000000000004 4.42 1.9999999999999813 4.420000000000007 -1.3095803341512223e-16
6.7125 2.0000000000000004 4.42 1.9999999999999813 4.420000000000002 -1.835592969918481e-16
6.737500000000001 2.0000000000000004 4.42 1.9999999999999816 4.419999999999996 -2.562574646837114e-16
6.7625 2.0000000000000004 4.42 1.9999999999999816 4.419999999999996 -3.5639848661564606e-16
6.7875000000000005 2.0000000000000004 4.42 1.999999999999981 4.4200000000000035 -4.939052790719264e-16
6.8125 2.0000000000000004 4.42 1.999999999999979 4.420000000000012 -6.821465540280686e-16
6.8375 2.0000000000000004 4.42 1.9999999999999774 4.420000000000014 -9.390872424494704e-16
6.862500000000001 2.0 4.42 1.9999999999999776 4.42000000000001 -1.288808178818708e-15
6.8875 1.9999999999999998 4.42 1.9999999999999787 4.420000000000006 -1.763508886027102e-15
6.9125000000000005 1.9999999999999998 4.42 1.9999999999999782 4.4200000000000035 -2.40614094274948e-15
6.9375 1.9999999999999993 4.42 1.9999999999999762 4.4200000000000035 -3.273862560930351e-15
6.9625 1.9999999999999991 4.42 1.9999999999999756 4.419999999999998 -4.442560203050163e-15
6.987500000000001 1.999999999999997 4.42 1.9999999999999734 4.4199999999999955 -6.0127535304639905e-15
7.0125 1.9999999999999953 4.42 1.9999999999999694 4.419999999999993 -8.117289701896794e-15
7.0375000000000005 1.9999999999999907 4.42 1.9999999999999667 4.419999999999988 -1.093134703364249e-14
7.0625 1.9999999999999858 4.42 1.9999999999999627 4.4199999999999875 -1.4685412509578057e-14
7.0875 1.999999999999981 4.42 1.999999999999957 4.419999999999989 -1.968208030753711e-14
7.112500000000001 1.9999999999999718 4.42 1.999999999999948 4.419999999999989 -2.6317748939851047e-14
7.1375 1.9999999999999605 4.42 1.999999999999937 4.419999999999989 -3.5110584576960147e-14
7.1625000000000005 1.999999999999946 4.42 1.9999999999999203 4.419999999999991 -4.673648213955549e-14
7.1875 1.9999999999999256 4.42 1.9999999999998992 4.419999999999991 -6.207521160722045e-14
7.2125 1.9999999999998999 4.42 1.9999999999998725 4.419999999999991 -8.226950648023434e-14
7.237500000000001 1.9999999999998628 4.42 1.9999999999998377 4.419999999999989 -1.0880056101682564e-13
7.2625 1.999999999999816 4.42 1.9999999999997922 4.419999999999986 -1.4358428506770407e-13
7.2875000000000005 1.9999999999997566 4.42 1.999999999999733 4.419999999999986 -1.8909375922699748e-13
7.3125 1.999999999999677 4.42 1.9999999999996536 4.419999999999989 -2.4851468597291215e-13
7.3375 1.9999999999995737 4.42 1.99999999999955 4.419999999999986 -3.2594230153560294e-13
7.362500000000001 1.9999999999994407 4.42 1.999999999999416 4.419999999999985 -4.2663026690368756e-13
7.3875 1.9999999999992648 4.42 1.9999999999992422 4.419999999999982 -5.573045766227573e-13
7.4125000000000005 1.9999999999990412 4.42 1.9999999999990168 4.419999999999986 -7.265586085558662e-13
7.4375 1.9999999999987506 4.42 1.999999999998726 4.419999999999986 -9.453492026144965e-13
7.4625 1.9999999999983744 4.42 1.9999999999983493 4.419999999999986 -1.2276182389220713e-12
7.487500000000001 1.9999999999978904 4.42 1.9999999999978653 4.419999999999983 -1.5910697477054735e-12
7.5125 1.999999999997268 4.42 1.9999999999972435 4.41999999999998 -2.0581393142097944e-12
7.5375000000000005 1.9999999999964704 4.42 1.9999999999964455 4.41999999999998 -2.6572006637465135e-12
7.5625 1.9999999999954496 4.42 1.9999999999954232 4.41999999999998 -3.424064082240977e-12
7.5875 1.999999999994146 4.42 1.9999999999941196 4.4199999999999795 -4.403833044246174e-12
7.612500000000001 1.9999999999924825 4.42 1.9999999999924576 4.419999999999979 -5.653199425919127e-12
7.6375 1.9999999999903653 4.42 1.999999999990341 4.41999999999998 -7.243274366541262e-12
7.6625000000000005 1.9999999999876756 4.42 1.999999999987652 4.419999999999979 -9.263071653569237e-12
7.6875 1.9999999999842684 4.42 1.9999999999842433 4.419999999999975 -1.182378394443425e-11
7.7125 1.9999999999799563 4.42 1.9999999999799294 4.4199999999999715 -1.5064019764329204e-11
7.737500000000001 1.9999999999745093 4.42 1.9999999999744813 4.419999999999968 -1.91562016548182e-11
7.7625 1.999999999967641 4.42 1.9999999999676141 4.419999999999968 -2.4314363775371634e-11
7.7875000000000005 1.999999999959001 4.42 1.9999999999589755 4.419999999999964 -3.0803631418017586e-11
7.8125 1.9999999999481526 4.42 1.9999999999481277 4.419999999999964 -3.895171607363096e-11
7.8375 1.999999999934558 4.42 1.9999999999345326 4.419999999999963 -4.916281871507737e-11
7.862500000000001 1.999999999917554 4.42 1.99999999991753 4.419999999999961 -6.193440168656448e-11
7.8875 1.9999999998963292 4.42 1.9999999998963038 4.419999999999961 -7.787736685468733e-11
7.9125000000000005 1.9999999998698852 4.42 1.99999999986986 4.419999999999956 -9.77402652892275e-11
7.9375 1.9999999998370037 4.42 1.9999999998369797 4.419999999999952 -1.224382624174479e-10
7.9625 1.9999999997961995 4.42 1.999999999796175 4.4199999999999475 -1.5308769290020031e-10
7.987500000000001 1.9999999997456614 4.42 1.9999999997456384 4.419999999999943 -1.9104716174475952e-10
8.0125 1.9999999996831963 4.42 1.999999999683171 4.419999999999946 -2.3796628239439146e-10
8.037500000000001 1.9999999996061408 4.42 1.999999999606115 4.41999999999995 -2.9584328824608817e-10
8.0625 1.999999999511283 4.42 1.9999999995112572 4.419999999999952 -3.6709291014105447e-10
8.0875 1.9999999993947464 4.42 1.9999999993947197 4.419999999999951 -4.546260769081381e-10
8.1125 1.9999999992518704 4.42 1.9999999992518434 4.419999999999951 -5.619431659943075e-10
8.1375 1.999999999077065 4.42 1.9999999990770383 4.41999999999995 -6.932427021819997e-10
8.162500000000001 1.9999999988636419 4.42 1.999999998863617 4.419999999999945 -8.535475682129716e-10
8.1875 1.9999999986036254 4.42 1.999999998603601 4.419999999999943 -1.04885094347367e-09
8.2125 1.9999999982875176 4.42 1.9999999982874939 4.41999999999994 -1.2862843147096084e-09
8.2375 1.9999999979040548 4.42 1.99999999790403 4.419999999999937 -1.5743099916739913e-09
8.2625 1.999999997439904 4.42 1.9999999974398794 4.419999999999934 -1.9229405923075456e-09
8.287500000000001 1.9999999968793423 4.42 1.9999999968793172 4.419999999999932 -2.343987913252887e-09
8.3125 1.999999996203873 4.42 1.9999999962038473 4.419999999999932 -2.8513434431676317e-09
8.3375 1.9999999953918164 4.42 1.9999999953917889 4.419999999999936 -3.4612924724165178e-09
8.3625 1.9999999944178382 4.42 1.9999999944178095 4.419999999999935 -4.1928632590745826e-09
8.3875 1.9999999932524415 4.42 1.9999999932524135 4.419999999999932 -5.068211973901572e-09
8.412500000000001 1.9999999918614049 4.42 1.9999999918613756 4.419999999999931 -6.113043100881915e-09
8.4375 1.9999999902051762 4.42 1.9999999902051462 4.4199999999999235 -7.357063536790531e-09
8.4625 1.9999999882382316 4.42 1.9999999882382018 4.419999999999922 -8.834466719608285e-09
8.4875 1.9999999859083994 4.42 1.9999999859083695 4.41999999999992 -1.0584440610609571e-08
8.5125 1.99999998315616 4.42 1.9999999831561324 4.419999999999916 -1.2651690127873112e-08
8.537500000000001 1.999999979913956 4.42 1.9999999799139299 4.419999999999909 -1.5086960526510765e-08
8.5625 1.9999999761055132 4.42 1.9999999761054879 4.419999999999908 -1.794754306433284e-08
8.5875 1.9999999716452233 4.42 1.9999999716451957 4.419999999999908 -2.1297737873694268e-08
8.6125 1.9999999664376338 4.42 1.9999999664376071 4.419999999999906 -2.5209241041782595e-08
8.6375 1.9999999603770888 4.42 1.999999960377064 4.4199999999999005 -2.976141320842326e-08
8.662500000000001 1.999999953347598 4.42 1.9999999533475736 4.419999999999895 -3.5041375209650534e-08
8.6875 1.999999945223037 4.42 1.9999999452230113 4.419999999999893 -4.114386207184302e-08
8.7125 1.9999999358677734 4.42 1.9999999358677467 4.419999999999893 -4.817074959460682e-08
8.7375 1.9999999251378733 4.42 1.9999999251378484 4.41999999999989 -5.623014740133098e-08
8.7625 1.9999999128830654 4.42 1.99999991288304 4.4199999999998925 -6.543492818332685e-08
8.787500000000001 1.9999998989496537 4.42 1.9999998989496288 4.419999999999894 -7.59005343609066e-08
8.8125 1.9999998831846608 4.42 1.9999998831846348 4.419999999999895 -8.774186992060323e-08
8.8375 1.9999998654414906 4.42 1.9999998654414624 4.419999999999893 -1.0106904609219183e-07
8.8625 1.9999998455874848 4.42 1.9999998455874555 4.419999999999892 -1.1598170407426578e-07
8.8875 1.9999998235138163 4.42 1.9999998235137866 4.419999999999892 -1.325615854182277e-07
8.912500000000001 1.9999997991482334 4.42 1.9999997991482035 4.419999999999895 -1.5086296009794732e-07
8.9375 1.9999997724712666 4.42 1.999999772471234 4.419999999999894 -1.7090045283630125e-07
8.9625 1.9999997435366115 4.42 1.9999997435365797 4.419999999999888 -1.9263372899644288e-07
8.9875 1.9999997124965467 4.42 1.999999712496515 4.419999999999886 -2.1594841130550255e-07
9.0125 1.999999679633322 4.42 1.9999996796332922 4.4199999999998845 -2.4063249686899673e-07
9.037500000000001 1.999999645397677 4.42 1.9999996453976459 4.419999999999883 -2.663474293533641e-07
9.0625 1.9999996104557598 4.42 1.999999610455728 4.419999999999881 -2.9259285286963165e-07
9.0875 1.9999995757459552 4.42 1.9999995757459244 4.419999999999881 -3.186639310228116e-07
9.1125 1.9999995425473074 4.42 1.9999995425472765 4.419999999999879 -3.4359995589668213e-07
9.1375 1.9999995125614571 4.42 1.9999995125614267 4.419999999999879 -3.661227966102474e-07
9.162500000000001 1.9999994880103122 4.42 1.99999948801028 4.419999999999877 -3.845635448232645e-07
9.1875 1.9999994717518805 4.42 1.9999994717518457 4.419999999999879 -3.9677550466495557e-07
9.2125 1.9999994674170674 4.42 1.9999994674170305 4.419999999999882 -4.0003144670731907e-07
9.2375 1.9999994795705103 4.42 1.999999479570472 4.419999999999883 -3.909027997635313e-07
9.2625 1.9999995138989095 4.42 1.9999995138988735 4.419999999999879 -3.6511819074880834e-07
9.287500000000001 1.9999995774306896 4.42 1.9999995774306527 4.419999999999877 -3.173984622680347e-07
9.3125 1.999999678791162 4.42 1.9999996787911234 4.419999999999879 -2.4126500111955035e-07
9.3375 1.9999998284978848 4.42 1.9999998284978437 4.419999999999884 -1.28817900181956e-07
9.3625 2.000000039301215 4.42 2.0000000393011703 4.4199999999998845 2.95198465606592e-08
9.3875 2.000000326575598 4.42 2.0000003265755546 4.4199999999998845 2.452962478619007e-07
9.412500000000001 2.0000007087675247 4.42 2.0000007087674834 4.419999999999884 5.323667870426377e-07
9.4375 2.000001207906557 4.42 2.000001207906516 4.419999999999878 9.072782688430747e-07
9.4625 2.0000018501862593 4.42 2.0000018501862176 4.4199999999998845 1.3897051815992123e-06
9.4875 2.000002666622318 4.42 2.0000026666222763 4.419999999999883 2.0029440372001085e-06
9.5125 2.000003693795517 4.42 2.0000036937954766 4.419999999999881 2.774471454817484e-06
9.537500000000001 2.0000049746876 4.42 2.0000049746875592 4.419999999999881 3.736572030675125e-06
9.5625 2.000006559618392 4.42 2.000006559618352 4.419999999999872 4.927042275346514e-06
9.587500000000002 2.0000085072927756 4.42 2.000008507292737 4.4199999999998605 6.389977091247739e-06
9.6125 2.0000108859663204 4.42 2.000010885966282 4.4199999999998525 8.176645393913645e-06
9.6375 2.000013774738397 4.42 2.000013774738358 4.419999999999851 1.0346461537942637e-05
9.662500000000001 2.0000172649816 4.42 2.0000172649815617 4.419999999999851 1.2968059177584796e-05
9.6875 2.000021461916102 4.42 2.0000214619160643 4.419999999999851 1.6120474057228993e-05
9.712500000000002 2.000026486337207 4.42 2.0000264863371706 4.419999999999844 1.9894441971884715e-05
9.7375 2.000032476503848 4.42 2.0000324765038107 4.41999999999984 2.4393817744680962e-05
9.7625 2.0000395901950356 4.42 2.0000395901949997 4.4199999999998365 2.973712051937154e-05
9.787500000000001 2.0000480069402853 4.42 2.000048006940247 4.419999999999836 3.605920994222771e-05
9.8125 2.0000579304287736 4.42 2.000057930428734 4.419999999999842 4.351309689093828e-05
9.837500000000002 2.000069591100539 4.42 2.0000695911004978 4.419999999999842 5.2271891279704596e-05
9.8625 2.000083248921098 4.42 2.0000832489210554 4.419999999999838 6.253088811167093e-05
9.8875 2.0000991963387653 4.42 2.000099196338723 4.4199999999998285 7.450979134541856e-05
9.912500000000001 2.0001177614213956 4.42 2.000117761421354 4.419999999999822 8.84550732758701e-05
9.9375 2.0001393111663934 4.42 2.000139311166352 4.4199999999998205 0.00010464246498845123
9.962500000000002 2.000164254974522 4.42 2.0001642549744814 4.419999999999817 0.00012337957101788232
9.9875 2.0001930482743844 4.42 2.000193048274342 4.419999999999819 0.00014500859862194131
10.0125 2.000226196280341 4.42 2.000226196280295 4.419999999999822 0.00016990918906263362
10.037500000000001 2.000264257862136 4.42 2.0002642578620886 4.419999999999822 0.00019850133497294463
10.0625 2.000307849499608 4.42 2.0003078494995603 4.419999999999823 0.00023124836428342147
10.087500000000002 2.000357649290587 4.42 2.000357649290539 4.4199999999998205 0.0002686599673011827
10.1125 2.0004144009744356 4.42 2.000414400974389 4.419999999999819 0.00031129523939328987
10.1375 2.000478917927771 4.42 2.0004789179277243 4.4199999999998125 0.00035976570735344194
10.162500000000001 2.000552087082623 4.42 2.0005520870825757 4.419999999999812 0.00041473830295881515
10.1875 2.0006348727109224 4.42 2.000634872710875 4.419999999999808 0.0004769382424958915
10.212500000000002 2.000728320012535 4.42 2.0007283200124872 4.4199999999998045 0.0005471517662011153
10.2375 2.000833558437489 4.42 2.0008335584374404 4.419999999999806 0.000626228686684365
10.2625 2.000951804666409 4.42 2.0009518046663572 4.419999999999808 0.0007150846905515005
10.287500000000001 2.001084365166711 4.42 2.001084365166658 4.4199999999998045 0.0008147033326941148
10.3125 2.001232638235976 4.42 2.0012326382359236 4.419999999999802 0.0009261376581602602
10.337500000000002 2.001398115438148 4.42 2.0013981154380955 4.419999999999803 0.0010505113822556092
10.3625 2.0015823823330305 4.42 2.0015823823329786 4.419999999999796 0.0011890195556553734
10.3875 2.001787118395135 4.42 2.001787118395085 4.41999999999979 0.001342928637948273
10.412500000000001 2.002014096014424 4.42 2.002014096014374 4.419999999999787 0.0015135759003011373
10.4375 2.002265178469046 4.42 2.002265178469 4.419999999999777 0.0017023680759536896
10.462500000000002 2.0025423167590786 4.42 2.002542316759032 4.419999999999777 0.0019107791761534413
10.4875 2.002847545190587 4.42 2.0028475451905403 4.419999999999778 0.0021403473890487666
10.5125 2.003182975601393 4.42 2.003182975601349 4.41999999999977 0.0023926709801055973
10.537500000000001 2.0035507901237826 4.42 2.0035507901237413 4.419999999999762 0.0026694031149196175
10.5625 2.003953232385306 4.42 2.0039532323852622 4.419999999999767 0.0029722455289856228
10.587500000000002 2.0043925970569103 4.42 2.0043925970568663 4.419999999999767 0.003302940974166079
10.6125 2.004871217668097 4.42 2.0048712176680548 4.419999999999764 0.0036632643783692065
10.6375 2.00539145262162 4.42 2.005391452621578 4.4199999999997654 0.004055012663392115
10.662500000000001 2.0059556693556377 4.42 2.005955669355596 4.419999999999769 0.004479993176063149
10.6875 2.0065662266191864 4.42 2.0065662266191415 4.4199999999997726 0.004940010699781705
10.712500000000002 2.007225454847273 4.42 2.007225454847229 4.419999999999762 0.005436853027317143
10.7375 2.007935634644907 4.42 2.007935634644865 4.419999999999757 0.005972275091280169
10.7625 2.008698973414697 4.42 2.008698973414655 4.419999999999757 0.006547981665988633
10.787500000000001 2.0095175801902085 4.42 2.0095175801901686 4.419999999999758 0.007165608673428547
10.8125 2.0103934387667954 4.42 2.010393438766756 4.419999999999759 0.0078267031465639
10.837500000000002 2.0113283792527668 4.42 2.011328379252725 4.419999999999761 0.008532701925221337
10.8625 2.0123240481962594 4.42 2.0123240481962172 4.419999999999764 0.009284909182980135
10.8875 2.0133818774765087 4.42 2.0133818774764674 4.419999999999762 0.010084472907721746
10.912500000000001 2.0145030521819214 4.42 2.0145030521818788 4.41999999999976 0.010932360483453215
10.9375 2.0156884777309285 4.42 2.015688477730886 4.419999999999758 0.011829333546431228
10.962500000000002 2.0169387465244277 4.42 2.0169387465243824 4.419999999999759 0.012775922314127571
10.9875 2.018254104450006 4.42 2.0182541044499605 4.419999999999762 0.01377239961081675
11.0125 2.0196344175876617 4.42 2.0196344175876146 4.419999999999766 0.014818754838143345
11.037500000000001 2.0210791394934273 4.42 2.0210791394933807 4.419999999999769 0.01591466816248557
11.0625 2.022587279460855 4.42 2.0225872794608075 4.419999999999764 0.017059485212843672
11.087500000000002 2.0241573721798094 4.42 2.0241573721797623 4.41999999999976 0.018252192602866864
11.1125 2.025787449227095 4.42 2.025787449227048 4.419999999999753 0.019491394608011626
11.1375 2.0274750128334023 4.42 2.0274750128333574 4.419999999999741 0.020775291343243317
11.162500000000001 2.0292170123755833 4.42 2.029217012375538 4.419999999999738 0.02210165879765288
11.1875 2.031009824041824 4.42 2.031009824041778 4.419999999999739 0.023467831089443454
11.212500000000002 2.032849234109746 4.42 2.032849234109699 4.419999999999734 0.024870685307504792
11.2375 2.0347304262634496 4.42 2.034730426263401 4.4199999999997335 0.026306629303848028
11.2625 2.0366479733551586 4.42 2.036647973355108 4.419999999999733 0.0277715927942028
11.287500000000001 2.0385958339902106 4.42 2.0385958339901595 4.41999999999973 0.02926102211175985
11.3125 2.040567354280981 4.42 2.0405673542809275 4.4199999999997335 0.03076987894119322
11.337500000000002 2.042555275076078 4.42 2.0425552750760243 4.4199999999997335 0.03229264333654691
11.3625 2.044551744926142 4.42 2.04455174492609 4.41999999999973 0.03382332129725535
11.3875 2.046548338997247 4.42 2.0465483389971935 4.4199999999997335 0.035355457141536734
11.412500000000001 2.048536084087766 4.42 2.0485360840877105 4.4199999999997335 0.03688215087572896
11.4375 2.050505489845192 4.42 2.0505054898451354 4.419999999999738 0.03839608071209057
11.462500000000002 2.0524465862164236 4.42 2.052446586216368 4.419999999999734 0.03988953083645674
11.4875 2.0543489670991573 4.42 2.0543489670991035 4.419999999999728 0.04135442447134536
11.5125 2.056201840093991 4.42 2.0562018400939337 4.419999999999735 0.042782362220203755
11.537500000000001 2.05799408218741 4.42 2.0579940821873506 4.419999999999735 0.04416466561505264
11.5625 2.059714301125772 4.42 2.0597143011257124 4.41999999999973 0.04549242572358476
11.587500000000002 2.0613509021705627 4.42 2.061350902170504 4.419999999999725 0.04675655660358917
11.6125 2.0628921598563226 4.42 2.0628921598562684 4.419999999999714 0.047947853323287604
11.6375 2.0643262943056238 4.42 2.0643262943055705 4.419999999999709 0.049057054196762824
11.662500000000001 2.0656415515909936 4.42 2.065641551590942 4.4199999999997 0.050074906815101655
11.6875 2.066826287572719 4.42 2.066826287572665 4.419999999999694 0.05099223738725463
11.712500000000002 2.0678690545845484 4.42 2.067869054584494 4.419999999999693 0.05180002284097752
11.7375 2.0687586902874107 4.42 2.068758690287358 4.419999999999691 0.05248946507465265
11.7625 2.0694844079649126 4.42 2.069484407964862 4.41999999999969 0.053052066696372524
11.787500000000001 2.0700358874944094 4.42 2.070035887494355 4.419999999999695 0.05347970753841606
11.8125 2.0704033661943027 4.42 2.070403366194249 4.419999999999696 0.053764721194172214
11.837500000000002 2.070577728722614 4.42 2.070577728722558 4.419999999999693 0.053899970791565575
11.8625 2.0705505951841445 4.42 2.0705505951840886 4.419999999999693 0.05387892319294753
11.8875 2.0703144065942767 4.42 2.070314406594218 4.4199999999997 0.05369572079696051
11.912500000000001 2.069862506846695 4.42 2.069862506846635 4.4199999999997015 0.053345250113650246
11.9375 2.069189220340601 4.42 2.0691892203405406 4.419999999999703 0.05282320629055684
11.962500000000002 2.0682899244400472 4.42 2.0682899244399886 4.419999999999706 0.052126152784960314
11.9875 2.0671611159641956 4.42 2.0671611159641365 4.419999999999703 0.05125157540603735
12.0125 2.0658004709421385 4.42 2.065800470942078 4.419999999999703 0.05019792999036485
12.037500000000001 2.0642068969094147 4.42 2.0642068969093526 4.419999999999707 0.04896468302478796
12.0625 2.062380577074923 4.42 2.062380577074862 4.419999999999706 0.047552344591757154
12.087500000000002 2.060323005746204 4.42 2.0603230057461435 4.419999999999711 0.045962493083270176
12.1125 2.058037014467462 4.42 2.058037014467401 4.41999999999971 0.04419779120980399
12.1375 2.0555267883973856 4.42 2.0555267883973247 4.419999999999703 0.04226199291915384
12.162500000000001 2.052797872532208 4.42 2.052797872532148 4.419999999999695 0.040159940935895276
12.1875 2.049857167462699 4.42 2.0498571674626396 4.419999999999693 0.03789755473400547
12.212500000000002 2.046712914440884 4.42 2.046712914440827 4.419999999999684 0.0354818088617256
12.2375 2.0433746696226787 4.42 2.0433746696226223 4.419999999999675 0.032920701647592095
12.2625 2.0398532674452627 4.42 2.039853267445208 4.419999999999666 0.030223214428162788
12.287500000000001 2.036160773192245 4.42 2.0361607731921874 4.419999999999668 0.02739926154980854
12.3125 2.0323104248947326 4.42 2.0323104248946753 4.419999999999671 0.024459631507370596
12.337500000000002 2.028316564811756 4.42 2.028316564811698 4.419999999999669 0.021415919689932353
12.3625 2.0241945608285343 4.42 2.0241945608284766 4.419999999999672 0.01828045330684697
12.3875 2.0199607182055086 4.42 2.01996071820545 4.419999999999684 0.015066209163914665
12.412500000000001 2.0156321822044125 4.42 2.015632182204352 4.4199999999996855 0.011786725048843283
12.4375 2.0112268322099784 4.42 2.011226832209921 4.419999999999679 0.008456005565417002
12.462500000000002 2.0067631680566977 4.42 2.00676316805664 4.419999999999682 0.005088423325966454
12.4875 2.002260189359444 4.42 2.0022601893593865 4.419999999999687 0.0016986164707044591
12.5125 1.9977372687344963 4.42 1.9977372687344377 4.419999999999687 -0.0016986164707044591
12.537500000000001 1.993214019883125 4.42 1.9932140198830675 4.419999999999684 -0.005088423325966935
12.5625 1.9887101615931468 4.42 1.9887101615930884 4.419999999999682 -0.008456005565417002
12.587500000000002 1.984245378793769 4.42 1.9842453787937087 4.419999999999691 -0.011786725048843753
12.6125 1.9798391818747323 4.42 1.9798391818746701 4.419999999999698 -0.015066209163914665
12.6375 1.9755107655506359 4.42 1.9755107655505757 4.419999999999698 -0.01828045330684697
12.662500000000001 1.9712788686135394 4.42 1.9712788686134783 4.419999999999698 -0.021415919689932797
12.6875 1.9671616359691608 4.42 1.9671616359690987 4.419999999999698 -0.024459631507370596
12.712500000000002 1.9631764843915722 4.42 1.9631764843915114 4.419999999999691 -0.02739926154980895
12.7375 1.959339973454991 4.42 1.9593399734549322 4.419999999999685 -0.030223214428162788
12.7625 1.9556676831060968 4.42 1.9556676831060393 4.419999999999684 -0.032920701647592095
12.787500000000001 1.9521740993227692 4.42 1.952174099322712 4.419999999999681 -0.03548180886172595
12.8125 1.9488725092623616 4.42 1.948872509262305 4.419999999999677 -0.03789755473400547
12.837500000000002 1.945774907231962 4.42 1.9457749072319048 4.419999999999673 -0.04015994093589559
12.8625 1.9428919127126285 4.42 1.9428919127125708 4.419999999999676 -0.04226199291915384
12.8875 1.9402327015386034 4.42 1.9402327015385479 4.419999999999673 -0.04419779120980399
12.912500000000001 1.9378049511712765 4.42 1.93780495117122 4.41999999999967 -0.045962493083270425
12.9375 1.935614800817901 4.42 1.935614800817845 4.419999999999676 -0.047552344591757154
12.962500000000002 1.933666826930233 4.42 1.933666826930179 4.419999999999679 -0.04896468302478814
12.9875 1.9319640343825923 4.42 1.9319640343825388 4.419999999999681 -0.05019792999036485
13.0125 1.9305078633787591 4.42 1.9305078633787047 4.419999999999678 -0.05125157540603735
13.037500000000001 1.9292982118793491 4.42 1.9292982118792925 4.41999999999968 -0.052126152784960425
13.0625 1.9283334730836608 4.42 1.9283334730836028 4.419999999999681 -0.05282320629055684
13.087500000000002 1.9276105872505798 4.42 1.9276105872505205 4.419999999999684 -0.05334525011365031
13.1125 1.9271251069097315 4.42 1.9271251069096735 4.4199999999996855 -0.05369572079696051
13.1375 1.9268712743041214 4.42 1.9268712743040624 4.4199999999996855 -0.05387892319294753
13.162500000000001 1.9268421097251618 4.42 1.9268421097251016 4.419999999999682 -0.05389997079156557
13.1875 1.927029509255307 4.42 1.9270295092552463 4.419999999999677 -0.053764721194172214
13.212500000000002 1.9274243503258968 4.42 1.9274243503258373 4.419999999999671 -0.053479707538416
13.2375 1.9280166034298738 4.42 1.9280166034298145 4.4199999999996695 -0.053052066696372524
13.2625 1.928795448300885 4.42 1.9287954483008252 4.419999999999666 -0.05248946507465265
13.287500000000001 1.9297493928804401 4.42 1.929749392880381 4.419999999999665 -0.05180002284097741
13.3125 1.930866393440121 4.42 1.9308663934400636 4.419999999999663 -0.05099223738725463
13.337500000000002 1.9321339743026897 4.42 1.9321339743026265 4.4199999999996695 -0.05007490681510151
13.3625 1.9335393457091947 4.42 1.9335393457091286 4.419999999999671 -0.049057054196762824
13.3875 1.9350695185039202 4.42 1.935069518503853 4.419999999999676 -0.047947853323287604
13.412500000000001 1.9367114144495448 4.42 1.9367114144494808 4.419999999999679 -0.046756556603588996
13.4375 1.9384519711362143 4.42 1.9384519711361516 4.41999999999968 -0.04549242572358476
13.462500000000002 1.9402782406051735 4.42 1.9402782406051147 4.419999999999678 -0.044164665615052445
13.4875 1.9421774809659051 4.42 1.9421774809658467 4.419999999999671 -0.042782362220203755
13.5125 1.944137240441368 4.42 1.944137240441309 4.41999999999967 -0.04135442447134536
13.537500000000001 1.9461454334259132 4.42 1.9461454334258523 4.4199999999996695 -0.03988953083645652
13.5625 1.94819040828208 4.42 1.9481904082820207 4.419999999999671 -0.03839608071209057
13.587500000000002 1.950261006734044 4.42 1.950261006733986 4.419999999999671 -0.03688215087572874
13.6125 1.9523466148355475 4.42 1.9523466148354895 4.419999999999669 -0.035355457141536734
13.6375 1.9544372055981272 4.42 1.95443720559807 4.419999999999666 -0.03382332129725535
13.662500000000001 1.9565233734607976 4.42 1.9565233734607406 4.419999999999664 -0.0322926433365467
13.6875 1.9585963608651968 4.42 1.9585963608651413 4.419999999999663 -0.03076987894119322
13.712500000000002 1.9606480772709058 4.42 1.96064807727085 4.419999999999661 -0.029261022111759634
13.7375 1.962671111004489 4.42 1.9626711110044293 4.419999999999664 -0.0277715927942028
13.7625 1.9646587343836799 4.42 1.9646587343836188 4.41999999999967 -0.026306629303848028
13.787500000000001 1.9666049025955024 4.42 1.9666049025954402 4.419999999999671 -0.024870685307504588
13.8125 1.9685042468349885 4.42 1.9685042468349274 4.419999999999669 -0.023467831089443454
13.837500000000002 1.9703520622301607 4.42 1.970352062230098 4.4199999999996695 -0.022101658797652694
13.8625 1.972144291089978 4.42 1.972144291089915 4.419999999999677 -0.020775291343243317
13.8875 1.9738775020157333 4.42 1.9738775020156698 4.419999999999671 -0.019491394608011626
13.912500000000001 1.9755488654136821 4.42 1.975548865413619 4.419999999999664 -0.01825219260286669
13.9375 1.9771561259382802 4.42 1.9771561259382189 4.419999999999662 -0.017059485212843672
13.962500000000002 1.978697572381886 4.42 1.9786975723818234 4.419999999999661 -0.01591466816248541
13.9875 1.9801720055088339 4.42 1.9801720055087693 4.419999999999661 -0.014818754838143345
14.0125 1.9815787043101238 4.42 1.9815787043100586 4.419999999999659 -0.01377239961081675
14.037500000000001 1.9829173911300146 4.42 1.9829173911299496 4.419999999999655 -0.012775922314127438
14.0625 1.9841881960882655 4.42 1.984188196088202 4.419999999999657 -0.011829333546431228
14.087500000000002 1.9853916211920823 4.42 1.9853916211920197 4.419999999999661 -0.010932360483453089
14.1125 1.986528504500524 4.42 1.986528504500463 4.419999999999664 -0.010084472907721746
14.1375 1.9875999846716987 4.42 1.9875999846716401 4.419999999999659 -0.009284909182980135
14.162500000000001 1.9886074661899185 4.42 1.9886074661898623 4.419999999999655 -0.008532701925221235
14.1875 1.9895525855365648 4.42 1.9895525855365073 4.4199999999996535 -0.0078267031465639
14.212500000000002 1.990437178535058 4.42 1.9904371785350006 4.419999999999654 -0.007165608673428454
14.2375 1.99126324906752 4.42 1.991263249067463 4.419999999999657 -0.006547981665988633
14.2625 1.992032939328528 4.42 1.9920329393284726 4.419999999999652 -0.005972275091280169
14.287500000000001 1.992748501750389 4.42 1.9927485017503317 4.419999999999655 -0.005436853027317071
14.3125 1.9934122727046508 4.42 1.9934122727045915 4.419999999999657 -0.004940010699781705
14.337500000000002 1.9940266480563809 4.42 1.9940266480563205 4.419999999999659 -0.004479993176063085
14.3625 1.9945940606213663 4.42 1.9945940606213073 4.419999999999659 -0.004055012663392115
14.3875 1.9951169595518072 4.42 1.9951169595517477 4.419999999999662 -0.0036632643783692065
14.412500000000001 1.9955977916535852 4.42 1.9955977916535264 4.419999999999661 -0.0033029409741660303
14.4375 1.996038984617755 4.42 1.9960389846176967 4.419999999999655 -0.0029722455289856228
14.462500000000002 1.9964429321306103 4.42 1.996442932130554 4.419999999999648 -0.0026694031149195755
14.4875 1.996811980810598 4.42 1.996811980810545 4.419999999999645 -0.0023926709801055973
14.5125 1.9971484189063662 4.42 1.9971484189063142 4.419999999999647 -0.0021403473890487666
14.537500000000001 1.9974544666784682 4.42 1.9974544666784153 4.419999999999655 -0.0019107791761534087
14.5625 1.9977322683774705 4.42 1.997732268377416 4.419999999999661 -0.0017023680759536896
14.587500000000002 1.9979838857234695 4.42 1.9979838857234133 4.419999999999664 -0.0015135759003011128
14.6125 1.9982112927862 4.42 1.9982112927861455 4.419999999999659 -0.001342928637948273
14.6375 1.9984163721608252 4.42 1.9984163721607695 4.419999999999659 -0.0011890195556553734
14.662500000000001 1.9986009123320831 4.42 1.9986009123320247 4.419999999999661 -0.0010505113822555899
14.6875 1.9987666061185796 4.42 1.99876660611852 4.419999999999661 -0.0009261376581602602
14.712500000000002 1.9989150500894795 4.42 1.9989150500894208 4.419999999999653 -0.0008147033326941005
14.7375 1.99904774484754 4.42 1.999047744847482 4.419999999999646 -0.0007150846905515005
14.7625 1.9991660960751816 4.42 1.9991660960751247 4.419999999999641 -0.000626228686684365
14.787500000000001 1.999271416243985 4.42 1.9992714162439276 4.419999999999639 -0.0005471517662011046
14.8125 1.9993649268924318 4.42 1.9993649268923714 4.419999999999649 -0.0004769382424958915
14.837500000000002 1.9994477613817925 4.42 1.9994477613817292 4.419999999999655 -0.0004147383029588071
14.8625 1.999520968045608 4.42 1.9995209680455448 4.419999999999661 -0.00035976570735344194
14.8875 1.9995855136541734 4.42 1.9995855136541092 4.419999999999661 -0.00031129523939328987
14.912500000000001 1.9996422871215327 4.42 1.9996422871214703 4.419999999999652 -0.00026865996730117696
14.9375 1.999692103388849 4.42 1.999692103388788 4.419999999999646 -0.00023124836428342147
14.962500000000002 1.999735707424311 4.42 1.9997357074242483 4.419999999999646 -0.0001985013349729404
14.9875 1.9997737782859841 4.42 1.9997737782859222 4.419999999999651 -0.00016990918906263362
15.0125 1.999806933200226 4.42 1.9998069332001647 4.419999999999657 -0.00014500859862194131
15.037500000000001 1.9998357316141286 4.42 1.9998357316140662 4.419999999999657 -0.00012337957101787937
15.0625 1.9998606791862086 4.42 1.9998606791861429 4.419999999999655 -0.00010464246498845123
15.087500000000002 1.999882231684927 4.42 1.9998822316848615 4.419999999999653 -8.845507327586802e-05
15.1125 1.9999007987696764 4.42 1.9999007987696147 4.419999999999645 -7.450979134541856e-05
15.1375 1.999916747633579 4.42 1.999916747633518 4.419999999999639 -6.253088811167093e-05
15.162500000000001 1.9999304064917516 4.42 1.9999304064916905 4.4199999999996376 -5.2271891279703214e-05
15.1875 1.9999420679026598 4.42 1.9999420679025977 4.419999999999641 -4.351309689093828e-05
15.212500000000002 1.9999519919137194 4.42 1.9999519919136566 4.419999999999641 -3.605920994222675e-05
15.2375 1.9999604090254761 4.42 1.9999604090254135 4.419999999999641 -2.973712051937154e-05
15.2625 1.9999675229715261 4.42 1.9999675229714655 4.419999999999638 -2.4393817744680962e-05
15.287500000000001 1.9999735133137704 4.42 1.9999735133137104 4.4199999999996376 -1.989444197188412e-05
15.3125 1.9999785378546702 4.42 1.9999785378546093 4.419999999999634 -1.6120474057228993e-05
15.337500000000002 1.9999827348700108 4.42 1.9999827348699504 4.419999999999636 -1.2968059177584396e-05
15.3625 1.9999862251671132 4.42 1.99998622516705 4.419999999999642 -1.0346461537942637e-05
15.3875 1.9999891139746473 4.42 1.999989113974583 4.419999999999641 -8.176645393913645e-06
15.412500000000001 1.9999914926711684 4.42 1.999991492671104 4.4199999999996376 -6.389977091247506e-06
15.4375 1.9999934403601818 4.42 1.999993440360118 4.419999999999636 -4.927042275346514e-06
15.462500000000002 1.9999950253001002 4.42 1.9999950253000374 4.419999999999634 -3.7365720306749717e-06
15.4875 1.99999630619774 4.42 1.9999963061976789 4.419999999999628 -2.774471454817484e-06
15.5125 1.999997333374223 4.42 1.999997333374162 4.419999999999623 -2.0029440372001085e-06
15.537500000000001 1.9999981498121477 4.42 1.9999981498120891 4.419999999999621 -1.389705181599174e-06
15.5625 1.999998792092856 4.42 1.999998792092799 4.419999999999621 -9.072782688430747e-07
15.587500000000002 1.9999992912323896 4.42 1.999999291232335 4.419999999999618 -5.323667870425915e-07
15.6125 1.9999996734245369 4.42 1.9999996734244827 4.419999999999613 -2.452962478619007e-07
15.6375 1.9999999606989913 4.42 1.9999999606989391 4.419999999999607 -2.95198465606592e-08
15.662500000000001 2.000000171502324 4.42 2.0000001715022693 4.419999999999609 1.2881790018196535e-07
15.6875 2.0000003212090234 4.42 2.000000321208968 4.419999999999613 2.4126500111955035e-07
15.712500000000002 2.0000004225694705 4.42 2.000000422569416 4.419999999999613 3.173984622680433e-07
15.7375 2.0000004861012317 4.42 2.0000004861011753 4.419999999999613 3.6511819074880834e-07
15.7625 2.0000005204296234 4.42 2.000000520429566 4.419999999999616 3.909027997635313e-07
15.787500000000001 2.0000005325830643 4.42 2.0000005325830092 4.419999999999617 4.000314467073189e-07
15.8125 2.0000005282482562 4.42 2.0000005282482034 4.419999999999621 3.9677550466495557e-07
15.837500000000002 2.000000511989836 4.42 2.000000511989785 4.419999999999625 3.845635448232625e-07
15.8625 2.0000004874387054 4.42 2.000000487438654 4.419999999999623 3.661227966102474e-07
15.8875 2.000000457452872 4.42 2.0000004574528183 4.41999999999962 3.4359995589668213e-07
15.912500000000001 2.0000004242542397 4.42 2.000000424254184 4.419999999999616 3.1866393102280974e-07
15.9375 2.0000003895444496 4.42 2.0000003895443936 4.4199999999996145 2.9259285286963165e-07
15.962500000000002 2.000000354602546 4.42 2.000000354602486 4.41999999999962 2.663474293533603e-07
15.9875 2.00000032036691 4.42 2.0000003203668504 4.419999999999616 2.4063249686899673e-07
16.012500000000003 2.0000002875036933 4.42 2.0000002875036342 4.419999999999613 2.1594841130549914e-07
16.0375 2.000000256463635 4.42 2.0000002564635753 4.419999999999616 1.9263372899644135e-07
16.0625 2.0000002275289837 4.42 2.0000002275289237 4.419999999999618 1.7090045283630125e-07
16.0875 2.0000002008520195 4.42 2.0000002008519617 4.419999999999603 1.5086296009794732e-07
16.1125 2.000000176486439 4.42 2.0000001764863864 4.419999999999601 1.325615854182277e-07
16.137500000000003 2.0000001544127723 4.42 2.00000015441272 4.419999999999613 1.1598170407426365e-07
16.1625 2.000000134558767 4.42 2.0000001345587153 4.419999999999616 1.010690460921907e-07
16.1875 2.0000001168155954 4.42 2.000000116815543 4.419999999999615 8.774186992060323e-08
16.2125 2.0000001010506043 4.42 2.000000101050546 4.419999999999623 7.59005343609066e-08
16.2375 2.0000000871171912 4.42 2.0000000871171295 4.419999999999632 6.543492818332685e-08
16.262500000000003 2.000000074862382 4.42 2.0000000748623203 4.419999999999636 5.623014740132975e-08
16.2875 2.000000064132482 4.42 2.0000000641324194 4.4199999999996376 4.817074959460625e-08
16.3125 2.000000054777217 4.42 2.0000000547771544 4.419999999999638 4.114386207184302e-08
16.3375 2.000000046652656 4.42 2.000000046652594 4.419999999999642 3.5041375209650534e-08
16.3625 2.0000000396231643 4.42 2.000000039623102 4.419999999999639 2.976141320842326e-08
16.387500000000003 2.0000000335626185 4.42 2.0000000335625554 4.419999999999631 2.520924104178202e-08
16.4125 2.000000028355029 4.42 2.0000000283549655 4.419999999999631 2.1297737873693996e-08
16.4375 2.0000000238947364 4.42 2.0000000238946756 4.419999999999629 1.794754306433284e-08
16.4625 2.000000020086293 4.42 2.0000000200862322 4.419999999999623 1.5086960526510765e-08
16.4875 2.000000016844088 4.42 2.0000000168440266 4.419999999999627 1.2651690127873112e-08
16.512500000000003 2.0000000140918495 4.42 2.000000014091788 4.419999999999623 1.0584440610609302e-08
16.5375 2.000000011762017 4.42 2.000000011761955 4.419999999999623 8.834466719608172e-09
16.5625 2.000000009795074 4.42 2.00000000979501 4.4199999999996225 7.357063536790531e-09
16.5875 2.000000008138845 4.42 2.000000008138783 4.419999999999617 6.113043100881915e-09
16.6125 2.000000006747808 4.42 2.0000000067477437 4.41999999999962 5.068211973901572e-09
16.637500000000003 2.0000000055824083 4.42 2.0000000055823453 4.41999999999962 4.192863259074473e-09
16.6625 2.000000004608429 4.42 2.000000004608366 4.419999999999622 3.4612924724164735e-09
16.6875 2.000000003796372 4.42 2.000000003796309 4.419999999999627 2.8513434431676317e-09
16.7125 2.000000003120903 4.42 2.0000000031208396 4.419999999999638 2.343987913252887e-09
16.7375 2.0000000025603417 4.42 2.0000000025602787 4.419999999999632 1.9229405923075456e-09
16.762500000000003 2.0000000020961908 4.42 2.0000000020961286 4.419999999999626 1.5743099916739494e-09
16.7875 2.0000000017127255 4.42 2.0000000017126673 4.419999999999618 1.286284314709591e-09
16.8125 2.00000000139662 4.42 2.000000001396563 4.419999999999613 1.04885094347367e-09
16.8375 2.0000000011366033 4.42 2.0000000011365433 4.419999999999613 8.535475682129716e-10
16.8625 2.0000000009231806 4.42 2.0000000009231202 4.4199999999996065 6.932427021819997e-10
16.887500000000003 2.0000000007483765 4.42 2.000000000748316 4.419999999999602 5.619431659942902e-10
16.9125 2.0000000006055005 4.42 2.0000000006054384 4.419999999999611 4.546260769081303e-10
16.9375 2.000000000488962 4.42 2.0000000004888987 4.419999999999623 3.6709291014105447e-10
16.9625 2.0000000003941047 4.42 2.0000000003940412 4.419999999999618 2.9584328824608817e-10
16.9875 2.0000000003170495 4.42 2.0000000003169873 4.419999999999618 2.3796628239439146e-10
17.012500000000003 2.000000000254584 4.42 2.0000000002545217 4.419999999999623 1.9104716174475352e-10
17.0375 2.000000000204046 4.42 2.000000000203982 4.419999999999632 1.5308769290019817e-10
17.0625 2.0000000001632414 4.42 2.0000000001631726 4.419999999999641 1.224382624174479e-10
17.0875 2.0000000001303615 4.42 2.000000000130289 4.419999999999643 9.774026528922818e-11
17.1125 2.000000000103918 4.42 2.000000000103845 4.419999999999642 7.787736685468677e-11
17.137500000000003 2.0000000000826925 4.42 2.0000000000826206 4.419999999999641 6.193440168656252e-11
17.1625 2.0000000000656906 4.42 2.0000000000656195 4.419999999999638 4.9162818715076514e-11
17.1875 2.0000000000520943 4.42 2.0000000000520286 4.419999999999634 3.895171607363096e-11
17.2125 2.0000000000412474 4.42 2.0000000000411804 4.419999999999631 3.0803631418017915e-11
17.2375 2.0000000000326086 4.42 2.000000000032542 4.419999999999627 2.4314363775371376e-11
17.262500000000003 2.0000000000257416 4.42 2.000000000025674 4.419999999999629 1.915620165481758e-11
17.2875 2.000000000020294 4.42 2.0000000000202265 4.4199999999996304 1.5064019764328988e-11
17.3125 2.0000000000159814 4.42 2.0000000000159135 4.419999999999625 1.182378394443425e-11
17.3375 2.0000000000125713 4.42 2.0000000000125073 4.419999999999616 9.263071653569305e-12
17.3625 2.0000000000098814 4.42 2.000000000009818 4.419999999999622 7.2432743665411854e-12
17.387500000000003 2.0000000000077662 4.42 2.000000000007699 4.419999999999627 5.653199425918922e-12
17.4125 2.0000000000061045 4.42 2.000000000006037 4.419999999999626 4.403833044246094e-12
17.4375 2.0000000000047997 4.42 2.000000000004732 4.419999999999627 3.424064082240977e-12
17.4625 2.0000000000037805 4.42 2.0000000000037117 4.419999999999627 2.6572006637465426e-12
17.4875 2.000000000002984 4.42 2.000000000002914 4.419999999999625 2.0581393142097795e-12
17.512500000000003 2.0000000000023626 4.42 2.000000000002291 4.419999999999625 1.5910697477054156e-12
17.5375 2.000000000001879 4.42 2.0000000000018066 4.419999999999632 1.2276182389220486e-12
17.5625 2.000000000001504 4.42 2.0000000000014295 4.419999999999639 9.453492026144965e-13
17.5875 2.0000000000012133 4.42 2.00000000000114 4.419999999999645 7.265586085558718e-13
17.6125 2.0000000000009868 4.42 2.000000000000914 4.419999999999652 5.573045766227532e-13
17.637500000000003 2.000000000000812 4.42 2.0000000000007367 4.41999999999966 4.2663026690367166e-13
17.6625 2.0000000000006786 4.42 2.0000000000006035 4.419999999999657 3.259423015355969e-13
17.6875 2.000000000000574 4.42 2.000000000000502 4.419999999999655 2.4851468597291215e-13
17.7125 2.000000000000497 4.42 2.000000000000422 4.419999999999662 1.890937592269996e-13
17.7375 2.000000000000437 4.42 2.0000000000003606 4.419999999999665 1.4358428506770248e-13
17.762500000000003 2.000000000000393 4.42 2.0000000000003126 4.41999999999967 1.0880056101682154e-13
17.7875 2.0000000000003566 4.42 2.000000000000276 4.419999999999671 8.226950648023278e-14
17.8125 2.0000000000003304 4.42 2.0000000000002487 4.4199999999996695 6.207521160722045e-14
17.8375 2.00000000000031 4.42 2.0000000000002283 4.419999999999666 4.673648213955602e-14
17.8625 2.0000000000002953 4.42 2.000000000000213 4.419999999999659 3.511058457695974e-14
17.887500000000003 2.000000000000284 4.42 2.000000000000207 4.419999999999646 2.6317748939849943e-14
17.9125 2.000000000000275 4.42 2.0000000000002025 4.419999999999633 1.968208030753666e-14
17.9375 2.0000000000002696 4.42 2.000000000000197 4.419999999999631 1.4685412509578057e-14
17.9625 2.000000000000266 4.42 2.0000000000001883 4.419999999999641 1.093134703364262e-14
17.9875 2.000000000000261 4.42 2.000000000000181 4.419999999999648 8.117289701896702e-15
18.012500000000003 2.000000000000259 4.42 2.000000000000181 4.4199999999996535 6.012753530463734e-15
18.0375 2.0000000000002567 4.42 2.000000000000181 4.419999999999652 4.4425602030500756e-15
18.0625 2.000000000000256 4.42 2.0000000000001776 4.4199999999996535 3.273862560930351e-15
18.0875 2.0000000000002554 4.42 2.0000000000001745 4.419999999999661 2.4061409427495075e-15
18.1125 2.0000000000002554 4.42 2.0000000000001728 4.419999999999665 1.7635088860270809e-15
18.137500000000003 2.000000000000256 4.42 2.000000000000173 4.419999999999665 1.2888081788186515e-15
18.1625 2.000000000000256 4.42 2.000000000000175 4.419999999999655 9.390872424494482e-16
18.1875 2.000000000000256 4.42 2.0000000000001745 4.419999999999655 6.821465540280686e-16
18.2125 2.000000000000256 4.42 2.000000000000176 4.41999999999965 4.93905279071934e-16
18.2375 2.000000000000256 4.42 2.000000000000178 4.419999999999645 3.5639848661564296e-16
18.262500000000003 2.000000000000256 4.42 2.000000000000177 4.419999999999654 2.562574646836989e-16
18.2875 2.000000000000256 4.42 2.000000000000176 4.419999999999659 1.835592969918436e-16
18.3125 2.000000000000256 4.42 2.000000000000174 4.419999999999662 1.3095803341512223e-16
18.3375 2.0000000000002562 4.42 2.0000000000001723 4.419999999999668 9.303009842227782e-17
18.3625 2.0000000000002567 4.42 2.000000000000173 4.419999999999664 6.578230826221306e-17
18.387500000000003 2.0000000000002567 4.42 2.0000000000001776 4.419999999999652 4.628301543676607e-17
18.4125 2.0000000000002567 4.42 2.00000000000018 4.41999999999965 3.2386260070974817e-17
18.4375 2.0000000000002567 4.42 2.000000000000176 4.419999999999665 2.2526004271834337e-17
18.4625 2.0000000000002567 4.42 2.000000000000173 4.419999999999666 1.5563044729551618e-17
18.4875 2.0000000000002567 4.42 2.000000000000175 4.419999999999658 1.0671421404044358e-17
18.512500000000003 2.0000000000002567 4.42 2.000000000000176 4.419999999999658 7.254362909821711e-18
18.5375 2.0000000000002567 4.42 2.0000000000001776 4.419999999999657 4.88226288369997e-18
18.5625 2.0000000000002567 4.42 2.0000000000001767 4.419999999999655 3.2470451229757577e-18
18.5875 2.0000000000002567 4.42 2.0000000000001728 4.419999999999659 2.1286870373103886e-18
18.6125 2.0000000000002567 4.42 2.000000000000173 4.419999999999659 1.3707377799990477e-18
18.637500000000003 2.0000000000002567 4.42 2.000000000000174 4.419999999999655 8.624715314905819e-19
18.6625 2.0000000000002567 4.42 2.0000000000001745 4.419999999999659 5.259209260639081e-19
18.6875 2.0000000000002567 4.42 2.0000000000001767 4.419999999999658 3.06488886306849e-19
18.7125 2.0000000000002567 4.42 2.0000000000001803 4.419999999999654 1.6617608982887026e-19
18.7375 2.0000000000002567 4.42 2.000000000000181 4.419999999999652 7.871407699921531e-20
18.762500000000003 2.0000000000002567 4.42 2.000000000000181 4.419999999999643 2.6082001684611825e-20
18.7875 2.0000000000002567 4.42 2.000000000000181 4.419999999999639 -3.975562234699952e-21
18.8125 2.0000000000002567 4.42 2.000000000000181 4.419999999999638 -1.970926387775956e-20
18.8375 2.0000000000002567 4.42 2.000000000000183 4.4199999999996376 -2.6607581589896113e-20
18.8625 2.0000000000002567 4.42 2.0000000000001847 4.419999999999639 -2.826905810313911e-20
18.887500000000003 2.0000000000002567 4.42 2.000000000000184 4.419999999999645 -2.7010917128765422e-20
18.9125 2.0000000000002567 4.42 2.000000000000184 4.419999999999644 -2.4290940447810776e-20
18.9375 2.0000000000002567 4.42 2.0000000000001856 4.419999999999641 -2.0997746765631944e-20
18.9625 2.0000000000002567 4.42 2.0000000000001856 4.419999999999642 -1.7648852335162104e-20
18.9875 2.0000000000002567 4.42 2.000000000000184 4.419999999999645 -1.452450822411455e-20
19.012500000000003 2.0000000000002567 4.42 2.000000000000184 4.419999999999641 -1.175711743695664e-20
19.0375 2.0000000000002567 4.42 2.0000000000001847 4.419999999999639 -9.390165674396084e-21
19.0625 2.0000000000002567 4.42 2.000000000000183 4.419999999999644 -7.416412590413098e-21
19.0875 2.0000000000002567 4.42 2.000000000000183 4.419999999999647 -5.8021178109258e-21
19.1125 2.0000000000002567 4.42 2.000000000000184 4.419999999999645 -4.50197626369326e-21
19.137500000000003 2.0000000000002567 4.42 2.0000000000001847 4.419999999999641 -3.467962414050628e-21
19.1625 2.0000000000002567 4.42 2.000000000000181 4.419999999999648 -2.654253177387695e-21
19.1875 2.0000000000002567 4.42 2.0000000000001794 4.419999999999661 -2.0196850576742936e-21
19.212500000000002 2.0000000000002567 4.42 2.00000000000018 4.419999999999668 -1.5287094267105836e-21
19.2375 2.0000000000002567 4.42 2.0000000000001785 4.419999999999669 -1.151474311041249e-21
19.262500000000003 2.0000000000002567 4.42 2.0000000000001803 4.419999999999666 -8.634342722307679e-22
19.2875 2.0000000000002567 4.42 2.000000000000181 4.419999999999662 -6.447384486414953e-22
19.3125 2.0000000000002567 4.42 2.000000000000182 4.419999999999655 -4.795469821729646e-22
19.337500000000002 2.0000000000002567 4.42 2.000000000000181 4.4199999999996535 -3.5536136893775015e-22
19.3625 2.0000000000002567 4.42 2.000000000000178 4.419999999999655 -2.624132658610087e-22
19.387500000000003 2.0000000000002567 4.42 2.0000000000001785 4.419999999999661 -1.931310289175579e-22
19.4125 2.0000000000002567 4.42 2.000000000000181 4.419999999999667 -1.4168832600461931e-22
19.4375 2.0000000000002567 4.42 2.000000000000183 4.4199999999996695 -1.0363087742791856e-22
19.462500000000002 2.0000000000002567 4.42 2.000000000000186 4.419999999999658 -7.557326047715766e-23
19.4875 2.0000000000002567 4.42 2.0000000000001856 4.419999999999649 -5.495613674335928e-23
19.512500000000003 2.0000000000002567 4.42 2.0000000000001865 4.419999999999645 -3.985415640911021e-23
19.5375 2.0000000000002567 4.42 2.0000000000001865 4.419999999999653 -2.882548239823525e-23
19.5625 2.0000000000002567 4.42 2.0000000000001887 4.419999999999659 -2.0794935839713404e-23
19.587500000000002 2.0000000000002567 4.42 2.000000000000191 4.419999999999661 -1.4963939018216995e-23
19.6125 2.0000000000002567 4.42 2.000000000000191 4.419999999999657 -1.0741578764671479e-23
19.637500000000003 2.0000000000002567 4.42 2.000000000000192 4.419999999999646 -7.692157464104953e-24
19.6625 2.0000000000002567 4.42 2.0000000000001936 4.419999999999642 -5.495508623785519e-24
19.6875 2.0000000000002567 4.42 2.0000000000001936 4.4199999999996535 -3.91712255151615e-24
19.712500000000002 2.0000000000002567 4.42 2.0000000000001927 4.419999999999659 -2.7857623777114596e-24
19.7375 2.0000000000002567 4.42 2.0000000000001927 4.41999999999966 -1.9767655192418878e-24
19.762500000000003 2.0000000000002567 4.42 2.0000000000001936 4.419999999999661 -1.3996374090456672e-24
19.7875 2.0000000000002567 4.42 2.0000000000001936 4.419999999999662 -9.888696782140918e-25
19.8125 2.0000000000002567 4.42 2.000000000000192 4.419999999999668 -6.971695163562433e-25
19.837500000000002 2.0000000000002567 4.42 2.0000000000001927 4.419999999999669 -4.90484342748808e-25
19.8625 2.0000000000002567 4.42 2.0000000000001936 4.419999999999665 -3.443578530603814e-25
19.887500000000003 2.0000000000002567 4.42 2.0000000000001927 4.4199999999996695 -2.4126964683865733e-25
19.9125 2.0000000000002567 4.42 2.000000000000192 4.419999999999671 -1.686988787518952e-25
19.9375 2.0000000000002567 4.42 2.000000000000192 4.419999999999673 -1.177190424551076e-25
19.962500000000002 2.0000000000002567 4.42 2.0000000000001927 4.419999999999678 -8.198110638568373e-26
19.9875 2.0000000000002567 4.42 2.0000000000001936 4.419999999999675 -5.697970894083752e-26
20.012500000000003 2.0000000000002567 4.42 2.0000000000001936 4.419999999999668 -3.9525042141995724e-26
20.0375 2.0000000000002567 4.42 2.0000000000001945 4.419999999999663 -2.736376330955043e-26
20.0625 2.0000000000002567 4.42 2.000000000000192 4.419999999999669 -1.890757597486316e-26
20.087500000000002 2.0000000000002567 4.42 2.0000000000001883 4.419999999999682 -1.3039384995923034e-26
20.1125 2.0000000000002567 4.42 2.0000000000001865 4.419999999999682 -8.975193021048755e-27
20.137500000000003 2.0000000000002567 4.42 2.0000000000001865 4.419999999999682 -6.1659455343352814e-27
20.1625 2.0000000000002567 4.42 2.0000000000001865 4.419999999999685 -4.227933093899924e-27
20.1875 2.0000000000002567 4.42 2.0000000000001865 4.41999999999968 -2.893556671295461e-27
20.212500000000002 2.0000000000002567 4.42 2.000000000000186 4.419999999999682 -1.976577653528973e-27
20.2375 2.0000000000002567 4.42 2.000000000000184 4.419999999999684 -1.3476463213843163e-27
20.262500000000003 2.0000000000002567 4.42 2.0000000000001865 4.419999999999671 -9.171068364931224e-28
20.2875 2.0000000000002567 4.42 2.0000000000001883 4.419999999999671 -6.229415739615592e-28
20.3125 2.0000000000002567 4.42 2.0000000000001865 4.419999999999677 -4.223370350087268e-28
20.337500000000002 2.0000000000002567 4.42 2.0000000000001865 4.419999999999678 -2.857960481257305e-28
20.3625 2.0000000000002567 4.42 2.0000000000001865 4.419999999999679 -1.9303624796275626e-28
20.387500000000003 2.0000000000002567 4.42 2.0000000000001874 4.419999999999677 -1.3013891028434667e-28
20.4125 2.0000000000002567 4.42 2.0000000000001865 4.419999999999677 -8.757110470686614e-29
20.4375 2.0000000000002567 4.42 2.000000000000188 4.419999999999668 -5.881650691709571e-29
20.462500000000002 2.0000000000002567 4.42 2.0000000000001887 4.419999999999666 -3.942951136396934e-29
20.4875 2.0000000000002567 4.42 2.000000000000189 4.419999999999668 -2.638311121393388e-29
20.512500000000003 2.0000000000002567 4.42 2.000000000000191 4.419999999999668 -1.762022264672032e-29
20.5375 2.0000000000002567 4.42 2.0000000000001945 4.419999999999663 -1.1745608080973687e-29
20.5625 2.0000000000002567 4.42 2.0000000000001954 4.419999999999663 -7.814765201370724e-30
20.587500000000002 2.0000000000002567 4.42 2.0000000000001963 4.419999999999668 -5.189552072461463e-30
20.6125 2.0000000000002567 4.42 2.0000000000001963 4.419999999999671 -3.439648946257551e-30
20.637500000000003 2.0000000000002567 4.42 2.0000000000001963 4.419999999999671 -2.2754382144569016e-30
20.6625 2.0000000000002567 4.42 2.000000000000198 4.419999999999666 -1.5023758386263303e-30
20.6875 2.0000000000002567 4.42 2.000000000000198 4.419999999999676 -9.90034257306422e-31
20.712500000000002 2.0000000000002567 4.42 2.0000000000002 4.419999999999685 -6.511408277905164e-31
20.7375 2.0000000000002567 4.42 2.0000000000001994 4.419999999999693 -4.274124538469331e-31
20.762500000000003 2.0000000000002567 4.42 2.0000000000001967 4.419999999999697 -2.8000183272521737e-31
20.7875 2.0000000000002567 4.42 2.000000000000197 4.419999999999693 -1.8306670316566573e-31
20.8125 2.0000000000002567 4.42 2.0000000000001985 4.41999999999969 -1.1944977329459876e-31
20.837500000000002 2.0000000000002567 4.42 2.000000000000197 4.419999999999686 -7.778230384986567e-32
20.8625 2.0000000000002567 4.42 2.000000000000196 4.419999999999693 -5.05460318915081e-32
20.887500000000003 2.0000000000002567 4.42 2.0000000000001954 4.41999999999969 -3.2778918475460915e-32
20.9125 2.0000000000002567 4.42 2.0000000000001963 4.4199999999996855 -2.1212560673576938e-32
20.9375 2.0000000000002567 4.42 2.0000000000001954 4.419999999999687 -1.3698442674456298e-32
20.962500000000002 2.0000000000002567 4.42 2.0000000000001963 4.419999999999689 -8.827070360915333e-33
20.9875 2.0000000000002567 4.42 2.0000000000001954 4.419999999999694 -5.675652760230583e-33
21.012500000000003 2.0000000000002567 4.42 2.0000000000001954 4.419999999999691 -3.641280931950978e-33
21.0375 2.0000000000002567 4.42 2.0000000000001967 4.419999999999689 -2.3308570015194667e-33
21.0625 2.0000000000002567 4.42 2.000000000000197 4.419999999999691 -1.4886155797128192e-33
21.087500000000002 2.0000000000002567 4.42 2.000000000000198 4.4199999999996855 -9.48496420954061e-34
21.1125 2.0000000000002567 4.42 2.000000000000199 4.419999999999682 -6.029119200010419e-34
21.137500000000003 2.0000000000002567 4.42 2.000000000000197 4.4199999999996855 -3.8230835770575067e-34
21.1625 2.0000000000002567 4.42 2.000000000000199 4.41999999999968 -2.4181864717260915e-34
21.1875 2.0000000000002567 4.42 2.000000000000197 4.419999999999682 -1.5256449707696942e-34
21.212500000000002 2.0000000000002567 4.42 2.0000000000001927 4.419999999999694 -9.600048760340359e-35
21.2375 2.0000000000002567 4.42 2.0000000000001914 4.419999999999701 -6.024412858462897e-35
21.262500000000003 2.0000000000002567 4.42 2.0000000000001936 4.419999999999704 -3.7699744499543813e-35
21.2875 2.0000000000002567 4.42 2.000000000000194 4.419999999999712 -2.3523444960591057e-35
21.3125 2.0000000000002567 4.42 2.000000000000196 4.419999999999716 -1.4633673851942304e-35
21.337500000000002 2.0000000000002567 4.42 2.0000000000001963 4.4199999999997175 -9.074874110880945e-36
21.3625 2.0000000000002567 4.42 2.000000000000197 4.419999999999714 -5.609190374227446e-36
21.387500000000003 2.0000000000002567 4.42 2.000000000000199 4.419999999999713 -3.455102915233955e-36
21.4125 2.0000000000002567 4.42 2.0000000000001994 4.419999999999714 -2.12051649583008e-36
21.4375 2.0000000000002567 4.42 2.0000000000001994 4.419999999999719 -1.2964282047082334e-36
21.462500000000002 2.0000000000002567 4.42 2.0000000000002007 4.419999999999714 -7.893557860606923e-37
21.4875 2.0000000000002567 4.42 2.0000000000002034 4.419999999999707 -4.7850640168858564e-37
21.512500000000003 2.0000000000002567 4.42 2.0000000000002034 4.419999999999707 -2.8869809728293567e-37
21.5375 2.0000000000002567 4.42 2.000000000000205 4.4199999999997 -1.7328609504206728e-37
21.5625 2.0000000000002567 4.42 2.000000000000205 4.419999999999698 -1.0342698109135129e-37
21.587500000000002 2.0000000000002567 4.42 2.0000000000002025 4.4199999999997015 -6.134725363929575e-38
21.6125 2.0000000000002567 4.42 2.0000000000002025 4.419999999999703 -3.6135018384988445e-38
21.637500000000003 2.0000000000002567 4.42 2.0000000000002043 4.419999999999701 -2.1117081576085596e-38
21.6625 2.0000000000002567 4.42 2.0000000000002043 4.4199999999997015 -1.222934419173841e-38
21.6875 2.0000000000002567 4.42 2.000000000000204 4.4199999999997015 -7.007674905386313e-39
21.712500000000002 2.0000000000002567 4.42 2.000000000000205 4.419999999999702 -3.965174008858218e-39
21.7375 2.0000000000002567 4.42 2.000000000000206 4.419999999999707 -2.2092794102958995e-39
21.762500000000003 2.0000000000002567 4.42 2.000000000000205 4.419999999999714 -1.2072470647901068e-39
21.7875 2.0000000000002567 4.42 2.000000000000205 4.419999999999719 -6.430966576253814e-40
21.8125 2.0000000000002567 4.42 2.000000000000205 4.419999999999716 -3.3073113098458767e-40
21.837500000000002 2.0000000000002567 4.42 2.000000000000204 4.419999999999716 -1.6141976111041738e-40
21.8625 2.0000000000002567 4.42 2.0000000000002043 4.419999999999719 -7.221452471750234e-41
21.887500000000003 2.0000000000002567 4.42 2.000000000000205 4.419999999999712 -2.7061194723863665e-41
21.9125 2.0000000000002567 4.42 2.0000000000002047 4.419999999999712 -5.571759129059577e-42
21.9375 2.0000000000002567 4.42 2.0000000000002043 4.419999999999712 3.603800524878784e-42
21.962500000000002 2.0000000000002567 4.42 2.000000000000205 4.41999999999971 6.660452677774038e-42
21.9875 2.0000000000002567 4.42 2.000000000000207 4.419999999999709 6.89286783738512e-42
22.012500000000003 2.0000000000002567 4.42 2.0000000000002043 4.419999999999714 5.991371904493452e-42
22.0375 2.0000000000002567 4.42 2.0000000000002007 4.419999999999719 4.7778299325151e-42
22.0625 2.0000000000002567 4.42 2.0000000000002 4.419999999999722 3.6173956053941074e-42
22.087500000000002 2.0000000000002567 4.42 2.000000000000197 4.419999999999729 2.6446972273861868e-42
22.1125 2.0000000000002567 4.42 2.000000000000197 4.419999999999732 1.8851592159867795e-42
22.137500000000003 2.0000000000002567 4.42 2.000000000000199 4.41999999999973 1.3179971193006952e-42
22.1625 2.0000000000002567 4.42 2.000000000000201 4.419999999999733 9.074160336139307e-43
22.1875 2.0000000000002567 4.42 2.0000000000002025 4.419999999999738 6.16927538059152e-43
22.212500000000002 2.0000000000002567 4.42 2.0000000000002043 4.419999999999742 4.1502744536562125e-43
22.2375 2.0000000000002567 4.42 2.000000000000205 4.419999999999746 2.7668992660047867e-43
22.262500000000003 2.0000000000002567 4.42 2.000000000000207 4.419999999999742 1.8301651753490236e-43
22.2875 2.0000000000002567 4.42 2.000000000000209 4.41999999999974 1.2021686663148814e-43
22.3125 2.0000000000002567 4.42 2.000000000000209 4.419999999999741 7.847597927876126e-44
22.337500000000002 2.0000000000002567 4.42 2.000000000000209 4.419999999999739 5.094042654817863e-44
22.3625 2.0000000000002567 4.42 2.0000000000002123 4.41999999999973 3.2896937910595615e-44
22.387500000000003 2.0000000000002567 4.42 2.0000000000002105 4.419999999999728 2.1144258883922478e-44
22.4125 2.0000000000002567 4.42 2.000000000000208 4.4199999999997335 1.3530770428827658e-44
22.4375 2.0000000000002567 4.42 2.000000000000208 4.419999999999737 8.623273722320799e-45
22.462500000000002 2.0000000000002567 4.42 2.000000000000207 4.419999999999735 5.4745667145370276e-45
22.4875 2.0000000000002567 4.42 2.000000000000207 4.41999999999973 3.462970077919892e-45
22.512500000000003 2.0000000000002567 4.42 2.0000000000002096 4.419999999999727 2.1829827784115165e-45
22.5375 2.0000000000002567 4.42 2.000000000000209 4.419999999999726 1.3715934229803924e-45
22.5625 2.0000000000002567 4.42 2.000000000000205 4.4199999999997335 8.590853396874958e-46
22.587500000000002 2.0000000000002567 4.42 2.000000000000206 4.419999999999734 5.364608991329165e-46
22.6125 2.0000000000002567 4.42 2.000000000000207 4.419999999999728 3.3402540025532064e-46
22.637500000000003 2.0000000000002567 4.42 2.000000000000207 4.419999999999722 2.073977474254371e-46
22.6625 2.0000000000002567 4.42 2.000000000000208 4.419999999999719 1.284252919747105e-46
22.6875 2.0000000000002567 4.42 2.0000000000002096 4.419999999999716 7.931474614496866e-47
22.712500000000002 2.0000000000002567 4.42 2.000000000000212 4.419999999999714 4.885910918439456e-47
22.7375 2.0000000000002567 4.42 2.00000000000021 4.419999999999723 3.0022973432510753e-47
22.762500000000003 2.0000000000002567 4.42 2.0000000000002096 4.4199999999997255 1.840365322080263e-47
22.7875 2.0000000000002567 4.42 2.0000000000002123 4.419999999999733 1.1254334309525963e-47
22.8125 2.0000000000002567 4.42 2.000000000000213 4.419999999999735 6.866290082952759e-48
22.837500000000002 2.0000000000002567 4.42 2.0000000000002105 4.419999999999739 4.179557417077593e-48
22.8625 2.0000000000002567 4.42 2.0000000000002096 4.419999999999742 2.5384102698320256e-48
22.887500000000003 2.0000000000002567 4.42 2.0000000000002123 4.419999999999738 1.538270636380565e-48
22.9125 2.0000000000002567 4.42 2.000000000000215 4.419999999999739 9.301602375783109e-49
22.9375 2.0000000000002567 4.42 2.0000000000002154 4.419999999999739 5.612421917410396e-49
22.962500000000002 2.0000000000002567 4.42 2.0000000000002145 4.419999999999741 3.3792683803607148e-49
22.9875 2.0000000000002567 4.42 2.000000000000215 4.419999999999737 2.030421360844878e-49
23.012500000000003 2.0000000000002567 4.42 2.000000000000216 4.419999999999742 1.2174499814394924e-49
23.0375 2.0000000000002567 4.42 2.000000000000216 4.419999999999741 7.284957701652367e-50
23.0625 2.0000000000002567 4.42 2.000000000000216 4.419999999999741 4.350333912421186e-50
23.087500000000002 2.0000000000002567 4.42 2.000000000000216 4.419999999999741 2.5926612064398586e-50
23.1125 2.0000000000002567 4.42 2.0000000000002167 4.419999999999741 1.5420691710867659e-50
23.137500000000003 2.0000000000002567 4.42 2.000000000000217 4.419999999999748 9.153844063002682e-51
23.1625 2.0000000000002567 4.42 2.0000000000002185 4.4199999999997495 5.423139900270076e-51
23.1875 2.0000000000002567 4.42 2.0000000000002185 4.419999999999748 3.206647879385634e-51
23.212500000000002 2.0000000000002567 4.42 2.000000000000218 4.419999999999751 1.8923868038778207e-51
23.2375 2.0000000000002567 4.42 2.0000000000002185 4.419999999999753 1.1146313174602364e-51
23.262500000000003 2.0000000000002567 4.42 2.0000000000002185 4.419999999999753 6.55268544182168e-52
23.2875 2.0000000000002567 4.42 2.000000000000217 4.419999999999754 3.844835526125051e-52
23.3125 2.0000000000002567 4.42 2.0000000000002167 4.419999999999758 2.2516961084400117e-52
23.337500000000002 2.0000000000002567 4.42 2.000000000000216 4.4199999999997654 1.3161886733164486e-52
23.3625 2.0000000000002567 4.42 2.000000000000216 4.419999999999769 7.679011014248401e-53
23.387500000000003 2.0000000000002567 4.42 2.0000000000002167 4.419999999999766 4.471705927782074e-53
23.4125 2.0000000000002567 4.42 2.000000000000217 4.419999999999771 2.599103973739118e-53
23.4375 2.0000000000002567 4.42 2.0000000000002185 4.4199999999997726 1.5078490196182649e-53
23.462500000000002 2.0000000000002567 4.42 2.0000000000002194 4.419999999999769 8.731257859033165e-54
23.4875 2.0000000000002567 4.42 2.00000000000022 4.419999999999767 5.0463938581506594e-54
23.512500000000003 2.0000000000002567 4.42 2.0000000000002185 4.419999999999771 2.911193840192981e-54
23.5375 2.0000000000002567 4.42 2.0000000000002176 4.419999999999771 1.6762805117658277e-54
23.5625 2.0000000000002567 4.42 2.0000000000002167 4.419999999999772 9.634018146557815e-55
23.587500000000002 2.0000000000002567 4.42 2.000000000000216 4.419999999999772 5.526531804656312e-55
23.6125 2.0000000000002567 4.42 2.0000000000002185 4.41999999999977 3.1643262156309425e-55
23.637500000000003 2.0000000000002567 4.42 2.00000000000022 4.419999999999776 1.808388546763507e-55
23.6625 2.0000000000002567 4.42 2.0000000000002203 4.419999999999776 1.0315312083855682e-55
23.6875 2.0000000000002567 4.42 2.000000000000221 4.4199999999997726 5.872877688638674e-56
23.712500000000002 2.0000000000002567 4.42 2.0000000000002207 4.419999999999777 3.337297755735641e-56
23.7375 2.0000000000002567 4.42 2.0000000000002207 4.419999999999778 1.8928292394916361e-56
23.762500000000003 2.0000000000002567 4.42 2.0000000000002203 4.419999999999781 1.071512028279174e-56
23.7875 2.0000000000002567 4.42 2.0000000000002203 4.419999999999781 6.054078237262413e-57
23.8125 2.0000000000002567 4.42 2.000000000000221 4.4199999999997805 3.4139735638802406e-57
23.837500000000002 2.0000000000002567 4.42 2.000000000000222 4.419999999999783 1.9214484457433794e-57
23.8625 2.0000000000002567 4.42 2.0000000000002225 4.419999999999787 1.0793159393872074e-57
23.887500000000003 2.0000000000002567 4.42 2.000000000000222 4.419999999999794 6.0508167803307906e-58
23.9125 2.0000000000002567 4.42 2.0000000000002225 4.4199999999997965 3.385467858359967e-58
23.9375 2.0000000000002567 4.42 2.0000000000002225 4.4199999999997965 1.8904090561110707e-58
23.962500000000002 2.0000000000002567 4.42 2.000000000000223 4.419999999999794 1.0534592986848978e-58
23.9875 2.0000000000002567 4.42 2.0000000000002247 4.4199999999997885 5.858634313440563e-59
24.012500000000003 2.0000000000002567 4.42 2.0000000000002247 4.4199999999997885 3.2514921399971935e-59
24.0375 2.0000000000002567 4.42 2.0000000000002247 4.419999999999788 1.8008059997020144e-59
24.0625 2.0000000000002567 4.42 2.0000000000002247 4.4199999999997885 9.952641974695324e-60
24.087500000000002 2.0000000000002567 4.42 2.000000000000224 4.41999999999979 5.488901393850776e-60
24.1125 2.0000000000002567 4.42 2.000000000000224 4.419999999999787 3.020615002001045e-60
24.137500000000003 2.0000000000002567 4.42 2.000000000000224 4.419999999999785 1.6586485007755038e-60
24.1625 2.0000000000002567 4.42 2.000000000000223 4.419999999999783 9.087559001715546e-61
24.1875 2.0000000000002567 4.42 2.000000000000224 4.4199999999997805 4.9677240512015786e-61
24.212500000000002 2.0000000000002567 4.42 2.000000000000223 4.419999999999783 2.709361057336359e-61
24.2375 2.0000000000002567 4.42 2.0000000000002234 4.419999999999788 1.4741973095134e-61
24.262500000000003 2.0000000000002567 4.42 2.000000000000224 4.419999999999787 8.002059910504756e-62
24.2875 2.0000000000002567 4.42 2.000000000000224 4.419999999999785 4.332927052240639e-62
24.3125 2.0000000000002567 4.42 2.000000000000224 4.419999999999786 2.340279915629186e-62
24.337500000000002 2.0000000000002567 4.42 2.0000000000002247 4.419999999999789 1.2607579719891895e-62
24.3625 2.0000000000002567 4.42 2.0000000000002256 4.419999999999804 6.77392789259667e-63
24.387500000000003 2.0000000000002567 4.42 2.0000000000002265 4.419999999999808 3.629594656515174e-63
24.4125 2.0000000000002567 4.42 2.0000000000002283 4.41999999999981 1.9392954479780804e-63
24.4375 2.0000000000002567 4.42 2.0000000000002283 4.419999999999813 1.0331249664820779e-63
24.462500000000002 2.0000000000002567 4.42 2.0000000000002274 4.419999999999812 5.486986203062681e-64
24.4875 2.0000000000002567 4.42 2.0000000000002274 4.41999999999981 2.9048890006825248e-64
24.512500000000003 2.0000000000002567 4.42 2.0000000000002287 4.4199999999998045 1.5327618366326702e-64
24.5375 2.0000000000002567 4.42 2.000000000000228 4.419999999999808 8.059255514508196e-65
24.5625 2.0000000000002567 4.42 2.000000000000226 4.4199999999998125 4.221871484767452e-65
24.587500000000002 2.0000000000002567 4.42 2.0000000000002256 4.4199999999998125 2.202959539634381e-65
24.6125 2.0000000000002567 4.42 2.000000000000228 4.419999999999812 1.1446826487103051e-65
24.637500000000003 2.0000000000002567 4.42 2.000000000000229 4.419999999999814 5.921160370614773e-66
24.6625 2.0000000000002567 4.42 2.000000000000231 4.41999999999983 3.047989818703854e-66
24.6875 2.0000000000002567 4.42 2.000000000000232 4.419999999999841 1.5606895560755955e-66
24.712500000000002 2.0000000000002567 4.42 2.000000000000234 4.419999999999846 7.94490010190429e-67
24.7375 2.0000000000002567 4.42 2.000000000000234 4.419999999999845 4.018386342776648e-67
24.762500000000003 2.0000000000002567 4.42 2.0000000000002336 4.419999999999851 2.017728194839461e-67
24.7875 2.0000000000002567 4.42 2.000000000000233 4.419999999999856 1.0048217049465878e-67
24.8125 2.0000000000002567 4.42 2.0000000000002336 4.419999999999858 4.956512554488603e-68
24.837500000000002 2.0000000000002567 4.42 2.0000000000002327 4.4199999999998525 2.4176688109131657e-68
24.8625 2.0000000000002567 4.42 2.000000000000231 4.4199999999998685 1.1635099356149476e-68
24.887500000000003 2.0000000000002567 4.42 2.0000000000002305 4.419999999999854 5.507177192831984e-69
24.9125 2.0000000000002567 4.42 2.000000000000237 4.419999999999876 2.5520336477556886e-69
24.9375 2.0000000000002567 4.42 2.000000000000238 4.419999999999826 1.1497184111213586e-69
24.962500000000002 2.0000000000002567 4.42 2.0000000000002487 4.419999999999862 4.977411156308599e-70
24.9875 2.0000000000002567 4.42 2.000000000000243 4.419999999999812 2.0270559036300675e-70
