0.0125 2.0000000000000004 4.42 2.0 4.42 -2.0270559036300675e-70
0.037500000000000006 2.0000000000000004 4.42 2.0 4.42 -4.9774111563089664e-70
0.0625 2.0000000000000004 4.42 2.0 4.42 -1.1497184111213586e-69
0.08750000000000001 2.0000000000000004 4.42 2.0 4.42 -2.55203364775579e-69
0.1125 2.0000000000000004 4.42 2.0 4.42 -5.50717719283256e-69
0.1375 2.0000000000000004 4.42 2.0 4.42 -1.1635099356149476e-68
0.16250000000000003 2.0000000000000004 4.42 2.0 4.42 -2.4176688109133217e-68
0.1875 2.0000000000000004 4.42 2.0 4.42 -4.956512554488603e-68
0.21250000000000002 2.0000000000000004 4.42 2.0 4.42 -1.0048217049466512e-67
0.2375 2.0000000000000004 4.42 2.0 4.42 -2.0177281948396558e-67
0.2625 2.0000000000000004 4.42 2.0 4.42 -4.018386342776648e-67
0.28750000000000003 2.0000000000000004 4.42 2.0 4.42 -7.944900101904554e-67
0.3125 2.0000000000000004 4.42 2.0 4.42 -1.5606895560755955e-66
0.3375 2.0000000000000004 4.42 2.0 4.42 -3.047989818704041e-66
0.36250000000000004 2.0000000000000004 4.42 2.0 4.42 -5.921160370615494e-66
0.3875 2.0000000000000004 4.42 2.0 4.42 -1.1446826487103051e-65
0.41250000000000003 2.0000000000000004 4.42 2.0 4.42 -2.2029595396344515e-65
0.4375 2.0000000000000004 4.42 2.0 4.42 -4.221871484767452e-65
0.4625 2.0000000000000004 4.42 2.0 4.42 -8.05925551450868e-65
0.48750000000000004 2.0000000000000004 4.42 2.0 4.42 -1.5327618366328095e-64
0.5125 2.0000000000000004 4.42 2.0 4.42 -2.9048890006825248e-64
0.5375000000000001 2.0000000000000004 4.42 2.0 4.42 -5.4869862030630075e-64
0.5625 2.0000000000000004 4.42 2.0 4.42 -1.0331249664820779e-63
0.5875000000000001 2.0000000000000004 4.42 2.0 4.42 -1.93929544797814e-63
0.6125 2.0000000000000004 4.42 2.0 4.42 -3.6295946565155e-63
0.6375 2.0000000000000004 4.42 2.0 4.42 -6.77392789259667e-63
0.6625000000000001 2.0000000000000004 4.42 2.0 4.42 -1.2607579719892636e-62
0.6875 2.0000000000000004 4.42 2.0 4.42 -2.340279915629186e-62
0.7125000000000001 2.0000000000000004 4.42 2.0 4.42 -4.3329270522407695e-62
0.7375 2.0000000000000004 4.42 2.0 4.42 -8.002059910505465e-62
0.7625 2.0000000000000004 4.42 2.0 4.42 -1.4741973095134e-61
0.7875000000000001 2.0000000000000004 4.42 2.0 4.42 -2.70936105733644e-61
0.8125 2.0000000000000004 4.42 2.0 4.42 -4.9677240512015786e-61
0.8375000000000001 2.0000000000000004 4.42 2.0 4.42 -9.087559001715815e-61
0.8625 2.0000000000000004 4.42 2.0 4.42 -1.6586485007756497e-60
0.8875 2.0000000000000004 4.42 2.0 4.42 -3.020615002001045e-60
0.9125000000000001 2.0000000000000004 4.42 2.0 4.42 -5.488901393850938e-60
0.9375 2.0000000000000004 4.42 2.0 4.42 -9.952641974695324e-60
0.9625000000000001 2.0000000000000004 4.42 2.0 4.42 -1.8008059997021185e-59
0.9875 2.0000000000000004 4.42 2.0 4.42 -3.2514921399973854e-59
1.0125000000000002 2.0000000000000004 4.42 2.0 4.42 -5.858634313440563e-59
1.0375 2.0000000000000004 4.42 2.0 4.42 -1.0534592986849285e-58
1.0625 2.0000000000000004 4.42 2.0 4.42 -1.8904090561110707e-58
1.0875 2.0000000000000004 4.42 2.0 4.42 -3.3854678583601626e-58
1.1125 2.0000000000000004 4.42 2.0 4.42 -6.0508167803313155e-58
1.1375000000000002 2.0000000000000004 4.42 2.0 4.42 -1.0793159393872074e-57
1.1625 2.0000000000000004 4.42 2.0 4.42 -1.9214484457434897e-57
1.1875 2.0000000000000004 4.42 2.0 4.42 -3.4139735638802406e-57
1.2125000000000001 2.0000000000000004 4.42 2.0 4.42 -6.054078237262675e-57
1.2375 2.0000000000000004 4.42 2.0 4.42 -1.071512028279251e-56
1.2625000000000002 2.0000000000000004 4.42 2.0 4.42 -1.8928292394916361e-56
1.2875 2.0000000000000004 4.42 2.0 4.42 -3.3372977557357843e-56
1.3125 2.0000000000000004 4.42 2.0 4.42 -5.872877688638674e-56
1.3375000000000001 2.0000000000000004 4.42 2.0 4.42 -1.0315312083855977e-55
1.3625 2.0000000000000004 4.42 2.0 4.42 -1.8083885467636622e-55
1.3875000000000002 2.0000000000000004 4.42 2.0 4.42 -3.1643262156309425e-55
1.4125 2.0000000000000004 4.42 2.0 4.42 -5.5265318046565485e-55
1.4375 2.0000000000000004 4.42 2.0 4.42 -9.634018146557815e-55
1.4625000000000001 2.0000000000000004 4.42 2.0 4.42 -1.6762805117658993e-54
1.4875 2.0000000000000004 4.42 2.0 4.42 -2.911193840193229e-54
1.5125000000000002 2.0000000000000004 4.42 2.0 4.42 -5.0463938581506594e-54
1.5375 2.0000000000000004 4.42 2.0 4.42 -8.731257859033412e-54
1.5625 2.0000000000000004 4.42 2.0 4.42 -1.5078490196182649e-53
1.5875000000000001 2.0000000000000004 4.42 2.0 4.42 -2.599103973739228e-53
1.6125 2.0000000000000004 4.42 2.0 4.42 -4.471705927782454e-53
1.6375000000000002 2.0000000000000004 4.42 2.0 4.42 -7.679011014248401e-53
1.6625 2.0000000000000004 4.42 2.0 4.42 -1.3161886733165038e-52
1.6875 2.0000000000000004 4.42 2.0 4.42 -2.2516961084400117e-52
1.7125000000000001 2.0000000000000004 4.42 2.0 4.42 -3.844835526125213e-52
1.7375 2.0000000000000004 4.42 2.0 4.42 -6.552685441822141e-52
1.7625000000000002 2.0000000000000004 4.42 2.0 4.42 -1.1146313174602364e-51
1.7875 2.0000000000000004 4.42 2.0 4.42 -1.8923868038778735e-51
1.8125 2.0000000000000004 4.42 2.0 4.42 -3.206647879385634e-51
1.8375000000000001 2.0000000000000004 4.42 2.0 4.42 -5.423139900270304e-51
1.8625 2.0000000000000004 4.42 2.0 4.42 -9.15384406300332e-51
1.8875000000000002 2.0000000000000004 4.42 2.0 4.42 -1.5420691710867659e-50
1.9125 2.0000000000000004 4.42 2.0 4.42 -2.592661206439967e-50
1.9375 2.0000000000000004 4.42 2.0 4.42 -4.350333912421186e-50
1.9625000000000001 2.0000000000000004 4.42 2.0 4.42 -7.284957701652568e-50
1.9875 2.0000000000000004 4.42 2.0 4.42 -1.2174499814395766e-49
2.0125 2.0000000000000004 4.42 2.0 4.42 -2.030421360844878e-49
2.0375 2.0000000000000004 4.42 2.0 4.42 -3.379268380360855e-49
2.0625 2.0000000000000004 4.42 2.0 4.42 -5.612421917410396e-49
2.0875000000000004 2.0000000000000004 4.42 2.0 4.42 -9.301602375783494e-49
2.1125 2.0000000000000004 4.42 2.0 4.42 -1.5382706363806926e-48
2.1375 2.0000000000000004 4.42 2.0 4.42 -2.5384102698320256e-48
2.1625 2.0000000000000004 4.42 2.0 4.42 -4.1795574170777066e-48
2.1875 2.0000000000000004 4.42 2.0 4.42 -6.866290082952759e-48
2.2125000000000004 2.0000000000000004 4.42 2.0 4.42 -1.1254334309526266e-47
2.2375 2.0000000000000004 4.42 2.0 4.42 -1.8403653220803882e-47
2.2625 2.0000000000000004 4.42 2.0 4.42 -3.0022973432510753e-47
2.2875 2.0000000000000004 4.42 2.0 4.42 -4.885910918439656e-47
2.3125 2.0000000000000004 4.42 2.0 4.42 -7.931474614496866e-47
2.3375000000000004 2.0000000000000004 4.42 2.0 4.42 -1.284252919747139e-46
2.3625 2.0000000000000004 4.42 2.0 4.42 -2.07397747425451e-46
2.3875 2.0000000000000004 4.42 2.0 4.42 -3.3402540025532064e-46
2.4125000000000005 2.0000000000000004 4.42 2.0 4.42 -5.364608991329522e-46
2.4375 2.0000000000000004 4.42 2.0 4.42 -8.590853396874958e-46
2.4625000000000004 2.0000000000000004 4.42 2.0 4.42 -1.3715934229804476e-45
2.4875 2.0000000000000004 4.42 2.0 4.42 -2.18298277841166e-45
2.5125 2.0000000000000004 4.42 2.0 4.42 -3.462970077919892e-45
2.5375000000000005 2.0000000000000004 4.42 2.0 4.42 -5.474566714537383e-45
2.5625 2.0000000000000004 4.42 2.0 4.42 -8.623273722320799e-45
2.5875000000000004 2.0000000000000004 4.42 2.0 4.42 -1.3530770428828e-44
2.6125 2.0000000000000004 4.42 2.0 4.42 -2.114425888392383e-44
2.6375 2.0000000000000004 4.42 2.0 4.42 -3.2896937910595615e-44
2.6625000000000005 2.0000000000000004 4.42 2.0 4.42 -5.094042654818183e-44
2.6875 2.0000000000000004 4.42 2.0 4.42 -7.847597927876126e-44
2.7125000000000004 2.0000000000000004 4.42 2.0 4.42 -1.202168666314927e-43
2.7375 2.0000000000000004 4.42 2.0 4.42 -1.8301651753491355e-43
2.7625 2.0000000000000004 4.42 2.0 4.42 -2.7668992660047867e-43
2.7875000000000005 2.0000000000000004 4.42 2.0 4.42 -4.150274453656458e-43
2.8125 2.0000000000000004 4.42 2.0 4.42 -6.16927538059152e-43
2.8375000000000004 2.0000000000000004 4.42 2.0 4.42 -9.074160336139498e-43
2.8625 2.0000000000000004 4.42 2.0 4.42 -1.317997119300767e-42
2.8875 2.0000000000000004 4.42 2.0 4.42 -1.8851592159867795e-42
2.9125000000000005 2.0000000000000004 4.42 2.0 4.42 -2.644697227386317e-42
2.9375 2.0000000000000004 4.42 2.0 4.42 -3.6173956053941074e-42
2.9625000000000004 2.0000000000000004 4.42 2.0 4.42 -4.777829932515162e-42
2.9875 2.0000000000000004 4.42 2.0 4.42 -5.991371904493634e-42
3.0125 2.0000000000000004 4.42 2.0 4.42 -6.89286783738512e-42
3.0375000000000005 2.0000000000000004 4.42 2.0 4.42 -6.660452677773885e-42
3.0625 2.0000000000000004 4.42 2.0 4.42 -3.603800524878784e-42
3.0875000000000004 2.0000000000000004 4.42 2.0 4.42 5.57175912906062e-42
3.1125 2.0000000000000004 4.42 2.0 4.42 2.7061194723868177e-41
3.1375 2.0000000000000004 4.42 2.0 4.42 7.221452471750234e-41
3.1625000000000005 2.0000000000000004 4.42 2.0 4.42 1.6141976111043539e-40
3.1875 2.0000000000000004 4.42 2.0 4.42 3.3073113098458767e-40
3.2125000000000004 2.0000000000000004 4.42 2.0 4.42 6.430966576254081e-40
3.2375 2.0000000000000004 4.42 2.0 4.42 1.2072470647902017e-39
3.2625 2.0000000000000004 4.42 2.0 4.42 2.2092794102958995e-39
3.2875000000000005 2.0000000000000004 4.42 2.0 4.42 3.9651740088585087e-39
3.3125 2.0000000000000004 4.42 2.0 4.42 7.007674905386313e-39
3.3375000000000004 2.0000000000000004 4.42 2.0 4.42 1.222934419173884e-38
3.3625 2.0000000000000004 4.42 2.0 4.42 2.1117081576087347e-38
3.3875 2.0000000000000004 4.42 2.0 4.42 3.6135018384988445e-38
3.4125000000000005 2.0000000000000004 4.42 2.0 4.42 6.134725363930074e-38
3.4375 2.0000000000000004 4.42 2.0 4.42 1.0342698109135129e-37
3.4625000000000004 2.0000000000000004 4.42 2.0 4.42 1.7328609504207296e-37
3.4875 2.0000000000000004 4.42 2.0 4.42 2.886980972829585e-37
3.5125 2.0000000000000004 4.42 2.0 4.42 4.7850640168858564e-37
3.5375000000000005 2.0000000000000004 4.42 2.0 4.42 7.893557860607428e-37
3.5625 2.0000000000000004 4.42 2.0 4.42 1.2964282047082334e-36
3.5875000000000004 2.0000000000000004 4.42 2.0 4.42 2.1205164958301467e-36
3.6125 2.0000000000000004 4.42 2.0 4.42 3.45510291523422e-36
3.6375 2.0000000000000004 4.42 2.0 4.42 5.609190374227446e-36
3.6625000000000005 2.0000000000000004 4.42 2.0 4.42 9.074874110881638e-36
3.6875 2.0000000000000004 4.42 2.0 4.42 1.4633673851942304e-35
3.7125000000000004 2.0000000000000004 4.42 2.0 4.42 2.3523444960592118e-35
3.7375 2.0000000000000004 4.42 2.0 4.42 3.769974449954612e-35
3.7625 2.0000000000000004 4.42 2.0 4.42 6.024412858462897e-35
3.7875000000000005 2.0000000000000004 4.42 2.0 4.42 9.600048760340942e-35
3.8125 2.0000000000000004 4.42 2.0 4.42 1.5256449707696942e-34
3.8375000000000004 2.0000000000000004 4.42 2.0 4.42 2.4181864717261646e-34
3.8625 2.0000000000000004 4.42 2.0 4.42 3.823083577057737e-34
3.8875 2.0000000000000004 4.42 2.0 4.42 6.029119200010419e-34
3.9125000000000005 2.0000000000000004 4.42 2.0 4.42 9.484964209541178e-34
3.9375 2.0000000000000004 4.42 2.0 4.42 1.4886155797128192e-33
3.9625000000000004 2.0000000000000004 4.42 2.0 4.42 2.3308570015195362e-33
3.9875 2.0000000000000004 4.42 2.0 4.42 3.6412809319511946e-33
4.0125 2.0000000000000004 4.42 2.0 4.42 5.675652760230583e-33
4.0375 2.0000000000000004 4.42 2.0 4.42 8.82707036091572e-33
4.0625 2.0000000000000004 4.42 2.0 4.42 1.3698442674456298e-32
4.0875 2.0000000000000004 4.42 2.0 4.42 2.1212560673577565e-32
4.112500000000001 2.0000000000000004 4.42 2.0 4.42 3.2778918475463313e-32
4.1375 2.0000000000000004 4.42 2.0 4.42 5.05460318915081e-32
4.1625 2.0000000000000004 4.42 2.0 4.42 7.778230384986794e-32
4.1875 2.0000000000000004 4.42 2.0 4.42 1.1944977329459876e-31
4.2125 2.0000000000000004 4.42 1.9999999999999996 4.42 1.8306670316567107e-31
4.237500000000001 2.0000000000000004 4.42 1.9999999999999976 4.420000000000002 2.8000183272523375e-31
4.2625 2.0000000000000004 4.42 1.999999999999995 4.420000000000007 4.274124538469331e-31
4.2875 2.0000000000000004 4.42 1.999999999999996 4.420000000000005 6.511408277905352e-31
4.3125 2.0000000000000004 4.42 1.9999999999999947 4.4200000000000035 9.90034257306422e-31
4.3375 2.0000000000000004 4.42 1.9999999999999818 4.420000000000029 1.5023758386263738e-30
4.362500000000001 2.0000000000000004 4.42 1.9999999999999631 4.420000000000076 2.2754382144570334e-30
4.3875 2.0000000000000004 4.42 1.9999999999999756 4.4200000000000434 3.439648946257551e-30
4.4125 2.0000000000000004 4.42 2.000000000000035 4.419999999999921 5.1895520724616134e-30
4.4375 2.0000000000000004 4.42 2.000000000000016 4.419999999999954 7.814765201370724e-30
4.4625 2.0000000000000004 4.42 1.9999999999998193 4.420000000000375 1.1745608080974023e-29
4.487500000000001 2.0000000000000004 4.42 1.9999999999997398 4.420000000000588 1.7620222646721333e-29
4.5125 2.0000000000000004 4.42 2.0000000000002363 4.419999999999408 2.6383111213934254e-29
4.5375 2.0000000000000004 4.42 2.0000000000007927 4.419999999998302 3.942951136397047e-29
4.5625 2.0000000000000004 4.42 1.9999999999997773 4.420000000000511 5.881650691709571e-29
4.5875 2.0000000000000004 4.42 1.9999999999974136 4.420000000005664 8.757110470686863e-29
4.612500000000001 2.0000000000000004 4.42 1.9999999999984732 4.420000000002963 1.3013891028435411e-28
4.6375 2.0000000000000004 4.42 2.0000000000062914 4.419999999986658 1.9303624796275902e-28
4.6625 2.0000000000000004 4.42 2.000000000008977 4.419999999979374 2.8579604812573865e-28
4.6875 2.0000000000000004 4.42 1.9999999999890365 4.4200000000256985 4.223370350087268e-28
4.7125 2.0000000000000004 4.42 1.9999999999644236 4.420000000075987 6.2294157396157685e-28
4.737500000000001 2.0000000000000004 4.42 2.000000000003869 4.41999999999679 9.17106836493174e-28
4.7625 2.0000000000000004 4.42 2.000000000103759 4.419999999760819 1.3476463213843353e-27
4.7875000000000005 2.0000000000000004 4.42 2.0000000000934253 4.41999999980522 1.976577653529057e-27
4.8125 2.0000000000000004 4.42 1.9999999998092368 4.420000000408689 2.893556671295461e-27
4.8375 2.0000000000000004 4.42 1.9999999996018278 4.420000000900338 4.227933093900043e-27
4.862500000000001 2.0000000000000004 4.42 2.0000000001021014 4.4199999997805435 6.165945534335626e-27
4.8875 2.0000000000000004 4.42 2.0000000011071 4.419999997598467 8.975193021048882e-27
4.9125000000000005 2.0000000000000004 4.42 2.00000000084478 4.419999998108568 1.303938499592358e-26
4.9375 2.0000000000000004 4.42 1.999999997848307 4.42000000468981 1.890757597486316e-26
4.9625 2.0000000000000004 4.42 1.9999999954260166 4.420000010119304 2.736376330955119e-26
4.987500000000001 2.0000000000000004 4.42 2.0000000007502288 4.419999998381142 3.952504214199791e-26
5.0125 2.0000000000000004 4.42 2.00000001295385 4.419999971483692 5.69797089408383e-26
5.0375000000000005 2.0000000000000004 4.42 2.000000017151369 4.419999961279402 8.198110638568653e-26
5.0625 2.0000000000000004 4.42 2.000000000159168 4.420000000502092 1.177190424551076e-25
5.0875 2.0000000000000004 4.42 1.9999999876614607 4.420000025194266 1.6869887875189862e-25
5.112500000000001 2.0000000000000004 4.42 2.000000094929244 4.41999978655573 2.4126964683866886e-25
5.1375 2.0000000000000004 4.42 2.000000620993176 4.419998624568155 3.443578530603837e-25
5.1625000000000005 2.0000000000000004 4.42 2.0000024541626162 4.419994558460863 4.904843427488247e-25
5.1875 2.0000000000000004 4.42 2.0000084681243075 4.4199812045333635 6.971695163562433e-25
5.2125 2.0000000000000004 4.42 2.0000302239953247 4.4199327266091135 9.888696782141118e-25
5.237500000000001 2.0000000000000004 4.42 2.000110166990346 4.419756507188711 1.3996374090457433e-24
5.2625 2.0000000000000004 4.42 2.000266364798794 4.41940594082049 1.976765519241915e-24
5.2875000000000005 2.0000000000000004 4.42 2.0004564490354433 4.418990057867583 2.7857623777115526e-24
5.3125 2.0000000000000004 4.42 2.00060601287762 4.418656224656202 3.91712255151615e-24
5.3375 2.0000000000000004 4.42 2.000686422349543 4.4184659959841746 5.495508623785668e-24
5.362500000000001 2.0000000000000004 4.42 2.0007245365480246 4.4184032329575915 7.692157464105311e-24
5.3875 2.0000000000000004 4.42 2.000737827894951 4.418362554271273 1.0741578764671624e-23
5.4125000000000005 2.0000000000000004 4.42 2.000745281628649 4.418336222800841 1.4963939018217597e-23
5.4375 2.0000000000000004 4.42 2.00075063555819 4.41833252318047 2.0794935839713404e-23
5.4625 2.0000000000000004 4.42 2.0007522039452548 4.418335669995224 2.8825482398236007e-23
5.487500000000001 2.0000000000000004 4.42 2.000751030764949 4.418331468579069 3.985415640911204e-23
5.5125 2.0000000000000004 4.42 2.0007496499443813 4.418330356082916 5.495613674336001e-23
5.5375000000000005 2.0000000000000004 4.42 2.0007493750712353 4.4183359130832525 7.557326047716062e-23
5.5625 2.0000000000000004 4.42 2.000749337066944 4.418338836239979 1.0363087742791856e-22
5.5875 2.0000000000000004 4.42 2.0007489587451857 4.418336031274306 1.4168832600462197e-22
5.612500000000001 2.0000000000000004 4.42 2.0007489702015864 4.418334052129301 1.9313102891756649e-22
5.6375 2.0000000000000004 4.42 2.000749457828812 4.418335606941723 2.6241326586101203e-22
5.6625000000000005 2.0000000000000004 4.42 2.000749666298423 4.418336454696235 3.553613689377613e-22
5.6875 2.0000000000000004 4.42 2.000749414720916 4.4183351035369025 4.795469821729646e-22
5.7125 2.0000000000000004 4.42 2.0007492369567874 4.418334636206426 6.44738448641507e-22
5.737500000000001 2.0000000000000004 4.42 2.0007493411900077 4.418335786703409 8.634342722308051e-22
5.7625 2.0000000000000004 4.42 2.0007493957988345 4.418336244364307 1.151474311041255e-21
5.7875000000000005 2.0000000000000004 4.42 2.0007492959631246 4.418335511882808 1.5287094267106287e-21
5.8125 2.0000000000000004 4.42 2.0007492622106757 4.418335206796416 2.0196850576742936e-21
5.8375 2.0000000000000004 4.42 2.0007493446404316 4.418335722856228 2.65425317738774e-21
5.862500000000001 2.0000000000000004 4.42 2.000749368439921 4.41833592789279 3.467962414050767e-21
5.8875 2.0000000000000004 4.42 2.000749308467087 4.418335569599433 4.501976263693312e-21
5.9125000000000005 2.0000000000000004 4.42 2.0007492840737817 4.418335440607532 5.802117810925734e-21
5.9375 2.0000000000000004 4.42 2.0007493312091755 4.418335715859076 7.416412590413098e-21
5.9625 2.0000000000000004 4.42 2.0007493405406125 4.418335858324994 9.390165674396287e-21
5.987500000000001 2.0000000000000004 4.42 2.0007493083676176 4.418335641120342 1.1757117436957047e-20
6.0125 2.0000000000000004 4.42 2.000749292517101 4.4183355394960975 1.4524508224114695e-20
6.0375000000000005 2.0000000000000004 4.42 2.000749325738985 4.41833569025388 1.7648852335162065e-20
6.0625 2.0000000000000004 4.42 2.000749342459927 4.418335786393383 2.0997746765631944e-20
6.0875 2.0000000000000004 4.42 2.0007493200026345 4.418335658497593 2.4290940447810965e-20
6.112500000000001 2.0000000000000004 4.42 2.0007493023619443 4.418335587554731 2.7010917128765656e-20
6.1375 2.0000000000000004 4.42 2.0007493126575353 4.418335678494435 2.8269058103138997e-20
6.1625000000000005 2.0000000000000004 4.42 2.0007493259727434 4.418335757325462 2.6607581589896176e-20
6.1875 2.0000000000000004 4.42 2.000749319184036 4.418335681487758 1.970926387775956e-20
6.2125 2.0000000000000004 4.42 2.000749310486855 4.418335597254101 3.9755622346984e-21
6.237500000000001 2.0000000000000004 4.42 2.000749315487436 4.4183356633574205 -2.60820016846176e-20
6.2625 2.0000000000000004 4.42 2.0007493266529206 4.418335740618738 -7.871407699921798e-20
6.2875000000000005 2.0000000000000004 4.42 2.0007493224069686 4.41833570990152 -1.6617608982886583e-19
6.3125 2.0000000000000004 4.42 2.0007493115180237 4.41833564156128 -3.06488886306849e-19
6.3375 2.0000000000000004 4.42 2.000749314328356 4.418335649989453 -5.25920926063927e-19
6.362500000000001 2.0000000000000004 4.42 2.000749321958209 4.418335722821931 -8.624715314906395e-19
6.3875 2.0000000000000004 4.42 2.000749324906928 4.418335717986717 -1.3707377799990646e-18
6.4125000000000005 2.0000000000000004 4.42 2.0007493190225545 4.418335658329704 -2.128687037310349e-18
6.4375 2.0000000000000004 4.42 2.000749316188183 4.418335645870558 -3.2470451229757577e-18
6.4625 2.0000000000000004 4.42 2.0007493235311102 4.418335705487662 -4.88226288370011e-18
6.487500000000001 2.0000000000000004 4.42 2.0007493265464062 4.418335727264264 -7.254362909822111e-18
6.5125 2.0000000000000004 4.42 2.0007493207358578 4.418335681016118 -1.067142140404454e-17
6.5375000000000005 2.0000000000000004 4.42 2.000749317836512 4.418335663435123 -1.5563044729551464e-17
6.5625 2.0000000000000004 4.42 2.0007493227835242 4.418335701703883 -2.2526004271834337e-17
6.5875 2.0000000000000004 4.42 2.000749326803226 4.41833573583409 -3.2386260070975655e-17
6.612500000000001 2.0000000000000004 4.42 2.0007493242667733 4.418335696261768 -4.6283015436768435e-17
6.6375 2.0000000000000004 4.42 2.000749318410604 4.418335651897056 -6.578230826221413e-17
6.6625000000000005 2.0000000000000004 4.42 2.000749320319339 4.418335665556138 -9.303009842227699e-17
6.6875 2.0000000000000004 4.42 2.000749325555098 4.418335687847796 -1.3095803341512223e-16
6.7125 2.0000000000000004 4.42 2.0007493244457186 4.418335668361506 -1.835592969918481e-16
6.737500000000001 2.0000000000000004 4.42 2.000749320409695 4.418335640741525 -2.562574646837114e-16
6.7625 2.0000000000000004 4.42 2.000749321958564 4.4183356545282715 -3.5639848661564606e-16
6.7875000000000005 2.0000000000000004 4.42 2.000749326519714 4.418335684653853 -4.939052790719264e-16
6.8125 2.0000000000000004 4.42 2.0007493247491093 4.418335685032242 -6.821465540280686e-16
6.8375 2.0000000000000004 4.42 2.0007493209148572 4.418335654866441 -9.390872424494704e-16
6.862500000000001 2.0 4.42 2.000749320174538 4.418335640342177 -1.288808178818708e-15
6.8875 1.9999999999999998 4.42 2.000749323121336 4.41833565882385 -1.763508886027102e-15
6.9125000000000005 1.9999999999999998 4.42 2.000749322383767 4.418335665949779 -2.40614094274948e-15
6.9375 1.9999999999999993 4.42 2.0007493182273963 4.4183356478061295 -3.273862560930351e-15
6.9625 1.9999999999999991 4.42 2.00074931404521 4.41833563052033 -4.442560203050163e-15
6.987500000000001 1.999999999999997 4.42 2.0007493134965477 4.4183356291206755 -6.0127535304639905e-15
7.0125 1.9999999999999953 4.42 2.00074932629585 4.418335600745399 -8.117289701896794e-15
7.0375000000000005 1.9999999999999907 4.42 2.000749369040169 4.418335490772306 -1.093134703364249e-14
7.0625 1.9999999999999858 4.42 2.0007494461402606 4.418335313889588 -1.4685412509578057e-14
7.0875 1.999999999999981 4.42 2.0007495141303124 4.4183351771442965 -1.968208030753711e-14
7.112500000000001 1.9999999999999718 4.42 2.000749441196194 4.418335346586902 -2.6317748939851047e-14
7.1375 1.9999999999999605 4.42 2.0007489007417094 4.418336552711665 -3.5110584576960147e-14
7.1625000000000005 1.999999999999946 4.42 2.0007469482927123 4.41834086921874 -4.673648213955549e-14
7.1875 1.9999999999999256 4.42 2.0007405746014038 4.418355019264383 -6.207521160722045e-14
7.2125 1.9999999999998999 4.42 2.0007173720719553 4.418406705801929 -8.226950648023434e-14
7.237500000000001 1.9999999999998628 4.42 2.000636268911766 4.418586416046518 -1.0880056101682564e-13
7.2625 1.999999999999816 4.42 2.00048166052701 4.4189297742771565 -1.4358428506770407e-13
7.2875000000000005 1.9999999999997566 4.42 2.000295045563882 4.419348614534627 -1.8909375922699748e-13
7.3125 1.999999999999677 4.42 2.000144869977162 4.419666146249932 -2.4851468597291215e-13
7.3375 1.9999999999995737 4.42 2.000063961346697 4.419868531258703 -3.2594230153560294e-13
7.362500000000001 1.9999999999994407 4.42 2.0000278223413326 4.419938918549799 -4.2663026690368756e-13
7.3875 1.9999999999992648 4.42 2.0000104719178045 4.419966622421624 -5.573045766227573e-13
7.4125000000000005 1.9999999999990412 4.42 2.000003152005343 4.419996034288773 -7.265586085558662e-13
7.4375 1.9999999999987506 4.42 1.9999998982465441 4.420006201315361 -9.453492026144965e-13
7.4625 1.9999999999983744 4.42 1.9999977018094204 4.420002271832674 -1.2276182389220713e-12
7.487500000000001 1.9999999999978904 4.42 1.9999978861697671 4.420000565338604 -1.5910697477054735e-12
7.5125 2.000999999997268 4.42 1.9999994986591425 4.420003394739528 -2.0581393142097944e-12
7.5375000000000005 2.0009999999964703 4.42 2.0000003852767474 4.42000205191161 -2.6572006637465135e-12
7.5625 2.0009999999954498 4.42 2.0000001804504466 4.419997844969831 -3.424064082240977e-12
7.5875 2.000999999994146 4.42 2.0000000465012286 4.419997923505198 -4.403833044246174e-12
7.612500000000001 2.0009999999924823 4.42 2.0000002055729604 4.420000928879017 -5.653199425919127e-12
7.6375 2.0009999999903654 4.42 2.000000017932839 4.420001372685049 -7.243274366541262e-12
7.6625000000000005 2.0009999999876755 4.42 1.9999996926797505 4.419999673073105 -9.263071653569237e-12
7.6875 2.0009999999842685 4.42 1.9999997579445647 4.419999597717142 -1.182378394443425e-11
7.7125 2.0009999999799564 4.42 2.0000000303828225 4.42000074528101 -1.5064019764329204e-11
7.737500000000001 2.000999999974509 4.42 2.0000000698027733 4.420000552203636 -1.91562016548182e-11
7.7625 2.000999999967641 4.42 1.999999938988263 4.419999571567971 -2.4314363775371634e-11
7.7875000000000005 2.000999999959001 4.42 1.9999999411037719 4.419999672205179 -3.0803631418017586e-11
7.8125 2.0009999999481525 4.42 2.000000033117124 4.420000369611615 -3.895171607363096e-11
7.8375 2.000999999934558 4.42 2.000000023770844 4.420000297655563 -4.916281871507737e-11
7.862500000000001 2.000999999917554 4.42 1.9999999529427361 4.4199997988483135 -6.193440168656448e-11
7.8875 2.000999999896329 4.42 1.9999999658114358 4.419999887295079 -7.787736685468733e-11
7.9125000000000005 2.0009999998698853 4.42 2.0000000145997077 4.420000235034339 -9.77402652892275e-11
7.9375 2.0009999998370036 4.42 2.0000000031138843 4.420000192081979 -1.224382624174479e-10
7.9625 2.0009999997961994 4.42 1.9999999667151624 4.419999927129574 -1.5308769290020031e-10
7.987500000000001 2.0009999997456616 4.42 1.9999999722721242 4.419999951597083 -1.9104716174475952e-10
8.0125 2.0009999996831964 4.42 1.9999999921105274 4.420000166681673 -2.3796628239439146e-10
8.037500000000001 2.0009999996061407 4.42 1.9999999924963336 4.420000160277895 -2.9584328824608817e-10
8.0625 2.000999999511283 4.42 1.9999999605227545 4.420000011295623 -3.6709291014105447e-10
8.0875 2.0009999993947463 4.42 1.9999999520568499 4.419999967987571 -4.546260769081381e-10
8.1125 2.0009999992518703 4.42 1.9999999781921145 4.420000085125324 -5.619431659943075e-10
8.1375 2.000999999077065 4.42 1.9999999810632232 4.420000115829119 -6.932427021819997e-10
8.162500000000001 2.0009999988636418 4.42 1.9999999602389495 4.4200000353556845 -8.535475682129716e-10
8.1875 2.0009999986036253 4.42 1.9999999431281306 4.420000029615757 -1.04885094347367e-09
8.2125 2.0009999982875177 4.42 1.999999945293387 4.420000143972146 -1.2862843147096084e-09
8.2375 2.0009999979040547 4.42 1.9999999478774417 4.420000208190984 -1.5743099916739913e-09
8.2625 2.000999997439904 4.42 1.9999999364236718 4.420000139853583 -1.9229405923075456e-09
8.287500000000001 2.0009999968793424 4.42 1.999999924491595 4.420000107172632 -2.343987913252887e-09
8.3125 2.000999996203873 4.42 1.9999999203843868 4.420000194506956 -2.8513434431676317e-09
8.3375 2.0009999953918163 4.42 1.9999999155699588 4.420000258222469 -3.4612924724165178e-09
8.3625 2.000999994417838 4.42 1.9999998931574479 4.420000233676873 -4.1928632590745826e-09
8.3875 2.0009999932524414 4.42 1.9999998677966244 4.4200002042854845 -5.068211973901572e-09
8.412500000000001 2.0009999918614048 4.42 1.999999855695766 4.420000245741908 -6.113043100881915e-09
8.4375 2.0009999902051763 4.42 1.9999998477844798 4.4200003123071685 -7.357063536790531e-09
8.4625 2.0009999882382314 4.42 1.9999998317194265 4.42000031530418 -8.834466719608285e-09
8.4875 2.0009999859083996 4.42 1.9999998065922975 4.420000290806179 -1.0584440610609571e-08
8.5125 2.00099998315616 4.42 1.99999978969436 4.42000031778238 -1.2651690127873112e-08
8.537500000000001 2.000999979913956 4.42 1.9999997775736087 4.420000394070457 -1.5086960526510765e-08
8.5625 2.000999976105513 4.42 1.9999997579475337 4.420000443885474 -1.794754306433284e-08
8.5875 2.000999971645223 4.42 1.9999997287517 4.420000460382932 -2.1297737873694268e-08
8.6125 2.0009999664376337 4.42 1.999999701281662 4.420000507833036 -2.5209241041782595e-08
8.6375 2.0009999603770887 4.42 1.999999677325007 4.420000596078007 -2.976141320842326e-08
8.662500000000001 2.000999953347598 4.42 1.999999647367992 4.420000653521459 -3.5041375209650534e-08
8.6875 2.000999945223037 4.42 1.9999996076326436 4.420000670447486 -4.114386207184302e-08
8.7125 2.0009999358677732 4.42 1.9999995687505263 4.420000719503999 -4.817074959460682e-08
8.7375 2.000999925137873 4.42 1.9999995341518577 4.4200008116395795 -5.623014740133098e-08
8.7625 2.0009999128830653 4.42 1.9999994968559718 4.420000904900514 -6.543492818332685e-08
8.787500000000001 2.0009998989496536 4.42 1.9999994522128564 4.4200009719412705 -7.59005343609066e-08
8.8125 2.0009998831846607 4.42 1.9999994008155064 4.420001035359754 -8.774186992060323e-08
8.8375 2.0009998654414907 4.42 1.9999993496894337 4.4200011346683326 -1.0106904609219183e-07
8.8625 2.0009998455874847 4.42 1.999999296894372 4.420001247659949 -1.1598170407426578e-07
8.8875 2.0009998235138164 4.42 1.9999992358601526 4.420001343444924 -1.325615854182277e-07
8.912500000000001 2.0009997991482336 4.42 1.9999991679798779 4.420001427910858 -1.5086296009794732e-07
8.9375 2.0009997724712667 4.42 1.9999990998093677 4.420001537027444 -1.7090045283630125e-07
8.9625 2.0009997435366116 4.42 1.9999990296080374 4.420001666737239 -1.9263372899644288e-07
8.9875 2.000999712496547 4.42 1.9999989508767597 4.420001777759086 -2.1594841130550255e-07
9.0125 2.000999679633322 4.42 1.9999988640288633 4.420001871666986 -2.4063249686899673e-07
9.037500000000001 2.000999645397677 4.42 1.999998774272483 4.420001974804439 -2.663474293533641e-07
9.0625 2.00099961045576 4.42 1.9999986860244767 4.4200021063004735 -2.9259285286963165e-07
9.0875 2.000999575745955 4.42 1.9999985966416403 4.420002240645506 -3.186639310228116e-07
9.1125 2.0009995425473073 4.42 1.9999985043925295 4.4200023601632745 -3.4359995589668213e-07
9.1375 2.000999512561457 4.42 1.9999984107450066 4.420002480970574 -3.661227966102474e-07
9.162500000000001 2.0009994880103124 4.42 1.9999983203491178 4.4200026184276435 -3.845635448232645e-07
9.1875 2.0009994717518804 4.42 1.9999982365137372 4.420002768766082 -3.9677550466495557e-07
9.2125 2.0009994674170675 4.42 1.99999816313959 4.420002925465175 -4.0003144670731907e-07
9.2375 2.00099947957051 4.42 1.999998106769885 4.4200030879099295 -3.909027997635313e-07
9.2625 2.0009995138989094 4.42 1.999998073159831 4.420003261435128 -3.6511819074880834e-07
9.287500000000001 2.0009995774306897 4.42 1.9999980650080644 4.420003434908836 -3.173984622680347e-07
9.3125 2.000999678791162 4.42 1.999998088473985 4.420003593308868 -2.4126500111955035e-07
9.3375 2.0009998284978847 4.42 1.9999981564860778 4.4200037470737605 -1.28817900181956e-07
9.3625 2.001000039301215 4.42 1.9999982863211632 4.4200039149261325 2.95198465606592e-08
9.3875 2.001000326575598 4.42 1.99999849340456 4.420004097701142 2.452962478619007e-07
9.412500000000001 2.0010007087675246 4.42 1.9999987942833717 4.420004280939345 5.323667870426377e-07
9.4375 2.001001207906557 4.42 1.999999211409782 4.4200044601007145 9.072782688430747e-07
9.4625 2.001001850186259 4.42 1.9999997713254394 4.420004642074216 1.3897051815992123e-06
9.4875 2.001002666622318 4.42 2.000000503849699 4.420004828123081 2.0029440372001085e-06
9.5125 2.000003693795517 4.42 2.0000014439114544 4.4200050141616885 2.774471454817484e-06
9.537500000000001 2.0000049746876 4.42 2.000002636642033 4.420005200076006 3.736572030675125e-06
9.5625 2.000006559618392 4.42 2.0000041355831044 4.420005388561298 4.927042275346514e-06
9.587500000000002 2.0000085072927756 4.42 2.0000060008997016 4.4200055796087545 6.389977091247739e-06
9.6125 2.0000108859663204 4.42 2.000008297841509 4.420005761606593 8.176645393913645e-06
9.6375 2.000013774738397 4.42 2.0000111028963325 4.420005928452532 1.0346461537942637e-05
9.662500000000001 2.0000172649816 4.42 2.0000145096610984 4.4200060914271475 1.2968059177584796e-05
9.6875 2.000021461916102 4.42 2.0000186261605597 4.42000625831457 1.6120474057228993e-05
9.712500000000002 2.000026486337207 4.42 2.0000235739176304 4.4200064248320805 1.9894441971884715e-05
9.7375 2.000032476503848 4.42 2.0000294903425053 4.4200065845674885 2.4393817744680962e-05
9.7625 2.0000395901950356 4.42 2.000036532389666 4.420006740495435 2.973712051937154e-05
9.787500000000001 2.0000480069402853 4.42 2.0000448807281304 4.4200068963838035 3.605920994222771e-05
9.8125 2.0000579304287736 4.42 2.0000547405298166 4.420007046731149 4.351309689093828e-05
9.837500000000002 2.000069591100539 4.42 2.0000663426673277 4.420007181862 5.2271891279704596e-05
9.8625 2.000083248921098 4.42 2.000079946876002 4.4200072994446025 6.253088811167093e-05
9.8875 2.0000991963387653 4.42 2.0000958448455597 4.420007403764252 7.450979134541856e-05
9.912500000000001 2.0001177614213956 4.42 2.000114364867918 4.420007492865121 8.84550732758701e-05
9.9375 2.0001393111663934 4.42 2.0001358748608244 4.420007560631505 0.00010464246498845123
9.962500000000002 2.000164254974522 4.42 2.0001607851440206 4.420007608206312 0.00012337957101788232
9.9875 2.0001930482743844 4.42 2.000189552307698 4.420007645447416 0.00014500859862194131
10.0125 2.000226196280341 4.42 2.000222683085032 4.42000767598546 0.00016990918906263362
10.037500000000001 2.000264257862136 4.42 2.0002607378012507 4.420007695207916 0.00019850133497294463
10.0625 2.000307849499608 4.42 2.0003043333148733 4.420007695286455 0.00023124836428342147
10.087500000000002 2.000357649290587 4.42 2.000354146791558 4.420007675679857 0.0002686599673011827
10.1125 2.0004144009744356 4.42 2.0004109204426492 4.420007639575171 0.00031129523939328987
10.1375 2.000478917927771 4.42 2.0004754671871137 4.4200075837969 0.00035976570735344194
10.162500000000001 2.000552087082623 4.42 2.000548674706085 4.420007501371451 0.00041473830295881515
10.1875 2.0006348727109224 4.42 2.0006315090305584 4.420007390365033 0.0004769382424958915
10.212500000000002 2.000728320012535 4.42 2.0007250177707396 4.4200072568265 0.0005471517662011153
10.2375 2.000833558437489 4.42 2.000830331567716 4.420007105545109 0.000626228686684365
10.2625 2.000951804666409 4.42 2.0009486666710146 4.420006936056213 0.0007150846905515005
10.287500000000001 2.001084365166711 4.42 2.0010813279465935 4.42000674460934 0.0008147033326941148
10.3125 2.001232638235976 4.42 2.001229712234321 4.4200065287354935 0.0009261376581602602
10.337500000000002 2.001398115438148 4.42 2.001395310960572 4.420006285645231 0.0010505113822556092
10.3625 2.0015823823330305 4.42 2.001579711009001 4.4200060118892734 0.0011890195556553734
10.3875 2.001787118395135 4.42 2.001784592975846 4.420005705838996 0.001342928637948273
10.412500000000001 2.002014096014424 4.42 2.0020117287786334 4.420005369821572 0.0015135759003011373
10.4375 2.002265178469046 4.42 2.0022629806030223 4.420005006402931 0.0017023680759536896
10.462500000000002 2.0025423167590786 4.42 2.0025402992429227 4.420004614099509 0.0019107791761534413
10.4875 2.002847545190587 4.42 2.0028457196163965 4.420004189491232 0.0021403473890487666
10.5125 2.003182975601393 4.42 2.0031813535528666 4.420003734558206 0.0023926709801055973
10.537500000000001 2.0035507901237826 4.42 2.003549381657342 4.420003254158816 0.0026694031149196175
10.5625 2.003953232385306 4.42 2.003952046444689 4.420002749942455 0.0029722455289856228
10.587500000000002 2.0043925970569103 4.42 2.00439164336061 4.4200022175754405 0.003302940974166079
10.6125 2.004871217668097 4.42 2.0048705068910917 4.420001655319229 0.0036632643783692065
10.6375 2.00539145262162 4.42 2.0053909946467074 4.420001071254633 0.004055012663392115
10.662500000000001 2.0059556693556377 4.42 2.0059554723388566 4.420000476059671 0.004479993176063149
10.6875 2.0065662266191864 4.42 2.006566298576301 4.419999872209036 0.004940010699781705
10.712500000000002 2.007225454847273 4.42 2.0072258048680167 4.419999255564587 0.005436853027317143
10.7375 2.007935634644907 4.42 2.0079362712217517 4.4199986223553305 0.005972275091280169
10.7625 2.008698973414697 4.42 2.0086999020352367 4.4199979739511015 0.006547981665988633
10.787500000000001 2.0095175801902085 4.42 2.009518803379058 4.4199973133463 0.007165608673428547
10.8125 2.0103934387667954 4.42 2.0103949578259668 4.419996642845006 0.0078267031465639
10.837500000000002 2.0113283792527668 4.42 2.0113301955668037 4.419995963780877 0.008532701925221337
10.8625 2.0123240481962594 4.42 2.0123261633159473 4.419995277162422 0.009284909182980135
10.8875 2.0133818774765087 4.42 2.013384292727204 4.419994584614168 0.010084472907721746
10.912500000000001 2.0145030521819214 4.42 2.0145057681112806 4.419993889391205 0.010932360483453215
10.9375 2.0156884777309285 4.42 2.01569149394863 4.419993195795362 0.011829333546431228
10.962500000000002 2.0169387465244277 4.42 2.016942061251257 4.419992508413819 0.012775922314127571
10.9875 2.018254104450006 4.42 2.018257713860435 4.4199918294543075 0.01377239961081675
11.0125 2.0196344175876617 4.42 2.019638316124266 4.419991158026548 0.014818754838143345
11.037500000000001 2.0210791394934273 4.42 2.0210833211249444 4.419990492856799 0.01591466816248557
11.0625 2.022587279460855 4.42 2.0225917383829524 4.419989837872707 0.017059485212843672
11.087500000000002 2.0241573721798094 4.42 2.024162102125138 4.419989199734661 0.018252192602866864
11.1125 2.025787449227095 4.42 2.025792442033803 4.419988585863573 0.019491394608011626
11.1375 2.0274750128334023 4.42 2.027480257785254 4.419988000238473 0.020775291343243317
11.162500000000001 2.0292170123755833 4.42 2.0292224972292985 4.419987441554454 0.02210165879765288
11.1875 2.031009824041824 4.42 2.031015537063281 4.419986902508109 0.023467831089443454
11.212500000000002 2.032849234109746 4.42 2.032855165036545 4.419986374887673 0.024870685307504792
11.2375 2.0347304262634496 4.42 2.0347365645837745 4.41998586130372 0.026306629303848028
11.2625 2.0366479733551586 4.42 2.0366543061275912 4.419985373322325 0.0277715927942028
11.287500000000001 2.0385958339902106 4.42 2.0386023463527345 4.419984922278948 0.02926102211175985
11.3125 2.040567354280981 4.42 2.040574031535872 4.4199845113205996 0.03076987894119322
11.337500000000002 2.042555275076078 4.42 2.0425621029966523 4.419984139290687 0.03229264333654691
11.3625 2.044551744926142 4.42 2.0445587093597237 4.4199838056272265 0.03382332129725535
11.3875 2.046548338997247 4.42 2.0465554260354697 4.419983510274948 0.035355457141536734
11.412500000000001 2.048536084087766 4.42 2.0485432802407195 4.419983251129542 0.03688215087572896
11.4375 2.050505489845192 4.42 2.050512780505544 4.419983026435817 0.03839608071209057
11.462500000000002 2.0524465862164236 4.42 2.052453954179745 4.41998283636955 0.03988953083645674
11.4875 2.0543489670991573 4.42 2.0543563937798446 4.419982679896399 0.04135442447134536
11.5125 2.056201840093991 4.42 2.0562093080749126 4.4199825526392615 0.042782362220203755
11.537500000000001 2.05799408218741 4.42 2.058001576119401 4.419982450489744 0.04416466561505264
11.5625 2.059714301125772 4.42 2.059721806402793 4.419982375996421 0.04549242572358476
11.587500000000002 2.0613509021705627 4.42 2.061358403631982 4.419982337044704 0.04675655660358917
11.6125 2.0628921598563226 4.42 2.0628996422626105 4.4199823418301065 0.047947853323287604
11.6375 2.0643262943056238 4.42 2.0643337433108107 4.4199823939525 0.049057054196762824
11.662500000000001 2.0656415515909936 4.42 2.0656489541786813 4.419982493193165 0.050074906815101655
11.6875 2.066826287572719 4.42 2.066833632046019 4.419982637068559 0.05099223738725463
11.712500000000002 2.0678690545845484 4.42 2.067876329313642 4.419982823751424 0.05180002284097752
11.7375 2.0687586902874107 4.42 2.068765882427934 4.419983050786233 0.05248946507465265
11.7625 2.0694844079649126 4.42 2.0694915038230937 4.419983312513994 0.053052066696372524
11.787500000000001 2.0700358874944094 4.42 2.070042873780522 4.419983602571606 0.05347970753841606
11.8125 2.0704033661943027 4.42 2.070410230990608 4.419983917092542 0.053764721194172214
11.837500000000002 2.070577728722614 4.42 2.0705844606417365 4.419984256953816 0.053899970791565575
11.8625 2.0705505951841445 4.42 2.0705571820555724 4.419984623368006 0.05387892319294753
11.8875 2.0703144065942767 4.42 2.070320835886426 4.4199850142233315 0.05369572079696051
11.912500000000001 2.069862506846695 4.42 2.0698687668992632 4.4199854238238085 0.053345250113650246
11.9375 2.069189220340601 4.42 2.069195300832768 4.419985849846762 0.05282320629055684
11.962500000000002 2.0682899244400472 4.42 2.0682958153405364 4.419986295050752 0.052126152784960314
11.9875 2.0671611159641956 4.42 2.0671668074788685 4.419986762609523 0.05125157540603735
12.0125 2.0658004709421385 4.42 2.0658059540753766 4.419987250202849 0.05019792999036485
12.037500000000001 2.0642068969094147 4.42 2.0642121635094597 4.419987752571924 0.04896468302478796
12.0625 2.062380577074923 4.42 2.062385619158959 4.419988267106804 0.047552344591757154
12.087500000000002 2.060323005746204 4.42 2.0603278156588094 4.419988795099034 0.045962493083270176
12.1125 2.058037014467462 4.42 2.0580415859441814 4.419989339882692 0.04419779120980399
12.1375 2.0555267883973856 4.42 2.05553111646924 4.419989903771521 0.04226199291915384
12.162500000000001 2.052797872532208 4.42 2.0528019523787258 4.419990486687582 0.040159940935895276
12.1875 2.049857167462699 4.42 2.049860994121729 4.419991085777411 0.03789755473400547
12.212500000000002 2.046712914440884 4.42 2.0467164835993303 4.419991696028971 0.0354818088617256
12.2375 2.0433746696226787 4.42 2.043377977517072 4.419992314155997 0.032920701647592095
12.2625 2.0398532674452627 4.42 2.039856310097799 4.41999293940971 0.030223214428162788
12.287500000000001 2.036160773192245 4.42 2.036163546520667 4.419993569360379 0.02739926154980854
12.3125 2.0323104248947326 4.42 2.0323129255779033 4.4199941989116045 0.024459631507370596
12.337500000000002 2.028316564811756 4.42 2.0283187900924085 4.419994824245793 0.021415919689932353
12.3625 2.0241945608285343 4.42 2.0241965085419444 4.4199954438013975 0.01828045330684697
12.3875 2.0199607182055086 4.42 2.0199623875176047 4.419996057230289 0.015066209163914665
12.412500000000001 2.0156321822044125 4.42 2.0156335737530076 4.419996664509704 0.011786725048843283
12.4375 2.0112268322099784 4.42 2.011227946573875 4.419997271336048 0.008456005565417002
12.462500000000002 2.0067631680566977 4.42 2.0067640061319763 4.419997885294741 0.005088423325966454
12.4875 2.002260189359444 4.42 2.002260753940124 4.419998509262048 0.0016986164707044591
12.5125 1.9977372687344963 4.42 1.9977375653917235 4.419999138947208 -0.0016986164707044591
12.537500000000001 1.993214019883125 4.42 1.9932140553100188 4.419999767401935 -0.005088423325966935
12.5625 1.9887101615931468 4.42 1.9887099398092973 4.420000386874344 -0.008456005565417002
12.587500000000002 1.984245378793769 4.42 1.9842449017141546 4.4200009870292725 -0.011786725048843753
12.6125 1.9798391818747323 4.42 1.9798384518218066 4.420001558429579 -0.015066209163914665
12.6375 1.9755107655506359 4.42 1.9755097871677347 4.420002094612929 -0.01828045330684697
12.662500000000001 1.9712788686135394 4.42 1.9712776475343343 4.420002597993443 -0.021415919689932797
12.6875 1.9671616359691608 4.42 1.9671601786189408 4.420003081552253 -0.024459631507370596
12.712500000000002 1.9631764843915722 4.42 1.9631747991173918 4.420003560115716 -0.02739926154980895
12.7375 1.959339973454991 4.42 1.959338071153427 4.420004033583384 -0.030223214428162788
12.7625 1.9556676831060968 4.42 1.9556655743668412 4.420004493733222 -0.032920701647592095
12.787500000000001 1.9521740993227692 4.42 1.9521717920842236 4.420004921559666 -0.03548180886172595
12.8125 1.9488725092623616 4.42 1.9488700099375031 4.420005291717422 -0.03789755473400547
12.837500000000002 1.945774907231962 4.42 1.9457722201762437 4.420005587475131 -0.04015994093589559
12.8625 1.9428919127126285 4.42 1.9428890432917072 4.4200058096036114 -0.04226199291915384
12.8875 1.9402327015386034 4.42 1.9402296577976328 4.420005982614341 -0.04419779120980399
12.912500000000001 1.9378049511712765 4.42 1.9378017464247805 4.420006147219698 -0.045962493083270425
12.9375 1.935614800817901 4.42 1.935611454415415 4.420006331867812 -0.047552344591757154
12.962500000000002 1.933666826930233 4.42 1.9336633612104328 4.420006543545886 -0.04896468302478814
12.9875 1.9319640343825923 4.42 1.931960470104012 4.420006777534203 -0.05019792999036485
13.0125 1.9305078633787591 4.42 1.9305042184252543 4.420007021173809 -0.05125157540603735
13.037500000000001 1.9292982118793491 4.42 1.9292945015263854 4.420007255964552 -0.052126152784960425
13.0625 1.9283334730836608 4.42 1.9283297098948606 4.420007465131281 -0.05282320629055684
13.087500000000002 1.9276105872505798 4.42 1.9276067811649735 4.420007635767513 -0.05334525011365031
13.1125 1.9271251069097315 4.42 1.9271212672213012 4.420007760793638 -0.05369572079696051
13.1375 1.9268712743041214 4.42 1.926867410901877 4.420007837690744 -0.05387892319294753
13.162500000000001 1.9268421097251618 4.42 1.9268382320550825 4.420007872358334 -0.05389997079156557
13.1875 1.927029509255307 4.42 1.9270256258018499 4.420007876888633 -0.053764721194172214
13.212500000000002 1.9274243503258968 4.42 1.9274204705099622 4.420007861218187 -0.053479707538416
13.2375 1.9280166034298738 4.42 1.928012739124204 4.420007827205005 -0.053052066696372524
13.2625 1.928795448300885 4.42 1.9287916117124673 4.420007779486905 -0.05248946507465265
13.287500000000001 1.9297493928804401 4.42 1.929745593590187 4.420007725046091 -0.05180002284097741
13.3125 1.930866393440121 4.42 1.930862640947281 4.420007665573813 -0.05099223738725463
13.337500000000002 1.9321339743026897 4.42 1.9321302784280083 4.420007602057421 -0.05007490681510151
13.3625 1.9335393457091947 4.42 1.9335357145128556 4.420007537825422 -0.049057054196762824
13.3875 1.9350695185039202 4.42 1.9350659586919778 4.420007456782496 -0.047947853323287604
13.412500000000001 1.9367114144495448 4.42 1.9367079311891469 4.420007352954162 -0.046756556603588996
13.4375 1.9384519711362143 4.42 1.9384485649909344 4.42000720814529 -0.04549242572358476
13.462500000000002 1.9402782406051735 4.42 1.9402749102157926 4.42000703238016 -0.044164665615052445
13.4875 1.9421774809659051 4.42 1.942174233625474 4.420006864848773 -0.042782362220203755
13.5125 1.944137240441368 4.42 1.9441340976759744 4.420006758449206 -0.04135442447134536
13.537500000000001 1.9461454334259132 4.42 1.9461424004288719 4.420006760794622 -0.03988953083645652
13.5625 1.94819040828208 4.42 1.9481874980387777 4.4200067591756955 -0.03839608071209057
13.587500000000002 1.950261006734044 4.42 1.9502582026479711 4.420006663905831 -0.03688215087572874
13.6125 1.9523466148355475 4.42 1.9523438924619168 4.42000638206109 -0.035355457141536734
13.6375 1.9544372055981272 4.42 1.954434549946603 4.420005907329246 -0.03382332129725535
13.662500000000001 1.9565233734607976 4.42 1.9565207311917692 4.4200053949677125 -0.0322926433365467
13.6875 1.9585963608651968 4.42 1.9585937874890855 4.420004639194686 -0.03076987894119322
13.712500000000002 1.9606480772709058 4.42 1.960645456974859 4.420004088305507 -0.029261022111759634
13.7375 1.962671111004489 4.42 1.9626686018815684 4.420003106211143 -0.0277715927942028
13.7625 1.9646587343836799 4.42 1.9646560854317 4.4200026685906195 -0.026306629303848028
13.787500000000001 1.9666049025955024 4.42 1.9666024898005243 4.42000151424496 -0.024870685307504588
13.8125 1.9685042468349885 4.42 1.968501581597653 4.420001706396077 -0.023467831089443454
13.837500000000002 1.9703520622301607 4.42 1.9703498899121092 4.420000556544977 -0.022101658797652694
13.8625 1.972144291089978 4.42 1.9721417149827165 4.420002023445595 -0.020775291343243317
13.8875 1.9738775020157333 4.42 1.9738758729453536 4.420000945904198 -0.019491394608011626
13.912500000000001 1.9755488654136821 4.42 1.9755465735865883 4.420004720458969 -0.01825219260286669
13.9375 1.9771561259382802 4.42 1.9771555828745004 4.420003823414751 -0.017059485212843672
13.962500000000002 1.978697572381886 4.42 1.9786959948615839 4.420012083817495 -0.01591466816248541
13.9875 1.9801720055088339 4.42 1.9801737896252476 4.420012000829086 -0.014818754838143345
14.0125 1.9815787043101238 4.42 1.9815789767519427 4.420030782474042 -0.01377239961081675
14.037500000000001 1.9829173911300146 4.42 1.9829241778710454 4.420041558627681 -0.012775922314127438
14.0625 1.9841881960882655 4.42 1.9841987427557222 4.420086430665579 -0.011829333546431228
14.087500000000002 1.9853916211920823 4.42 1.9854183008800477 4.420185953585286 -0.010932360483453089
14.1125 1.986528504500524 4.42 1.986589190920607 4.4204127376742335 -0.010084472907721746
14.1375 1.9875999846716987 4.42 1.9877125145603027 4.420756046307346 -0.009284909182980135
14.162500000000001 1.9886074661899185 4.42 1.988776428168484 4.421130258368807 -0.008532701925221235
14.1875 1.9895525855365648 4.42 1.9897660644210304 4.421425188159001 -0.0078267031465639
14.212500000000002 1.990437178535058 4.42 1.9906750295098767 4.421586408345428 -0.007165608673428454
14.2375 1.99126324906752 4.42 1.9915092650616995 4.421640019838138 -0.006547981665988633
14.2625 1.992032939328528 4.42 1.9922813332772917 4.4216552571491485 -0.005972275091280169
14.287500000000001 1.992748501750389 4.42 1.9929977669796712 4.421660525534083 -0.005436853027317071
14.3125 1.9934122727046508 4.42 1.993661887539389 4.42166235935869 -0.004940010699781705
14.337500000000002 1.9940266480563809 4.42 1.9942764492826897 4.421663145486491 -0.004479993176063085
14.3625 1.9945940606213663 4.42 1.994843994720855 4.421663606952009 -0.004055012663392115
14.3875 1.9951169595518072 4.42 1.9953669964293013 4.42166391128848 -0.0036632643783692065
14.412500000000001 1.9955977916535852 4.42 1.9958479053628364 4.4216640593455105 -0.0033029409741660303
14.4375 1.996038984617755 4.42 1.9962891514168777 4.4216640735446795 -0.0029722455289856228
14.462500000000002 1.9964429321306103 4.42 1.996693138725908 4.421664037575065 -0.0026694031149195755
14.4875 1.996811980810598 4.42 1.9970622228977466 4.421664010975916 -0.0023926709801055973
14.5125 1.9971484189063662 4.42 1.9973986933402417 4.421663994136644 -0.0021403473890487666
14.537500000000001 1.9974544666784682 4.42 1.9977047709283127 4.4216639739550985 -0.0019107791761534087
14.5625 1.9977322683774705 4.42 1.9979825998348184 4.421663946643964 -0.0017023680759536896
14.587500000000002 1.9979838857234695 4.42 1.9982342422441852 4.421663920936332 -0.0015135759003011128
14.6125 1.9982112927862 4.42 1.998461672387351 4.421663901614977 -0.001342928637948273
14.6375 1.9984163721608252 4.42 1.9986667728271406 4.421663887211386 -0.0011890195556553734
14.662500000000001 1.9986009123320831 4.42 1.9988513318042185 4.421663876351403 -0.0010505113822555899
14.6875 1.9987666061185796 4.42 1.9990170428136076 4.421663872665649 -0.0009261376581602602
14.712500000000002 1.9989150500894795 4.42 1.9991655026300588 4.421663877871545 -0.0008147033326941005
14.7375 1.99904774484754 4.42 1.9992982122636105 4.421663889017111 -0.0007150846905515005
14.7625 1.9991660960751816 4.42 1.9994165776640973 4.421663894919019 -0.000626228686684365
14.787500000000001 1.999271416243985 4.42 1.9995219107474917 4.421663892734072 -0.0005471517662011046
14.8125 1.9993649268924318 4.42 1.999615433530012 4.421663897564409 -0.0004769382424958915
14.837500000000002 1.9994477613817925 4.42 1.9996982834593044 4.421663936951935 -0.0004147383029588071
14.8625 1.999520968045608 4.42 1.9997715122572686 4.421664034599811 -0.00035976570735344194
14.8875 1.9995855136541734 4.42 1.9998360872559435 4.421664188872731 -0.00031129523939328987
14.912500000000001 1.9996422871215327 4.42 1.9998928915577436 4.421664357448117 -0.00026865996730117696
14.9375 1.999692103388849 4.42 1.999942733801662 4.4216644851657385 -0.00023124836428342147
14.962500000000002 1.999735707424311 4.42 1.9999863500960824 4.421664531340366 -0.0001985013349729404
14.9875 1.9997737782859841 4.42 2.0000244184929934 4.421664494401894 -0.00016990918906263362
15.0125 1.999806933200226 4.42 2.0000575612644327 4.421664397126401 -0.00014500859862194131
15.037500000000001 1.9998357316141286 4.42 2.0000863459088087 4.421664276826621 -0.00012337957101787937
15.0625 1.9998606791862086 4.42 2.0001112811546253 4.421664173117769 -0.00010464246498845123
15.087500000000002 1.999882231684927 4.42 2.000132824452366 4.421664100356741 -8.845507327586802e-05
15.1125 1.9999007987696764 4.42 2.000151386335909 4.421664053793468 -7.450979134541856e-05
15.1375 1.999916747633579 4.42 2.000167333403472 4.421664026408946 -6.253088811167093e-05
15.162500000000001 1.9999304064917516 4.42 2.000180992384106 4.421664014916005 -5.2271891279703214e-05
15.1875 1.9999420679026598 4.42 2.00019265519058 4.421664015852731 -4.351309689093828e-05
15.212500000000002 1.9999519919137194 4.42 2.000202580932329 4.421664022503217 -3.605920994222675e-05
15.2375 1.9999604090254761 4.42 2.0002109994926593 4.421664028790467 -2.973712051937154e-05
15.2625 1.9999675229715261 4.42 2.0002181150671503 4.421664034286161 -2.4393817744680962e-05
15.287500000000001 1.9999735133137704 4.42 2.0002241076716962 4.421664044039343 -1.989444197188412e-05
15.3125 1.9999785378546702 4.42 2.000229134283127 4.421664054215504 -1.6120474057228993e-05
15.337500000000002 1.9999827348700108 4.42 2.000233331056211 4.421664054102153 -1.2968059177584396e-05
15.3625 1.9999862251671132 4.42 2.0002368179191796 4.421664027039234 -1.0346461537942637e-05
15.3875 1.9999891139746473 4.42 2.0002396989809137 4.421663971318148 -8.176645393913645e-06
15.412500000000001 1.9999914926711684 4.42 2.0002420696876237 4.421663916162988 -6.389977091247506e-06
15.4375 1.9999934403601818 4.42 2.000244015971331 4.421663904287949 -4.927042275346514e-06
15.462500000000002 1.9999950253001002 4.42 2.0002456070498003 4.421663942241869 -3.7365720306749717e-06
15.4875 1.99999630619774 4.42 2.0002468947124195 4.421663982092407 -2.774471454817484e-06
15.5125 1.999997333374223 4.42 2.000247914905647 4.421663937956012 -2.0029440372001085e-06
15.537500000000001 1.9999981498121477 4.42 2.000248702154614 4.42166376188618 -1.389705181599174e-06
15.5625 1.999998792092856 4.42 2.000249300115109 4.42166343522285 -9.072782688430747e-07
15.587500000000002 1.9999992912323896 4.42 2.0002497527772274 4.421663185006573 -5.323667870425915e-07
15.6125 1.9999996734245369 4.42 2.000250139267827 4.421663136923063 -2.452962478619007e-07
15.6375 1.9999999606989913 4.42 2.000250468832634 4.421663431526553 -2.95198465606592e-08
15.662500000000001 2.000000171502324 4.42 2.000250742067106 4.421663961844142 1.2881790018196535e-07
15.6875 2.0000003212090234 4.42 2.0002510205959076 4.42166451778656 2.4126500111955035e-07
15.712500000000002 2.0000004225694705 4.42 2.0002511614793828 4.421665316846077 3.173984622680433e-07
15.7375 2.0000004861012317 4.42 2.0002514240428875 4.421665784191913 3.6511819074880834e-07
15.7625 2.0000005204296234 4.42 2.0002514063785553 4.421666739242722 3.909027997635313e-07
15.787500000000001 2.0000005325830643 4.42 2.0002517143542793 4.421666808017126 4.000314467073189e-07
15.8125 2.0000005282482562 4.42 2.0002514624164722 4.42166783547221 3.9677550466495557e-07
15.837500000000002 2.000000511989836 4.42 2.0002518692546953 4.421666952573883 3.845635448232625e-07
15.8625 2.0000004874387054 4.42 2.000251236255698 4.421667940908472 3.661227966102474e-07
15.8875 2.000000457452872 4.42 2.000251835131644 4.421665263270858 3.4359995589668213e-07
15.912500000000001 2.0000004242542397 4.42 2.0002505514708417 4.421666127418128 3.1866393102280974e-07
15.9375 2.0000003895444496 4.42 2.000251456294233 4.421660120979809 2.9259285286963165e-07
15.962500000000002 2.000000354602546 4.42 2.000249042273344 4.421660515163165 2.663474293533603e-07
15.9875 2.00000032036691 4.42 2.000250428860091 4.4216475122920045 2.4063249686899673e-07
16.012500000000003 2.0000002875036933 4.42 2.000245621409035 4.421645537549425 2.1594841130549914e-07
16.0375 2.000000256463635 4.42 2.000246106676664 4.421617703027685 1.9263372899644135e-07
16.0625 2.0000002275289837 4.42 2.000237532715878 4.421584174909251 1.7090045283630125e-07
16.0875 2.0000002008520195 4.42 2.0002235485624897 4.421481553258167 1.5086296009794732e-07
16.1125 2.000000176486439 4.42 2.0001892353606228 4.4212557242459845 1.325615854182277e-07
16.137500000000003 2.0000001544127723 4.42 2.000137514951487 4.420912019636234 1.1598170407426365e-07
16.1625 2.000000134558767 4.42 2.0000810130757047 4.42053704698364 1.010690460921907e-07
16.1875 2.0000001168155954 4.42 2.0000361600105006 4.420239321816074 8.774186992060323e-08
16.2125 2.0000001010506043 4.42 2.0000114571523486 4.420075405109856 7.59005343609066e-08
16.2375 2.0000000871171912 4.42 2.000003496685263 4.4200226356466485 6.543492818332685e-08
16.262500000000003 2.000000074862382 4.42 2.000001276491756 4.4200079744757055 5.623014740132975e-08
16.2875 2.000000064132482 4.42 2.000000515383751 4.420002999571414 4.817074959460625e-08
16.3125 2.000000054777217 4.42 2.000000241483059 4.420001239958554 4.114386207184302e-08
16.3375 2.000000046652656 4.42 2.0000001279157713 4.420000536442231 3.5041375209650534e-08
16.3625 2.0000000396231643 4.42 2.000000073287078 4.4200002260149045 2.976141320842326e-08
16.387500000000003 2.0000000335626185 4.42 2.0000000434872893 4.420000064610511 2.520924104178202e-08
16.4125 2.000000028355029 4.42 2.0000000255942454 4.41999998206226 2.1297737873693996e-08
16.4375 2.0000000238947364 4.42 2.000000017925498 4.4199999597621025 1.794754306433284e-08
16.4625 2.000000020086293 4.42 2.000000016606012 4.419999977155743 1.5086960526510765e-08
16.4875 2.000000016844088 4.42 2.0000000173717476 4.4200000032820075 1.2651690127873112e-08
16.512500000000003 2.0000000140918495 4.42 2.0000000162511284 4.420000014406568 1.0584440610609302e-08
16.5375 2.000000011762017 4.42 2.0000000132866367 4.420000009913994 8.834466719608172e-09
16.5625 2.000000009795074 4.42 2.000000009824637 4.4200000004028555 7.357063536790531e-09
16.5875 2.000000008138845 4.42 2.000000007468484 4.419999995349579 6.113043100881915e-09
16.6125 2.000000006747808 4.42 2.0000000062579932 4.419999996778497 5.068211973901572e-09
16.637500000000003 2.0000000055824083 4.42 2.000000005569833 4.419999999966571 4.192863259074473e-09
16.6625 2.000000004608429 4.42 2.0000000048107376 4.420000001323502 3.4612924724164735e-09
16.6875 2.000000003796372 4.42 2.0000000039242334 4.420000000832062 2.8513434431676317e-09
16.7125 2.000000003120903 4.42 2.0000000031092027 4.419999999925846 2.343987913252887e-09
16.7375 2.0000000025603417 4.42 2.0000000025068836 4.41999999964405 1.9229405923075456e-09
16.762500000000003 2.0000000020961908 4.42 2.000000002070626 4.4199999998417 1.5743099916739494e-09
16.7875 2.0000000017127255 4.42 2.000000001721859 4.420000000061424 1.286284314709591e-09
16.8125 2.00000000139662 4.42 2.000000001411661 4.420000000098725 1.04885094347367e-09
16.8375 2.0000000011366033 4.42 2.0000000011402146 4.420000000023664 8.535475682129716e-10
16.8625 2.0000000009231806 4.42 2.00000000091946 4.419999999973828 6.932427021819997e-10
16.887500000000003 2.0000000007483765 4.42 2.000000000745019 4.419999999979418 5.619431659942902e-10
16.9125 2.0000000006055005 4.42 2.000000000605683 4.420000000000559 4.546260769081303e-10
16.9375 2.000000000488962 4.42 2.0000000004901124 4.420000000008413 3.6709291014105447e-10
16.9625 2.0000000003941047 4.42 2.000000000394378 4.420000000001908 2.9584328824608817e-10
16.9875 2.0000000003170495 4.42 2.0000000003165908 4.419999999996972 2.3796628239439146e-10
17.012500000000003 2.000000000254584 4.42 2.0000000002542797 4.4199999999980975 1.9104716174475352e-10
17.0375 2.000000000204046 4.42 2.0000000002040608 4.420000000000152 1.5308769290019817e-10
17.0625 2.0000000001632414 4.42 2.0000000001633094 4.420000000000565 1.224382624174479e-10
17.0875 2.0000000001303615 4.42 2.0000000001303198 4.419999999999794 9.774026528922818e-11
17.1125 2.000000000103918 4.42 2.0000000001038067 4.419999999999374 7.787736685468677e-11
17.137500000000003 2.0000000000826925 4.42 2.0000000000825997 4.419999999999467 6.193440168656252e-11
17.1625 2.0000000000656906 4.42 2.000000000065632 4.419999999999648 4.9162818715076514e-11
17.1875 2.0000000000520943 4.42 2.0000000000520393 4.419999999999691 3.895171607363096e-11
17.2125 2.0000000000412474 4.42 2.0000000000411786 4.419999999999629 3.0803631418017915e-11
17.2375 2.0000000000326086 4.42 2.000000000032532 4.419999999999581 2.4314363775371376e-11
17.262500000000003 2.0000000000257416 4.42 2.0000000000256692 4.419999999999588 1.915620165481758e-11
17.2875 2.000000000020294 4.42 2.0000000000202265 4.419999999999606 1.5064019764328988e-11
17.3125 2.0000000000159814 4.42 2.0000000000159126 4.419999999999613 1.182378394443425e-11
17.3375 2.0000000000125713 4.42 2.000000000012501 4.419999999999611 9.263071653569305e-12
17.3625 2.0000000000098814 4.42 2.000000000009812 4.41999999999961 7.2432743665411854e-12
17.387500000000003 2.0000000000077662 4.42 2.000000000007697 4.419999999999619 5.653199425918922e-12
17.4125 2.0000000000061045 4.42 2.0000000000060325 4.419999999999629 4.403833044246094e-12
17.4375 2.0000000000047997 4.42 2.000000000004726 4.419999999999636 3.424064082240977e-12
17.4625 2.0000000000037805 4.42 2.0000000000037037 4.419999999999634 2.6572006637465426e-12
17.4875 2.000000000002984 4.42 2.000000000002907 4.419999999999626 2.0581393142097795e-12
17.512500000000003 2.0000000000023626 4.42 2.000000000002291 4.419999999999613 1.5910697477054156e-12
17.5375 2.000000000001879 4.42 2.0000000000018083 4.419999999999611 1.2276182389220486e-12
17.5625 2.000000000001504 4.42 2.000000000001429 4.419999999999621 9.453492026144965e-13
17.5875 2.0000000000012133 4.42 2.0000000000011378 4.419999999999621 7.265586085558718e-13
17.6125 2.0000000000009868 4.42 2.0000000000009153 4.419999999999624 5.573045766227532e-13
17.637500000000003 2.000000000000812 4.42 2.0000000000007434 4.419999999999625 4.2663026690367166e-13
17.6625 2.0000000000006786 4.42 2.00000000000061 4.419999999999629 3.259423015355969e-13
17.6875 2.000000000000574 4.42 2.000000000000505 4.419999999999639 2.4851468597291215e-13
17.7125 2.000000000000497 4.42 2.0000000000004263 4.419999999999634 1.890937592269996e-13
17.7375 2.000000000000437 4.42 2.0000000000003704 4.419999999999626 1.4358428506770248e-13
17.762500000000003 2.000000000000393 4.42 2.000000000000327 4.419999999999631 1.0880056101682154e-13
17.7875 2.0000000000003566 4.42 2.0000000000002878 4.419999999999645 8.226950648023278e-14
17.8125 2.0000000000003304 4.42 2.0000000000002576 4.41999999999965 6.207521160722045e-14
17.8375 2.00000000000031 4.42 2.0000000000002367 4.419999999999641 4.673648213955602e-14
17.8625 2.0000000000002953 4.42 2.000000000000223 4.419999999999629 3.511058457695974e-14
17.887500000000003 2.000000000000284 4.42 2.0000000000002123 4.419999999999628 2.6317748939849943e-14
17.9125 2.000000000000275 4.42 2.000000000000206 4.419999999999623 1.968208030753666e-14
17.9375 2.0000000000002696 4.42 2.0000000000002007 4.419999999999626 1.4685412509578057e-14
17.9625 2.000000000000266 4.42 2.000000000000194 4.419999999999636 1.093134703364262e-14
17.9875 2.000000000000261 4.42 2.0000000000001887 4.419999999999643 8.117289701896702e-15
18.012500000000003 2.000000000000259 4.42 2.0000000000001874 4.419999999999645 6.012753530463734e-15
18.0375 2.0000000000002567 4.42 2.0000000000001865 4.419999999999645 4.4425602030500756e-15
18.0625 2.000000000000256 4.42 2.000000000000182 4.41999999999965 3.273862560930351e-15
18.0875 2.0000000000002554 4.42 2.0000000000001785 4.41999999999965 2.4061409427495075e-15
18.1125 2.0000000000002554 4.42 2.000000000000176 4.419999999999646 1.7635088860270809e-15
18.137500000000003 2.000000000000256 4.42 2.000000000000175 4.419999999999647 1.2888081788186515e-15
18.1625 2.000000000000256 4.42 2.0000000000001767 4.419999999999644 9.390872424494482e-16
18.1875 2.000000000000256 4.42 2.0000000000001776 4.419999999999651 6.821465540280686e-16
18.2125 2.000000000000256 4.42 2.0000000000001785 4.419999999999655 4.93905279071934e-16
18.2375 2.000000000000256 4.42 2.00000000000018 4.419999999999647 3.5639848661564296e-16
18.262500000000003 2.000000000000256 4.42 2.000000000000181 4.419999999999642 2.562574646836989e-16
18.2875 2.000000000000256 4.42 2.000000000000181 4.419999999999641 1.835592969918436e-16
18.3125 2.000000000000256 4.42 2.000000000000181 4.4199999999996455 1.3095803341512223e-16
18.3375 2.0000000000002562 4.42 2.000000000000181 4.419999999999652 9.303009842227782e-17
18.3625 2.0000000000002567 4.42 2.00000000000018 4.419999999999652 6.578230826221306e-17
18.387500000000003 2.0000000000002567 4.42 2.0000000000001776 4.41999999999965 4.628301543676607e-17
18.4125 2.0000000000002567 4.42 2.0000000000001785 4.419999999999643 3.2386260070974817e-17
18.4375 2.0000000000002567 4.42 2.0000000000001776 4.419999999999645 2.2526004271834337e-17
18.4625 2.0000000000002567 4.42 2.000000000000177 4.419999999999646 1.5563044729551618e-17
18.4875 2.0000000000002567 4.42 2.0000000000001776 4.419999999999643 1.0671421404044358e-17
18.512500000000003 2.0000000000002567 4.42 2.000000000000178 4.419999999999645 7.254362909821711e-18
18.5375 2.0000000000002567 4.42 2.000000000000176 4.419999999999652 4.88226288369997e-18
18.5625 2.0000000000002567 4.42 2.0000000000001754 4.419999999999657 3.2470451229757577e-18
18.5875 2.0000000000002567 4.42 2.0000000000001767 4.41999999999965 2.1286870373103886e-18
18.6125 2.0000000000002567 4.42 2.0000000000001776 4.419999999999645 1.3707377799990477e-18
18.637500000000003 2.0000000000002567 4.42 2.000000000000176 4.419999999999644 8.624715314905819e-19
18.6625 2.0000000000002567 4.42 2.0000000000001754 4.419999999999645 5.259209260639081e-19
18.6875 2.0000000000002567 4.42 2.0000000000001767 4.419999999999639 3.06488886306849e-19
18.7125 2.0000000000002567 4.42 2.000000000000176 4.419999999999637 1.6617608982887026e-19
18.7375 2.0000000000002567 4.42 2.000000000000174 4.419999999999644 7.871407699921531e-20
18.762500000000003 2.0000000000002567 4.42 2.000000000000176 4.419999999999642 2.6082001684611825e-20
18.7875 2.0000000000002567 4.42 2.0000000000001785 4.419999999999637 -3.975562234699952e-21
18.8125 2.0000000000002567 4.42 2.0000000000001794 4.419999999999638 -1.970926387775956e-20
18.8375 2.0000000000002567 4.42 2.0000000000001767 4.419999999999648 -2.6607581589896113e-20
18.8625 2.0000000000002567 4.42 2.0000000000001785 4.419999999999648 -2.826905810313911e-20
18.887500000000003 2.0000000000002567 4.42 2.0000000000001803 4.419999999999645 -2.7010917128765422e-20
18.9125 2.0000000000002567 4.42 2.000000000000182 4.4199999999996376 -2.4290940447810776e-20
18.9375 2.0000000000002567 4.42 2.0000000000001825 4.419999999999637 -2.0997746765631944e-20
18.9625 2.0000000000002567 4.42 2.0000000000001834 4.419999999999637 -1.7648852335162104e-20
18.9875 2.0000000000002567 4.42 2.000000000000184 4.419999999999641 -1.452450822411455e-20
19.012500000000003 2.0000000000002567 4.42 2.000000000000181 4.41999999999965 -1.175711743695664e-20
19.0375 2.0000000000002567 4.42 2.000000000000181 4.419999999999654 -9.390165674396084e-21
19.0625 2.0000000000002567 4.42 2.000000000000181 4.419999999999659 -7.416412590413098e-21
19.0875 2.0000000000002567 4.42 2.0000000000001803 4.419999999999666 -5.8021178109258e-21
19.1125 2.0000000000002567 4.42 2.0000000000001794 4.419999999999666 -4.50197626369326e-21
19.137500000000003 2.0000000000002567 4.42 2.0000000000001803 4.419999999999659 -3.467962414050628e-21
19.1625 2.0000000000002567 4.42 2.000000000000184 4.419999999999654 -2.654253177387695e-21
19.1875 2.0000000000002567 4.42 2.0000000000001865 4.419999999999656 -2.0196850576742936e-21
19.212500000000002 2.0000000000002567 4.42 2.0000000000001874 4.419999999999667 -1.5287094267105836e-21
19.2375 2.0000000000002567 4.42 2.0000000000001883 4.419999999999664 -1.151474311041249e-21
19.262500000000003 2.0000000000002567 4.42 2.000000000000189 4.419999999999655 -8.634342722307679e-22
19.2875 2.0000000000002567 4.42 2.00000000000019 4.41999999999965 -6.447384486414953e-22
19.3125 2.0000000000002567 4.42 2.000000000000189 4.419999999999652 -4.795469821729646e-22
19.337500000000002 2.0000000000002567 4.42 2.0000000000001865 4.419999999999657 -3.5536136893775015e-22
19.3625 2.0000000000002567 4.42 2.0000000000001834 4.419999999999669 -2.624132658610087e-22
19.387500000000003 2.0000000000002567 4.42 2.0000000000001847 4.419999999999671 -1.931310289175579e-22
19.4125 2.0000000000002567 4.42 2.0000000000001856 4.419999999999669 -1.4168832600461931e-22
19.4375 2.0000000000002567 4.42 2.0000000000001865 4.419999999999659 -1.0363087742791856e-22
19.462500000000002 2.0000000000002567 4.42 2.0000000000001874 4.419999999999654 -7.557326047715766e-23
19.4875 2.0000000000002567 4.42 2.0000000000001865 4.419999999999657 -5.495613674335928e-23
19.512500000000003 2.0000000000002567 4.42 2.000000000000183 4.419999999999664 -3.985415640911021e-23
19.5375 2.0000000000002567 4.42 2.0000000000001807 4.41999999999967 -2.882548239823525e-23
19.5625 2.0000000000002567 4.42 2.0000000000001794 4.4199999999996775 -2.0794935839713404e-23
19.587500000000002 2.0000000000002567 4.42 2.000000000000181 4.41999999999968 -1.4963939018216995e-23
19.6125 2.0000000000002567 4.42 2.000000000000184 4.419999999999674 -1.0741578764671479e-23
19.637500000000003 2.0000000000002567 4.42 2.000000000000183 4.419999999999673 -7.692157464104953e-24
19.6625 2.0000000000002567 4.42 2.000000000000184 4.419999999999669 -5.495508623785519e-24
19.6875 2.0000000000002567 4.42 2.0000000000001856 4.419999999999666 -3.91712255151615e-24
19.712500000000002 2.0000000000002567 4.42 2.000000000000189 4.419999999999664 -2.7857623777114596e-24
19.7375 2.0000000000002567 4.42 2.000000000000192 4.419999999999661 -1.9767655192418878e-24
19.762500000000003 2.0000000000002567 4.42 2.000000000000192 4.419999999999666 -1.3996374090456672e-24
19.7875 2.0000000000002567 4.42 2.0000000000001927 4.419999999999666 -9.888696782140918e-25
19.8125 2.0000000000002567 4.42 2.000000000000192 4.419999999999671 -6.971695163562433e-25
19.837500000000002 2.0000000000002567 4.42 2.000000000000192 4.419999999999676 -4.90484342748808e-25
19.8625 2.0000000000002567 4.42 2.0000000000001927 4.419999999999679 -3.443578530603814e-25
19.887500000000003 2.0000000000002567 4.42 2.0000000000001927 4.419999999999679 -2.4126964683865733e-25
19.9125 2.0000000000002567 4.42 2.000000000000193 4.419999999999673 -1.686988787518952e-25
19.9375 2.0000000000002567 4.42 2.000000000000193 4.419999999999668 -1.177190424551076e-25
19.962500000000002 2.0000000000002567 4.42 2.000000000000191 4.419999999999668 -8.198110638568373e-26
19.9875 2.0000000000002567 4.42 2.000000000000191 4.4199999999996695 -5.697970894083752e-26
20.012500000000003 2.0000000000002567 4.42 2.000000000000192 4.419999999999668 -3.9525042141995724e-26
20.0375 2.0000000000002567 4.42 2.00000000000019 4.419999999999668 -2.736376330955043e-26
20.0625 2.0000000000002567 4.42 2.0000000000001883 4.419999999999671 -1.890757597486316e-26
20.087500000000002 2.0000000000002567 4.42 2.0000000000001856 4.419999999999676 -1.3039384995923034e-26
20.1125 2.0000000000002567 4.42 2.0000000000001865 4.419999999999678 -8.975193021048755e-27
20.137500000000003 2.0000000000002567 4.42 2.0000000000001874 4.419999999999678 -6.1659455343352814e-27
20.1625 2.0000000000002567 4.42 2.000000000000189 4.419999999999673 -4.227933093899924e-27
20.1875 2.0000000000002567 4.42 2.0000000000001887 4.419999999999671 -2.893556671295461e-27
20.212500000000002 2.0000000000002567 4.42 2.0000000000001865 4.4199999999996695 -1.976577653528973e-27
20.2375 2.0000000000002567 4.42 2.000000000000185 4.419999999999666 -1.3476463213843163e-27
20.262500000000003 2.0000000000002567 4.42 2.0000000000001865 4.419999999999663 -9.171068364931224e-28
20.2875 2.0000000000002567 4.42 2.000000000000189 4.41999999999966 -6.229415739615592e-28
20.3125 2.0000000000002567 4.42 2.000000000000189 4.419999999999664 -4.223370350087268e-28
20.337500000000002 2.0000000000002567 4.42 2.0000000000001883 4.419999999999676 -2.857960481257305e-28
20.3625 2.0000000000002567 4.42 2.000000000000189 4.41999999999968 -1.9303624796275626e-28
20.387500000000003 2.0000000000002567 4.42 2.000000000000193 4.419999999999673 -1.3013891028434667e-28
20.4125 2.0000000000002567 4.42 2.000000000000197 4.419999999999666 -8.757110470686614e-29
20.4375 2.0000000000002567 4.42 2.0000000000001963 4.419999999999666 -5.881650691709571e-29
20.462500000000002 2.0000000000002567 4.42 2.0000000000001954 4.4199999999996695 -3.942951136396934e-29
20.4875 2.0000000000002567 4.42 2.0000000000001963 4.419999999999666 -2.638311121393388e-29
20.512500000000003 2.0000000000002567 4.42 2.0000000000001945 4.419999999999668 -1.762022264672032e-29
20.5375 2.0000000000002567 4.42 2.000000000000192 4.419999999999675 -1.1745608080973687e-29
20.5625 2.0000000000002567 4.42 2.0000000000001927 4.419999999999673 -7.814765201370724e-30
20.587500000000002 2.0000000000002567 4.42 2.0000000000001936 4.419999999999669 -5.189552072461463e-30
20.6125 2.0000000000002567 4.42 2.0000000000001945 4.419999999999668 -3.439648946257551e-30
20.637500000000003 2.0000000000002567 4.42 2.0000000000001954 4.419999999999666 -2.2754382144569016e-30
20.6625 2.0000000000002567 4.42 2.000000000000196 4.419999999999666 -1.5023758386263303e-30
20.6875 2.0000000000002567 4.42 2.0000000000001954 4.419999999999668 -9.90034257306422e-31
20.712500000000002 2.0000000000002567 4.42 2.0000000000001954 4.419999999999666 -6.511408277905164e-31
20.7375 2.0000000000002567 4.42 2.0000000000001954 4.419999999999666 -4.274124538469331e-31
20.762500000000003 2.0000000000002567 4.42 2.0000000000001963 4.419999999999666 -2.8000183272521737e-31
20.7875 2.0000000000002567 4.42 2.000000000000199 4.419999999999665 -1.8306670316566573e-31
20.8125 2.0000000000002567 4.42 2.0000000000002016 4.419999999999666 -1.1944977329459876e-31
20.837500000000002 2.0000000000002567 4.42 2.0000000000002025 4.419999999999666 -7.778230384986567e-32
20.8625 2.0000000000002567 4.42 2.0000000000002007 4.4199999999996695 -5.05460318915081e-32
20.887500000000003 2.0000000000002567 4.42 2.0000000000002 4.419999999999671 -3.2778918475460915e-32
20.9125 2.0000000000002567 4.42 2.000000000000198 4.419999999999671 -2.1212560673576938e-32
20.9375 2.0000000000002567 4.42 2.0000000000002 4.419999999999661 -1.3698442674456298e-32
20.962500000000002 2.0000000000002567 4.42 2.0000000000002007 4.419999999999661 -8.827070360915333e-33
20.9875 2.0000000000002567 4.42 2.000000000000199 4.41999999999967 -5.675652760230583e-33
21.012500000000003 2.0000000000002567 4.42 2.0000000000002 4.419999999999678 -3.641280931950978e-33
21.0375 2.0000000000002567 4.42 2.0000000000002007 4.419999999999677 -2.3308570015194667e-33
21.0625 2.0000000000002567 4.42 2.000000000000201 4.419999999999677 -1.4886155797128192e-33
21.087500000000002 2.0000000000002567 4.42 2.0000000000002025 4.419999999999682 -9.48496420954061e-34
21.1125 2.0000000000002567 4.42 2.0000000000002016 4.419999999999685 -6.029119200010419e-34
21.137500000000003 2.0000000000002567 4.42 2.0000000000002025 4.41999999999968 -3.8230835770575067e-34
21.1625 2.0000000000002567 4.42 2.000000000000204 4.419999999999671 -2.4181864717260915e-34
21.1875 2.0000000000002567 4.42 2.0000000000002016 4.419999999999677 -1.5256449707696942e-34
21.212500000000002 2.0000000000002567 4.42 2.000000000000201 4.419999999999681 -9.600048760340359e-35
21.2375 2.0000000000002567 4.42 2.000000000000202 4.4199999999996935 -6.024412858462897e-35
21.262500000000003 2.0000000000002567 4.42 2.0000000000002025 4.4199999999997 -3.7699744499543813e-35
21.2875 2.0000000000002567 4.42 2.0000000000002043 4.419999999999693 -2.3523444960591057e-35
21.3125 2.0000000000002567 4.42 2.0000000000002016 4.419999999999698 -1.4633673851942304e-35
21.337500000000002 2.0000000000002567 4.42 2.0000000000001994 4.419999999999705 -9.074874110880945e-36
21.3625 2.0000000000002567 4.42 2.0000000000002007 4.419999999999709 -5.609190374227446e-36
21.387500000000003 2.0000000000002567 4.42 2.0000000000002016 4.419999999999702 -3.455102915233955e-36
21.4125 2.0000000000002567 4.42 2.0000000000002025 4.4199999999997 -2.12051649583008e-36
21.4375 2.0000000000002567 4.42 2.0000000000002 4.419999999999705 -1.2964282047082334e-36
21.462500000000002 2.0000000000002567 4.42 2.0000000000001994 4.419999999999709 -7.893557860606923e-37
21.4875 2.0000000000002567 4.42 2.0000000000002 4.41999999999971 -4.7850640168858564e-37
21.512500000000003 2.0000000000002567 4.42 2.0000000000002007 4.419999999999707 -2.8869809728293567e-37
21.5375 2.0000000000002567 4.42 2.000000000000202 4.419999999999703 -1.7328609504206728e-37
21.5625 2.0000000000002567 4.42 2.0000000000002025 4.419999999999706 -1.0342698109135129e-37
21.587500000000002 2.0000000000002567 4.42 2.000000000000205 4.419999999999709 -6.134725363929575e-38
21.6125 2.0000000000002567 4.42 2.000000000000207 4.419999999999706 -3.6135018384988445e-38
21.637500000000003 2.0000000000002567 4.42 2.0000000000002074 4.419999999999703 -2.1117081576085596e-38
21.6625 2.0000000000002567 4.42 2.000000000000208 4.419999999999703 -1.222934419173841e-38
21.6875 2.0000000000002567 4.42 2.0000000000002065 4.419999999999709 -7.007674905386313e-39
21.712500000000002 2.0000000000002567 4.42 2.0000000000002065 4.419999999999709 -3.965174008858218e-39
21.7375 2.0000000000002567 4.42 2.0000000000002087 4.419999999999706 -2.2092794102958995e-39
21.762500000000003 2.0000000000002567 4.42 2.000000000000209 4.419999999999707 -1.2072470647901068e-39
21.7875 2.0000000000002567 4.42 2.000000000000209 4.419999999999711 -6.430966576253814e-40
21.8125 2.0000000000002567 4.42 2.0000000000002105 4.419999999999717 -3.3073113098458767e-40
21.837500000000002 2.0000000000002567 4.42 2.0000000000002105 4.4199999999997175 -1.6141976111041738e-40
21.8625 2.0000000000002567 4.42 2.000000000000208 4.419999999999723 -7.221452471750234e-41
21.887500000000003 2.0000000000002567 4.42 2.000000000000207 4.4199999999997335 -2.7061194723863665e-41
21.9125 2.0000000000002567 4.42 2.000000000000207 4.41999999999973 -5.571759129059577e-42
21.9375 2.0000000000002567 4.42 2.000000000000207 4.419999999999727 3.603800524878784e-42
21.962500000000002 2.0000000000002567 4.42 2.0000000000002065 4.419999999999725 6.660452677774038e-42
21.9875 2.0000000000002567 4.42 2.000000000000206 4.419999999999725 6.89286783738512e-42
22.012500000000003 2.0000000000002567 4.42 2.000000000000206 4.419999999999725 5.991371904493452e-42
22.0375 2.0000000000002567 4.42 2.0000000000002043 4.419999999999728 4.7778299325151e-42
22.0625 2.0000000000002567 4.42 2.000000000000206 4.419999999999725 3.6173956053941074e-42
22.087500000000002 2.0000000000002567 4.42 2.000000000000206 4.419999999999732 2.6446972273861868e-42
22.1125 2.0000000000002567 4.42 2.0000000000002047 4.419999999999737 1.8851592159867795e-42
22.137500000000003 2.0000000000002567 4.42 2.000000000000205 4.419999999999735 1.3179971193006952e-42
22.1625 2.0000000000002567 4.42 2.0000000000002087 4.419999999999728 9.074160336139307e-43
22.1875 2.0000000000002567 4.42 2.0000000000002105 4.419999999999725 6.16927538059152e-43
22.212500000000002 2.0000000000002567 4.42 2.0000000000002105 4.419999999999723 4.1502744536562125e-43
22.2375 2.0000000000002567 4.42 2.0000000000002105 4.419999999999719 2.7668992660047867e-43
22.262500000000003 2.0000000000002567 4.42 2.0000000000002114 4.419999999999713 1.8301651753490236e-43
22.2875 2.0000000000002567 4.42 2.0000000000002105 4.419999999999721 1.2021686663148814e-43
22.3125 2.0000000000002567 4.42 2.0000000000002105 4.419999999999727 7.847597927876126e-44
22.337500000000002 2.0000000000002567 4.42 2.00000000000021 4.419999999999738 5.094042654817863e-44
22.3625 2.0000000000002567 4.42 2.0000000000002105 4.419999999999741 3.2896937910595615e-44
22.387500000000003 2.0000000000002567 4.42 2.0000000000002114 4.419999999999735 2.1144258883922478e-44
22.4125 2.0000000000002567 4.42 2.0000000000002114 4.4199999999997335 1.3530770428827658e-44
22.4375 2.0000000000002567 4.42 2.000000000000209 4.419999999999737 8.623273722320799e-45
22.462500000000002 2.0000000000002567 4.42 2.0000000000002096 4.419999999999741 5.4745667145370276e-45
22.4875 2.0000000000002567 4.42 2.0000000000002105 4.419999999999742 3.462970077919892e-45
22.512500000000003 2.0000000000002567 4.42 2.0000000000002123 4.419999999999742 2.1829827784115165e-45
22.5375 2.0000000000002567 4.42 2.000000000000213 4.419999999999745 1.3715934229803924e-45
22.5625 2.0000000000002567 4.42 2.000000000000213 4.419999999999746 8.590853396874958e-46
22.587500000000002 2.0000000000002567 4.42 2.000000000000213 4.419999999999744 5.364608991329165e-46
22.6125 2.0000000000002567 4.42 2.000000000000213 4.419999999999742 3.3402540025532064e-46
22.637500000000003 2.0000000000002567 4.42 2.000000000000213 4.419999999999741 2.073977474254371e-46
22.6625 2.0000000000002567 4.42 2.0000000000002123 4.419999999999741 1.284252919747105e-46
22.6875 2.0000000000002567 4.42 2.000000000000215 4.41999999999973 7.931474614496866e-47
22.712500000000002 2.0000000000002567 4.42 2.000000000000214 4.41999999999973 4.885910918439456e-47
22.7375 2.0000000000002567 4.42 2.0000000000002123 4.419999999999732 3.0022973432510753e-47
22.762500000000003 2.0000000000002567 4.42 2.000000000000213 4.419999999999736 1.840365322080263e-47
22.7875 2.0000000000002567 4.42 2.0000000000002145 4.419999999999739 1.1254334309525963e-47
22.8125 2.0000000000002567 4.42 2.0000000000002145 4.419999999999737 6.866290082952759e-48
22.837500000000002 2.0000000000002567 4.42 2.000000000000214 4.4199999999997335 4.179557417077593e-48
22.8625 2.0000000000002567 4.42 2.000000000000213 4.419999999999734 2.5384102698320256e-48
22.887500000000003 2.0000000000002567 4.42 2.000000000000213 4.419999999999735 1.538270636380565e-48
22.9125 2.0000000000002567 4.42 2.0000000000002145 4.419999999999733 9.301602375783109e-49
22.9375 2.0000000000002567 4.42 2.0000000000002145 4.4199999999997335 5.612421917410396e-49
22.962500000000002 2.0000000000002567 4.42 2.0000000000002145 4.419999999999732 3.3792683803607148e-49
22.9875 2.0000000000002567 4.42 2.000000000000214 4.41999999999973 2.030421360844878e-49
23.012500000000003 2.0000000000002567 4.42 2.0000000000002123 4.419999999999732 1.2174499814394924e-49
23.0375 2.0000000000002567 4.42 2.0000000000002105 4.4199999999997335 7.284957701652367e-50
23.0625 2.0000000000002567 4.42 2.0000000000002114 4.419999999999741 4.350333912421186e-50
23.087500000000002 2.0000000000002567 4.42 2.000000000000214 4.41999999999974 2.5926612064398586e-50
23.1125 2.0000000000002567 4.42 2.000000000000216 4.419999999999737 1.5420691710867659e-50
23.137500000000003 2.0000000000002567 4.42 2.0000000000002123 4.419999999999741 9.153844063002682e-51
23.1625 2.0000000000002567 4.42 2.0000000000002105 4.419999999999742 5.423139900270076e-51
23.1875 2.0000000000002567 4.42 2.000000000000212 4.4199999999997495 3.206647879385634e-51
23.212500000000002 2.0000000000002567 4.42 2.0000000000002123 4.419999999999757 1.8923868038778207e-51
23.2375 2.0000000000002567 4.42 2.000000000000213 4.419999999999759 1.1146313174602364e-51
23.262500000000003 2.0000000000002567 4.42 2.000000000000215 4.419999999999757 6.55268544182168e-52
23.2875 2.0000000000002567 4.42 2.000000000000216 4.419999999999759 3.844835526125051e-52
23.3125 2.0000000000002567 4.42 2.0000000000002176 4.419999999999765 2.2516961084400117e-52
23.337500000000002 2.0000000000002567 4.42 2.0000000000002194 4.419999999999776 1.3161886733164486e-52
23.3625 2.0000000000002567 4.42 2.0000000000002185 4.419999999999777 7.679011014248401e-53
23.387500000000003 2.0000000000002567 4.42 2.0000000000002185 4.419999999999781 4.471705927782074e-53
23.4125 2.0000000000002567 4.42 2.000000000000216 4.41999999999978 2.599103973739118e-53
23.4375 2.0000000000002567 4.42 2.0000000000002185 4.4199999999997726 1.5078490196182649e-53
23.462500000000002 2.0000000000002567 4.42 2.0000000000002176 4.419999999999776 8.731257859033165e-54
23.4875 2.0000000000002567 4.42 2.0000000000002185 4.41999999999978 5.0463938581506594e-54
23.512500000000003 2.0000000000002567 4.42 2.0000000000002194 4.419999999999774 2.911193840192981e-54
23.5375 2.0000000000002567 4.42 2.00000000000022 4.419999999999769 1.6762805117658277e-54
23.5625 2.0000000000002567 4.42 2.0000000000002194 4.419999999999767 9.634018146557815e-55
23.587500000000002 2.0000000000002567 4.42 2.0000000000002176 4.419999999999771 5.526531804656312e-55
23.6125 2.0000000000002567 4.42 2.0000000000002176 4.419999999999766 3.1643262156309425e-55
23.637500000000003 2.0000000000002567 4.42 2.0000000000002185 4.419999999999761 1.808388546763507e-55
23.6625 2.0000000000002567 4.42 2.0000000000002194 4.41999999999976 1.0315312083855682e-55
23.6875 2.0000000000002567 4.42 2.0000000000002185 4.419999999999764 5.872877688638674e-56
23.712500000000002 2.0000000000002567 4.42 2.0000000000002176 4.419999999999769 3.337297755735641e-56
23.7375 2.0000000000002567 4.42 2.0000000000002176 4.419999999999769 1.8928292394916361e-56
23.762500000000003 2.0000000000002567 4.42 2.0000000000002185 4.419999999999762 1.071512028279174e-56
23.7875 2.0000000000002567 4.42 2.000000000000216 4.419999999999762 6.054078237262413e-57
23.8125 2.0000000000002567 4.42 2.000000000000216 4.41999999999976 3.4139735638802406e-57
23.837500000000002 2.0000000000002567 4.42 2.000000000000214 4.419999999999764 1.9214484457433794e-57
23.8625 2.0000000000002567 4.42 2.0000000000002145 4.419999999999762 1.0793159393872074e-57
23.887500000000003 2.0000000000002567 4.42 2.0000000000002176 4.419999999999757 6.0508167803307906e-58
23.9125 2.0000000000002567 4.42 2.00000000000022 4.419999999999751 3.385467858359967e-58
23.9375 2.0000000000002567 4.42 2.000000000000218 4.419999999999755 1.8904090561110707e-58
23.962500000000002 2.0000000000002567 4.42 2.0000000000002185 4.419999999999759 1.0534592986848978e-58
23.9875 2.0000000000002567 4.42 2.0000000000002185 4.419999999999762 5.858634313440563e-59
24.012500000000003 2.0000000000002567 4.42 2.000000000000217 4.419999999999765 3.2514921399971935e-59
24.0375 2.0000000000002567 4.42 2.0000000000002185 4.419999999999761 1.8008059997020144e-59
24.0625 2.0000000000002567 4.42 2.0000000000002207 4.4199999999997575 9.952641974695324e-60
24.087500000000002 2.0000000000002567 4.42 2.0000000000002207 4.419999999999764 5.488901393850776e-60
24.1125 2.0000000000002567 4.42 2.0000000000002207 4.419999999999767 3.020615002001045e-60
24.137500000000003 2.0000000000002567 4.42 2.0000000000002203 4.419999999999773 1.6586485007755038e-60
24.1625 2.0000000000002567 4.42 2.0000000000002207 4.419999999999779 9.087559001715546e-61
24.1875 2.0000000000002567 4.42 2.000000000000221 4.419999999999783 4.9677240512015786e-61
24.212500000000002 2.0000000000002567 4.42 2.000000000000221 4.419999999999783 2.709361057336359e-61
24.2375 2.0000000000002567 4.42 2.0000000000002207 4.419999999999783 1.4741973095134e-61
24.262500000000003 2.0000000000002567 4.42 2.0000000000002207 4.419999999999785 8.002059910504756e-62
24.2875 2.0000000000002567 4.42 2.000000000000222 4.419999999999788 4.332927052240639e-62
24.3125 2.0000000000002567 4.42 2.0000000000002234 4.419999999999794 2.340279915629186e-62
24.337500000000002 2.0000000000002567 4.42 2.000000000000222 4.419999999999799 1.2607579719891895e-62
24.3625 2.0000000000002567 4.42 2.000000000000224 4.419999999999794 6.77392789259667e-63
24.387500000000003 2.0000000000002567 4.42 2.0000000000002256 4.4199999999997885 3.629594656515174e-63
24.4125 2.0000000000002567 4.42 2.0000000000002247 4.4199999999997965 1.9392954479780804e-63
24.4375 2.0000000000002567 4.42 2.0000000000002256 4.419999999999804 1.0331249664820779e-63
24.462500000000002 2.0000000000002567 4.42 2.0000000000002265 4.419999999999813 5.486986203062681e-64
24.4875 2.0000000000002567 4.42 2.0000000000002265 4.4199999999998205 2.9048890006825248e-64
24.512500000000003 2.0000000000002567 4.42 2.000000000000228 4.419999999999819 1.5327618366326702e-64
24.5375 2.0000000000002567 4.42 2.0000000000002274 4.419999999999824 8.059255514508196e-65
24.5625 2.0000000000002567 4.42 2.0000000000002274 4.419999999999826 4.221871484767452e-65
24.587500000000002 2.0000000000002567 4.42 2.0000000000002265 4.419999999999826 2.202959539634381e-65
24.6125 2.0000000000002567 4.42 2.000000000000229 4.419999999999824 1.1446826487103051e-65
24.637500000000003 2.0000000000002567 4.42 2.000000000000229 4.41999999999983 5.921160370614773e-66
24.6625 2.0000000000002567 4.42 2.000000000000229 4.419999999999842 3.047989818703854e-66
24.6875 2.0000000000002567 4.42 2.000000000000231 4.419999999999842 1.5606895560755955e-66
24.712500000000002 2.0000000000002567 4.42 2.000000000000232 4.419999999999839 7.94490010190429e-67
24.7375 2.0000000000002567 4.42 2.000000000000232 4.4199999999998365 4.018386342776648e-67
24.762500000000003 2.0000000000002567 4.42 2.0000000000002327 4.4199999999998445 2.017728194839461e-67
24.7875 2.0000000000002567 4.42 2.000000000000232 4.4199999999998445 1.0048217049465878e-67
24.8125 2.0000000000002567 4.42 2.000000000000232 4.4199999999998525 4.956512554488603e-68
24.837500000000002 2.0000000000002567 4.42 2.0000000000002305 4.419999999999841 2.4176688109131657e-68
24.8625 2.0000000000002567 4.42 2.000000000000232 4.419999999999846 1.1635099356149476e-68
24.887500000000003 2.0000000000002567 4.42 2.000000000000233 4.419999999999834 5.507177192831984e-69
24.9125 2.0000000000002567 4.42 2.0000000000002323 4.419999999999862 2.5520336477556886e-69
24.9375 2.0000000000002567 4.42 2.000000000000223 4.419999999999849 1.1497184111213586e-69
24.962500000000002 2.0000000000002567 4.42 2.0000000000002434 4.419999999999878 4.977411156308599e-70
24.9875 2.0000000000002567 4.42 2.0000000000002403 4.419999999999759 2.0270559036300675e-70
