0.125 2.0 4.42 1.999999999999751 4.420000000000551 -8.023378137447364e-69
0.375 2.0 4.42 1.9999999999995866 4.420000000000915 -8.237583357394523e-66
0.625 2.0 4.42 2.000000000001322 4.41999999999706 -4.960217038783217e-63
0.875 2.0 4.42 2.0000000000078524 4.4199999999825605 -2.2389513277987053e-60
1.125 2.0 4.42 2.00000000000997 4.419999999977858 -8.083295968589929e-58
1.375 2.0 4.42 1.9999999999564078 4.42000000009676 -2.3927033740792414e-55
1.625 2.0 4.42 1.9999999997861277 4.420000000474762 -5.861267598663116e-53
1.875 2.0 4.42 1.9999999997563638 4.420000000540812 -1.1883943908134718e-50
2.125 2.0 4.42 2.000000001050239 4.419999997668834 -1.976589158084722e-48
2.375 2.0 4.42 2.0000000049288484 4.419999989057228 -2.632942317395744e-46
2.625 2.0 4.42 2.0000000062718604 4.419999986077439 -2.638888646042497e-44
2.875 2.0 4.42 1.9999999826913162 4.42000003846108 -1.5796414191572262e-42
3.125 2.0 4.42 1.9999999074890924 4.420000205039007 4.567817789604015e-41
3.375 2.0 4.42 1.9999998471885778 4.4200003403107715 2.7652750956800404e-38
3.625 2.0 4.42 2.000000133524336 4.419999708860482 4.404258009248603e-36
3.875 2.0 4.42 2.0000015022212394 4.419996797721327 4.802503147034089e-34
4.125 2.0 4.42 2.0000053833365596 4.419988187721005 4.0714940949284585e-32
4.375 2.0 4.42 2.0000158326130726 4.419964931728107 2.798298194819873e-30
4.625 2.0 4.42 2.000043005303544 4.419904567727937 1.5853487713817023e-28
4.875 2.0 4.42 2.0001079933287933 4.419760263934906 7.44089836681967e-27
5.125 2.0 4.42 2.0002494840162433 4.4194461420738955 2.8831502816409013e-25
5.375 2.0 4.42 2.000463752693106 4.418977891076214 9.092577194644609e-24
5.625 2.0 4.42 2.000612264204717 4.4186240373592485 2.252142269674823e-22
5.875 2.0 4.42 2.0006921515669127 4.418466909228329 3.954656992153136e-21
6.125 2.0 4.42 2.0007223109231416 4.418403778815671 2.789761923259548e-20
6.375 2.0 4.42 2.0007267240328264 4.418383782454585 -1.0909101867037715e-18
6.625 2.0 4.42 2.0007152824894914 4.418407604717012 -5.5213930824722155e-17
6.875 1.9999999999999978 4.42 2.0006558431369164 4.418540220163038 -1.5081395283077498e-15
7.125 1.9999999999999596 4.42 2.0005135659254196 4.418858815297307 -3.0406459207729985e-14
7.375 1.9999999999993505 4.42 2.0002901052001953 4.419351218641376 -4.87731075149774e-13
7.625 2.0009999999914783 4.42 2.0001268260821727 4.419740959384008 -6.400550420574792e-12
7.875 2.000999999907516 4.42 2.0000353244822313 4.419925469162008 -6.946621751012237e-11
8.125 2.0009999991688336 4.42 1.9999962263209765 4.419988826749554 -6.243021272063907e-10
8.375 2.0009999938610714 4.42 1.9999921307557331 4.420014195315578 -4.611047172371882e-09
8.625 2.000999963520973 4.42 2.000003661293225 4.4199952334105115 -2.7399979986059073e-08
8.875 2.0009998348336535 4.42 2.0000359756923336 4.419932034999851 -1.240590773561188e-07
9.125 2.0009995270274166 4.42 2.0000433114283735 4.41989573896833 -3.552572240524588e-07
9.375 2.0010001723043866 4.42 2.0000229551685504 4.419938205589494 1.2942058380315937e-07
9.625 2.000012261184625 4.42 1.9999349690756225 4.420151914431549 9.209599773068e-06
9.875 2.0000909167981953 4.42 1.9999529785358399 4.420308098521881 6.829060285179713e-05
10.125 2.0004456351265536 4.42 2.00030826799565 4.420297835754014 0.00033476072351890226
10.375 2.001682083101675 4.42 2.0017506828214735 4.419863893546446 0.0012639670514472895
10.625 2.005125985403279 4.42 2.005474774913201 4.419341325483588 0.003855097550723615
10.875 2.012845112568689 4.42 2.013321013172426 4.419201054645537 0.009678706501005496
11.125 2.026624222670183 4.42 2.026921980383906 4.41947073087327 0.02012788497491368
11.375 2.045550574731627 4.42 2.0452062558504025 4.420192910640461 0.03458962805843038
11.625 2.063623353645865 4.42 2.0627777109704057 4.420553775880917 0.0485132950314933
11.875 2.0704590708615256 4.42 2.069798988685993 4.420516958868659 0.053807929155783495
12.125 2.0568096161460683 4.42 2.0576357930158697 4.420057361697881 0.0432510018706274
12.375 2.0220905662906117 4.42 2.024431136752137 4.419713701509063 0.01668234441309194
12.625 1.9776640676065051 4.42 1.9784778582679183 4.419579354142065 -0.01668234441309194
12.875 1.9415338186707598 4.42 1.9383396087805926 4.419846871462447 -0.0432510018706274
13.125 1.9269696433315942 4.42 1.9234432924428888 4.420265651241532 -0.053807929155783495
13.375 1.9342896484967147 4.42 1.9354875461930787 4.420406234066856 -0.0485132950314933
13.625 1.953391890166205 4.42 1.9566196238597289 4.420474368069604 -0.03458962805843038
13.875 1.9730184644515016 4.42 1.973942197538015 4.420560125999165 -0.02012788497491368
14.125 1.9870723380192 4.42 1.9870164544178253 4.420817326349806 -0.009678706501005496
14.375 1.9948609210956874 4.42 1.9939018264439494 4.42112561940552 -0.003855097550723615
14.625 1.9983165094233482 4.42 1.997246727122856 4.421365366738891 -0.0012639670514472895
14.875 1.999554266146343 4.42 2.000000819639182 4.421472172198519 -0.00033476072351890226
15.125 1.9999090790932492 4.42 2.0007548882998987 4.421436608635377 -6.829060285179713e-05
15.375 1.999987738740653 4.42 2.0005421813372837 4.421408783193086 -9.209599773068e-06
15.625 1.9999998276955986 4.42 2.000155055011824 4.42131352180353 -1.2942058380315937e-07
15.875 2.0000004729724723 4.42 2.000038986123932 4.421126479989699 3.552572240524588e-07
16.125 2.000000165166333 4.42 2.000062101336892 4.420827950454591 1.240590773561188e-07
16.375 2.0000000364790265 4.42 2.00006899215847 4.42051300802699 2.7399979986059073e-08
16.625 2.000000006138928 4.42 2.0000582859059417 4.420330608869181 4.611047172371882e-09
16.875 2.0000000008311662 4.42 2.00004195481941 4.420235534351017 6.243021272063907e-10
17.125 2.0000000000924842 4.42 2.0000287343736796 4.420174050769904 6.946621751012237e-11
17.375 2.000000000008521 4.42 2.000017784378563 4.42011383516919 6.400550420574792e-12
17.625 2.0000000000006493 4.42 2.0000072777122995 4.420047335159621 4.87731075149774e-13
17.875 2.0000000000000404 4.42 2.0000017718438627 4.420010749615576 3.0406459207729985e-14
18.125 2.0000000000000018 4.42 2.0000007971087834 4.420005606142496 1.5081395283077498e-15
18.375 2.0 4.42 2.0000018607077057 4.420012253916008 5.5213930824722155e-17
18.625 2.0 4.42 2.0000060665999966 4.420040246450963 1.0909101867037715e-18
18.875 2.0 4.42 2.0000132403815956 4.420088332787351 -2.789761923259548e-20
19.125 2.0 4.42 2.000015425913931 4.420102475074323 -3.954656992153136e-21
19.375 2.0 4.42 2.0000146613050878 4.420097342941967 -2.252142269674823e-22
19.625 2.0 4.42 2.0000107656670916 4.420071631174312 -9.092577194644609e-24
19.875 2.0 4.42 2.0000027598535493 4.420018093456324 -2.8831502816409013e-25
20.125 2.0 4.42 1.999998247882986 4.419987919164816 -7.44089836681967e-27
20.375 2.0 4.42 1.9999979149300564 4.419986597923339 -1.5853487713817023e-28
20.625 2.0 4.42 1.9999993963840206 4.419996062671703 -2.798298194819873e-30
20.875 2.0 4.42 2.000003266155339 4.420021999348297 -4.0714940949284585e-32
21.125 2.0 4.42 2.000006074270382 4.420041478188585 -4.802503147034089e-34
21.375 2.0 4.42 2.0000065116296755 4.4200428876654865 -4.404258009248603e-36
21.625 2.0 4.42 2.0000057883911677 4.420038379664096 -2.7652750956800404e-38
21.875 2.0 4.42 2.000003695397416 4.420024445712928 -4.567817789604015e-41
22.125 2.0 4.42 2.0000010934067918 4.420006630907106 1.5796414191572262e-42
22.375 2.0 4.42 1.9999999653764866 4.419999056283965 2.638888646042497e-44
22.625 2.0 4.42 1.9999996426219435 4.419997795232293 2.632942317395744e-46
22.875 2.0 4.42 1.9999997770798068 4.419998577808043 1.976589158084722e-48
23.125 2.0 4.42 2.000000073921699 4.42000065162995 1.1883943908134718e-50
23.375 2.0 4.42 2.000000287077626 4.420001929584613 5.861267598663116e-53
23.625 2.0 4.42 2.0000003056717945 4.420002006085012 2.3927033740792414e-55
23.875 2.0 4.42 2.000000201951286 4.420001337144817 8.083295968589929e-58
24.125 2.0 4.42 2.0000000636473425 4.420000408086275 2.2389513277987053e-60
24.375 2.0 4.42 1.9999999739116472 4.419999823079843 4.960217038783217e-63
24.625 2.0 4.42 1.9999999476902224 4.419999652766964 8.237583357394523e-66
24.875 2.0 4.42 1.9999999618643693 4.419999746787126 8.023378137447364e-69
