0.125 2.0 4.42 2.0 4.42 -8.023378137447364e-69
0.375 2.0 4.42 2.0 4.42 -8.237583357394523e-66
0.625 2.0 4.42 2.0 4.42 -4.960217038783217e-63
0.875 2.0 4.42 2.0 4.42 -2.2389513277987053e-60
1.125 2.0 4.42 2.0 4.42 -8.083295968589929e-58
1.375 2.0 4.42 2.0 4.42 -2.3927033740792414e-55
1.625 2.0 4.42 2.0 4.42 -5.861267598663116e-53
1.875 2.0 4.42 2.0 4.42 -1.1883943908134718e-50
2.125 2.0 4.42 2.0 4.42 -1.976589158084722e-48
2.375 2.0 4.42 2.0 4.42 -2.632942317395744e-46
2.625 2.0 4.42 2.0 4.42 -2.638888646042497e-44
2.875 2.0 4.42 2.0 4.42 -1.5796414191572262e-42
3.125 2.0 4.42 2.0 4.42 4.567817789604015e-41
3.375 2.0 4.42 2.0 4.42 2.7652750956800404e-38
3.625 2.0 4.42 2.0 4.42 4.404258009248603e-36
3.875 2.0 4.42 2.0 4.42 4.802503147034089e-34
4.125 2.0 4.42 2.0 4.42 4.0714940949284585e-32
4.375 2.0 4.42 2.0 4.42 2.798298194819873e-30
4.625 2.0 4.42 2.0 4.42 1.5853487713817023e-28
4.875 2.0 4.42 2.0 4.42 7.44089836681967e-27
5.125 2.0 4.42 2.0 4.42 2.8831502816409013e-25
5.375 2.0 4.42 2.0 4.42 9.092577194644609e-24
5.625 2.0 4.42 2.0 4.42 2.252142269674823e-22
5.875 2.0 4.42 2.0 4.42 3.954656992153136e-21
6.125 2.0 4.42 2.0 4.42 2.789761923259548e-20
6.375 2.0 4.42 2.0 4.42 -1.0909101867037715e-18
6.625 2.0 4.42 2.0 4.42 -5.5213930824722155e-17
6.875 1.9999999999999978 4.42 1.9999999999999976 4.42 -1.5081395283077498e-15
7.125 1.9999999999999596 4.42 1.9999999999999596 4.42 -3.0406459207729985e-14
7.375 1.9999999999993505 4.42 1.99999999999935 4.42 -4.87731075149774e-13
7.625 1.9999999999914784 4.42 1.9999999999914784 4.42 -6.400550420574792e-12
7.875 1.9999999999075162 4.42 1.9999999999075162 4.42 -6.946621751012237e-11
8.125 1.9999999991688335 4.42 1.999999999168833 4.42 -6.243021272063907e-10
8.375 1.9999999938610715 4.42 1.9999999938610715 4.42 -4.611047172371882e-09
8.625 1.999999963520973 4.42 1.999999963520973 4.42 -2.7399979986059073e-08
8.875 1.9999998348336534 4.42 1.999999834833653 4.42 -1.240590773561188e-07
9.125 1.9999995270274165 4.42 1.9999995270274165 4.42 -3.552572240524588e-07
9.375 2.0000001723043868 4.42 2.0000001723043868 4.42 1.2942058380315937e-07
9.625 2.000012261184625 4.42 2.000012261184625 4.42 9.209599773068e-06
9.875 2.0000909167981953 4.42 2.0000909167981953 4.42 6.829060285179713e-05
10.125 2.0004456351265536 4.42 2.0004456351265536 4.42 0.00033476072351890226
10.375 2.001682083101675 4.42 2.001682083101675 4.42 0.0012639670514472895
10.625 2.005125985403279 4.42 2.0051259854032786 4.42 0.003855097550723615
10.875 2.012845112568689 4.42 2.012845112568689 4.42 0.009678706501005496
11.125 2.026624222670183 4.42 2.0266242226701827 4.42 0.02012788497491368
11.375 2.045550574731627 4.42 2.045550574731627 4.42 0.03458962805843038
11.625 2.063623353645865 4.42 2.063623353645865 4.42 0.0485132950314933
11.875 2.0704590708615256 4.42 2.070459070861525 4.42 0.053807929155783495
12.125 2.0568096161460683 4.42 2.056809616146068 4.42 0.0432510018706274
12.375 2.0220905662906117 4.42 2.0220905662906112 4.42 0.01668234441309194
12.625 1.9776640676065051 4.42 1.9776640676065051 4.42 -0.01668234441309194
12.875 1.9415338186707598 4.42 1.9415338186707598 4.42 -0.0432510018706274
13.125 1.9269696433315942 4.42 1.926969643331594 4.42 -0.053807929155783495
13.375 1.9342896484967147 4.42 1.9342896484967147 4.42 -0.0485132950314933
13.625 1.953391890166205 4.42 1.9533918901662048 4.42 -0.03458962805843038
13.875 1.9730184644515016 4.42 1.9730184644515016 4.42 -0.02012788497491368
14.125 1.9870723380192 4.42 1.9870723380191997 4.42 -0.009678706501005496
14.375 1.9948609210956874 4.42 1.9948609210956874 4.42 -0.003855097550723615
14.625 1.9983165094233482 4.42 1.9983165094233482 4.42 -0.0012639670514472895
14.875 1.999554266146343 4.42 1.9995542661463428 4.42 -0.00033476072351890226
15.125 1.9999090790932492 4.42 1.9999090790932488 4.42 -6.829060285179713e-05
15.375 1.999987738740653 4.42 1.999987738740653 4.42 -9.209599773068e-06
15.625 1.9999998276955986 4.42 1.9999998276955986 4.42 -1.2942058380315937e-07
15.875 2.0000004729724723 4.42 2.000000472972472 4.42 3.552572240524588e-07
16.125 2.000000165166333 4.42 2.000000165166333 4.42 1.240590773561188e-07
16.375 2.0000000364790265 4.42 2.0000000364790265 4.42 2.7399979986059073e-08
16.625 2.000000006138928 4.42 2.000000006138928 4.42 4.611047172371882e-09
16.875 2.0000000008311662 4.42 2.0000000008311662 4.42 6.243021272063907e-10
17.125 2.0000000000924842 4.42 2.0000000000924842 4.42 6.946621751012237e-11
17.375 2.000000000008521 4.42 2.000000000008521 4.42 6.400550420574792e-12
17.625 2.0000000000006493 4.42 2.0000000000006493 4.42 4.87731075149774e-13
17.875 2.0000000000000404 4.42 2.00000000000004 4.42 3.0406459207729985e-14
18.125 2.0000000000000018 4.42 2.0000000000000018 4.42 1.5081395283077498e-15
18.375 2.0 4.42 2.0 4.42 5.5213930824722155e-17
18.625 2.0 4.42 2.0 4.42 1.0909101867037715e-18
18.875 2.0 4.42 2.0 4.42 -2.789761923259548e-20
19.125 2.0 4.42 2.0 4.42 -3.954656992153136e-21
19.375 2.0 4.42 2.0 4.42 -2.252142269674823e-22
19.625 2.0 4.42 2.0 4.42 -9.092577194644609e-24
19.875 2.0 4.42 2.0 4.42 -2.8831502816409013e-25
20.125 2.0 4.42 2.0 4.42 -7.44089836681967e-27
20.375 2.0 4.42 2.0 4.42 -1.5853487713817023e-28
20.625 2.0 4.42 2.0 4.42 -2.798298194819873e-30
20.875 2.0 4.42 2.0 4.42 -4.0714940949284585e-32
21.125 2.0 4.42 2.0 4.42 -4.802503147034089e-34
21.375 2.0 4.42 2.0 4.42 -4.404258009248603e-36
21.625 2.0 4.42 2.0 4.42 -2.7652750956800404e-38
21.875 2.0 4.42 2.0 4.42 -4.567817789604015e-41
22.125 2.0 4.42 2.0 4.42 1.5796414191572262e-42
22.375 2.0 4.42 2.0 4.42 2.638888646042497e-44
22.625 2.0 4.42 2.0 4.42 2.632942317395744e-46
22.875 2.0 4.42 2.0 4.42 1.976589158084722e-48
23.125 2.0 4.42 2.0 4.42 1.1883943908134718e-50
23.375 2.0 4.42 2.0 4.42 5.861267598663116e-53
23.625 2.0 4.42 2.0 4.42 2.3927033740792414e-55
23.875 2.0 4.42 2.0 4.42 8.083295968589929e-58
24.125 2.0 4.42 2.0 4.42 2.2389513277987053e-60
24.375 2.0 4.42 2.0 4.42 4.960217038783217e-63
24.625 2.0 4.42 2.0 4.42 8.237583357394523e-66
24.875 2.0 4.42 2.0 4.42 8.023378137447364e-69

