0.125 2.0 4.42 1.9999999999997518 4.420000000000548 -8.023378137447364e-69
0.375 2.0 4.42 1.999999999999587 4.420000000000913 -8.237583357394523e-66
0.625 2.0 4.42 2.0000000000013234 4.41999999999706 -4.960217038783217e-63
0.875 2.0 4.42 2.000000000007854 4.4199999999825605 -2.2389513277987053e-60
1.125 2.0 4.42 2.0000000000099716 4.419999999977859 -8.083295968589929e-58
1.375 2.0 4.42 1.9999999999564086 4.4200000000967625 -2.3927033740792414e-55
1.625 2.0 4.42 1.9999999997861284 4.420000000474764 -5.861267598663116e-53
1.875 2.0 4.42 1.9999999997563647 4.420000000540811 -1.1883943908134718e-50
2.125 2.0 4.42 2.0000000010502412 4.419999997668828 -1.976589158084722e-48
2.375 2.0 4.42 2.000000004928849 4.419999989057227 -2.632942317395744e-46
2.625 2.0 4.42 2.000000006271849 4.41999998607747 -2.638888646042497e-44
2.875 2.0 4.42 1.9999999826912676 4.420000038461192 -1.5796414191572262e-42
3.125 2.0 4.42 1.999999907489027 4.420000205039149 4.567817789604015e-41
3.375 2.0 4.42 1.9999998471886542 4.420000340310571 2.7652750956800404e-38
3.625 2.0 4.42 2.0000001335249555 4.419999708859171 4.404258009248603e-36
3.875 2.0 4.42 2.0000015022232027 4.419996797717565 4.802503147034089e-34
4.125 2.0 4.42 2.0000053833423457 4.419988187707018 4.0714940949284585e-32
4.375 2.0 4.42 2.000015832640584 4.4199649316674146 2.798298194819873e-30
4.625 2.0 4.42 2.0000430054632456 4.419904567373263 1.5853487713817023e-28
4.875 2.0 4.42 2.0001079942677746 4.41976026185058 7.44089836681967e-27
5.125 2.0 4.42 2.0002494898918677 4.419446129103677 2.8831502816409013e-25
5.375 2.0 4.42 2.0004637646167085 4.418977877420798 9.092577194644609e-24
5.625 2.0 4.42 2.0006122589786166 4.418624004746819 2.252142269674823e-22
5.875 2.0 4.42 2.000692138900103 4.418467017040085 3.954656992153136e-21
6.125 2.0 4.42 2.000722251492392 4.418403844529232 2.789761923259548e-20
6.375 2.0 4.42 2.000726665073053 4.418383901542189 -1.0909101867037715e-18
6.625 2.0 4.42 2.0007153166002265 4.418407557376733 -5.5213930824722155e-17
6.875 1.9999999999999978 4.42 2.0006567879553385 4.418538144028007 -1.5081395283077498e-15
7.125 1.9999999999999596 4.42 2.000520529126846 4.418843432678824 -3.0406459207729985e-14
7.375 1.9999999999993505 4.42 2.0003125729461306 4.419309185692463 -4.87731075149774e-13
7.625 2.0009999999914783 4.42 2.000147009426309 4.419679384019777 -6.400550420574792e-12
7.875 2.000999999907516 4.42 2.000040699186283 4.419916239744475 -6.946621751012237e-11
8.125 2.0009999991688336 4.42 1.9999739442184519 4.42004173685336 -6.243021272063907e-10
8.375 2.0009999938610714 4.42 1.9999440427179032 4.420123720115848 -4.611047172371882e-09
8.625 2.000999963520973 4.42 1.999935722017724 4.42015108301589 -2.7399979986059073e-08
8.875 2.0009998348336535 4.42 1.9999496320724437 4.420117278115903 -1.240590773561188e-07
9.125 2.0009995270274166 4.42 2.0000384430532487 4.419914785023003 -3.552572240524588e-07
9.375 2.0010001723043866 4.42 2.0001265988327224 4.41969532995315 1.2942058380315937e-07
9.625 2.000012261184625 4.42 2.000162745399598 4.419660833875425 9.209599773068e-06
9.875 2.0000909167981953 4.42 2.0001421811139934 4.419858920560826 6.829060285179713e-05
10.125 2.0004456351265536 4.42 2.0001779218435245 4.420542520792514 0.00033476072351890226
10.375 2.001682083101675 4.42 2.001230953141656 4.420883168044974 0.0012639670514472895
10.625 2.005125985403279 4.42 2.004709240683372 4.420918357502369 0.003855097550723615
10.875 2.012845112568689 4.42 2.0129385603867513 4.4201887187914 0.009678706501005496
11.125 2.026624222670183 4.42 2.0274474901009767 4.419136114187456 0.02012788497491368
11.375 2.045550574731627 4.42 2.046522525430915 4.418722100843777 0.03458962805843038
11.625 2.063623353645865 4.42 2.0638879816211495 4.418716624164023 0.0485132950314933
11.875 2.0704590708615256 4.42 2.0691980347552055 4.419470073721488 0.053807929155783495
12.125 2.0568096161460683 4.42 2.0549980483349652 4.420161709252991 0.0432510018706274
12.375 2.0220905662906117 4.42 2.0223301701321184 4.420278945183962 0.01668234441309194
12.625 1.9776640676065051 4.42 1.9808567678166018 4.420213526386796 -0.01668234441309194
12.875 1.9415338186707598 4.42 1.944634855592065 4.419864846648398 -0.0432510018706274
13.125 1.9269696433315942 4.42 1.9265193462917294 4.419653904158435 -0.053807929155783495
13.375 1.9342896484967147 4.42 1.931249575660188 4.419697403323619 -0.0485132950314933
13.625 1.953391890166205 4.42 1.9510179593124197 4.420061977060858 -0.03458962805843038
13.875 1.9730184644515016 4.42 1.972799189245633 4.4203631266429735 -0.02012788497491368
14.125 1.9870723380192 4.42 1.9884075630904863 4.420648309798887 -0.009678706501005496
14.375 1.9948609210956874 4.42 1.9964291819308344 4.420934106708633 -0.003855097550723615
14.625 1.9983165094233482 4.42 1.9989989321610278 4.421127368447161 -0.0012639670514472895
14.875 1.999554266146343 4.42 1.9994104843393687 4.4212061988539935 -0.00033476072351890226
15.125 1.9999090790932492 4.42 1.9996396583191347 4.421198494862666 -6.829060285179713e-05
15.375 1.999987738740653 4.42 1.9999517878311566 4.421183671137523 -9.209599773068e-06
15.625 1.9999998276955986 4.42 2.000153146118468 4.421108306382996 -1.2942058380315937e-07
15.875 2.0000004729724723 4.42 2.0001895068570565 4.420954221136418 3.552572240524588e-07
16.125 2.000000165166333 4.42 2.0001375418575384 4.420683825076128 1.240590773561188e-07
16.375 2.0000000364790265 4.42 2.0000584947383677 4.420289785418083 2.7399979986059073e-08
16.625 2.000000006138928 4.42 2.00000302727062 4.419990942981014 4.611047172371882e-09
16.875 2.0000000008311662 4.42 1.9999819601916062 4.419874356421227 6.243021272063907e-10
17.125 2.0000000000924842 4.42 1.9999781588800283 4.419854452189082 6.946621751012237e-11
17.375 2.000000000008521 4.42 1.999979669992468 4.419865319918249 6.400550420574792e-12
17.625 2.0000000000006493 4.42 1.9999846084969248 4.41989861161588 4.87731075149774e-13
17.875 2.0000000000000404 4.42 1.9999859871045058 4.41990684086249 3.0406459207729985e-14
18.125 2.0000000000000018 4.42 1.999984140517332 4.4198946824728775 1.5081395283077498e-15
18.375 2.0 4.42 1.9999761840183763 4.419841959899294 5.5213930824722155e-17
18.625 2.0 4.42 1.9999623387876242 4.419749916285232 1.0909101867037715e-18
18.875 2.0 4.42 1.9999584691001586 4.419724190865782 -2.789761923259548e-20
19.125 2.0 4.42 1.999960233266806 4.419735932375248 -3.954656992153136e-21
19.375 2.0 4.42 1.9999690900973244 4.419794591478305 -2.252142269674823e-22
19.625 2.0 4.42 1.9999896453291863 4.419931252266209 -9.092577194644609e-24
19.875 2.0 4.42 2.000009318687211 4.420062143404355 -2.8831502816409013e-25
20.125 2.0 4.42 2.000013877819865 4.420092174647513 -7.44089836681967e-27
20.375 2.0 4.42 2.000012832999783 4.420085039763937 -1.5853487713817023e-28
20.625 2.0 4.42 2.000007195526784 4.420047780438852 -2.798298194819873e-30
20.875 2.0 4.42 1.999996433769863 4.419976085906457 -4.0714940949284585e-32
21.125 2.0 4.42 1.9999907453155767 4.419937772625575 -4.802503147034089e-34
21.375 2.0 4.42 1.9999901571561958 4.419934905706621 -4.404258009248603e-36
21.625 2.0 4.42 1.999991408967626 4.419942948609831 -2.7652750956800404e-38
21.875 2.0 4.42 1.9999951396695796 4.4199677770678 -4.567817789604015e-41
22.125 2.0 4.42 1.9999998138220039 4.4199990360894805 1.5796414191572262e-42
22.375 2.0 4.42 2.0000016348513423 4.4200118503662305 2.638888646042497e-44
22.625 2.0 4.42 2.0000021022591326 4.420013596729422 2.632942317395744e-46
22.875 2.0 4.42 2.0000018456406377 4.420012020295113 1.976589158084722e-48
23.125 2.0 4.42 2.0000010750230217 4.42000694076399 1.1883943908134718e-50
23.375 2.0 4.42 2.000000239780494 4.420001073307075 5.861267598663116e-53
23.625 2.0 4.42 1.9999998145544262 4.419998614537877 2.3927033740792414e-55
23.875 2.0 4.42 1.9999997062386488 4.419998064310495 8.083295968589929e-58
24.125 2.0 4.42 1.9999997537980456 4.419998369155081 2.2389513277987053e-60
24.375 2.0 4.42 1.999999863670502 4.419999100888836 4.960217038783217e-63
24.625 2.0 4.42 1.9999999581254844 4.419999724669642 8.237583357394523e-66
24.875 2.0 4.42 2.000000012353867 4.420000083248915 8.023378137447364e-69
