0.125 2.0000000000000004 4.42 1.9999999999997504 4.4200000000005515 -8.023378137447364e-69
0.375 2.0000000000000004 4.42 1.9999999999995872 4.420000000000915 -8.237583357394523e-66
0.625 2.0000000000000004 4.42 2.0000000000013234 4.419999999997058 -4.960217038783217e-63
0.875 2.0000000000000004 4.42 2.000000000007854 4.41999999998256 -2.2389513277987053e-60
1.125 2.0000000000000004 4.42 2.0000000000099707 4.419999999977859 -8.083295968589929e-58
1.375 2.0000000000000004 4.42 1.9999999999564082 4.420000000096762 -2.3927033740792414e-55
1.625 2.0000000000000004 4.42 1.9999999997861266 4.420000000474763 -5.861267598663116e-53
1.875 2.0000000000000004 4.42 1.9999999997563633 4.420000000540814 -1.1883943908134718e-50
2.125 2.0000000000000004 4.42 2.00000000105024 4.419999997668832 -1.976589158084722e-48
2.375 2.0000000000000004 4.42 2.0000000049288564 4.419999989057211 -2.632942317395744e-46
2.625 2.0000000000000004 4.42 2.0000000062718635 4.4199999860774355 -2.638888646042497e-44
2.875 2.0000000000000004 4.42 1.9999999826912338 4.420000038461268 -1.5796414191572262e-42
3.125 2.0000000000000004 4.42 1.9999999074888213 4.42000020503959 4.567817789604015e-41
3.375 2.0000000000000004 4.42 1.999999847188538 4.420000340310741 2.7652750956800404e-38
3.625 2.0000000000000004 4.42 2.0000001335274735 4.419999708854025 4.404258009248603e-36
3.875 2.0000000000000004 4.42 2.0000015022377378 4.419996797688289 4.802503147034089e-34
4.125 2.0000000000000004 4.42 2.000005383405521 4.419988187562323 4.0714940949284585e-32
4.375 2.0000000000000004 4.42 2.000015832941546 4.419964930999372 2.798298194819873e-30
4.625 2.0000000000000004 4.42 2.0000430067819206 4.419904564444309 1.5853487713817023e-28
4.875 2.0000000000000004 4.42 2.000107999564033 4.4197602500912705 7.44089836681967e-27
5.125 2.0000000000000004 4.42 2.000249511640523 4.419446080951945 2.8831502816409013e-25
5.375 2.0000000000000004 4.42 2.000463798366619 4.418977832280128 9.092577194644609e-24
5.625 2.0000000000000004 4.42 2.0006122490898273 4.418623922082315 2.252142269674823e-22
5.875 2.0000000000000004 4.42 2.000692092290624 4.418467316886667 3.954656992153136e-21
6.125 2.0000000000000004 4.42 2.000722000564536 4.418404232462139 2.789761923259548e-20
6.375 2.0000000000000004 4.42 2.000726408619558 4.418384498876115 -1.0909101867037715e-18
6.625 2.0000000000000004 4.42 2.0007142599122476 4.418409930899495 -5.5213930824722155e-17
6.875 2.0 4.42 2.0006525779276094 4.418547540459446 -1.5081395283077498e-15
7.125 1.9999999999999862 4.42 2.000504783460873 4.418878321043229 -3.0406459207729985e-14
7.375 1.9999999999997338 4.42 2.000284244798849 4.419364224521699 -4.87731075149774e-13
7.625 2.000999999996034 4.42 2.0001328347248277 4.419727919747186 -6.400550420574792e-12
7.875 2.000999999951721 4.42 2.0000490049914457 4.419889177507516 -6.946621751012237e-11
8.125 2.0009999995155376 4.42 2.0000128324094897 4.419955649773469 -6.243021272063907e-10
8.375 2.0009999960048046 4.42 2.0000026090742757 4.419992258725205 -4.611047172371882e-09
8.625 2.000999973302202 4.42 2.000000452699388 4.42000673259643 -2.7399979986059073e-08
8.875 2.00099986052865 4.42 2.000000237698294 4.4200056202229465 -1.240590773561188e-07
9.125 2.0009994863239378 4.42 1.9999985390011523 4.420000555445252 -3.552572240524588e-07
9.375 2.000999250613691 4.42 1.9999967246141448 4.419998097816291 1.2942058380315937e-07
9.625 2.0000062382733836 4.42 2.000003137261472 4.42000053116147 9.209599773068e-06
9.875 2.000064926487687 4.42 2.0000618815208786 4.420005465709933 6.829060285179713e-05
10.125 2.0003636466769534 4.42 2.000361218227245 4.420010286908786 0.00033476072351890226
10.375 2.0014925324808535 4.42 2.00149104771727 4.420009072955263 0.0012639670514472895
10.625 2.004828694576584 4.42 2.004828468601406 4.420003539523323 0.003855097550723615
10.875 2.012635216693162 4.42 2.0126370919216456 4.419995582214453 0.009678706501005496
11.125 2.026969591403753 4.42 2.026974001065612 4.419987449973623 0.02012788497491368
11.375 2.0469021086624317 4.42 2.0469082598447494 4.419983456003332 0.03458962805843038
11.625 2.065676969968593 4.42 2.0656839031449428 4.419982646633665 0.0485132950314933
11.875 2.071604695853285 4.42 2.0716108268318276 4.419984726444998 0.053807929155783495
12.125 2.0550372783799036 4.42 2.055041794168437 4.419989943553848 0.0432510018706274
12.375 2.0175825810552674 4.42 2.017585019457027 4.419999279965181 0.01668234441309194
12.625 1.9739449850439268 4.42 1.973946099599872 4.42001299455361 -0.01668234441309194
12.875 1.942046545584623 4.42 1.9420484790228572 4.420035634084033 -0.0432510018706274
13.125 1.9312088982856035 4.42 1.931215821131655 4.42007634575093 -0.053807929155783495
13.375 1.93891989762746 4.42 1.9389382728454627 4.420151486446558 -0.0485132950314933
13.625 1.9556711370810325 4.42 1.9557106254024685 4.420284505640743 -0.03458962805843038
13.875 1.972551186073795 4.42 1.9726253126909237 4.420506605660012 -0.02012788497491368
14.125 1.985376486858249 4.42 1.9855026610737436 4.420845615604812 -0.009678706501005496
14.375 1.9936165731167963 4.42 1.993794481589171 4.4211849508974534 -0.003855097550723615
14.625 1.9980816549929759 4.42 1.9982867993982845 4.42136400638994 -0.0012639670514472895
14.875 1.9999627095610764 4.42 2.000177159853817 4.421424543458195 -0.00033476072351890226
15.125 2.0004608655922254 4.42 2.0006758421694286 4.4214273858810245 -6.829060285179713e-05
15.375 2.000446266333393 4.42 2.0006579751358333 4.421405678611377 -9.209599773068e-06
15.625 2.000347502904539 4.42 2.000548253913121 4.421332970245631 -1.2942058380315937e-07
15.875 2.0002870146454126 4.42 2.0004644706153925 4.421178323416618 3.552572240524588e-07
16.125 2.0002640057993055 4.42 2.0004013359724824 4.420911890336663 1.240590773561188e-07
16.375 2.0002578377165343 4.42 2.000343112702767 4.420566207760153 2.7399979986059073e-08
16.625 2.0002567034932976 4.42 2.000303434133062 4.42031024086268 4.611047172371882e-09
16.875 2.0002565982397162 4.42 2.0002811522992685 4.420162940710926 6.243021272063907e-10
17.125 2.00025661225873 4.42 2.000269006663597 4.420082113289597 6.946621751012237e-11
17.375 2.000256620826973 4.42 2.000262653210815 4.4200397211388 6.400550420574792e-12
17.625 2.0002566229733434 4.42 2.000259463091219 4.420018327367404 4.87731075149774e-13
17.875 2.000256623349129 4.42 2.0002578996044376 4.420007912737146 3.0406459207729985e-14
18.125 2.000256623400001 4.42 2.0002571368673427 4.420003095830927 1.5081395283077498e-15
18.375 2.000256623405518 4.42 2.0002567883946556 4.420001017600411 5.5213930824722155e-17
18.625 2.0002566234060026 4.42 2.0002566497233003 4.420000167087834 1.0909101867037715e-18
18.875 2.0002566234060386 4.42 2.0002566069159067 4.419999890380004 -2.789761923259548e-20
19.125 2.000256623406041 4.42 2.000256605616963 4.4199998818887 -3.954656992153136e-21
19.375 2.000256623406041 4.42 2.0002566153229537 4.419999946334205 -2.252142269674823e-22
19.625 2.000256623406041 4.42 2.0002566223236022 4.419999992814354 -9.092577194644609e-24
19.875 2.000256623406041 4.42 2.000256624603226 4.420000007949202 -2.8831502816409013e-25
20.125 2.000256623406041 4.42 2.0002566244072364 4.420000006647853 -7.44089836681967e-27
20.375 2.000256623406041 4.42 2.0002566237536303 4.420000002307969 -1.5853487713817023e-28
20.625 2.000256623406041 4.42 2.000256623396589 4.419999999937243 -2.798298194819873e-30
20.875 2.000256623406041 4.42 2.0002566233269485 4.419999999474837 -4.0714940949284585e-32
21.125 2.000256623406041 4.42 2.000256623362983 4.419999999714103 -4.802503147034089e-34
21.375 2.000256623406041 4.42 2.000256623398081 4.41999999994716 -4.404258009248603e-36
21.625 2.000256623406041 4.42 2.000256623410219 4.4200000000277475 -2.7652750956800404e-38
21.875 2.000256623406041 4.42 2.0002566234097947 4.420000000024931 -4.567817789604015e-41
22.125 2.000256623406041 4.42 2.0002566234071972 4.4200000000076844 1.5796414191572262e-42
22.375 2.000256623406041 4.42 2.0002566234059302 4.41999999999927 2.638888646042497e-44
22.625 2.000256623406041 4.42 2.000256623405772 4.419999999998222 2.632942317395744e-46
22.875 2.000256623406041 4.42 2.0002566234059267 4.419999999999245 1.976589158084722e-48
23.125 2.000256623406041 4.42 2.00025662340603 4.419999999999935 1.1883943908134718e-50
23.375 2.000256623406041 4.42 2.000256623406053 4.420000000000083 5.861267598663116e-53
23.625 2.000256623406041 4.42 2.000256623406047 4.420000000000037 2.3927033740792414e-55
23.875 2.000256623406041 4.42 2.0002566234060404 4.419999999999995 8.083295968589929e-58
24.125 2.000256623406041 4.42 2.000256623406039 4.419999999999985 2.2389513277987053e-60
24.375 2.000256623406041 4.42 2.00025662340604 4.419999999999991 4.960217038783217e-63
24.625 2.000256623406041 4.42 2.000256623406041 4.419999999999997 8.237583357394523e-66
24.875 2.000256623406041 4.42 2.000256623406041 4.42 8.023378137447364e-69
