0.125 2.0000000000000004 4.42 2.0 4.42 -8.023378137447364e-69
0.375 2.0000000000000004 4.42 2.0 4.42 -8.237583357394523e-66
0.625 2.0000000000000004 4.42 2.0 4.42 -4.960217038783217e-63
0.875 2.0000000000000004 4.42 2.0 4.42 -2.2389513277987053e-60
1.125 2.0000000000000004 4.42 2.0 4.42 -8.083295968589929e-58
1.375 2.0000000000000004 4.42 2.0 4.42 -2.3927033740792414e-55
1.625 2.0000000000000004 4.42 2.0 4.42 -5.861267598663116e-53
1.875 2.0000000000000004 4.42 2.0 4.42 -1.1883943908134718e-50
2.125 2.0000000000000004 4.42 2.0 4.42 -1.976589158084722e-48
2.375 2.0000000000000004 4.42 2.0 4.42 -2.632942317395744e-46
2.625 2.0000000000000004 4.42 2.0 4.42 -2.638888646042497e-44
2.875 2.0000000000000004 4.42 2.0 4.42 -1.5796414191572262e-42
3.125 2.0000000000000004 4.42 2.0 4.42 4.567817789604015e-41
3.375 2.0000000000000004 4.42 2.0 4.42 2.7652750956800404e-38
3.625 2.0000000000000004 4.42 2.0 4.42 4.404258009248603e-36
3.875 2.0000000000000004 4.42 2.0 4.42 4.802503147034089e-34
4.125 2.0000000000000004 4.42 2.0 4.42 4.0714940949284585e-32
4.375 2.0000000000000004 4.42 2.0 4.42 2.798298194819873e-30
4.625 2.0000000000000004 4.42 2.0 4.42 1.5853487713817023e-28
4.875 2.0000000000000004 4.42 2.0 4.42 7.44089836681967e-27
5.125 2.0000000000000004 4.42 2.0 4.42 2.8831502816409013e-25
5.375 2.0000000000000004 4.42 2.0 4.42 9.092577194644609e-24
5.625 2.0000000000000004 4.42 2.0 4.42 2.252142269674823e-22
5.875 2.0000000000000004 4.42 2.0 4.42 3.954656992153136e-21
6.125 2.0000000000000004 4.42 2.0 4.42 2.789761923259548e-20
6.375 2.0000000000000004 4.42 2.0 4.42 -1.0909101867037715e-18
6.625 2.0000000000000004 4.42 2.0 4.42 -5.5213930824722155e-17
6.875 2.0 4.42 2.0 4.419999999999998 -1.5081395283077498e-15
7.125 1.9999999999999862 4.42 1.9999999999999862 4.419999999999998 -3.0406459207729985e-14
7.375 1.9999999999997338 4.42 1.9999999999997338 4.42 -4.87731075149774e-13
7.625 1.999999999996034 4.42 1.999999999996034 4.42 -6.400550420574792e-12
7.875 1.999999999951721 4.42 1.9999999999517208 4.419999999999999 -6.946621751012237e-11
8.125 1.9999999995155375 4.42 1.999999999515537 4.419999999999996 -6.243021272063907e-10
8.375 1.9999999960048047 4.42 1.9999999960048034 4.419999999999998 -4.611047172371882e-09
8.625 1.999999973302202 4.42 1.9999999733022016 4.42 -2.7399979986059073e-08
8.875 1.99999986052865 4.42 1.999999860528649 4.419999999999996 -1.240590773561188e-07
9.125 1.9999994863239379 4.42 1.9999994863239365 4.419999999999998 -3.552572240524588e-07
9.375 1.9999992506136908 4.42 1.9999992506136899 4.419999999999999 1.2942058380315937e-07
9.625 2.0000062382733836 4.42 2.000006238273383 4.419999999999996 9.209599773068e-06
9.875 2.000064926487687 4.42 2.0000649264876875 4.41999999999999 6.829060285179713e-05
10.125 2.0003636466769534 4.42 2.0003636466769534 4.419999999999986 0.00033476072351890226
10.375 2.0014925324808535 4.42 2.001492532480852 4.419999999999985 0.0012639670514472895
10.625 2.004828694576584 4.42 2.0048286945765827 4.419999999999983 0.003855097550723615
10.875 2.012635216693162 4.42 2.0126352166931616 4.41999999999998 0.009678706501005496
11.125 2.026969591403753 4.42 2.026969591403753 4.419999999999979 0.02012788497491368
11.375 2.0469021086624317 4.42 2.046902108662432 4.419999999999975 0.03458962805843038
11.625 2.065676969968593 4.42 2.0656769699685924 4.4199999999999715 0.0485132950314933
11.875 2.071604695853285 4.42 2.071604695853285 4.41999999999997 0.053807929155783495
12.125 2.0550372783799036 4.42 2.055037278379901 4.419999999999972 0.0432510018706274
12.375 2.0175825810552674 4.42 2.0175825810552652 4.419999999999972 0.01668234441309194
12.625 1.9739449850439268 4.42 1.9739449850439237 4.419999999999974 -0.01668234441309194
12.875 1.942046545584623 4.42 1.9420465455846185 4.419999999999975 -0.0432510018706274
13.125 1.9312088982856035 4.42 1.9312088982855968 4.419999999999975 -0.053807929155783495
13.375 1.93891989762746 4.42 1.9389198976274544 4.419999999999973 -0.0485132950314933
13.625 1.9556711370810325 4.42 1.955671137081027 4.419999999999975 -0.03458962805843038
13.875 1.972551186073795 4.42 1.9725511860737894 4.419999999999973 -0.02012788497491368
14.125 1.985376486858249 4.42 1.9853764868582429 4.419999999999972 -0.009678706501005496
14.375 1.9936165731167963 4.42 1.9936165731167927 4.419999999999969 -0.003855097550723615
14.625 1.9980816549929759 4.42 1.998081654992974 4.419999999999964 -0.0012639670514472895
14.875 1.9999627095610764 4.42 1.9999627095610755 4.4199999999999635 -0.00033476072351890226
15.125 2.0004608655922254 4.42 2.000460865592225 4.4199999999999635 -6.829060285179713e-05
15.375 2.000446266333393 4.42 2.000446266333392 4.4199999999999635 -9.209599773068e-06
15.625 2.000347502904539 4.42 2.0003475029045354 4.419999999999964 -1.2942058380315937e-07
15.875 2.0002870146454126 4.42 2.000287014645409 4.4199999999999635 3.552572240524588e-07
16.125 2.0002640057993055 4.42 2.000264005799301 4.419999999999967 1.240590773561188e-07
16.375 2.0002578377165343 4.42 2.0002578377165294 4.419999999999967 2.7399979986059073e-08
16.625 2.0002567034932976 4.42 2.0002567034932954 4.419999999999964 4.611047172371882e-09
16.875 2.0002565982397162 4.42 2.000256598239716 4.419999999999964 6.243021272063907e-10
17.125 2.00025661225873 4.42 2.0002566122587297 4.419999999999966 6.946621751012237e-11
17.375 2.000256620826973 4.42 2.000256620826972 4.419999999999971 6.400550420574792e-12
17.625 2.0002566229733434 4.42 2.0002566229733403 4.419999999999976 4.87731075149774e-13
17.875 2.000256623349129 4.42 2.0002566233491264 4.419999999999979 3.0406459207729985e-14
18.125 2.000256623400001 4.42 2.0002566233999985 4.4199999999999795 1.5081395283077498e-15
18.375 2.000256623405518 4.42 2.000256623405516 4.419999999999979 5.5213930824722155e-17
18.625 2.0002566234060026 4.42 2.0002566234060026 4.419999999999975 1.0909101867037715e-18
18.875 2.0002566234060386 4.42 2.000256623406037 4.419999999999975 -2.789761923259548e-20
19.125 2.000256623406041 4.42 2.000256623406039 4.419999999999975 -3.954656992153136e-21
19.375 2.000256623406041 4.42 2.0002566234060386 4.419999999999978 -2.252142269674823e-22
19.625 2.000256623406041 4.42 2.0002566234060386 4.419999999999978 -9.092577194644609e-24
19.875 2.000256623406041 4.42 2.000256623406039 4.419999999999975 -2.8831502816409013e-25
20.125 2.000256623406041 4.42 2.000256623406039 4.419999999999975 -7.44089836681967e-27
20.375 2.000256623406041 4.42 2.0002566234060386 4.419999999999977 -1.5853487713817023e-28
20.625 2.000256623406041 4.42 2.0002566234060386 4.419999999999975 -2.798298194819873e-30
20.875 2.000256623406041 4.42 2.0002566234060386 4.419999999999978 -4.0714940949284585e-32
21.125 2.000256623406041 4.42 2.000256623406039 4.419999999999982 -4.802503147034089e-34
21.375 2.000256623406041 4.42 2.0002566234060395 4.419999999999985 -4.404258009248603e-36
21.625 2.000256623406041 4.42 2.0002566234060395 4.419999999999986 -2.7652750956800404e-38
21.875 2.000256623406041 4.42 2.0002566234060395 4.419999999999986 -4.567817789604015e-41
22.125 2.000256623406041 4.42 2.0002566234060395 4.419999999999986 1.5796414191572262e-42
22.375 2.000256623406041 4.42 2.0002566234060395 4.419999999999986 2.638888646042497e-44
22.625 2.000256623406041 4.42 2.0002566234060395 4.419999999999986 2.632942317395744e-46
22.875 2.000256623406041 4.42 2.00025662340604 4.41999999999999 1.976589158084722e-48
23.125 2.000256623406041 4.42 2.00025662340604 4.41999999999999 1.1883943908134718e-50
23.375 2.000256623406041 4.42 2.00025662340604 4.419999999999991 5.861267598663116e-53
23.625 2.000256623406041 4.42 2.00025662340604 4.41999999999999 2.3927033740792414e-55
23.875 2.000256623406041 4.42 2.00025662340604 4.419999999999991 8.083295968589929e-58
24.125 2.000256623406041 4.42 2.00025662340604 4.419999999999994 2.2389513277987053e-60
24.375 2.000256623406041 4.42 2.000256623406041 4.419999999999995 4.960217038783217e-63
24.625 2.000256623406041 4.42 2.00025662340604 4.419999999999997 8.237583357394523e-66
24.875 2.000256623406041 4.42 2.000256623406041 4.42 8.023378137447364e-69
