0.125 2.0 4.42 2.0 4.42 -8.023378137447364e-69
0.375 2.0 4.42 2.0 4.42 -8.237583357394523e-66
0.625 2.0 4.42 2.0 4.42 -4.960217038783217e-63
0.875 2.0 4.42 2.0 4.42 -2.2389513277987053e-60
1.125 2.0 4.42 1.999999999999999 4.419999999999996 -8.083295968589929e-58
1.375 2.0 4.42 1.9999999999999718 4.420000000000037 -2.3927033740792414e-55
1.625 2.0 4.42 2.0000000000003157 4.4200000000004795 -5.861267598663116e-53
1.875 2.0 4.42 2.0000000000035936 4.419999999991449 -1.1883943908134718e-50
2.125 2.0 4.42 1.9999999999012814 4.419999999999841 -1.976589158084722e-48
2.375 2.0 4.42 2.000000000816719 4.420000000529433 -2.632942317395744e-46
2.625 2.0 4.42 2.0000000047612074 4.419999996328517 -2.638888646042497e-44
2.875 2.0 4.42 1.9999999828649249 4.420000036668306 -1.5796414191572262e-42
3.125 2.0 4.42 1.9999999088364708 4.420000201314424 4.567817789604015e-41
3.375 2.0 4.42 1.9999998489041495 4.420000340458892 2.7652750956800404e-38
3.625 2.0 4.42 2.000000135728871 4.419999709631466 4.404258009248603e-36
3.875 2.0 4.42 2.000001504718437 4.419996796899707 4.802503147034089e-34
4.125 2.0 4.42 2.0000053853393682 4.419988186431736 4.0714940949284585e-32
4.375 2.0 4.42 2.000015833565471 4.419964931934511 2.798298194819873e-30
4.625 2.0 4.42 2.000043006863553 4.419904567119532 1.5853487713817023e-28
4.875 2.0 4.42 2.000107999770748 4.419760253387054 7.44089836681967e-27
5.125 2.0 4.42 2.000249511901939 4.419446084509159 2.8831502816409013e-25
5.375 2.0 4.42 2.0004637987504834 4.418977835246803 9.092577194644609e-24
5.625 2.0 4.42 2.0006122493119003 4.41862392425398 2.252142269674823e-22
5.875 2.0 4.42 2.0006920924304072 4.418467318893648 3.954656992153136e-21
6.125 2.0 4.42 2.0007220004851316 4.418404233263468 2.789761923259548e-20
6.375 2.0 4.42 2.0007264087860257 4.418384499836899 -1.0909101867037715e-18
6.625 2.0 4.42 2.0007142601335346 4.418409932258129 -5.5213930824722155e-17
6.875 1.9999999999999978 4.42 2.0006525779723683 4.418547542211696 -1.5081395283077498e-15
7.125 1.9999999999999596 4.42 2.0005047822858852 4.418878324974324 -3.0406459207729985e-14
7.375 1.9999999999993505 4.42 2.000284246439297 4.419364221659672 -4.87731075149774e-13
7.625 2.0009999999914783 4.42 2.0001328429492276 4.419727902041107 -6.400550420574792e-12
7.875 2.000999999907516 4.42 2.0000490187064295 4.419889143056556 -6.946621751012237e-11
8.125 2.0009999991688336 4.42 2.0000128516863067 4.41995560735892 -6.243021272063907e-10
8.375 2.0009999938610714 4.42 2.000002630890509 4.41999220757504 -4.611047172371882e-09
8.625 2.000999963520973 4.42 2.000000467619036 4.420006676218788 -2.7399979986059073e-08
8.875 2.0009998348336535 4.42 2.0000002325786683 4.420005573252997 -1.240590773561188e-07
9.125 2.0009995270274166 4.42 1.9999985829894875 4.420000548265019 -3.552572240524588e-07
9.375 2.0010001723043866 4.42 1.9999976200723677 4.419998141099975 1.2942058380315937e-07
9.625 2.000012261184625 4.42 2.000009098069478 4.420000663094645 9.209599773068e-06
9.875 2.0000909167981953 4.42 2.0000877811550373 4.420005661186672 6.829060285179713e-05
10.125 2.0004456351265536 4.42 2.000443107088253 4.420010502042965 0.00033476072351890226
10.375 2.001682083101675 4.42 2.0016805238063995 4.42000924245352 0.0012639670514472895
10.625 2.005125985403279 4.42 2.00512573728583 4.42000358087674 0.003855097550723615
10.875 2.012845112568689 4.42 2.012847040272931 4.41999548494254 0.009678706501005496
11.125 2.026624222670183 4.42 2.026628732267991 4.419987247152168 0.02012788497491368
11.375 2.045550574731627 4.42 2.0455568274888205 4.419983214874968 0.03458962805843038
11.625 2.063623353645865 4.42 2.063630384630541 4.419982432242795 0.0485132950314933
11.875 2.0704590708615256 4.42 2.0704653020677477 4.419984511558498 0.053807929155783495
12.125 2.0568096161460683 4.42 2.056814230417036 4.4199897648155915 0.0432510018706274
12.375 2.0220905662906117 4.42 2.0220930982843175 4.419999122136254 0.01668234441309194
12.625 1.9776640676065051 4.42 1.977665168988286 4.420012988502133 -0.01668234441309194
12.875 1.9415338186707598 4.42 1.9415356084763813 4.420035755978915 -0.0432510018706274
13.125 1.9269696433315942 4.42 1.9269763854156337 4.42007652961588 -0.053807929155783495
13.375 1.9342896484967147 4.42 1.9343079293668948 4.4201517530971595 -0.0485132950314933
13.625 1.953391890166205 4.42 1.9534313909358565 4.4202849551170775 -0.03458962805843038
13.875 1.9730184644515016 4.42 1.9730926433758023 4.420506941650997 -0.02012788497491368
14.125 1.9870723380192 4.42 1.9871984715278193 4.420844963527409 -0.009678706501005496
14.375 1.9948609210956874 4.42 1.99503890689604 4.421184997009615 -0.003855097550723615
14.625 1.9983165094233482 4.42 1.9985217815865626 4.421364332486104 -0.0012639670514472895
14.875 1.999554266146343 4.42 1.9997687263513104 4.421424514378206 -0.00033476072351890226
15.125 1.9999090790932492 4.42 2.000124017421518 4.421427246143493 -6.829060285179713e-05
15.375 1.999987738740653 4.42 2.0001994042514495 4.421405516477799 -9.209599773068e-06
15.625 1.9999998276955986 4.42 2.000200547550376 4.421332832217724 -1.2942058380315937e-07
15.875 2.0000004729724723 4.42 2.000177916511894 4.421178271122038 3.552572240524588e-07
16.125 2.000000165166333 4.42 2.000137500775275 4.4209119403280415 1.240590773561188e-07
16.375 2.0000000364790265 4.42 2.000085318613394 4.420566264323237 2.7399979986059073e-08
16.625 2.000000006138928 4.42 2.000046737561077 4.420310254902201 4.611047172371882e-09
16.875 2.0000000008311662 4.42 2.000024554455405 4.4201629480502165 6.243021272063907e-10
17.125 2.0000000000924842 4.42 2.0000123940015353 4.420082121928023 6.946621751012237e-11
17.375 2.000000000008521 4.42 2.000006032238983 4.42003973340339 6.400550420574792e-12
17.625 2.0000000000006493 4.42 2.0000028405278387 4.420018343216276 4.87731075149774e-13
17.875 2.0000000000000404 4.42 2.000001277640843 4.420007931832914 3.0406459207729985e-14
18.125 2.0000000000000018 4.42 2.0000005163145125 4.420003123552666 1.5081395283077498e-15
18.375 2.0 4.42 2.0000001694675635 4.420001057205235 5.5213930824722155e-17
18.625 2.0 4.42 2.000000032715797 4.420000220972372 1.0909101867037715e-18
18.875 2.0 4.42 1.999999992003943 4.419999962245575 -2.789761923259548e-20
19.125 2.0 4.42 1.9999999925198906 4.419999960443681 -3.954656992153136e-21
19.375 2.0 4.42 1.9999999989847848 4.4199999951528195 -2.252142269674823e-22
19.625 2.0 4.42 2.000000000560456 4.420000003083841 -9.092577194644609e-24
19.875 2.0 4.42 2.0000000002308442 4.4200000011912115 -2.8831502816409013e-25
20.125 2.0 4.42 1.9999999999936804 4.419999999947284 -7.44089836681967e-27
20.375 2.0 4.42 1.9999999999745457 4.419999999864122 -1.5853487713817023e-28
20.625 2.0 4.42 1.9999999999949003 4.419999999974783 -2.798298194819873e-30
20.875 2.0 4.42 2.0000000000014806 4.420000000008373 -4.0714940949284585e-32
21.125 2.0 4.42 2.0000000000008527 4.420000000004463 -4.802503147034089e-34
21.375 2.0 4.42 2.000000000000038 4.420000000000133 -4.404258009248603e-36
21.625 2.0 4.42 1.9999999999999198 4.419999999999574 -2.7652750956800404e-38
21.875 2.0 4.42 1.9999999999999778 4.41999999999989 -4.567817789604015e-41
22.125 2.0 4.42 2.0000000000000018 4.420000000000017 1.5796414191572262e-42
22.375 2.0 4.42 2.0000000000000018 4.420000000000015 2.638888646042497e-44
22.625 2.0 4.42 2.0 4.420000000000002 2.632942317395744e-46
22.875 2.0 4.42 2.0 4.42 1.976589158084722e-48
23.125 2.0 4.42 2.0 4.42 1.1883943908134718e-50
23.375 2.0 4.42 2.0 4.42 5.861267598663116e-53
23.625 2.0 4.42 2.0 4.42 2.3927033740792414e-55
23.875 2.0 4.42 2.0 4.42 8.083295968589929e-58
24.125 2.0 4.42 2.0 4.42 2.2389513277987053e-60
24.375 2.0 4.42 2.0 4.42 4.960217038783217e-63
24.625 2.0 4.42 2.0 4.42 8.237583357394523e-66
24.875 2.0 4.42 2.0 4.42 8.023378137447364e-69
