0.125 2.0 4.42 1.9999999999997518 4.42000000000055 -8.023378137447364e-69
0.375 2.0 4.42 1.999999999999587 4.420000000000913 -8.237583357394523e-66
0.625 2.0 4.42 2.0000000000013243 4.419999999997058 -4.960217038783217e-63
0.875 2.0 4.42 2.0000000000078533 4.4199999999825605 -2.2389513277987053e-60
1.125 2.0 4.42 2.0000000000099707 4.419999999977858 -8.083295968589929e-58
1.375 2.0 4.42 1.9999999999564078 4.42000000009676 -2.3927033740792414e-55
1.625 2.0 4.42 1.9999999997861275 4.4200000004747615 -5.861267598663116e-53
1.875 2.0 4.42 1.9999999997563664 4.420000000540808 -1.1883943908134718e-50
2.125 2.0 4.42 2.0000000010502395 4.419999997668834 -1.976589158084722e-48
2.375 2.0 4.42 2.0000000049288347 4.4199999890572625 -2.632942317395744e-46
2.625 2.0 4.42 2.0000000062718293 4.4199999860775145 -2.638888646042497e-44
2.875 2.0 4.42 1.999999982691318 4.420000038461071 -1.5796414191572262e-42
3.125 2.0 4.42 1.9999999074892265 4.420000205038736 4.567817789604015e-41
3.375 2.0 4.42 1.999999847188828 4.42000034031041 2.7652750956800404e-38
3.625 2.0 4.42 2.0000001335234794 4.419999708862081 4.404258009248603e-36
3.875 2.0 4.42 2.000001502214921 4.419996797731347 4.802503147034089e-34
4.125 2.0 4.42 2.000005383312082 4.419988187783032 4.0714940949284585e-32
4.375 2.0 4.42 2.000015832516436 4.419964931938308 2.798298194819873e-30
4.625 2.0 4.42 2.0000430050826727 4.4199045682181 1.5853487713817023e-28
4.875 2.0 4.42 2.000107993810553 4.419760262875076 7.44089836681967e-27
5.125 2.0 4.42 2.0002494961449946 4.419446115669376 2.8831502816409013e-25
5.375 2.0 4.42 2.0004638002446717 4.41897785396253 9.092577194644609e-24
5.625 2.0 4.42 2.0006122709326606 4.418623814718341 2.252142269674823e-22
5.875 2.0 4.42 2.000692119450025 4.418467309204027 3.954656992153136e-21
6.125 2.0 4.42 2.0007219347901963 4.418404305935427 2.789761923259548e-20
6.375 2.0 4.42 2.0007263407175384 4.418384705351306 -1.0909101867037715e-18
6.625 2.0 4.42 2.0007137493959757 4.418411096862391 -5.5213930824722155e-17
6.875 1.9999999999999978 4.42 2.000650807298807 4.4185515051867075 -1.5081395283077498e-15
7.125 1.9999999999999596 4.42 2.0005020864384653 4.418884275211219 -3.0406459207729985e-14
7.375 1.9999999999993505 4.42 2.0003149559702984 4.419307442250485 -4.87731075149774e-13
7.625 2.0009999999914783 4.42 2.0001948058542833 4.419575769217159 -6.400550420574792e-12
7.875 2.000999999907516 4.42 2.0001236951132157 4.419714353901851 -6.946621751012237e-11
8.125 2.0009999991688336 4.42 2.0000745474527166 4.4198268552607765 -6.243021272063907e-10
8.375 2.0009999938610714 4.42 2.0000175477440996 4.419959989239116 -4.611047172371882e-09
8.625 2.000999963520973 4.42 1.9998881583609838 4.420253750362368 -2.7399979986059073e-08
8.875 2.0009998348336535 4.42 1.9997299478931518 4.4206157431276605 -1.240590773561188e-07
9.125 2.0009995270274166 4.42 1.9996723975935802 4.4207198659433775 -3.552572240524588e-07
9.375 2.0010001723043866 4.42 1.9997182282961292 4.420615777966111 1.2942058380315937e-07
9.625 2.000012261184625 4.42 2.00014139202284 4.419693187230532 9.209599773068e-06
9.875 2.0000909167981953 4.42 2.0007233244503526 4.418518633314198 6.829060285179713e-05
10.125 2.0004456351265536 4.42 2.0011977561163916 4.41816769620681 0.00033476072351890226
10.375 2.001682083101675 4.42 2.0022483327002925 4.418342501524912 0.0012639670514472895
10.625 2.005125985403279 4.42 2.00473694765199 4.420219033669138 0.003855097550723615
10.875 2.012845112568689 4.42 2.011630518880305 4.422291682696142 0.009678706501005496
11.125 2.026624222670183 4.42 2.025646156446175 4.4229380711001465 0.02012788497491368
11.375 2.045550574731627 4.42 2.0455884021020525 4.422985895306379 0.03458962805843038
11.625 2.063623353645865 4.42 2.0649158372568186 4.4217735355422025 0.0485132950314933
11.875 2.0704590708615256 4.42 2.071549361461848 4.4201485202793975 0.053807929155783495
12.125 2.0568096161460683 4.42 2.0552839768516105 4.419556839866891 0.0432510018706274
12.375 2.0220905662906117 4.42 2.0178584186119153 4.419331997634915 0.01668234441309194
12.625 1.9776640676065051 4.42 1.9741009653677541 4.41957958942851 -0.01668234441309194
12.875 1.9415338186707598 4.42 1.941920364725282 4.420163769118335 -0.0432510018706274
13.125 1.9269696433315942 4.42 1.930944554455574 4.420655484675785 -0.053807929155783495
13.375 1.9342896484967147 4.42 1.9386386433053338 4.420852921500425 -0.0485132950314933
13.625 1.953391890166205 4.42 1.9554477254572078 4.420930349077977 -0.03458962805843038
13.875 1.9730184644515016 4.42 1.9724180458551235 4.4210030655474615 -0.02012788497491368
14.125 1.9870723380192 4.42 1.9853008279440378 4.421238524845879 -0.009678706501005496
14.375 1.9948609210956874 4.42 1.9935991599846732 4.4216031031875085 -0.003855097550723615
14.625 1.9983165094233482 4.42 1.9981047150119084 4.42185978724393 -0.0012639670514472895
14.875 1.999554266146343 4.42 1.9999983369498362 4.421938372643898 -0.00033476072351890226
15.125 1.9999090790932492 4.42 2.000495362267107 4.421936407622395 -6.829060285179713e-05
15.375 1.999987738740653 4.42 2.0004749438167653 4.421892622611232 -9.209599773068e-06
15.625 1.9999998276955986 4.42 2.000359101823721 4.4217814310098165 -1.2942058380315937e-07
15.875 2.0000004729724723 4.42 2.0002714143408964 4.42160024534939 3.552572240524588e-07
16.125 2.000000165166333 4.42 2.0002179694193667 4.421398343155715 1.240590773561188e-07
16.375 2.0000000364790265 4.42 2.000181157201542 4.421194816725296 2.7399979986059073e-08
16.625 2.000000006138928 4.42 2.0001430693061835 4.4209495478543746 4.611047172371882e-09
16.875 2.0000000008311662 4.42 2.000090239716551 4.420599460206578 6.243021272063907e-10
17.125 2.0000000000924842 4.42 2.0000369670139557 4.420245551426127 6.946621751012237e-11
17.375 2.000000000008521 4.42 2.000017686291031 4.420117442277026 6.400550420574792e-12
17.625 2.0000000000006493 4.42 2.00001765511062 4.420117351397174 4.87731075149774e-13
17.875 2.0000000000000404 4.42 2.0000278477890365 4.420184905874393 3.0406459207729985e-14
18.125 2.0000000000000018 4.42 2.000059476434798 4.420394798983135 1.5081395283077498e-15
18.375 2.0 4.42 2.000106336686872 4.420706078295022 5.5213930824722155e-17
18.625 2.0 4.42 2.0001191600376513 4.420791457547272 1.0909101867037715e-18
18.875 2.0 4.42 2.000115077710719 4.420764209032934 -2.789761923259548e-20
19.125 2.0 4.42 2.000091940196275 4.420610563829822 -3.954656992153136e-21
19.375 2.0 4.42 2.000035125978395 4.420233370951584 -2.252142269674823e-22
19.625 2.0 4.42 1.9999607207389432 4.41973918376816 -9.092577194644609e-24
19.875 2.0 4.42 1.999933034618858 4.419555296014207 -2.8831502816409013e-25
20.125 2.0 4.42 1.9999318660363488 4.419547514026698 -7.44089836681967e-27
20.375 2.0 4.42 1.9999414024898876 4.4196111179155935 -1.5853487713817023e-28
20.625 2.0 4.42 1.9999698629392917 4.41980011160272 -2.798298194819873e-30
20.875 2.0 4.42 2.0000090587358605 4.420060231779244 -4.0714940949284585e-32
21.125 2.0 4.42 2.0000259735651316 4.420172813002637 -4.802503147034089e-34
21.375 2.0 4.42 2.000028372247831 4.420188259425796 -4.404258009248603e-36
21.625 2.0 4.42 2.0000263549733637 4.420175015564574 -2.7652750956800404e-38
21.875 2.0 4.42 2.0000187921087544 4.420124860455859 -4.567817789604015e-41
22.125 2.0 4.42 2.0000062427314313 4.420041383417405 1.5796414191572262e-42
22.375 2.0 4.42 1.9999986664890987 4.419991027950749 2.638888646042497e-44
22.625 2.0 4.42 1.9999962264455944 4.419973892993617 2.632942317395744e-46
22.875 2.0 4.42 1.9999956917992079 4.419971815529006 1.976589158084722e-48
23.125 2.0 4.42 1.9999960387050058 4.419973953827172 1.1883943908134718e-50
23.375 2.0 4.42 1.9999971125922142 4.419980923648928 5.861267598663116e-53
23.625 2.0 4.42 1.9999984875755783 4.419990459444555 2.3927033740792414e-55
23.875 2.0 4.42 1.9999993448632598 4.419996003400012 8.083295968589929e-58
24.125 2.0 4.42 1.999999762843836 4.4199985404851825 2.2389513277987053e-60
24.375 2.0 4.42 1.9999999437610183 4.419999642895032 4.960217038783217e-63
24.625 2.0 4.42 2.0000000091453467 4.420000061636545 8.237583357394523e-66
24.875 2.0 4.42 2.0000000227328374 4.420000150927312 8.023378137447364e-69
