-0.999 0.9049279063021011 0.9049279063021011 -0.0999
-0.997 0.9051089099831262 0.9051089099831262 -0.09970000000000001
-0.995 0.905289949868508 0.9052899498685079 -0.0995
-0.993 0.9054710259654878 0.9054710259654876 -0.0993
-0.991 0.9056521382813087 0.9056521382813087 -0.09910000000000001
-0.989 0.9058332868232154 0.9058332868232153 -0.0989
-0.987 0.9060144715984536 0.9060144715984534 -0.09870000000000001
-0.985 0.9061956926142708 0.9061956926142707 -0.0985
-0.983 0.9063769498779158 0.9063769498779157 -0.0983
-0.981 0.9065582433966389 0.9065582433966387 -0.0981
-0.979 0.9067395731776919 0.9067395731776918 -0.0979
-0.977 0.906920939228328 0.906920939228328 -0.09770000000000001
-0.975 0.9071023415558017 0.9071023415558016 -0.0975
-0.973 0.9072837801673692 0.9072837801673692 -0.0973
-0.971 0.9074652550702881 0.907465255070288 -0.0971
-0.969 0.9076467662718173 0.9076467662718173 -0.0969
-0.967 0.9078283137792172 0.9078283137792171 -0.09670000000000001
-0.965 0.9080098975997498 0.9080098975997497 -0.0965
-0.963 0.9081915177406785 0.9081915177406785 -0.0963
-0.961 0.908373174209268 0.908373174209268 -0.0961
-0.959 0.9085548670127845 0.9085548670127845 -0.0959
-0.957 0.9087365961584959 0.9087365961584958 -0.09570000000000001
-0.955 0.9089183616536712 0.908918361653671 -0.0955
-0.953 0.9091001635055811 0.9091001635055811 -0.0953
-0.951 0.9092820017214978 0.9092820017214978 -0.0951
-0.949 0.9094638763086945 0.9094638763086945 -0.0949
-0.947 0.9096457872744464 0.9096457872744463 -0.0947
-0.945 0.90982773462603 0.9098277346260298 -0.0945
-0.943 0.9100097183707231 0.9100097183707229 -0.0943
-0.941 0.9101917385158049 0.9101917385158049 -0.0941
-0.939 0.9103737950685565 0.9103737950685565 -0.0939
-0.9369999999999999 0.9105558880362601 0.9105558880362601 -0.0937
-0.9349999999999999 0.9107380174261992 0.9107380174261991 -0.0935
-0.9329999999999999 0.9109201832456592 0.910920183245659 -0.0933
-0.9309999999999999 0.9111023855019266 0.9111023855019266 -0.0931
-0.9289999999999999 0.9112846242022895 0.9112846242022895 -0.0929
-0.927 0.9114668993540376 0.9114668993540376 -0.0927
-0.925 0.9116492109644617 0.9116492109644616 -0.09250000000000001
-0.923 0.9118315590408544 0.9118315590408544 -0.09230000000000001
-0.921 0.9120139435905096 0.9120139435905094 -0.09210000000000002
-0.919 0.9121963646207226 0.9121963646207225 -0.09190000000000001
-0.917 0.9123788221387904 0.9123788221387904 -0.0917
-0.915 0.9125613161520112 0.9125613161520112 -0.09150000000000001
-0.913 0.9127438466676847 0.9127438466676847 -0.0913
-0.911 0.9129264136931122 0.9129264136931121 -0.09110000000000001
-0.909 0.9131090172355965 0.9131090172355965 -0.09090000000000001
-0.907 0.9132916573024414 0.9132916573024414 -0.0907
-0.905 0.9134743339009529 0.9134743339009529 -0.09050000000000001
-0.903 0.9136570470384378 0.9136570470384378 -0.0903
-0.901 0.9138397967222046 0.9138397967222046 -0.09010000000000001
-0.899 0.9140225829595635 0.9140225829595633 -0.08990000000000001
-0.897 0.9142054057578259 0.9142054057578259 -0.0897
-0.895 0.9143882651243046 0.9143882651243044 -0.08950000000000001
-0.893 0.914571161066314 0.9145711610663138 -0.0893
-0.891 0.91475409359117 0.9147540935911699 -0.08910000000000001
-0.889 0.9149370627061898 0.9149370627061896 -0.0889
-0.887 0.9151200684186923 0.9151200684186923 -0.0887
-0.885 0.9153031107359976 0.9153031107359976 -0.08850000000000001
-0.883 0.9154861896654275 0.9154861896654275 -0.0883
-0.881 0.915669305214305 0.9156693052143049 -0.08810000000000001
-0.879 0.915852457389955 0.9158524573899549 -0.0879
-0.877 0.9160356461997033 0.9160356461997033 -0.0877
-0.875 0.9162188716508776 0.9162188716508773 -0.08750000000000001
-0.873 0.9164021337508069 0.9164021337508067 -0.0873
-0.871 0.9165854325068217 0.9165854325068216 -0.08710000000000001
-0.869 0.9167687679262538 0.9167687679262537 -0.0869
-0.867 0.9169521400164369 0.9169521400164369 -0.0867
-0.865 0.9171355487847056 0.9171355487847055 -0.08650000000000001
-0.863 0.9173189942383965 0.9173189942383964 -0.0863
-0.861 0.9175024763848472 0.917502476384847 -0.08610000000000001
-0.859 0.917685995231397 0.917685995231397 -0.0859
-0.857 0.9178695507853869 0.9178695507853868 -0.0857
-0.855 0.9180531430541589 0.9180531430541587 -0.0855
-0.853 0.9182367720450567 0.9182367720450567 -0.0853
-0.851 0.9184204377654256 0.9184204377654255 -0.08510000000000001
-0.849 0.918604140222612 0.9186041402226118 -0.0849
-0.847 0.9187878794239642 0.9187878794239642 -0.0847
-0.845 0.9189716553768317 0.9189716553768317 -0.0845
-0.843 0.9191554680885655 0.9191554680885653 -0.0843
-0.841 0.9193393175665182 0.9193393175665182 -0.08410000000000001
-0.839 0.9195232038180438 0.9195232038180436 -0.0839
-0.837 0.9197071268504975 0.9197071268504974 -0.0837
-0.835 0.9198910866712364 0.9198910866712364 -0.0835
-0.833 0.920075083287619 0.9200750832876189 -0.0833
-0.831 0.920259116707005 0.9202591167070049 -0.08310000000000001
-0.829 0.9204431869367559 0.9204431869367556 -0.0829
-0.827 0.9206272939842343 0.9206272939842343 -0.0827
-0.825 0.9208114378568045 0.9208114378568045 -0.0825
-0.8230000000000001 0.9209956185618324 0.9209956185618324 -0.08230000000000001
-0.8210000000000001 0.9211798361066853 0.9211798361066851 -0.0821
-0.8190000000000001 0.9213640904987316 0.9213640904987316 -0.08190000000000001
-0.8170000000000001 0.9215483817453417 0.9215483817453415 -0.08170000000000001
-0.8150000000000001 0.9217327098538872 0.9217327098538872 -0.08150000000000002
-0.8130000000000001 0.9219170748317412 0.9219170748317412 -0.08130000000000001
-0.811 0.9221014766862784 0.9221014766862783 -0.0811
-0.809 0.9222859154248747 0.9222859154248745 -0.08090000000000001
-0.807 0.9224703910549077 0.9224703910549076 -0.08070000000000001
-0.805 0.9226549035837566 0.9226549035837566 -0.08050000000000002
-0.803 0.9228394530188017 0.9228394530188015 -0.08030000000000001
-0.801 0.923024039367425 0.9230240393674249 -0.0801
-0.799 0.9232086626370101 0.92320866263701 -0.07990000000000001
-0.797 0.9233933228349417 0.9233933228349417 -0.07970000000000001
-0.795 0.9235780199686063 0.9235780199686062 -0.07950000000000002
-0.793 0.923762754045392 0.923762754045392 -0.07930000000000001
-0.791 0.923947525072688 0.9239475250726877 -0.0791
-0.789 0.9241323330578849 0.9241323330578849 -0.07890000000000001
-0.787 0.9243171780083754 0.9243171780083754 -0.0787
-0.785 0.9245020599315531 0.9245020599315531 -0.07850000000000001
-0.783 0.9246869788348133 0.9246869788348133 -0.07830000000000001
-0.781 0.9248719347255528 0.9248719347255526 -0.0781
-0.779 0.92505692761117 0.92505692761117 -0.07790000000000001
-0.777 0.9252419574990642 0.9252419574990641 -0.0777
-0.775 0.9254270243966368 0.9254270243966368 -0.07750000000000001
-0.773 0.9256121283112907 0.9256121283112906 -0.07730000000000001
-0.771 0.9257972692504297 0.9257972692504297 -0.0771
-0.769 0.9259824472214596 0.9259824472214596 -0.07690000000000001
-0.767 0.9261676622317876 0.9261676622317876 -0.0767
-0.765 0.926352914288822 0.926352914288822 -0.07650000000000001
-0.763 0.9265382033999734 0.9265382033999734 -0.0763
-0.761 0.9267235295726529 0.9267235295726528 -0.0761
-0.759 0.9269088928142737 0.9269088928142737 -0.07590000000000001
-0.757 0.9270942931322503 0.9270942931322503 -0.0757
-0.755 0.9272797305339988 0.9272797305339988 -0.07550000000000001
-0.753 0.9274652050269366 0.9274652050269366 -0.0753
-0.751 0.9276507166184829 0.9276507166184829 -0.0751
-0.749 0.9278362653160578 0.9278362653160576 -0.07490000000000001
-0.747 0.9280218511270835 0.9280218511270835 -0.0747
-0.745 0.9282074740589834 0.9282074740589834 -0.0745
-0.743 0.9283931341191823 0.9283931341191821 -0.0743
-0.741 0.9285788313151068 0.9285788313151067 -0.0741
-0.739 0.9287645656541845 0.9287645656541844 -0.07390000000000001
-0.737 0.9289503371438451 0.9289503371438451 -0.0737
-0.735 0.9291361457915193 0.9291361457915192 -0.0735
-0.733 0.9293219916046395 0.9293219916046392 -0.0733
-0.731 0.9295078745906393 0.9295078745906393 -0.0731
-0.729 0.9296937947569544 0.9296937947569544 -0.0729
-0.727 0.9298797521110214 0.9298797521110214 -0.0727
-0.725 0.9300657466602785 0.9300657466602785 -0.0725
-0.723 0.9302517784121656 0.9302517784121656 -0.0723
-0.721 0.930437847374124 0.9304378473741238 -0.0721
-0.719 0.9306239535535964 0.9306239535535964 -0.0719
-0.717 0.9308100969580271 0.9308100969580271 -0.0717
-0.715 0.9309962775948618 0.9309962775948616 -0.0715
-0.713 0.9311824954715477 0.9311824954715476 -0.0713
-0.711 0.9313687505955336 0.9313687505955336 -0.0711
-0.709 0.9315550429742696 0.9315550429742695 -0.0709
-0.707 0.9317413726152074 0.9317413726152074 -0.0707
-0.705 0.9319277395258003 0.9319277395258003 -0.0705
-0.703 0.9321141437135029 0.9321141437135027 -0.0703
-0.701 0.9323005851857713 0.9323005851857713 -0.0701
-0.699 0.9324870639500633 0.9324870639500633 -0.0699
-0.697 0.932673580013838 0.932673580013838 -0.0697
-0.695 0.932860133384556 0.932860133384556 -0.06949999999999999
-0.693 0.9330467240696795 0.9330467240696795 -0.0693
-0.691 0.933233352076672 0.9332333520766719 -0.0691
-0.689 0.9334200174129987 0.9334200174129986 -0.0689
-0.6869999999999999 0.9336067200861263 0.9336067200861263 -0.0687
-0.6849999999999999 0.9337934601035228 0.9337934601035227 -0.06849999999999999
-0.6829999999999999 0.9339802374726578 0.9339802374726578 -0.0683
-0.6809999999999999 0.9341670522010025 0.9341670522010023 -0.0681
-0.6789999999999999 0.9343539042960294 0.9343539042960294 -0.0679
-0.6769999999999999 0.9345407937652125 0.9345407937652125 -0.0677
-0.6749999999999999 0.9347277206160276 0.9347277206160276 -0.06749999999999999
-0.6729999999999999 0.9349146848559515 0.9349146848559515 -0.0673
-0.6709999999999999 0.9351016864924631 0.935101686492463 -0.06709999999999999
-0.6689999999999999 0.9352887255330421 0.9352887255330419 -0.0669
-0.6669999999999999 0.9354758019851703 0.9354758019851703 -0.0667
-0.6649999999999999 0.9356629158563308 0.9356629158563307 -0.06649999999999999
-0.6629999999999999 0.935850067154008 0.9358500671540079 -0.0663
-0.6609999999999999 0.936037255885688 0.936037255885688 -0.06609999999999999
-0.6589999999999999 0.9362244820588583 0.9362244820588583 -0.0659
-0.6569999999999999 0.9364117456810082 0.9364117456810082 -0.0657
-0.6549999999999999 0.9365990467596279 0.9365990467596278 -0.06549999999999999
-0.6529999999999999 0.9367863853022096 0.9367863853022096 -0.0653
-0.6509999999999999 0.9369737613162469 0.9369737613162467 -0.06509999999999999
-0.649 0.9371611748092347 0.9371611748092347 -0.0649
-0.647 0.9373486257886696 0.9373486257886696 -0.06470000000000001
-0.645 0.9375361142620497 0.9375361142620497 -0.0645
-0.643 0.9377236402368745 0.9377236402368744 -0.06430000000000001
-0.641 0.9379112037206451 0.9379112037206448 -0.0641
-0.639 0.9380988047208639 0.9380988047208639 -0.0639
-0.637 0.9382864432450351 0.938286443245035 -0.0637
-0.635 0.938474119300664 0.9384741193006639 -0.0635
-0.633 0.9386618328952578 0.9386618328952578 -0.06330000000000001
-0.631 0.9388495840363252 0.938849584036325 -0.0631
-0.629 0.939037372731376 0.9390373727313758 -0.0629
-0.627 0.9392251989879219 0.9392251989879218 -0.0627
-0.625 0.9394130628134758 0.9394130628134757 -0.0625
-0.623 0.9396009642155524 0.9396009642155522 -0.0623
-0.621 0.9397889032016676 0.9397889032016675 -0.0621
-0.619 0.9399768797793391 0.9399768797793391 -0.061900000000000004
-0.617 0.9401648939560859 0.9401648939560858 -0.061700000000000005
-0.615 0.9403529457394286 0.9403529457394286 -0.0615
-0.613 0.9405410351368894 0.9405410351368891 -0.0613
-0.611 0.9407291621559916 0.9407291621559913 -0.0611
-0.609 0.9409173268042603 0.9409173268042603 -0.0609
-0.607 0.9411055290892223 0.9411055290892223 -0.060700000000000004
-0.605 0.9412937690184057 0.9412937690184056 -0.0605
-0.603 0.9414820465993399 0.9414820465993398 -0.0603
-0.601 0.941670361839556 0.941670361839556 -0.0601
-0.599 0.9418587147465868 0.9418587147465866 -0.0599
-0.597 0.9420471053279662 0.9420471053279661 -0.0597
-0.595 0.9422355335912301 0.9422355335912299 -0.0595
-0.593 0.9424239995439154 0.9424239995439153 -0.0593
-0.591 0.9426125031935608 0.9426125031935608 -0.0591
-0.589 0.9428010445477064 0.9428010445477064 -0.0589
-0.587 0.942989623613894 0.942989623613894 -0.0587
-0.585 0.9431782403996666 0.9431782403996665 -0.058499999999999996
-0.583 0.943366894912569 0.943366894912569 -0.0583
-0.5810000000000001 0.9435555871601473 0.9435555871601472 -0.05810000000000001
-0.5790000000000001 0.9437443171499492 0.9437443171499491 -0.05790000000000001
-0.5770000000000001 0.9439330848895239 0.9439330848895237 -0.05770000000000001
-0.5750000000000001 0.9441218903864221 0.9441218903864221 -0.05750000000000001
-0.5730000000000001 0.9443107336481962 0.9443107336481962 -0.05730000000000001
-0.5710000000000001 0.9444996146823996 0.9444996146823996 -0.05710000000000001
-0.5690000000000001 0.9446885334965878 0.9446885334965878 -0.056900000000000006
-0.5670000000000001 0.9448774900983175 0.9448774900983175 -0.05670000000000001
-0.5650000000000001 0.9450664844951467 0.9450664844951467 -0.05650000000000001
-0.5630000000000001 0.9452555166946357 0.9452555166946356 -0.05630000000000001
-0.561 0.9454445867043453 0.9454445867043453 -0.05610000000000001
-0.559 0.9456336945318385 0.9456336945318384 -0.055900000000000005
-0.557 0.9458228401846798 0.9458228401846797 -0.055700000000000006
-0.555 0.9460120236704347 0.9460120236704347 -0.05550000000000001
-0.553 0.9462012449966706 0.9462012449966705 -0.05530000000000001
-0.551 0.9463905041709565 0.9463905041709563 -0.05510000000000001
-0.549 0.9465798012008627 0.9465798012008627 -0.054900000000000004
-0.547 0.9467691360939611 0.9467691360939611 -0.054700000000000006
-0.545 0.946958508857825 0.946958508857825 -0.05450000000000001
-0.543 0.9471479195000294 0.9471479195000293 -0.05430000000000001
-0.541 0.9473373680281507 0.9473373680281507 -0.05410000000000001
-0.539 0.9475268544497669 0.9475268544497668 -0.0539
-0.537 0.9477163787724574 0.9477163787724574 -0.053700000000000005
-0.535 0.9479059410038031 0.9479059410038031 -0.053500000000000006
-0.533 0.9480955411513866 0.9480955411513865 -0.05330000000000001
-0.531 0.948285179222792 0.948285179222792 -0.05310000000000001
-0.529 0.9484748552256046 0.9484748552256045 -0.0529
-0.527 0.9486645691674115 0.9486645691674113 -0.052700000000000004
-0.525 0.9488543210558013 0.9488543210558013 -0.052500000000000005
-0.523 0.949044110898364 0.949044110898364 -0.052300000000000006
-0.521 0.9492339387026913 0.9492339387026912 -0.05210000000000001
-0.519 0.9494238044763764 0.9494238044763764 -0.0519
-0.517 0.9496137082270137 0.9496137082270137 -0.0517
-0.515 0.9498036499621996 0.9498036499621995 -0.051500000000000004
-0.513 0.9499936296895315 0.9499936296895315 -0.051300000000000005
-0.511 0.9501836474166087 0.9501836474166085 -0.051100000000000007
-0.509 0.9503737031510319 0.9503737031510319 -0.0509
-0.507 0.9505637969004034 0.9505637969004034 -0.0507
-0.505 0.9507539286723269 0.9507539286723267 -0.0505
-0.503 0.9509440984744076 0.9509440984744076 -0.050300000000000004
-0.501 0.9511343063142526 0.9511343063142526 -0.050100000000000006
-0.499 0.9513245521994698 0.9513245521994697 -0.0499
-0.497 0.9515148361376692 0.9515148361376692 -0.0497
-0.495 0.9517051581364622 0.9517051581364621 -0.0495
-0.493 0.9518955182034616 0.9518955182034615 -0.049300000000000004
-0.491 0.9520859163462819 0.9520859163462818 -0.049100000000000005
-0.489 0.9522763525725391 0.9522763525725391 -0.0489
-0.487 0.9524668268898504 0.9524668268898504 -0.0487
-0.485 0.9526573393058348 0.9526573393058347 -0.0485
-0.483 0.9528478898281131 0.9528478898281131 -0.0483
-0.481 0.9530384784643071 0.9530384784643071 -0.048100000000000004
-0.479 0.9532291052220403 0.9532291052220403 -0.0479
-0.477 0.9534197701089379 0.9534197701089379 -0.0477
-0.475 0.9536104731326264 0.9536104731326264 -0.0475
-0.473 0.9538012143007338 0.9538012143007338 -0.0473
-0.471 0.95399199362089 0.95399199362089 -0.0471
-0.469 0.9541828111007262 0.9541828111007262 -0.0469
-0.46699999999999997 0.9543736667478748 0.9543736667478748 -0.0467
-0.46499999999999997 0.9545645605699703 0.9545645605699702 -0.0465
-0.46299999999999997 0.9547554925746483 0.9547554925746482 -0.0463
-0.46099999999999997 0.9549464627695462 0.9549464627695462 -0.0461
-0.45899999999999996 0.9551374711623027 0.9551374711623027 -0.045899999999999996
-0.45699999999999996 0.9553285177605582 0.955328517760558 -0.0457
-0.45499999999999996 0.9555196025719545 0.9555196025719543 -0.0455
-0.45299999999999996 0.955710725604135 0.9557107256041348 -0.0453
-0.45099999999999996 0.9559018868647446 0.9559018868647446 -0.0451
-0.44899999999999995 0.95609308636143 0.95609308636143 -0.044899999999999995
-0.44699999999999995 0.9562843241018388 0.9562843241018387 -0.0447
-0.44499999999999995 0.9564756000936208 0.9564756000936208 -0.0445
-0.44299999999999995 0.9566669143444269 0.9566669143444269 -0.0443
-0.44099999999999995 0.9568582668619097 0.9568582668619096 -0.0441
-0.43899999999999995 0.9570496576537233 0.9570496576537232 -0.043899999999999995
-0.43699999999999994 0.9572410867275233 0.9572410867275231 -0.043699999999999996
-0.43499999999999994 0.957432554090967 0.957432554090967 -0.0435
-0.43299999999999994 0.9576240597517128 0.9576240597517127 -0.0433
-0.43099999999999994 0.9578156037174212 0.9578156037174212 -0.0431
-0.42899999999999994 0.958007185995754 0.9580071859957539 -0.042899999999999994
-0.42699999999999994 0.9581988065943743 0.9581988065943743 -0.042699999999999995
-0.42499999999999993 0.958390465520947 0.958390465520947 -0.042499999999999996
-0.423 0.9585821627831383 0.9585821627831383 -0.042300000000000004
-0.42100000000000004 0.9587738983886164 0.9587738983886164 -0.042100000000000005
-0.41900000000000004 0.9589656723450505 0.9589656723450504 -0.04190000000000001
-0.41700000000000004 0.9591574846601116 0.9591574846601116 -0.04170000000000001
-0.41500000000000004 0.9593493353414723 0.959349335341472 -0.04150000000000001
-0.41300000000000003 0.9595412243968066 0.9595412243968064 -0.0413
-0.41100000000000003 0.9597331518337898 0.9597331518337897 -0.041100000000000005
-0.40900000000000003 0.9599251176600994 0.9599251176600994 -0.040900000000000006
-0.40700000000000003 0.9601171218834137 0.9601171218834136 -0.04070000000000001
-0.405 0.960309164511413 0.9603091645114129 -0.04050000000000001
-0.403 0.9605012455517791 0.9605012455517788 -0.0403
-0.401 0.960693365012195 0.9606933650121949 -0.040100000000000004
-0.399 0.9608855229003458 0.9608855229003457 -0.039900000000000005
-0.397 0.9610777192239175 0.9610777192239175 -0.039700000000000006
-0.395 0.9612699539905982 0.9612699539905982 -0.03950000000000001
-0.393 0.9614622272080772 0.9614622272080771 -0.0393
-0.391 0.9616545388840454 0.9616545388840453 -0.0391
-0.389 0.9618468890261952 0.9618468890261951 -0.038900000000000004
-0.387 0.9620392776422207 0.9620392776422206 -0.038700000000000005
-0.385 0.9622317047398176 0.9622317047398175 -0.038500000000000006
-0.383 0.9624241703266826 0.9624241703266824 -0.0383
-0.381 0.9626166744105147 0.9626166744105146 -0.0381
-0.379 0.9628092169990138 0.9628092169990136 -0.0379
-0.377 0.9630017980998817 0.9630017980998817 -0.037700000000000004
-0.375 0.9631944177208218 0.9631944177208218 -0.037500000000000006
-0.373 0.9633870758695386 0.9633870758695386 -0.0373
-0.371 0.9635797725537386 0.9635797725537385 -0.0371
-0.369 0.9637725077811297 0.9637725077811297 -0.0369
-0.367 0.9639652815594211 0.963965281559421 -0.0367
-0.365 0.964158093896324 0.9641580938963239 -0.0365
-0.363 0.9643509447995507 0.9643509447995506 -0.0363
-0.361 0.9645438342768154 0.9645438342768153 -0.0361
-0.359 0.9647367623358336 0.9647367623358335 -0.0359
-0.357 0.9649297289843224 0.9649297289843223 -0.0357
-0.355 0.9651227342300005 0.9651227342300005 -0.0355
-0.353 0.965315778080588 0.965315778080588 -0.0353
-0.351 0.9655088605438069 0.9655088605438069 -0.0351
-0.349 0.9657019816273803 0.9657019816273801 -0.0349
-0.347 0.965895141339033 0.965895141339033 -0.0347
-0.345 0.9660883396864915 0.9660883396864914 -0.034499999999999996
-0.34299999999999997 0.9662815766774838 0.9662815766774836 -0.0343
-0.34099999999999997 0.9664748523197393 0.9664748523197393 -0.0341
-0.33899999999999997 0.966668166620989 0.966668166620989 -0.0339
-0.33699999999999997 0.9668615195889655 0.9668615195889655 -0.0337
-0.33499999999999996 0.9670549112314029 0.9670549112314029 -0.033499999999999995
-0.33299999999999996 0.9672483415560369 0.9672483415560369 -0.033299999999999996
-0.33099999999999996 0.9674418105706046 0.9674418105706046 -0.0331
-0.32899999999999996 0.967635318282845 0.967635318282845 -0.0329
-0.32699999999999996 0.9678288647004981 0.9678288647004981 -0.0327
-0.32499999999999996 0.968022449831306 0.9680224498313059 -0.032499999999999994
-0.32299999999999995 0.9682160736830121 0.9682160736830121 -0.032299999999999995
-0.32099999999999995 0.9684097362633611 0.9684097362633611 -0.0321
-0.31899999999999995 0.9686034375800998 0.9686034375800998 -0.0319
-0.31699999999999995 0.9687971776409762 0.9687971776409761 -0.0317
-0.31499999999999995 0.9689909564537397 0.9689909564537397 -0.03149999999999999
-0.31299999999999994 0.9691847740261417 0.9691847740261417 -0.031299999999999994
-0.31099999999999994 0.9693786303659346 0.9693786303659345 -0.031099999999999996
-0.30899999999999994 0.969572525480873 0.969572525480873 -0.030899999999999997
-0.30699999999999994 0.9697664593787125 0.9697664593787124 -0.030699999999999995
-0.30499999999999994 0.9699604320672105 0.9699604320672105 -0.030499999999999996
-0.30299999999999994 0.970154443554126 0.9701544435541257 -0.030299999999999994
-0.30099999999999993 0.9703484938472192 0.9703484938472192 -0.030099999999999995
-0.29899999999999993 0.9705425829542524 0.9705425829542524 -0.029899999999999996
-0.297 0.9707367108829891 0.9707367108829889 -0.0297
-0.29500000000000004 0.9709308776411942 0.9709308776411942 -0.029500000000000005
-0.29300000000000004 0.9711250832366347 0.9711250832366347 -0.029300000000000007
-0.29100000000000004 0.9713193276770786 0.9713193276770786 -0.029100000000000004
-0.28900000000000003 0.9715136109702958 0.9715136109702958 -0.028900000000000006
-0.28700000000000003 0.9717079331240575 0.9717079331240575 -0.028700000000000003
-0.28500000000000003 0.9719022941461366 0.9719022941461366 -0.028500000000000004
-0.28300000000000003 0.9720966940443077 0.9720966940443077 -0.028300000000000006
-0.281 0.9722911328263465 0.9722911328263465 -0.028100000000000003
-0.279 0.9724856105000309 0.9724856105000309 -0.027900000000000005
-0.277 0.9726801270731399 0.9726801270731397 -0.027700000000000002
-0.275 0.972874682553454 0.9728746825534539 -0.027500000000000004
-0.273 0.9730692769487556 0.9730692769487553 -0.027300000000000005
-0.271 0.9732639102668283 0.9732639102668283 -0.027100000000000003
-0.269 0.9734585825154577 0.9734585825154577 -0.026900000000000004
-0.267 0.9736532937024304 0.9736532937024301 -0.0267
-0.265 0.973848043835535 0.9738480438355349 -0.026500000000000003
-0.263 0.9740428329225616 0.9740428329225614 -0.026300000000000004
-0.261 0.9742376609713015 0.9742376609713015 -0.0261
-0.259 0.974432527989548 0.974432527989548 -0.025900000000000003
-0.257 0.9746274339850958 0.9746274339850958 -0.0257
-0.255 0.9748223789657411 0.9748223789657411 -0.025500000000000002
-0.253 0.9750173629392817 0.9750173629392815 -0.025300000000000003
-0.251 0.9752123859135169 0.9752123859135169 -0.0251
-0.249 0.9754074478962477 0.9754074478962476 -0.024900000000000002
-0.247 0.9756025488952764 0.9756025488952763 -0.0247
-0.245 0.9757976889184073 0.9757976889184073 -0.0245
-0.243 0.975992867973446 0.975992867973446 -0.024300000000000002
-0.241 0.9761880860681994 0.9761880860681993 -0.0241
-0.239 0.9763833432104764 0.9763833432104764 -0.0239
-0.237 0.9765786394080872 0.9765786394080871 -0.0237
-0.235 0.9767739746688439 0.9767739746688439 -0.0235
-0.23299999999999998 0.9769693490005595 0.9769693490005594 -0.0233
-0.23099999999999998 0.9771647624110493 0.9771647624110492 -0.0231
-0.22899999999999998 0.9773602149081297 0.9773602149081296 -0.0229
-0.22699999999999998 0.9775557064996189 0.9775557064996188 -0.022699999999999998
-0.22499999999999998 0.9777512371933363 0.9777512371933363 -0.0225
-0.22299999999999998 0.9779468069971035 0.9779468069971035 -0.0223
-0.22099999999999997 0.9781424159187431 0.9781424159187431 -0.022099999999999998
-0.21899999999999997 0.9783380639660794 0.9783380639660793 -0.0219
-0.21699999999999997 0.9785337511469384 0.9785337511469384 -0.021699999999999997
-0.21499999999999997 0.9787294774691476 0.9787294774691474 -0.0215
-0.21299999999999997 0.978925242940536 0.978925242940536 -0.0213
-0.21099999999999997 0.9791210475689343 0.9791210475689341 -0.021099999999999997
-0.20899999999999996 0.9793168913621746 0.9793168913621746 -0.0209
-0.20699999999999996 0.9795127743280907 0.9795127743280907 -0.020699999999999996
-0.20499999999999996 0.9797086964745179 0.9797086964745179 -0.020499999999999997
-0.20299999999999996 0.979904657809293 0.9799046578092929 -0.0203
-0.20099999999999996 0.9801006583402546 0.9801006583402546 -0.020099999999999996
-0.19899999999999995 0.9802966980752427 0.9802966980752427 -0.019899999999999998
-0.19699999999999995 0.9804927770220988 0.9804927770220988 -0.019699999999999995
-0.19499999999999995 0.9806888951886662 0.9806888951886661 -0.019499999999999997
-0.19299999999999995 0.9808850525827895 0.9808850525827895 -0.019299999999999998
-0.19099999999999995 0.981081249212315 0.981081249212315 -0.019099999999999995
-0.18899999999999995 0.9812774850850906 0.9812774850850904 -0.018899999999999997
-0.18699999999999994 0.9814737602089658 0.9814737602089658 -0.018699999999999994
-0.18499999999999994 0.9816700745917915 0.9816700745917913 -0.018499999999999996
-0.18299999999999994 0.9818664282414203 0.9818664282414203 -0.018299999999999993
-0.18099999999999994 0.9820628211657063 0.9820628211657062 -0.018099999999999995
-0.17899999999999994 0.9822592533725054 0.9822592533725053 -0.017899999999999996
-0.17699999999999994 0.9824557248696747 0.9824557248696747 -0.017699999999999994
-0.17499999999999993 0.9826522356650732 0.9826522356650731 -0.017499999999999995
-0.17299999999999993 0.9828487857665612 0.9828487857665612 -0.017299999999999992
-0.17099999999999993 0.9830453751820007 0.9830453751820007 -0.017099999999999994
-0.16899999999999993 0.9832420039192554 0.9832420039192554 -0.016899999999999995
-0.16699999999999998 0.9834386719861904 0.9834386719861903 -0.0167
-0.16500000000000004 0.9836353793906724 0.9836353793906724 -0.016500000000000004
-0.16300000000000003 0.9838321261405697 0.9838321261405697 -0.016300000000000005
-0.16100000000000003 0.9840289122437522 0.9840289122437522 -0.016100000000000003
-0.15900000000000003 0.9842257377080913 0.9842257377080913 -0.015900000000000004
-0.15700000000000003 0.98442260254146 0.98442260254146 -0.015700000000000002
-0.15500000000000003 0.9846195067517329 0.9846195067517329 -0.015500000000000003
-0.15300000000000002 0.9848164503467863 0.9848164503467862 -0.015300000000000003
-0.15100000000000002 0.9850134333344979 0.9850134333344979 -0.015100000000000002
-0.14900000000000002 0.9852104557227469 0.9852104557227467 -0.014900000000000004
-0.14700000000000002 0.9854075175194142 0.985407517519414 -0.014700000000000003
-0.14500000000000002 0.9856046187323824 0.9856046187323823 -0.014500000000000002
-0.14300000000000002 0.9858017593695354 0.9858017593695354 -0.014300000000000002
-0.14100000000000001 0.9859989394387589 0.9859989394387588 -0.014100000000000001
-0.139 0.9861961589479402 0.9861961589479402 -0.013900000000000003
-0.137 0.986393417904968 0.9863934179049679 -0.013700000000000002
-0.135 0.9865907163177327 0.9865907163177327 -0.013500000000000002
-0.133 0.9867880541941261 0.9867880541941261 -0.013300000000000001
-0.131 0.9869854315420418 0.9869854315420415 -0.0131
-0.129 0.9871828483693748 0.9871828483693748 -0.012900000000000002
-0.127 0.9873803046840219 0.9873803046840219 -0.012700000000000001
-0.125 0.9875778004938814 0.9875778004938814 -0.0125
-0.123 0.9877753358068531 0.987775335806853 -0.0123
-0.121 0.9879729106308383 0.9879729106308383 -0.0121
-0.119 0.98817052497374 0.98817052497374 -0.0119
-0.11699999999999999 0.9883681788434628 0.9883681788434628 -0.0117
-0.11499999999999999 0.988565872247913 0.988565872247913 -0.0115
-0.11299999999999999 0.9887636051949982 0.9887636051949982 -0.0113
-0.11099999999999999 0.9889613776926277 0.9889613776926277 -0.011099999999999999
-0.10899999999999999 0.9891591897487125 0.9891591897487123 -0.0109
-0.10699999999999998 0.989357041371165 0.989357041371165 -0.0107
-0.10499999999999998 0.9895549325678993 0.9895549325678991 -0.010499999999999999
-0.10299999999999998 0.9897528633468309 0.9897528633468309 -0.010299999999999998
-0.10099999999999998 0.9899508337158773 0.9899508337158772 -0.010099999999999998
-0.09899999999999998 0.9901488436829572 0.9901488436829571 -0.009899999999999999
-0.09699999999999998 0.9903468932559909 0.9903468932559908 -0.009699999999999999
-0.09499999999999997 0.9905449824429005 0.9905449824429003 -0.009499999999999998
-0.09299999999999997 0.9907431112516095 0.9907431112516094 -0.009299999999999998
-0.09099999999999997 0.9909412796900431 0.990941279690043 -0.009099999999999997
-0.08899999999999997 0.991139487766128 0.991139487766128 -0.008899999999999996
-0.08699999999999997 0.9913377354877926 0.9913377354877926 -0.008699999999999998
-0.08499999999999996 0.9915360228629667 0.9915360228629666 -0.008499999999999997
-0.08299999999999996 0.9917343498995819 0.9917343498995818 -0.008299999999999997
-0.08099999999999996 0.9919327166055711 0.991932716605571 -0.008099999999999996
-0.07899999999999996 0.9921311229888693 0.9921311229888691 -0.007899999999999996
-0.07699999999999996 0.9923295690574124 0.9923295690574122 -0.007699999999999996
-0.07499999999999996 0.9925280548191384 0.9925280548191384 -0.007499999999999996
-0.07299999999999995 0.9927265802819868 0.9927265802819867 -0.007299999999999996
-0.07099999999999995 0.9929251454538985 0.9929251454538985 -0.007099999999999995
-0.06899999999999995 0.9931237503428162 0.993123750342816 -0.0068999999999999955
-0.06699999999999995 0.993322394956684 0.993322394956684 -0.006699999999999995
-0.06499999999999995 0.9935210793034477 0.9935210793034476 -0.006499999999999995
-0.06299999999999994 0.9937198033910547 0.9937198033910545 -0.006299999999999995
-0.06099999999999994 0.9939185672274541 0.993918567227454 -0.006099999999999994
-0.05899999999999994 0.9941173708205961 0.994117370820596 -0.005899999999999995
-0.05699999999999994 0.9943162141784333 0.9943162141784333 -0.005699999999999994
-0.05499999999999994 0.9945150973089191 0.9945150973089191 -0.0054999999999999945
-0.052999999999999936 0.9947140202200089 0.9947140202200089 -0.005299999999999994
-0.050999999999999934 0.9949129829196596 0.9949129829196593 -0.005099999999999993
-0.04899999999999993 0.9951119854158298 0.9951119854158298 -0.004899999999999994
-0.04699999999999993 0.9953110277164796 0.9953110277164796 -0.004699999999999993
-0.04499999999999993 0.9955101098295706 0.9955101098295694 -0.004499999999999993
-0.04299999999999993 0.9957092317630661 0.9957092317630651 -0.004299999999999993
-0.04099999999999998 0.995908393524931 0.9959083935249307 -0.004099999999999999
-0.039000000000000035 0.9961075951231319 0.9961075951231313 -0.0039000000000000037
-0.03700000000000003 0.9963068365656366 0.996306836565634 -0.0037000000000000036
-0.03500000000000003 0.9965061178604149 0.9965061178604108 -0.003500000000000003
-0.03300000000000003 0.9967054390154381 0.9967054390154332 -0.003300000000000003
-0.031000000000000028 0.996904800038679 0.9969048000386737 -0.003100000000000003
-0.029000000000000026 0.9971042009381119 0.9971042009381068 -0.002900000000000003
-0.027000000000000024 0.9973036417217132 0.9973036417217086 -0.0027000000000000027
-0.025000000000000022 0.9975031223974601 0.9975031223974553 -0.0025000000000000022
-0.02300000000000002 0.9977026429733321 0.9977026429733264 -0.002300000000000002
-0.02100000000000002 0.99790220345731 0.9979022034573022 -0.002100000000000002
-0.019000000000000017 0.9981018038573761 0.9981018038573668 -0.0019000000000000017
-0.017000000000000015 0.9983014441815146 0.9983014441815047 -0.0017000000000000016
-0.015000000000000013 0.9985011244377109 0.9985011244377006 -0.0015000000000000013
-0.013000000000000012 0.9987008446339523 0.9987008446339417 -0.0013000000000000012
-0.01100000000000001 0.9989006047782276 0.9989006047782171 -0.001100000000000001
-0.009000000000000008 0.9991004048785274 0.9991004048785176 -0.0009000000000000008
-0.007000000000000006 0.9993002449428433 0.9993002449428328 -0.0007000000000000006
-0.0050000000000000044 0.9995001249791693 0.9995001249791577 -0.0005000000000000004
-0.0030000000000000027 0.9997000449955004 0.9997000449954878 -0.0003000000000000003
-0.0010000000000000009 0.9999000049998333 0.9999000049998192 -0.0001000000000000001
0.0010000000000000009 1.6503708166063191 1.6502681469904 0.501
0.0030000000000000027 1.65367486118276 1.6535719904316677 0.503
0.0050000000000000044 1.6569855204608508 1.65688244818074 0.505
0.007000000000000006 1.6603028076832325 1.6601995334794886 0.507
0.009000000000000008 1.6636267361190586 1.663523259596293 0.509
0.01100000000000001 1.6669573190640476 1.6668536353833816 0.511
0.013000000000000012 1.6702945698405354 1.6701906785842913 0.513
0.015000000000000013 1.6736385017975295 1.673534402550873 0.515
0.017000000000000015 1.6769891283107623 1.6768848206572975 0.517
0.019000000000000017 1.6803464627827445 1.68024194630524 0.519
0.02100000000000002 1.683710518642818 1.6836057929232082 0.521
0.02300000000000002 1.6870813093472115 1.686976373966593 0.523
0.025000000000000022 1.6904588483790914 1.6903537029177238 0.525
0.027000000000000024 1.693843149248619 1.6937377932859194 0.527
0.029000000000000026 1.6972342254930017 1.6971286586075467 0.529
0.031000000000000028 1.7006320906765497 1.7005263124460717 0.531
0.03300000000000003 1.7040367583907279 1.7039307683921137 0.533
0.03500000000000003 1.7074482422542117 1.7073420400635009 0.535
0.03700000000000003 1.710866555912941 1.7107601411053257 0.537
0.039000000000000035 1.7142917130401751 1.7141850851899954 0.539
0.041000000000000036 1.717723727336547 1.7176168860172918 0.541
0.04300000000000004 1.7211626125301187 1.7210555573144226 0.543
0.04500000000000004 1.7246083823764355 1.7245011128360772 0.545
0.04700000000000004 1.7280610506585812 1.7279535663644827 0.547
0.049000000000000044 1.7315206311872335 1.7314129317094578 0.549
0.051000000000000045 1.7349871378007193 1.7348792227084682 0.551
0.05300000000000005 1.7384605843650698 1.7383524532266825 0.553
0.05500000000000005 1.7419409847740754 1.741832637157028 0.555
0.05700000000000005 1.7454283529493428 1.7453197884202447 0.557
0.05900000000000005 1.7489227028403493 1.748813920964942 0.559
0.061000000000000054 1.752424048424499 1.7523150487676555 0.561
0.06300000000000006 1.755932403707179 1.7558231858329 0.5630000000000001
0.06500000000000006 1.7594477827218151 1.7593383461932293 0.5650000000000001
0.06700000000000006 1.762970199529928 1.762860543909289 0.5670000000000001
0.06900000000000006 1.7664996682211898 1.7663897930698753 0.5690000000000001
0.07100000000000006 1.7700362029134795 1.7699261077919892 0.5710000000000001
0.07300000000000006 1.7735798177529412 1.7734695022208937 0.5730000000000001
0.07500000000000007 1.7771305269140385 1.777019990530172 0.5750000000000001
0.07700000000000007 1.780688344599613 1.7805775869217824 0.5770000000000001
0.07900000000000007 1.78425328504094 1.7841423056261143 0.5790000000000001
0.08100000000000007 1.7878253624977865 1.787714160902048 0.5810000000000001
0.08300000000000007 1.7914045912584666 1.7912931670370085 0.5830000000000001
0.08500000000000008 1.7949909856399002 1.7948793383470256 0.5850000000000001
0.08700000000000008 1.7985845599876698 1.7984726891767895 0.5870000000000001
0.08900000000000008 1.8021853286760774 1.8020732338997085 0.5890000000000001
0.09100000000000008 1.8057933061082025 1.8056809869179662 0.5910000000000001
0.09300000000000008 1.80940850671596 1.8092959626625789 0.5930000000000001
0.09500000000000008 1.8130309449601567 1.8129181755934545 0.5950000000000001
0.09700000000000009 1.8166606353305508 1.8165476401994498 0.5970000000000001
0.09900000000000009 1.8202975923459082 1.8201843709984284 0.5990000000000001
0.10100000000000009 1.8239418305540622 1.823828382537318 0.6010000000000001
0.10300000000000009 1.8275933645319704 1.8274796893921696 0.6030000000000001
0.1050000000000001 1.8312522088857734 1.8311383061682156 0.6050000000000001
0.1070000000000001 1.8349183782508536 1.8348042474999275 0.6070000000000001
0.1090000000000001 1.8385918872918934 1.8384775280510757 0.6090000000000001
0.1110000000000001 1.842272750702934 1.8421581625147878 0.6110000000000001
0.1130000000000001 1.8459609832074335 1.8458461656136065 0.6130000000000001
0.1150000000000001 1.8496565995583272 1.8495415520995486 0.6150000000000001
0.1170000000000001 1.8533596145380855 1.8532443367541651 0.6170000000000001
0.1190000000000001 1.857070042958773 1.8569545343886003 0.6190000000000001
0.12100000000000011 1.8607878996621083 1.8606721598436486 0.6210000000000001
0.12300000000000011 1.8645131995195234 1.8643972279898178 0.6230000000000001
0.1250000000000001 1.8682459574322225 1.8681297537273847 0.6250000000000001
0.1270000000000001 1.8719861883312425 1.871869751986457 0.6270000000000001
0.12900000000000011 1.8757339071775117 1.8756172377270337 0.6290000000000001
0.13100000000000012 1.8794891289619107 1.879372225939061 0.6310000000000001
0.13300000000000012 1.8832518687053315 1.8831347316424991 0.6330000000000001
0.13500000000000012 1.887022141458738 1.8869047698873744 0.6350000000000001
0.13700000000000012 1.8907999623032263 1.8906823557538455 0.6370000000000001
0.13900000000000012 1.8945853463500852 1.8944675043522605 0.6390000000000001
0.14100000000000013 1.8983783087408554 1.898260230823219 0.6410000000000001
0.14300000000000013 1.9021788646473918 1.9020605503376322 0.6430000000000001
0.14500000000000013 1.905987029271923 1.9058684780967823 0.6450000000000001
0.14700000000000013 1.9098028178471125 1.9096840293323865 0.6470000000000001
0.14900000000000013 1.91362624563612 1.9135072193066542 0.6490000000000001
0.15100000000000013 1.9174573279326614 1.9173380633123507 0.6510000000000001
0.15300000000000002 1.921296080061071 1.921176576672857 0.653
0.15499999999999992 1.9251425173763625 1.9250227747422313 0.6549999999999999
0.15699999999999992 1.9289966552642905 1.9288766729052715 0.6569999999999999
0.15899999999999992 1.9328585091414117 1.9327382865775753 0.6589999999999999
0.16099999999999992 1.9367280944551466 1.9366076312056026 0.6609999999999999
0.16299999999999992 1.9406054266838417 1.940484722266737 0.6629999999999999
0.16499999999999992 1.9444905213368309 1.9443695752693475 0.6649999999999999
0.16699999999999993 1.948383393954498 1.948262205752852 0.6669999999999999
0.16899999999999993 1.9522840601083389 1.9521626292877778 0.6689999999999999
0.17099999999999993 1.9561925354010232 1.9560708614758235 0.6709999999999999
0.17299999999999993 1.9601088354664575 1.9599869179499234 0.6729999999999999
0.17499999999999993 1.9640329759698472 1.9639108143743087 0.6749999999999999
0.17699999999999994 1.9679649726077593 1.9678425664445696 0.6769999999999999
0.17899999999999994 1.9719048411081856 1.9717821898877204 0.6789999999999999
0.18099999999999994 1.975852597230606 1.9757297004622598 0.6809999999999999
0.18299999999999994 1.9798082567660495 1.9796851139582352 0.6829999999999999
0.18499999999999994 1.9837718355371599 1.9836484461973065 0.6849999999999999
0.18699999999999994 1.9877433493982575 1.9876197130328075 0.6869999999999999
0.18899999999999995 1.9917228142354029 1.9915989303498112 0.689
0.19099999999999995 1.9957102459664608 1.9955861140651914 0.691
0.19299999999999995 1.9997056605411638 1.9995812801276887 0.693
0.19499999999999995 2.003709073941175 2.0035844445179736 0.695
0.19699999999999995 2.007720502180154 2.007595623248708 0.697
0.19899999999999995 2.0117399613038183 2.011614832364612 0.699
0.20099999999999996 2.01576746739001 2.015642087942528 0.701
0.20299999999999996 2.019803036548759 2.0196774060914833 0.703
0.20499999999999996 2.0238466849223475 2.023720802952756 0.705
0.20699999999999996 2.0278984286853743 2.027772294699939 0.707
0.20899999999999996 2.031958284044819 2.0318318975390044 0.709
0.21099999999999997 2.0360262672401097 2.0358996277083703 0.711
0.21299999999999997 2.0401023945431844 2.039975501478964 0.713
0.21499999999999997 2.0441866822585566 2.0440595351542807 0.715
0.21699999999999997 2.048279146723384 2.0481517450704585 0.717
0.21899999999999997 2.052379804307529 2.0522521475963407 0.719
0.22099999999999997 2.056488671413628 2.056360759133545 0.721
0.22299999999999998 2.0606057644771547 2.060477596116529 0.723
0.22499999999999998 2.0647310999664863 2.0646026750126474 0.725
0.22699999999999998 2.068864694382971 2.068736012322232 0.727
0.22899999999999998 2.073006564260992 2.072877624578643 0.729
0.23099999999999998 2.0771567261680337 2.077027528348343 0.731
0.23299999999999998 2.08131519670475 2.081185740230942 0.733
0.235 2.0854819925050276 2.085352276859274 0.735
0.237 2.0896571302360565 2.08952715489946 0.737
0.239 2.093840626598392 2.093710391050986 0.739
0.241 2.098032498326026 2.0979020020467782 0.741
0.243 2.1022327621864507 2.102102004653301 0.743
0.245 2.1064414349807272 2.106310415670626 0.745
0.247 2.110658533543552 2.1105272519324942 0.747
0.249 2.1148840747433253 2.114752530306352 0.749
0.251 2.119118075482217 2.1189862676933813 0.751
0.253 2.1233605526962367 2.123228481028539 0.753
0.255 2.127611523355298 2.1274791872806267 0.755
0.257 2.1318710044632896 2.131738403452365 0.757
0.259 2.1361390130581417 2.1360061465804767 0.759
0.261 2.140415566211894 2.140282433735715 0.761
0.263 2.1447006810307654 2.144567282022849 0.763
0.265 2.1489943746552203 2.1488607085806937 0.765
0.267 2.153296664260039 2.1531627305823484 0.767
0.269 2.157607567054386 2.157473365235809 0.769
0.271 2.161927100281878 2.1617926297848857 0.771
0.273 2.1662552812206535 2.166120541510009 0.773
0.275 2.1705921271834425 2.1704571177280902 0.775
0.277 2.1749376555176343 2.1748023757906085 0.777
0.279 2.179291883605348 2.179156333079715 0.779
0.281 2.1836548288635016 2.1835190070035777 0.781
0.28300000000000003 2.188026508743883 2.187890414993845 0.783
0.28500000000000003 2.192406940733216 2.1922705745089353 0.785
0.28700000000000003 2.196796142353235 2.1966595030456775 0.787
0.28900000000000003 2.201194131160753 2.2010572181578496 0.789
0.29100000000000004 2.2056009247477304 2.205463737474406 0.791
0.29300000000000004 2.2100165407413477 2.209879078705118 0.793
0.29500000000000004 2.2144409968040746 2.214303259621179 0.795
0.29700000000000004 2.218874310633741 2.2187362980059815 0.797
0.29900000000000004 2.223316499963609 2.2231782115869714 0.799
0.30100000000000005 2.2277675825624406 2.2276290179781544 0.801
0.30300000000000005 2.2322275762345734 2.2320887346745413 0.803
0.30500000000000005 2.236696498819987 2.2365573791335516 0.805
0.30700000000000005 2.2411743681943785 2.2410349689477576 0.807
0.30900000000000005 2.245661202269231 2.2455215220630613 0.809
0.31100000000000005 2.2501570189918865 2.2500170569451146 0.811
0.31300000000000006 2.254661836345618 2.2545215925729454 0.8130000000000001
0.31500000000000006 2.2591756723497016 2.2590351481697377 0.8150000000000001
0.31700000000000006 2.2636985450594866 2.2635577426763343 0.8170000000000001
0.31900000000000006 2.2682304725664704 2.268089394112973 0.8190000000000001
0.32100000000000006 2.2727714729983686 2.2726301191056626 0.8210000000000001
0.32300000000000006 2.277321564519189 2.277179932903066 0.8230000000000001
0.32500000000000007 2.281880765329304 2.2817388501160103 0.8250000000000001
0.32700000000000007 2.2864490936655226 2.2863068861592994 0.8270000000000001
0.32900000000000007 2.2910265678011648 2.290884059021333 0.8290000000000001
0.33100000000000007 2.295613206046133 2.2954703906604466 0.8310000000000001
0.3330000000000001 2.3002090267469857 2.300065907194919 0.8330000000000001
0.3350000000000001 2.3048140482870125 2.3046706372549988 0.8350000000000001
0.3370000000000001 2.3094282890863056 2.309284608437339 0.8370000000000001
0.3390000000000001 2.3140517676018346 2.31390784262778 0.8390000000000001
0.3410000000000001 2.318684502327519 2.3185403517676155 0.8410000000000001
0.3430000000000001 2.3233265117943045 2.3231821360768783 0.8430000000000001
0.3450000000000001 2.327977814570235 2.327833186501894 0.8450000000000001
0.3470000000000001 2.332638429260528 2.3324934920936684 0.8470000000000001
0.3490000000000001 2.3373083745076473 2.337163051308982 0.8490000000000001
0.3510000000000001 2.341987668991382 2.3418418843243085 0.8510000000000001
0.3530000000000001 2.3466763314289145 2.3465300420354716 0.8530000000000001
0.3550000000000001 2.351374380574902 2.3512276071551312 0.8550000000000001
0.3570000000000001 2.356081835221547 2.355934684135689 0.8570000000000001
0.3590000000000001 2.3607987141986744 2.360651377494917 0.8590000000000001
0.3610000000000001 2.3655250363738065 2.365377761915763 0.8610000000000001
0.3630000000000001 2.3702608206522378 2.370113851188253 0.8630000000000001
0.3650000000000001 2.375006085977112 2.374859575434476 0.8650000000000001
0.3670000000000001 2.379760851329497 2.3796147760735256 0.8670000000000001
0.3690000000000001 2.3845251357284605 2.38437922516702 0.8690000000000001
0.3710000000000001 2.389298958231146 2.389152670456255 0.8710000000000001
0.3730000000000001 2.39408233793285 2.393934900682143 0.8730000000000001
0.3750000000000001 2.398875293967098 2.3987258193566374 0.8750000000000001
0.3770000000000001 2.4036778455057206 2.403525510845311 0.8770000000000001
0.3790000000000001 2.40849001175893 2.408334281853267 0.8790000000000001
0.3810000000000001 2.413311811975398 2.413152664777698 0.8810000000000001
0.3830000000000001 2.418143265442331 2.417981376433058 0.8830000000000001
0.3850000000000001 2.4229843914855502 2.4228212348971327 0.8850000000000001
0.3870000000000001 2.427835209469566 2.427673046541111 0.8870000000000001
0.3890000000000001 2.432695738797657 2.4325374824575405 0.8890000000000001
0.3910000000000001 2.4375659989119467 2.4374149667297247 0.8910000000000001
0.3930000000000001 2.4424460092934823 2.4423055974767474 0.8930000000000001
0.39500000000000013 2.4473357894623113 2.447209115681316 0.8950000000000001
0.39700000000000013 2.4522353589775614 2.4521249278173 0.8970000000000001
0.39900000000000013 2.4571447374375173 2.4570521782559456 0.8990000000000001
0.40100000000000013 2.462063944479699 2.461989858506806 0.9010000000000001
0.40300000000000014 2.466992999780941 2.466936934335271 0.9030000000000001
0.40500000000000014 2.471931923057472 2.4718924697368854 0.9050000000000001
0.40700000000000003 2.4768807340649905 2.4768557287616817 0.907
0.4089999999999999 2.481839452598748 2.481826241527842 0.9089999999999999
0.4109999999999999 2.486808098493625 2.486803828083577 0.9109999999999999
0.4129999999999999 2.491786691624212 2.4917885814479126 0.9129999999999999
0.4149999999999999 2.496775251904888 2.4967808176763304 0.9149999999999999
0.4169999999999999 2.5017737992899005 2.501781005065578 0.9169999999999999
0.41899999999999993 2.5067823537734455 2.506789686138626 0.9189999999999999
0.42099999999999993 2.5118009353897484 2.511807404959284 0.9209999999999999
0.42299999999999993 2.516829564213142 2.5168346492422535 0.9229999999999999
0.42499999999999993 2.521868260358148 2.5218718125655157 0.9249999999999999
0.42699999999999994 2.526917043979558 2.5269191777259836 0.9269999999999999
0.42899999999999994 2.531975935272513 2.5319769187125982 0.9289999999999999
0.43099999999999994 2.537044954472585 2.5370451164128474 0.9309999999999999
0.43299999999999994 2.5421241218558577 2.542123782184913 0.9329999999999999
0.43499999999999994 2.5472134577390073 2.547212883681106 0.9349999999999999
0.43699999999999994 2.552312982479384 2.5523123684543934 0.9369999999999999
0.43899999999999995 2.5574227164750942 2.557422182485607 0.939
0.44099999999999995 2.56254268016508 2.5625422824224993 0.941
0.44299999999999995 2.567672894029203 2.5676726417098377 0.943
0.44499999999999995 2.572813378588326 2.5728132517348934 0.945
0.44699999999999995 2.5779641544043934 2.5779641195720617 0.947
0.44899999999999995 2.583125242080516 2.583125263946709 0.949
0.45099999999999996 2.588296662261051 2.5882967107767128 0.951
0.45299999999999996 2.593478435631686 2.593478489234677 0.953
0.45499999999999996 2.598670582919522 2.5986706288326453 0.955
0.45699999999999996 2.6038731248931537 2.60387315765586 0.957
0.45899999999999996 2.609086082362757 2.6090861016109113 0.959
0.46099999999999997 2.614309476180169 2.6143094844156614 0.961
0.46299999999999997 2.619543327238971 2.619543328025402 0.963
0.46499999999999997 2.624787656474575 2.6247876532288656 0.965
0.46699999999999997 2.6300424848643047 2.630042480223872 0.967
0.469 2.6353078334274804 2.635307829065781 0.969
0.471 2.640583723225504 2.6405837199528817 0.971
0.473 2.6458701753619405 2.64587017336164 0.973
0.475 2.6511672109826065 2.6511672100703727 0.975
0.477 2.6564748512756515 2.656474851116533 0.977
0.479 2.6617931174716434 2.6617931177269294 0.979
0.481 2.6671220308436547 2.6671220312484625 0.981
0.483 2.672461612707345 2.672461613094374 0.983
0.485 2.67781188442105 2.677811884710767 0.985
0.487 2.6831728673858626 2.683172867561404 0.987
0.489 2.688544583045722 2.6885445831256245 0.989
0.491 2.693927052887499 2.69392705290361 0.991
0.493 2.699320298441079 2.6993202984243436 0.993
0.495 2.7047243412794524 2.704724341252746 0.995
0.497 2.7101392030187967 2.710139202996297 0.997
0.499 2.715564905318567 2.7155649053039217 0.999
0.501 4.059257195087539 4.057025739703068 1.401
0.503 4.0673838334071535 4.0651479214956785 1.403
0.505 4.0755267412675265 4.0732863639270835 1.405
0.507 4.083685951240297 4.081441099550774 1.407
0.509 4.091861495962319 4.089612160985868 1.409
0.511 4.100053408135779 4.097799569995036 1.411
0.513 4.10826172052834 4.106003370199474 1.413
0.515 4.11648646597326 4.114223594423837 1.415
0.517 4.124727677369532 4.122460275547597 1.417
0.519 4.132985387682014 4.130713446517769 1.419
0.521 4.1412596299415565 4.1389831403472375 1.421
0.523 4.149550437245141 4.147269390114908 1.423
0.525 4.157857842756007 4.155572228965841 1.425
0.527 4.166181879703789 4.163891690111409 1.427
0.529 4.174522581384643 4.172227806829451 1.429
0.531 4.182879981161389 4.180580612464408 1.431
0.533 4.191254112463637 4.188950140427475 1.433
0.535 4.1996450087879245 4.1973364241967435 1.435
0.537 4.208052703697845 4.205739497317333 1.437
0.539 4.216477230824191 4.214159393401529 1.439
0.541 4.224918623865084 4.222596146128909 1.441
0.543 4.233376916586104 4.231049789246488 1.443
0.545 4.241852142820435 4.2395203565688515 1.445
0.547 4.250344336468993 4.24800788197828 1.447
0.549 4.258853531500565 4.25651239942489 1.449
0.551 4.267379761951941 4.265033942926768 1.451
0.553 4.275923061928054 4.273572546570098 1.453
0.555 4.284483465602117 4.28212824450931 1.455
0.557 4.293061007215754 4.290701070967208 1.457
0.559 4.301655721079145 4.29929106023511 1.459
0.561 4.310267641571155 4.307898246672988 1.461
0.5630000000000001 4.318896803139479 4.316522664709597 1.463
0.5650000000000001 4.327543240300773 4.325164348842622 1.465
0.5670000000000001 4.336206987640799 4.333823333638809 1.467
0.5690000000000001 4.344888079814558 4.342499653734108 1.469
0.5710000000000001 4.353586551546428 4.351193343833811 1.471
0.5730000000000001 4.36230243763031 4.35990443871269 1.473
0.5750000000000001 4.371035772929758 4.368632973215139 1.475
0.5770000000000001 4.379786592378126 4.377378982255307 1.477
0.5790000000000001 4.388554930978704 4.386142500817239 1.479
0.5810000000000001 4.397340823804857 4.394923563955024 1.481
0.5830000000000001 4.406144306000169 4.403722206792924 1.483
0.5850000000000001 4.414965412778578 4.412538464525523 1.485
0.5870000000000001 4.4238041794245255 4.421372372417863 1.487
0.5890000000000001 4.43266064129309 4.430223965805589 1.489
0.5910000000000001 4.441534833810129 4.4390932800950855 1.491
0.5930000000000001 4.450426792472426 4.447980350763621 1.493
0.5950000000000001 4.459336552847826 4.456885213359491 1.495
0.5970000000000001 4.468264150575384 4.465807903502157 1.497
0.5990000000000001 4.477209621365501 4.474748456882392 1.499
0.6010000000000001 4.486173001000074 4.483706909262422 1.5010000000000001
0.6030000000000001 4.495154325332631 4.492683296476067 1.5030000000000001
0.6050000000000001 4.504153630288485 4.501677654428886 1.5050000000000001
0.6070000000000001 4.513170951864864 4.510690019098324 1.5070000000000001
0.6090000000000001 4.522206326131069 4.519720426533857 1.5090000000000001
0.6110000000000001 4.531259789228608 4.528768912857121 1.5110000000000001
0.6130000000000001 4.540331377371345 4.537835514262075 1.5130000000000001
0.6150000000000001 4.549421126845646 4.546920267015138 1.5150000000000001
0.6170000000000001 4.55852907401052 4.55602320745533 1.5170000000000001
0.6190000000000001 4.567655255297768 4.565144371994427 1.5190000000000001
0.6210000000000001 4.576799707212127 4.574283797117101 1.5210000000000001
0.6230000000000001 4.585962466331418 4.5834415193810605 1.5230000000000001
0.6250000000000001 4.595143569306689 4.5926175754172105 1.5250000000000001
0.6270000000000001 4.6043430528623635 4.601812001929784 1.5270000000000001
0.6290000000000001 4.613560953796389 4.611024835696502 1.5290000000000001
0.6310000000000001 4.622797308980381 4.62025611356871 1.5310000000000001
0.6330000000000001 4.632052155359773 4.629505872471536 1.5330000000000001
0.6350000000000001 4.641325529953962 4.638774149404024 1.5350000000000001
0.6370000000000001 4.650617469856459 4.648060981439293 1.5370000000000001
0.6390000000000001 4.659928012235037 4.657366405724685 1.5390000000000001
0.6410000000000001 4.669257194331876 4.666690459481912 1.5410000000000001
0.6430000000000001 4.678605053463719 4.6760331800072 1.5430000000000001
0.6450000000000001 4.687971627022014 4.685394604671441 1.5450000000000002
0.6470000000000001 4.697356952473068 4.694774770920348 1.5470000000000002
0.6490000000000001 4.706761067358194 4.704173716274598 1.5490000000000002
0.6510000000000001 4.716184009293865 4.713591478329987 1.5510000000000002
0.6530000000000001 4.7256258159718625 4.723028094757576 1.5530000000000002
0.6550000000000001 4.735086525159424 4.732483603303841 1.5550000000000002
0.6570000000000001 4.744566174699401 4.741958041790828 1.5570000000000002
0.6590000000000001 4.754064802510401 4.751451448116308 1.5590000000000002
0.6610000000000001 4.76358244658695 4.760963860253915 1.5610000000000002
0.6630000000000001 4.7731191449996375 4.770495316253309 1.5630000000000002
0.665 4.782674935895268 4.780045854240329 1.565
0.6669999999999999 4.79224985749702 4.78961551241714 1.567
0.6689999999999999 4.801843948104592 4.7992043290623885 1.569
0.6709999999999999 4.811457246094358 4.808812342531349 1.571
0.6729999999999999 4.821089789919524 4.818439591256091 1.573
0.6749999999999999 4.830741618110278 4.8280861137456235 1.575
0.6769999999999999 4.840412769273946 4.8377519485860505 1.577
0.6789999999999999 4.850103282095144 4.847437134440722 1.579
0.6809999999999999 4.859813195335938 4.857141710050394 1.581
0.6829999999999999 4.869542547835993 4.866865714233383 1.583
0.6849999999999999 4.879291378512731 4.876609185885719 1.585
0.6869999999999999 4.88905972636149 4.886372163981301 1.587
0.689 4.8988476304556725 4.8961546875720545 1.589
0.691 4.908655129946909 4.905956795788088 1.591
0.693 4.91848226406521 4.915778527837845 1.593
0.695 4.928329072119125 4.9256199230082665 1.595
0.697 4.9381955934959 4.935481020664949 1.597
0.699 4.9480818676616325 4.945361860252296 1.599
0.701 4.957987934161434 4.955262481293677 1.601
0.703 4.967913832619582 4.965182923391589 1.603
0.705 4.977859602739685 4.975123226227819 1.605
0.707 4.987825284304836 4.985083429563584 1.607
0.709 4.997810917177775 4.9950635732397135 1.609
0.711 5.007816541301046 5.005063697176796 1.611
0.713 5.017842196697159 5.015083841375342 1.613
0.715 5.027887923468749 5.025124045915939 1.615
0.717 5.037953761798738 5.035184350959421 1.617
0.719 5.0480397519504905 5.04526479674702 1.619
0.721 5.058145934267982 5.055365423600533 1.621
0.723 5.068272349175954 5.065486271922484 1.623
0.725 5.0784190371800815 5.075627382196276 1.625
0.727 5.088586038867128 5.085788794986366 1.627
0.729 5.098773394905115 5.095970550938414 1.629
0.731 5.10898114604348 5.106172690779461 1.631
0.733 5.1192093331132416 5.11639525531808 1.633
0.735 5.129457997027161 5.1266382854445425 1.635
0.737 5.139727178779908 5.136901822130982 1.637
0.739 5.150016919448222 5.1471859064315595 1.639
0.741 5.160327260191082 5.1574905794826265 1.641
0.743 5.170658242249862 5.167815882502888 1.643
0.745 5.181009906948506 5.1781618567935705 1.645
0.747 5.1913822956936855 5.188528543738585 1.647
0.749 5.20177544997497 5.198915984804692 1.649
0.751 5.21218941136499 5.209324221541671 1.651
0.753 5.222624221519604 5.219753295582482 1.653
0.755 5.233079922178068 5.230203248643436 1.655
0.757 5.243556555163199 5.240674122524357 1.657
0.759 5.254054162381541 5.251165959108757 1.659
0.761 5.264572785823539 5.261678800363995 1.661
0.763 5.275112467563699 5.272212688341451 1.663
0.765 5.285673249760763 5.28276766517669 1.665
0.767 5.296255174657873 5.293343773089633 1.667
0.769 5.306858284582745 5.303941054384724 1.669
0.771 5.31748262194783 5.314559551451106 1.671
0.773 5.328128229250493 5.32519930676278 1.673
0.775 5.338795149073176 5.335860362878783 1.675
0.777 5.349483424083576 5.346542762443353 1.677
0.779 5.360193097034803 5.357246548186103 1.679
0.781 5.3709242107655655 5.367971762922185 1.681
0.783 5.381676808200332 5.378718449552476 1.683
0.785 5.392450932349508 5.389486651063738 1.685
0.787 5.403246626309603 5.400276410528789 1.687
0.789 5.414063933263407 5.411087771106683 1.689
0.791 5.424902896480163 5.421920776042876 1.691
0.793 5.435763559315738 5.432775468669403 1.693
0.795 5.446645965212798 5.44365189240505 1.695
0.797 5.4575501577009815 5.454550090755527 1.697
0.799 5.468476180397072 5.4654701073136405 1.699
0.801 5.479424077005176 5.476411985759468 1.701
0.803 5.490393891316893 5.48737576986054 1.703
0.805 5.501385667211497 5.498361503472008 1.705
0.807 5.5123994486561045 5.509369230536821 1.707
0.809 5.523435279705856 5.520398995085905 1.709
0.811 5.534493204504091 5.531450841238334 1.711
0.8130000000000001 5.545573267282524 5.542524813201498 1.713
0.8150000000000001 5.556675512361419 5.553620955271305 1.715
0.8170000000000001 5.567799984149774 5.564739311832337 1.717
0.8190000000000001 5.578946727145489 5.575879927358038 1.719
0.8210000000000001 5.59011578593555 5.587042846410884 1.721
0.8230000000000001 5.601307205196209 5.5982281136425645 1.723
0.8250000000000001 5.612521029693157 5.6094357737941625 1.725
0.8270000000000001 5.623757304281708 5.620665871696336 1.727
0.8290000000000001 5.635016073906973 5.63191845226949 1.729
0.8310000000000001 5.646297383604048 5.643193560523962 1.731
0.8330000000000001 5.657601278498185 5.6544912415602 1.733
0.8350000000000001 5.668927803804981 5.6658115405689475 1.735
0.8370000000000001 5.6802770048305495 5.677154502831413 1.737
0.8390000000000001 5.691648926971711 5.688520173719457 1.739
0.8410000000000001 5.70304361571617 5.699908598695783 1.741
0.8430000000000001 5.7144611166426955 5.711319823314103 1.743
0.8450000000000001 5.725901475421306 5.7227538932193305 1.745
0.8470000000000001 5.737364737813454 5.734210854147761 1.747
0.8490000000000001 5.748850949672202 5.7456907519272535 1.749
0.8510000000000001 5.760360156942415 5.757193632477414 1.7510000000000001
0.8530000000000001 5.771892405660936 5.76871954180978 1.7530000000000001
0.8550000000000001 5.783447741956775 5.780268526028007 1.7550000000000001
0.8570000000000001 5.795026212051293 5.7918406313280455 1.7570000000000001
0.8590000000000001 5.806627862258386 5.803435903998334 1.7590000000000001
0.8610000000000001 5.818252738984671 5.815054390419978 1.7610000000000001
0.8630000000000001 5.829900888729669 5.826696137066937 1.7630000000000001
0.8650000000000001 5.841572358085995 5.8383611905062125 1.7650000000000001
0.8670000000000001 5.853267193739542 5.850049597398035 1.7670000000000001
0.8690000000000001 5.864985442469669 5.861761404496047 1.7690000000000001
0.8710000000000001 5.876727151149385 5.873496658647493 1.7710000000000001
0.8730000000000001 5.888492366745542 5.885255406793405 1.7730000000000001
0.8750000000000001 5.900281136319017 5.897037695968791 1.7750000000000001
0.8770000000000001 5.912093507024904 5.908843573302823 1.7770000000000001
0.8790000000000001 5.923929526112702 5.92067308601903 1.7790000000000001
0.8810000000000001 5.935789240926503 5.932526281435473 1.7810000000000001
0.8830000000000001 5.947672698905183 5.944403206964951 1.7830000000000001
0.8850000000000001 5.959579947582588 5.956303910115182 1.7850000000000001
0.8870000000000001 5.97151103458773 5.968228438488994 1.7870000000000001
0.8890000000000001 5.983466007644972 5.980176839784521 1.7890000000000001
0.8910000000000001 5.995444914574223 5.992149161795378 1.7910000000000001
0.8930000000000001 6.007447803291125 6.004145452410873 1.7930000000000001
0.8950000000000001 6.019474721807251 6.016165759616182 1.7950000000000002
0.8970000000000001 6.03152571823029 6.028210131492553 1.7970000000000002
0.8990000000000001 6.043600840764244 6.040278616217485 1.7990000000000002
0.9010000000000001 6.055700137709619 6.052371262064938 1.8010000000000002
0.9030000000000001 6.067823657463619 6.06448811740551 1.8030000000000002
0.9050000000000001 6.0799714485203395 6.0766292307066365 1.8050000000000002
0.9070000000000001 6.092143559470961 6.08879465053279 1.8070000000000002
0.9090000000000001 6.104340039003943 6.100984425545667 1.8090000000000002
0.9110000000000001 6.11656093590522 6.113198604504379 1.8110000000000002
0.9130000000000001 6.128806299058397 6.125437236265662 1.8130000000000002
0.9150000000000001 6.1410761774449405 6.137700369784056 1.8150000000000002
0.9170000000000001 6.153370620144383 6.1499880541121135 1.8170000000000002
0.919 6.165689676334508 6.162300338400587 1.819
0.9209999999999999 6.178033395291561 6.17463727189863 1.821
0.9229999999999999 6.190401826390434 6.186998903953992 1.823
0.9249999999999999 6.202795019104865 6.1993852840132195 1.825
0.9269999999999999 6.215213023007643 6.211796461621851 1.827
0.9289999999999999 6.2276558877708 6.2242324864246115 1.829
0.9309999999999999 6.240123663165812 6.236693408165619 1.831
0.9329999999999999 6.252616399063797 6.249179276688574 1.833
0.9349999999999999 6.265134145435714 6.261690141936969 1.835
0.9369999999999999 6.277676952352567 6.274226053954279 1.837
0.939 6.2902448699855995 6.2867870628841676 1.839
0.941 6.302837948606499 6.299373218970692 1.841
0.943 6.315456238587597 6.311984572558492 1.843
0.945 6.32809979040207 6.324621174093006 1.845
0.947 6.340768654624141 6.337283074120631 1.847
0.949 6.353462881929286 6.349970323289053 1.849
0.951 6.366182523094429 6.3626829723471 1.851
0.953 6.378927628998154 6.375421072145886 1.853
0.955 6.391698250620899 6.388184673636479 1.855
0.957 6.40449443904517 6.400973827876911 1.857
0.959 6.417316245455735 6.413788586014148 1.859
0.961 6.43016372113984 6.426628999333158 1.861
0.963 6.443036917487402 6.439495119126123 1.863
0.965 6.455935885991225 6.452386997043832 1.865
0.967 6.468860678247199 6.4653046841543995 1.867
0.969 6.481811345954512 6.478248233467408 1.869
0.971 6.494787940915851 6.491217693168009 1.871
0.973 6.507790515037613 6.504213124755529 1.873
0.975 6.5208191203301125 6.517234554418727 1.875
0.977 6.533873808907788 6.530282103388489 1.877
0.979 6.546954632989411 6.54335563849253 1.879
0.981 6.560061644898295 6.556455708939927 1.881
0.983 6.573194897062505 6.569581035014479 1.883
0.985 6.586354442015068 6.582735240320331 1.885
0.987 6.599540332394181 6.595908804154717 1.887
0.989 6.612752620943422 6.609127443109286 1.889
0.991 6.625991360511965 6.622322410909512 1.891
0.993 6.6392566040547845 6.635678194953203 1.893
0.995 6.652548404632872 6.648700418779 1.895
0.997 6.665866815413448 6.662714571902606 1.897
0.999 6.679211889670174 6.674167388916087 1.899
