-0.99 0.9057427080235485 0.9057427080235485 -0.099
-0.97 0.9075560061332727 0.9075560061332727 -0.097
-0.95 0.9093729344682314 0.9093729344682313 -0.095
-0.9299999999999999 0.9111935002961405 0.9111935002961404 -0.093
-0.91 0.9130177108992658 0.9130177108992655 -0.09100000000000001
-0.89 0.914845573574452 0.9148455735744517 -0.08900000000000001
-0.87 0.9166770956331523 0.9166770956331521 -0.08700000000000001
-0.85 0.9185122844014574 0.9185122844014572 -0.085
-0.8300000000000001 0.9203511472201247 0.9203511472201247 -0.08300000000000002
-0.81 0.922193691444608 0.9221936914446079 -0.08100000000000002
-0.79 0.9240399244450868 0.9240399244450868 -0.07900000000000001
-0.77 0.9258898536064953 0.9258898536064952 -0.07700000000000001
-0.75 0.9277434863285529 0.9277434863285529 -0.07500000000000001
-0.73 0.9296008300257927 0.9296008300257926 -0.073
-0.71 0.9314618921275921 0.931461892127592 -0.071
-0.69 0.933326680078202 0.9333266800782019 -0.06899999999999999
-0.6699999999999999 0.9351952013367766 0.9351952013367765 -0.06699999999999999
-0.6499999999999999 0.9370674633774034 0.9370674633774034 -0.06499999999999999
-0.63 0.9389434736891332 0.9389434736891331 -0.063
-0.61 0.9408232397760097 0.9408232397760096 -0.061
-0.5900000000000001 0.9427067691570997 0.9427067691570996 -0.05900000000000001
-0.5700000000000001 0.9445940693665233 0.9445940693665232 -0.05700000000000001
-0.55 0.9464851479534838 0.9464851479534837 -0.05500000000000001
-0.53 0.9483800124822982 0.9483800124822982 -0.053000000000000005
-0.51 0.950278670532427 0.9502786705324268 -0.051000000000000004
-0.49 0.9521811296985049 0.9521811296985047 -0.049
-0.47 0.9540873975903711 0.954087397590371 -0.047
-0.44999999999999996 0.9559974818331 0.9559974818331 -0.045
-0.43 0.9579113900670306 0.9579113900670307 -0.043000000000000003
-0.41000000000000003 0.9598291299477989 0.9598291299477962 -0.04100000000000001
-0.39 0.9617507091463667 0.9617507091463783 -0.03900000000000001
-0.37 0.9636761353490535 0.9636761353489864 -0.037
-0.35 0.9656054162575665 0.9656054162579041 -0.034999999999999996
-0.32999999999999996 0.967538559589032 0.9675385595874235 -0.032999999999999995
-0.30999999999999994 0.9694755730760259 0.9694755730830202 -0.030999999999999996
-0.29 0.9714164644666048 0.9714164644388891 -0.028999999999999998
-0.27 0.9733612415243368 0.9733612416227766 -0.027000000000000003
-0.25 0.9753099120283326 0.9753099117210745 -0.025
-0.22999999999999998 0.9772624837732771 0.9772624845890403 -0.023
-0.20999999999999996 0.9792189645694596 0.9792189628345822 -0.020999999999999998
-0.18999999999999995 0.981179362242806 0.9811793647847653 -0.018999999999999996
-0.16999999999999998 0.9831436846349096 0.9831436836663968 -0.016999999999999998
-0.15000000000000002 0.9851119396030626 0.9851119329491302 -0.015000000000000003
-0.13 0.9870841350202876 0.9870841529666796 -0.013000000000000001
-0.10999999999999999 0.9890602787753687 0.9890602682377135 -0.011
-0.08999999999999997 0.9910403787728836 0.9910403378857324 -0.008999999999999998
-0.06999999999999995 0.9930244429332351 0.9930245098983324 -0.006999999999999996
-0.04999999999999999 0.9950124791926823 0.9950125666903983 -0.004999999999999999
-0.030000000000000027 0.997004495503373 0.9970043689628006 -0.0030000000000000027
-0.010000000000000009 0.999000499833375 0.998999943256476 -0.0010000000000000009
0.010000000000000009 1.6652911949458864 1.6644064049277745 0.51
0.030000000000000027 1.6989323086185506 1.6980352741263813 0.53
0.050000000000000044 1.7332530178673953 1.7323448866253324 0.55
0.07000000000000006 1.7682670514337353 1.7673476854157568 0.5700000000000001
0.09000000000000008 1.8039884153978571 1.80305452767394 0.5900000000000001
0.1100000000000001 1.8404313987816376 1.839476625974326 0.6100000000000001
0.13000000000000012 1.8776105792643434 1.876629811246956 0.6300000000000001
0.15000000000000002 1.9155408290138962 1.914537482108448 0.65
0.16999999999999993 1.9542373206359394 1.9532269609730883 0.6699999999999999
0.18999999999999995 1.9937155332430823 1.9927138632628356 0.69
0.20999999999999996 2.0339912586467506 2.0330077711050727 0.71
0.22999999999999998 2.0750806076741224 2.0740975450646406 0.73
0.25 2.117000016612675 2.115971145390644 0.75
0.27 2.159766253784915 2.1586382471705656 0.77
0.29000000000000004 2.203396426255937 2.202142609155146 0.79
0.31000000000000005 2.2479079866764717 2.2465554251191797 0.81
0.33000000000000007 2.293318740264183 2.291951189935478 0.8300000000000001
0.3500000000000001 2.339646851925991 2.3383805465071346 0.8500000000000001
0.3700000000000001 2.386910853524277 2.3858554782350243 0.8700000000000001
0.3900000000000001 2.435129651289875 2.4343535367148195 0.8900000000000001
0.41000000000000003 2.4843225333848165 2.4838367428266865 0.91
0.42999999999999994 2.5345091776178545 2.5342732108736836 0.9299999999999999
0.44999999999999996 2.585709659315846 2.585653765761159 0.95
0.47 2.6379444593541526 2.6379914390676014 0.97
0.49 2.691234472349262 2.691323280681386 0.99
0.51 4.0959554040711765 4.073934283043203 1.4100000000000001
0.53 4.178699191923247 4.156233141938188 1.4300000000000002
0.55 4.263114515168819 4.240184615241603 1.4500000000000002
0.5700000000000001 4.349235141062742 4.32582879664608 1.4700000000000002
0.5900000000000001 4.437095519003665 4.413204446410824 1.4900000000000002
0.6100000000000001 4.526730794314253 4.502349007299108 1.5100000000000002
0.6300000000000001 4.618176822299782 4.59329905644592 1.5300000000000002
0.6500000000000001 4.711470182590743 4.686090870517129 1.5500000000000003
0.67 4.806648193775178 4.780760916498662 1.57
0.69 4.903748928326621 4.877333353484884 1.5899999999999999
0.71 5.002811227833587 4.9758581683302054 1.6099999999999999
0.73 5.1038747185367255 5.076374760633213 1.63
0.75 5.206979827179849 5.178922088627976 1.65
0.77 5.312167797181167 5.2835420553040535 1.67
0.79 5.419480705131206 5.3902739427003965 1.69
0.81 5.528961477624004 5.499166373815777 1.71
0.8300000000000001 5.6406539084283205 5.610247191008975 1.73
0.8500000000000001 5.754602676005731 5.723602454374209 1.75
0.8700000000000001 5.8708533613826015 5.839168336298444 1.77
0.8900000000000001 5.9894524663831135 5.957279352230369 1.79
0.91 6.11044743223061 6.077224650225718 1.81
0.9299999999999999 6.2338866585247175 6.201048550148048 1.83
0.95 6.359819522601832 6.323545730880833 1.85
0.97 6.488296399286712 6.458594952582623 1.87
0.99 6.6193686810430785 6.569829112539805 1.8900000000000001

