-0.99 0.9057427080235485 0.9057427080235605 -0.099
-0.97 0.9075560061332727 0.9075560061332959 -0.097
-0.95 0.9093729344682314 0.9093729344682663 -0.095
-0.9299999999999999 0.9111935002961405 0.9111935002961873 -0.093
-0.91 0.9130177108992658 0.913017710899324 -0.09100000000000001
-0.89 0.914845573574452 0.9148455735745216 -0.08900000000000001
-0.87 0.9166770956331523 0.9166770956332337 -0.08700000000000001
-0.85 0.9185122844014574 0.9185122844015505 -0.085
-0.8300000000000001 0.9203511472201247 0.9203511472202268 -0.08300000000000002
-0.81 0.922193691444608 0.9221936914447153 -0.08100000000000002
-0.79 0.9240399244450868 0.9240399244451972 -0.07900000000000001
-0.77 0.9258898536064953 0.9258898536066076 -0.07700000000000001
-0.75 0.9277434863285529 0.9277434863286659 -0.07500000000000001
-0.73 0.9296008300257927 0.9296008300259067 -0.073
-0.71 0.9314618921275921 0.9314618921277067 -0.071
-0.69 0.933326680078202 0.9333266800783175 -0.06899999999999999
-0.6699999999999999 0.9351952013367766 0.9351952013368928 -0.06699999999999999
-0.6499999999999999 0.9370674633774034 0.9370674633775204 -0.06499999999999999
-0.63 0.9389434736891332 0.9389434736892504 -0.063
-0.61 0.9408232397760097 0.9408232397761267 -0.061
-0.5900000000000001 0.9427067691570997 0.9427067691572167 -0.05900000000000001
-0.5700000000000001 0.9445940693665233 0.9445940693666405 -0.05700000000000001
-0.55 0.9464851479534838 0.946485147953601 -0.05500000000000001
-0.53 0.9483800124822982 0.9483800124824154 -0.053000000000000005
-0.51 0.950278670532427 0.950278670532544 -0.051000000000000004
-0.49 0.9521811296985049 0.9521811296986221 -0.049
-0.47 0.9540873975903711 0.9540873975904882 -0.047
-0.44999999999999996 0.9559974818331 0.9559974818332172 -0.045
-0.43 0.9579113900670306 0.9579113900671479 -0.043000000000000003
-0.41000000000000003 0.9598291299477989 0.9598291299479145 -0.04100000000000001
-0.39 0.9617507091463667 0.9617507091464967 -0.03900000000000001
-0.37 0.9636761353490535 0.9636761353491055 -0.037
-0.35 0.9656054162575665 0.9656054162580224 -0.034999999999999996
-0.32999999999999996 0.967538559589032 0.9675385595875521 -0.032999999999999995
-0.30999999999999994 0.9694755730760259 0.9694755730831134 -0.030999999999999996
-0.29 0.9714164644666048 0.9714164644391088 -0.028999999999999998
-0.27 0.9733612415243368 0.9733612416226303 -0.027000000000000003
-0.25 0.9753099120283326 0.9753099117217381 -0.025
-0.22999999999999998 0.9772624837732771 0.9772624845888573 -0.023
-0.20999999999999996 0.9792189645694596 0.9792189628313569 -0.020999999999999998
-0.18999999999999995 0.981179362242806 0.9811793648036863 -0.018999999999999996
-0.16999999999999998 0.9831436846349096 0.9831436836070886 -0.016999999999999998
-0.15000000000000002 0.9851119396030626 0.9851119330716427 -0.015000000000000003
-0.13 0.9870841350202876 0.9870841528359595 -0.013000000000000001
-0.10999999999999999 0.9890602787753687 0.9890602681538245 -0.011
-0.08999999999999997 0.9910403787728836 0.9910403383966122 -0.008999999999999998
-0.06999999999999995 0.9930244429332351 0.9930245094618082 -0.006999999999999996
-0.04999999999999999 0.9950124791926823 0.9950125658791749 -0.004999999999999999
-0.030000000000000027 0.997004495503373 0.9970043697957327 -0.0030000000000000027
-0.010000000000000009 0.999000499833375 0.9989999463435324 -0.0010000000000000009
0.010000000000000009 1.6652911949458864 1.6644064086753774 0.51
0.030000000000000027 1.6989323086185506 1.698035272777099 0.53
0.050000000000000044 1.7332530178673953 1.7323448812499453 0.55
0.07000000000000006 1.7682670514337353 1.7673476658683893 0.5700000000000001
0.09000000000000008 1.8039884153978571 1.8030545064668857 0.5900000000000001
0.1100000000000001 1.8404313987816376 1.8394717874181234 0.6100000000000001
0.13000000000000012 1.8776105792643434 1.87661987008258 0.6300000000000001
0.15000000000000002 1.9155408290138962 1.9145220240908793 0.65
0.16999999999999993 1.9542373206359394 1.9532057183612195 0.6699999999999999
0.18999999999999995 1.9937155332430823 1.9926922533839857 0.69
0.20999999999999996 2.0339912586467506 2.0329863347453574 0.71
0.22999999999999998 2.0750806076741224 2.0740764050581357 0.73
0.25 2.117000016612675 2.1159500310665957 0.75
0.27 2.159766253784915 2.158616181172677 0.77
0.29000000000000004 2.203396426255937 2.202118603764403 0.79
0.31000000000000005 2.2479079866764717 2.2465291064175816 0.81
0.33000000000000007 2.293318740264183 2.2919231509637363 0.8300000000000001
0.3500000000000001 2.339646851925991 2.338352093732164 0.8500000000000001
0.3700000000000001 2.386910853524277 2.385827919970684 0.8700000000000001
0.3900000000000001 2.435129651289875 2.434327514351521 0.8900000000000001
0.41000000000000003 2.4843225333848165 2.4838119303623527 0.91
0.42999999999999994 2.5345091776178545 2.534248647619151 0.9299999999999999
0.44999999999999996 2.585709659315846 2.58562826903704 0.95
0.47 2.6379444593541526 2.637964385369303 0.97
0.49 2.691234472349262 2.6912948584309087 0.99
0.51 4.0959554040711765 4.073890886588831 1.4100000000000001
0.53 4.178699191923247 4.156189224518902 1.4300000000000002
0.55 4.263114515168819 4.240141115092193 1.4500000000000002
0.5700000000000001 4.349235141062742 4.325786733730119 1.4700000000000002
0.5900000000000001 4.437095519003665 4.413164804054038 1.4900000000000002
0.6100000000000001 4.526730794314253 4.5023006781155015 1.5100000000000002
0.6300000000000001 4.618176822299782 4.593242142744989 1.5300000000000002
0.6500000000000001 4.711470182590743 4.686025323199501 1.5500000000000003
0.67 4.806648193775178 4.780686410475383 1.57
0.69 4.903748928326621 4.877262226471449 1.5899999999999999
0.71 5.002811227833587 4.97579037474707 1.6099999999999999
0.73 5.1038747185367255 5.076309610595945 1.63
0.75 5.206979827179849 5.178859258826739 1.65
0.77 5.312167797181167 5.283480855101756 1.67
0.79 5.419480705131206 5.390213799046903 1.69
0.81 5.528961477624004 5.499106736122956 1.71
0.8300000000000001 5.6406539084283205 5.610187522053804 1.73
0.8500000000000001 5.754602676005731 5.723542367854215 1.75
0.8700000000000001 5.8708533613826015 5.839107307230663 1.77
0.8900000000000001 5.9894524663831135 5.957217472385566 1.79
0.91 6.11044743223061 6.077160618059576 1.81
0.9299999999999999 6.2338866585247175 6.200985009703952 1.83
0.95 6.359819522601832 6.323475115832284 1.85
0.97 6.488296399286712 6.458536939667585 1.87
0.99 6.6193686810430785 6.569731731634792 1.8900000000000001

