-0.99 0.9057427080235485 0.9057427080576079 -0.099
-0.97 0.9075560061332727 0.9075560062079575 -0.097
-0.95 0.9093729344682314 0.9093729345847631 -0.095
-0.9299999999999999 0.9111935002961405 0.9111935004547341 -0.093
-0.91 0.9130177108992658 0.913017711100672 -0.09100000000000001
-0.89 0.914845573574452 0.9148455738201936 -0.08900000000000001
-0.87 0.9166770956331523 0.9166770959235375 -0.08700000000000001
-0.85 0.9185122844014574 0.9185122847325816 -0.085
-0.8300000000000001 0.9203511472201247 0.9203511475829218 -0.08300000000000002
-0.81 0.922193691444608 0.922193691827345 -0.08100000000000002
-0.79 0.9240399244450868 0.9240399248374016 -0.07900000000000001
-0.77 0.9258898536064953 0.9258898540019853 -0.07700000000000001
-0.75 0.9277434863285529 0.9277434867247485 -0.07500000000000001
-0.73 0.9296008300257927 0.929600830422535 -0.073
-0.71 0.9314618921275921 0.9314618925254157 -0.071
-0.69 0.933326680078202 0.9333266804775162 -0.06899999999999999
-0.6699999999999999 0.9351952013367766 0.935195201737726 -0.06699999999999999
-0.6499999999999999 0.9370674633774034 0.9370674637799937 -0.06499999999999999
-0.63 0.9389434736891332 0.9389434740933434 -0.063
-0.61 0.9408232397760097 0.9408232401818322 -0.061
-0.5900000000000001 0.9427067691570997 0.942706769564539 -0.05900000000000001
-0.5700000000000001 0.9445940693665233 0.9445940697755872 -0.05700000000000001
-0.55 0.9464851479534838 0.9464851483641797 -0.05500000000000001
-0.53 0.9483800124822982 0.9483800128946326 -0.053000000000000005
-0.51 0.950278670532427 0.950278670946406 -0.051000000000000004
-0.49 0.9521811296985049 0.9521811301141352 -0.049
-0.47 0.9540873975903711 0.9540873980076594 -0.047
-0.44999999999999996 0.9559974818331 0.9559974822520526 -0.045
-0.43 0.9579113900670306 0.9579113904876542 -0.043000000000000003
-0.41000000000000003 0.9598291299477989 0.9598291303701003 -0.04100000000000001
-0.39 0.9617507091463667 0.9617507095703527 -0.03900000000000001
-0.37 0.9636761353490535 0.9636761357747311 -0.037
-0.35 0.9656054162575665 0.965605416684939 -0.034999999999999996
-0.32999999999999996 0.967538559589032 0.9675385600181265 -0.032999999999999995
-0.30999999999999994 0.9694755730760259 0.9694755735067468 -0.030999999999999996
-0.29 0.9714164644666048 0.9714164648994323 -0.028999999999999998
-0.27 0.9733612415243368 0.9733612419572322 -0.027000000000000003
-0.25 0.9753099120283326 0.9753099124695102 -0.025
-0.22999999999999998 0.9772624837732771 0.9772624841922697 -0.023
-0.20999999999999996 0.9792189645694596 0.9792189650708267 -0.020999999999999998
-0.18999999999999995 0.981179362242806 0.981179362494713 -0.018999999999999996
-0.16999999999999998 0.9831436846349096 0.9831436856178941 -0.016999999999999998
-0.15000000000000002 0.9851119396030626 0.9851119385815201 -0.015000000000000003
-0.13 0.9870841350202876 0.987084139366678 -0.013000000000000001
-0.10999999999999999 0.9890602787753687 0.9890602687862514 -0.011
-0.08999999999999997 0.9910403787728836 0.9910404076117045 -0.008999999999999998
-0.06999999999999995 0.9930244429332351 0.9930243656101156 -0.006999999999999996
-0.04999999999999999 0.9950124791926823 0.9950126921841382 -0.004999999999999999
-0.030000000000000027 0.997004495503373 0.9970039186447374 -0.0030000000000000027
-0.010000000000000009 0.999000499833375 0.9990020773864352 -0.0010000000000000009
0.010000000000000009 1.6652911949458864 1.7138656074527057 0.51
0.030000000000000027 1.6989323086185506 1.748829951225468 0.53
0.050000000000000044 1.7332530178673953 1.7842324377380603 0.55
0.07000000000000006 1.7682670514337353 1.8203022838546012 0.5700000000000001
0.09000000000000008 1.8039884153978571 1.8570948876401083 0.5900000000000001
0.1100000000000001 1.8404313987816376 1.8946241067414806 0.6100000000000001
0.13000000000000012 1.8776105792643434 1.9328840089041615 0.6300000000000001
0.15000000000000002 1.9155408290138962 1.971851423923077 0.65
0.16999999999999993 1.9542373206359394 2.01150787693516 0.6699999999999999
0.18999999999999995 1.9937155332430823 2.051907907023655 0.69
0.20999999999999996 2.0339912586467506 2.0932690690910976 0.71
0.22999999999999998 2.0750806076741224 2.135990504311931 0.73
0.25 2.117000016612675 2.1804856270847184 0.75
0.27 2.159766253784915 2.2267430525829166 0.77
0.29000000000000004 2.203396426255937 2.2737285854293394 0.79
0.31000000000000005 2.2479079866764717 2.319397879370027 0.81
0.33000000000000007 2.293318740264183 2.362017117812587 0.8300000000000001
0.3500000000000001 2.339646851925991 2.4013349871523233 0.8500000000000001
0.3700000000000001 2.386910853524277 2.438312439484401 0.8700000000000001
0.3900000000000001 2.435129651289875 2.4743949416318847 0.8900000000000001
0.41000000000000003 2.4843225333848165 2.511087151825526 0.91
0.42999999999999994 2.5345091776178545 2.549769090851261 0.9299999999999999
0.44999999999999996 2.585709659315846 2.591576627397008 0.95
0.47 2.6379444593541526 2.63726294614404 0.97
0.49 2.691234472349262 2.6870480455526096 0.99
0.51 4.0959554040711765 2.740541970974597 1.4100000000000001
0.53 4.178699191923247 2.7968676278518303 1.4300000000000002
0.55 4.263114515168819 2.8550110944952296 1.4500000000000002
0.5700000000000001 4.349235141062742 2.9142043825386788 1.4700000000000002
0.5900000000000001 4.437095519003665 2.9740931878429624 1.4900000000000002
0.6100000000000001 4.526730794314253 3.0346643439348946 1.5100000000000002
0.6300000000000001 4.618176822299782 3.0960803202738596 1.5300000000000002
0.6500000000000001 4.711470182590743 3.1585409544300624 1.5500000000000003
0.67 4.806648193775178 3.22220817845683 1.57
0.69 4.903748928326621 3.2871840058560595 1.5899999999999999
0.71 5.002811227833587 3.353520349912573 1.6099999999999999
0.73 5.1038747185367255 3.421240469304416 1.63
0.75 5.206979827179849 3.490357571098925 1.65
0.77 5.312167797181167 3.560884169199254 1.67
0.79 5.419480705131206 3.6328340799372154 1.69
0.81 5.528961477624004 3.7062234529449034 1.71
0.8300000000000001 5.6406539084283205 3.781076967120759 1.73
0.8500000000000001 5.754602676005731 3.857434750507114 1.75
0.8700000000000001 5.8708533613826015 3.9353604549607817 1.77
0.8900000000000001 5.9894524663831135 4.014910858839795 1.79
0.91 6.11044743223061 4.096156042041738 1.81
0.9299999999999999 6.2338866585247175 4.1789998422063395 1.83
0.95 6.359819522601832 4.263571616159055 1.85
0.97 6.488296399286712 4.349171039583052 1.87
0.99 6.6193686810430785 4.437322710605762 1.8900000000000001

