0.025 2.0 0.0 1.999999999999997 1.4082923618467394e-14 -3.207128725903494e-70
0.07500000000000001 2.0 0.0 1.9999999999999982 6.739022044507501e-15 -1.7199764743941343e-69
0.125 2.0 0.0 1.9999999999999976 1.1230479070101473e-14 -8.023378137447364e-69
0.17500000000000002 2.0 0.0 1.9999999999999976 8.295127347473817e-15 -3.466961123203379e-68
0.225 2.0 0.0 1.9999999999999976 9.425841862518411e-15 -1.4254606042637545e-67
0.275 2.0 0.0 1.9999999999999978 6.991395998115888e-15 -5.6551073145168206e-67
0.32500000000000007 2.0 0.0 1.9999999999999976 6.6920616488962036e-15 -2.182559875779752e-66
0.375 2.0 0.0 1.9999999999999973 6.578978122683409e-15 -8.237583357394523e-66
0.42500000000000004 2.0 0.0 1.9999999999999976 6.728966208872216e-15 -3.05123791520653e-65
0.475 2.0 0.0 1.9999999999999973 6.628880677864366e-15 -1.1119377206531254e-64
0.525 2.0 0.0 1.9999999999999976 6.639543674941954e-15 -3.99400634946599e-64
0.5750000000000001 2.0 0.0 1.9999999999999973 6.65243207410225e-15 -1.415992906768477e-63
0.625 2.0 0.0 1.9999999999999976 6.647287076010705e-15 -4.960217038783217e-63
0.675 2.0 0.0 1.9999999999999973 6.646972062543263e-15 -1.718272474634892e-62
0.7250000000000001 2.0 0.0 1.9999999999999976 6.647779103521674e-15 -5.890152117734197e-62
0.775 2.0 0.0 1.9999999999999973 6.6467518833869016e-15 -1.999125932595272e-61
0.8250000000000001 2.0 0.0 1.9999999999999976 6.650345686469842e-15 -6.720882163419382e-61
0.875 2.0 0.0 1.9999999999999973 6.643912863936531e-15 -2.2389513277987053e-60
0.925 2.0 0.0 1.9999999999999976 6.619655105060947e-15 -7.393127966516549e-60
0.9750000000000001 2.0 0.0 1.9999999999999973 6.771994305554279e-15 -2.420406029382249e-59
1.025 2.0 0.0 1.9999999999999976 6.427935578759073e-15 -7.8581087712697095e-59
1.0750000000000002 2.0 0.0 1.999999999999997 7.385178824340539e-15 -2.530440596163147e-58
1.125 2.0 0.0 1.9999999999999953 1.3493267734742587e-14 -8.083295968589929e-58
1.1750000000000003 2.0 0.0 1.9999999999999922 2.7663313044031968e-14 -2.5618293684040885e-57
1.225 2.0 0.0 1.9999999999999913 3.167686072275298e-14 -8.056142177712438e-57
1.275 2.0 0.0 1.999999999999997 5.762115754821639e-15 -2.5139511568903604e-56
1.3250000000000002 2.0 0.0 2.0000000000000018 -1.3619002780765567e-14 -7.785196324389693e-56
1.375 2.0 0.0 1.9999999999999891 4.418721038491289e-14 -2.3927033740792414e-55
1.4250000000000003 2.0 0.0 1.9999999999999638 1.521209967440941e-13 -7.298474087965946e-55
1.475 2.0 0.0 1.9999999999999811 7.612253781623536e-14 -2.209585075711625e-54
1.525 2.0 0.0 2.0000000000000657 -2.973640145040835e-13 -6.639429774965276e-54
1.5750000000000002 2.0 0.0 2.0000000000000897 -4.090599806990581e-13 -1.9801254871404934e-53
1.625 2.0 0.0 1.9999999999998752 5.389143891989807e-13 -5.861267598663116e-53
1.6750000000000003 2.0 0.0 1.9999999999996094 1.7207504417187194e-12 -1.7219350198428513e-52
1.725 2.0 0.0 1.999999999999945 2.331056115573757e-13 -5.020558570927434e-52
1.775 2.0 0.0 2.0000000000009943 -4.41260945633258e-12 -1.452696785103895e-51
1.8250000000000002 2.0 0.0 2.000000000001119 -4.971424277705219e-12 -4.1711573187998824e-51
1.875 2.0 0.0 1.9999999999984286 6.947275259398136e-12 -1.1883943908134718e-50
1.9250000000000003 2.0 0.0 1.99999999999531 2.076299165770128e-11 -3.359253341841682e-50
1.975 2.0 0.0 1.9999999999991265 3.8577935453780915e-12 -9.41997283432247e-50
2.0250000000000004 2.0 0.0 2.0000000000114784 -5.085717504257347e-11 -2.620097012181645e-49
2.075 2.0 0.0 2.000000000015314 -6.784749372938608e-11 -7.227195561827664e-49
2.125 2.0 0.0 1.9999999999876885 5.4525439716701797e-11 -1.976589158084722e-48
2.175 2.0 0.0 1.9999999999452285 2.4261842670103375e-10 -5.358575572987094e-48
2.225 2.0 0.0 1.9999999999644538 1.574489548648889e-10 -1.4395935097033357e-47
2.2750000000000004 2.0 0.0 2.0000000000964557 -4.2729321902090007e-10 -3.831187377468307e-47
2.325 2.0 0.0 2.0000000002170806 -9.616739696762216e-10 -1.0095855044541322e-46
2.375 2.0 0.0 2.0000000000422267 -1.8701710496995891e-10 -2.632942317395744e-46
2.4250000000000003 2.0 0.0 1.9999999994942768 2.240306683403745e-09 -6.791217650451203e-46
2.475 2.0 0.0 1.9999999991462154 3.78097146893394e-09 -1.73105984679808e-45
2.5250000000000004 2.0 0.0 2.0000000000078817 -3.160267780344889e-11 -4.356033735763538e-45
2.575 2.0 0.0 2.0000000022608058 -1.0019734792503902e-08 -1.0807188965707083e-44
2.625 2.0 0.0 2.0000000040201695 -1.7776264523184585e-08 -2.638888646042497e-44
2.6750000000000003 2.0 0.0 2.000000002446773 -1.0362278305674366e-08 -6.326902277480685e-44
2.725 2.0 0.0 1.9999999983201489 5.378829712254839e-09 -1.4845133099631818e-43
2.7750000000000004 2.0 0.0 2.000000009865862 -3.927041389705399e-08 -3.392276304524222e-43
2.825 2.0 0.0 2.0000001049922678 -4.571663555575695e-07 -7.49276645961125e-43
2.875 2.0 0.0 2.000000500938011 -2.2105875351950165e-06 -1.5796414191572262e-42
2.9250000000000003 2.0 0.0 2.0000024346178997 -1.0789286154468052e-05 -3.104373336154678e-42
2.975 2.0 0.0 2.0000086674030024 -3.8345769249391135e-05 -5.393393793276109e-42
3.0250000000000004 2.0 0.0 2.000018596064847 -8.244129626797495e-05 -6.997093868289248e-42
3.075 2.0 0.0 2.0000288171090133 -0.00012789587324928738 -7.962398971434832e-44
3.125 2.0 0.0 2.0000369631590873 -0.000162723819278665 4.567817789604015e-41
3.1750000000000003 2.0 0.0 2.0000420111572734 -0.00018801145061497405 2.329325329794819e-40
3.225 2.0 0.0 2.0000458449116607 -0.0002008104456522203 8.843682806708304e-40
3.2750000000000004 2.0 0.0 2.000047405376035 -0.00021218285979839169 2.966111642178372e-39
3.325 2.0 0.0 2.00004894540935 -0.00021487968905046291 9.270696934396925e-39
3.375 2.0 0.0 2.000049412094892 -0.00021974666177020373 2.7652750956800404e-38
3.4250000000000003 2.0 0.0 2.000049893070236 -0.00022169452625171385 7.972076175243819e-38
3.475 2.0 0.0 2.0000502098574486 -0.0002214304726213951 2.2381838356032733e-37
3.5250000000000004 2.0 0.0 2.0000501298047837 -0.0002222547041938595 6.149328554848944e-37
3.575 2.0 0.0 2.000050038596854 -0.00022211645675547975 1.6588636843696637e-36
3.625 2.0 0.0 2.0000500671210313 -0.00022154004143357459 4.404258009248603e-36
3.6750000000000003 2.0 0.0 2.0000500177096794 -0.00022136813786837823 1.1528461656909949e-35
3.725 2.0 0.0 2.0000499561184197 -0.00022152853857366323 2.979066736622274e-35
3.7750000000000004 2.0 0.0 2.000049980599161 -0.00022145587805922595 7.607531331130017e-35
3.825 2.0 0.0 2.0000500185325523 -0.00022139413854898113 1.921376879200274e-34
3.875 2.0 0.0 2.0000499976581705 -0.00022154412601497174 4.802503147034089e-34
3.9250000000000003 2.0 0.0 2.0000499823663773 -0.000221604096531003 1.1886038390279906e-33
3.975 2.0 0.0 2.0000500017393645 -0.0002214707812197243 2.9141243919621215e-33
4.025 2.0 0.0 2.0000500053866492 -0.00022139397385956584 7.08003429138678e-33
4.075 2.0 0.0 2.000049983391552 -0.00022145297881064014 1.7050924828732827e-32
4.125 2.0 0.0 2.000049979022186 -0.00022147325571878564 4.0714940949284585e-32
4.175000000000001 2.0 0.0 2.0000499942158267 -0.00022144075318446976 9.641478893875457e-32
4.225 2.0 0.0 2.0000499990717606 -0.0002214727213351419 2.2646115092849556e-31
4.275 2.0 0.0 2.0000499954908104 -0.00022153136089878253 5.2767676836075284e-31
4.325 2.0 0.0 2.000050001072293 -0.0002215227426818638 1.219887966077023e-30
4.375 2.0 0.0 2.000050006751824 -0.0002214888371091543 2.798298194819873e-30
4.425000000000001 2.0 0.0 2.000050000184121 -0.00022149630754113558 6.369808936104075e-30
4.475 2.0 0.0 2.0000499949607438 -0.00022150486818646432 1.4389518087574563e-29
4.525 2.0 0.0 2.000050000242429 -0.0002214845351453976 3.2260863834562185e-29
4.575 2.0 0.0 2.0000500032909887 -0.0002214825307629036 7.178471636680691e-29
4.625 2.0 0.0 2.0000499978232282 -0.00022151394305153704 1.5853487713817023e-28
4.675000000000001 2.0 0.0 2.000049998255804 -0.0002215175167817907 3.4750376167468785e-28
4.725 2.0 0.0 2.0000500007505386 -0.00022149117398012635 7.560240733947815e-28
4.775 2.0 0.0 2.000049979310343 -0.0002213915570933819 1.6324777288682076e-27
4.825000000000001 2.0 0.0 2.0000498695979223 -0.0002209438131572362 3.4985086227231806e-27
4.875 2.0 0.0 2.000049452751223 -0.00021912481651287057 7.44089836681967e-27
4.925000000000001 2.0 0.0 2.0000475949110053 -0.00021086185060591533 1.5705474219976266e-26
4.975 2.0 0.0 2.000041483831271 -0.00018369012017267753 3.289499516008763e-26
5.025 2.0 0.0 2.0000315644233195 -0.00014004901951499116 6.836348138133838e-26
5.075000000000001 2.0 0.0 2.0000212823879733 -9.372755896931472e-05 1.4095755114034627e-25
5.125 2.0 0.0 2.0000129217357316 -5.862095170243436e-05 2.8831502816409013e-25
5.175000000000001 2.0 0.0 2.0000079346367685 -3.2807927770916814e-05 5.849182239504409e-25
5.225 2.0 0.0 2.000004065442184 -2.060046018115498e-05 1.176775426931904e-24
5.275 2.0 0.0 2.0000026279108827 -9.317383752604146e-06 2.3473041374023936e-24
5.325000000000001 2.0 0.0 2.000001035110172 -6.387762144297449e-06 4.640998346881383e-24
5.375 2.0 0.0 2.0000004596968677 -1.6296542136200578e-06 9.092577194644609e-24
5.425000000000001 2.0 0.0 2.000000110320991 5.771809326264625e-07 1.7645607765431595e-23
5.475 2.0 0.0 1.9999997673839478 6.151810076353899e-08 3.390527718294892e-23
5.525 2.0 0.0 1.9999998539118335 5.443300928130383e-07 6.446788458404909e-23
5.575000000000001 2.0 0.0 1.999999990876428 6.802946825438802e-07 1.2121996938614046e-22
5.625 2.0 0.0 1.9999999624598561 6.96011698584547e-08 2.252142269674823e-22
5.675000000000001 2.0 0.0 1.9999999661995271 -2.294446830118544e-07 4.1299630014263464e-22
5.725 2.0 0.0 2.0000000403813907 1.9637626170156032e-08 7.464942745661874e-22
5.775 2.0 0.0 2.0000000333959544 7.679101610322388e-08 1.327526226736045e-21
5.825000000000001 2.0 0.0 1.9999999738463914 -9.400195355407446e-08 2.316933913391272e-21
5.875 2.0 0.0 1.9999999777921698 -3.524563357195095e-08 3.954656992153136e-21
5.925000000000001 2.0 0.0 2.000000010538253 6.164012034323132e-08 6.5670206144603765e-21
5.975 2.0 0.0 2.0000000058509397 -3.104259967379815e-08 1.052318912448374e-20
6.025 2.0 0.0 1.999999998963705 -1.1585345868823558e-07 1.604768304251177e-20
6.075000000000001 2.0 0.0 2.0000000214321507 -4.210495495363531e-08 2.267677956908205e-20
6.125 2.0 0.0 2.0000000299068748 1.3992009400569507e-08 2.789761923259548e-20
6.175000000000001 2.0 0.0 2.000000003851993 -4.269293496641943e-08 2.400184620455049e-20
6.225 2.0 0.0 1.9999999863183047 -5.491800752225029e-08 -8.824253177570051e-21
6.275 2.0 0.0 1.9999999940054454 2.116026594477177e-08 -1.1712514172146412e-19
6.325000000000001 2.0 0.0 1.999999998788292 4.957665719986399e-08 -4.04264160128234e-19
6.375 2.0 0.0 1.9999999946912201 7.786819989047789e-09 -1.0909101867037715e-18
6.425000000000001 2.0 0.0 1.9999999989419175 -1.276414740710638e-08 -2.634290061535745e-18
6.475 2.0 0.0 2.000000007027763 -2.784236703285039e-09 -5.959353249691849e-18
6.525 2.0 0.0 2.000000003008329 -1.3740015434784832e-08 -1.2900166942861003e-17
6.575000000000001 2.0 0.0 1.9999999933281056 -1.3329422173466245e-08 -2.7031277165722037e-17
6.625 2.0 0.0 1.999999990653012 3.6551594299881366e-08 -5.5213930824722155e-17
6.675000000000001 2.0 0.0 1.999999988990175 7.865211101881755e-08 -1.1043815715156673e-16
6.725 1.9999999999999998 0.0 1.9999999833016195 6.112735231506371e-08 -2.1698896722717962e-16
6.775 1.9999999999999996 0.0 1.999999985298985 2.5718119344354522e-08 -4.197382948699487e-16
6.825000000000001 1.9999999999999991 0.0 1.9999999997812083 9.17560323317835e-09 -8.006885525370846e-16
6.875 1.9999999999999984 0.0 2.000000012152333 -1.293840258200823e-08 -1.5081395283077498e-15
6.925000000000001 1.9999999999999971 0.0 2.0000000128704842 -4.167646733903238e-08 -2.8076231563983075e-15
6.975 1.999999999999995 0.0 2.0000000082956917 -2.5209871052808875e-08 -5.170029138986614e-15
7.025 1.9999999999999907 0.0 2.0000000009895422 4.373219664042964e-08 -9.422694927499562e-15
7.075000000000001 1.999999999999983 0.0 1.9999999861655862 1.1136930280347918e-07 -1.7006138054619375e-14
7.125 1.9999999999999696 0.0 1.9999999689481225 1.478828163680788e-07 -3.0406459207729985e-14
7.175000000000001 1.999999999999946 0.0 1.9999999624351525 1.7151773858303802e-07 -5.387728028906569e-14
7.225 1.9999999999999054 0.0 1.9999999674615998 1.7585689899440457e-07 -9.463467516962809e-14
7.275 1.9999999999998352 0.0 1.999999973196738 1.3574821368300955e-07 -1.6481798091187783e-13
7.325000000000001 1.9999999999997153 0.0 1.9999999760725826 7.139544862401739e-08 -2.8467977983416555e-13
7.375 1.9999999999995122 0.0 1.99999997988403 3.6666128786032864e-08 -4.87731075149774e-13
7.425000000000001 1.999999999999171 0.0 1.9999999817745069 4.914961069655392e-08 -8.289686951367867e-13
7.475 1.999999999998602 0.0 1.9999999751900477 8.538866840868375e-08 -1.3979177155221602e-12
7.525 2.000099999997661 0.0 1.9999999631129528 1.30031858906298e-07 -2.339126995974484e-12
7.575000000000001 2.000099999996116 0.0 1.9999999539888167 1.8175489562589574e-07 -3.884094027525523e-12
7.625 2.0000999999935996 0.0 1.9999999484473099 2.2899963070532715e-07 -6.400550420574792e-12
7.675000000000001 2.000099999989532 0.0 1.9999999417990566 2.614684366562477e-07 -1.0467861720582424e-11
7.725 2.000099999983009 0.0 1.9999999348755935 2.8699277928081765e-07 -1.6991317707778974e-11
7.775 2.0000999999726266 0.0 1.9999999316402652 3.099444787217918e-07 -2.7373744425752153e-11
7.825000000000001 2.0000999999562294 0.0 1.9999999311048071 3.1425692629912776e-07 -4.3770702966370966e-11
7.875 2.000099999930534 0.0 1.999999930481397 2.9379345126710566e-07 -6.946621751012237e-11
7.925000000000001 2.0000999998905797 0.0 1.9999999311861878 2.759696063345123e-07 -1.094202676805989e-10
7.975 2.000099999828942 0.0 1.9999999342539325 2.9332156366605386e-07 -1.7105802077700239e-10
8.025 2.0000999997346054 0.0 1.9999999349512136 3.46622367855452e-07 -2.6539476287917325e-10
8.075 2.00009999959138 0.0 1.9999999283550804 4.0619168458370547e-07 -4.086202855437025e-10
8.125 2.000099999375698 0.0 1.9999999160472082 4.4325801510501325e-07 -6.243021272063907e-10
8.175 2.0000999990535924 0.0 1.9999999021154258 4.534925680087837e-07 -9.464075337165068e-10
8.225000000000001 2.0000999985766135 0.0 1.9999998877235563 4.602620690382862e-07 -1.4233864289221857e-09
8.275 2.000099997876404 0.0 1.9999998734570688 4.906427210974628e-07 -2.123596200202413e-09
8.325 2.000099996857627 0.0 1.9999998620318074 5.458506029914491e-07 -3.14237312840927e-09
8.375 2.000099995388953 0.0 1.999999854776104 6.019576149325353e-07 -4.611047172371882e-09
8.425 2.0000999932918715 0.0 1.9999998487660768 6.41088081800487e-07 -6.708128574178038e-09
8.475000000000001 2.0000999903272763 0.0 1.9999998402984207 6.66211658211895e-07 -9.672723741052356e-09
8.525 2.000099986180099 0.0 1.9999998278450408 6.874319819680095e-07 -1.3819901139804517e-08
8.575 2.000099980442865 0.0 1.9999998111271937 7.12872451823782e-07 -1.9557135117661993e-08
8.625 2.00009997260002 0.0 1.9999997909381315 7.527710071773632e-07 -2.7399979986059073e-08
8.675 2.0000999620164053 0.0 1.9999997699537502 8.099861624982649e-07 -3.798359493613758e-08
8.725000000000001 2.00009994793558 0.0 1.9999997499773554 8.66809419615246e-07 -5.20644200594734e-08
8.775 2.0000999294971096 0.0 1.999999728642466 9.007805298309336e-07 -7.050289034369548e-08
8.825 2.000099905786823 0.0 1.9999997023020113 9.153065102732179e-07 -9.421317733703885e-08
8.875 2.0000998759409225 0.0 1.9999996696603755 9.378991842173313e-07 -1.240590773561188e-07
8.925 2.000099839334279 0.0 1.9999996294481428 9.891908910875911e-07 -1.6066572095482354e-07
8.975000000000001 2.000099795895954 0.0 1.9999995782798137 1.060254956430593e-06 -2.0410404579461203e-07
9.025 2.0000997466118737 0.0 1.9999995159985078 1.1193982831909319e-06 -2.5338812638281813e-07
9.075 2.0000996942964355 0.0 1.999999449796526 1.138111151630329e-06 -3.057035644737124e-07
9.125 2.000099644742776 0.0 1.9999993889233263 1.1214748053083502e-06 -3.552572240524588e-07
9.175 2.000099608396353 0.0 1.9999993418884754 1.1052037591609193e-06 -3.9160364737948985e-07
9.225000000000001 2.000099602739407 0.0 1.9999993250324999 1.1160408526360503e-06 -3.9726059338094156e-07
9.275 2.000099655625426 0.0 1.999999370137219 1.1445701639067038e-06 -3.443745740814826e-07
9.325 2.000099809863336 0.0 1.9999995219817386 1.1720596491730309e-06 -1.901366638882477e-07
9.375 2.000100129420584 0.0 1.9999998408751045 1.2021361699394846e-06 1.2942058380315937e-07
9.425 2.0001007076915562 0.0 2.0000004190760365 1.2430714033953746e-06 7.076915558651469e-07
9.475000000000001 2.000101678360801 0.0 2.0000013944565076 1.2850725731030328e-06 1.6783608011039764e-06
9.525 2.0000032294757992 0.0 2.0000029540622504 1.3172223478037438e-06 3.229475799034653e-06
9.575000000000001 2.0000056214263453 0.0 2.00000534977414 1.3386943772329072e-06 5.62142634543546e-06
9.625 2.000009209599773 0.0 2.0000089342211034 1.3340567627124264e-06 9.209599773068e-06
9.675 2.0000144725337194 0.0 2.0000141926621673 1.279464067473737e-06 1.4472533719284427e-05
9.725000000000001 2.0000220464091183 0.0 2.000021764070455 1.1925671529989615e-06 2.2046409118175832e-05
9.775 2.0000327667012914 0.0 2.0000324800841156 1.1268594463004955e-06 3.276670129149581e-05
9.825000000000001 2.000047717720072 0.0 2.0000474288846926 1.1010546297204335e-06 4.771772007213217e-05
9.875 2.0000682906028517 0.0 2.0000680129471853 1.0873823332069942e-06 6.829060285179713e-05
9.925 2.0000962500586112 0.0 2.000095996437953 1.0781700463334947e-06 9.62500586113735e-05
9.975000000000001 2.000133809778215 0.0 2.00013357996319 1.0916471646197093e-06 0.00013380977821490233
10.025 2.000183715910585 0.0 2.000183504470268 1.0993925250435063e-06 0.0001837159105850429
10.075000000000001 2.0002493373441785 0.0 2.0002491432251484 1.0493337999534446e-06 0.00024933734417856523
10.125 2.000334760723519 0.0 2.000334579718515 9.505169739096572e-07 0.00033476072351890226
10.175 2.000444887175898 0.0 2.000444708704501 8.536204381701883e-07 0.0004448871758980226
10.225000000000001 2.00058552664038 0.0 2.0005853502718987 7.550135777176873e-07 0.0005855266403797992
10.275 2.0007634845113595 0.0 2.000763324415635 6.303248631568306e-07 0.0007634845113596697
10.325000000000001 2.000986634080576 0.0 2.0009864985400667 5.216175714500136e-07 0.0009866340805762504
10.375 2.001263967051447 0.0 2.0012638530299593 4.692566794424663e-07 0.0012639670514472895
10.425 2.0016056132934277 0.0 2.001605524063872 4.1657016405651366e-07 0.001605613293427514
10.475000000000001 2.002022820104765 0.0 2.002022763581554 3.104951186469862e-07 0.0020228201047651196
10.525 2.0025278806770497 0.0 2.002527850349705 1.9769901250705578e-07 0.0025278806770498556
10.575000000000001 2.0031340013311696 0.0 2.003133985527794 1.031046024505196e-07 0.003134001331169485
10.625 2.0038550975507237 0.0 2.003855103562646 -3.545021287021276e-08 0.003855097550723615
10.675 2.0047055099973328 0.0 2.004705548885849 -2.0931218526394145e-07 0.00470550999733299
10.725000000000001 2.005699633655903 0.0 2.0056996976808277 -3.149683211747176e-07 0.005699633655903253
10.775 2.0068514560990365 0.0 2.0068515438227292 -3.8277096804515696e-07 0.006851456099036528
10.825000000000001 2.0081740046066456 0.0 2.0081741400527315 -5.31485708628596e-07 0.008174004606645599
10.875 2.0096787065010053 0.0 2.0096788913085204 -6.927239339370734e-07 0.009678706501005496
10.925 2.01137467246308 0.0 2.01137487248766 -7.417041609988262e-07 0.011374672463079757
10.975000000000001 2.013267918611782 0.0 2.0132681282340474 -8.058213368877145e-07 0.01326791861178228
11.025 2.015360549503989 0.0 2.0153608029920624 -1.0579511704318398e-06 0.015360549503988833
11.075000000000001 2.0176499306232123 0.0 2.0176502243177405 -1.3015930238769664e-06 0.017649930623212476
11.125 2.020127884974914 0.0 2.0201281752517106 -1.345117629409122e-06 0.02012788497491368
11.175 2.022779953650847 0.0 2.0227802643511876 -1.3956367995091394e-06 0.022779953650846937
11.225000000000001 2.025584764189701 0.0 2.025585149615887 -1.6695107148010443e-06 0.02558476418970099
11.275 2.028513552774084 0.0 2.0285139711203506 -1.7030285953685683e-06 0.02851355277408386
11.325000000000001 2.0315298863285554 0.0 2.03153026652838 -1.605305974300026e-06 0.031529886328555336
11.375 2.0345896280584306 0.0 2.034590030744889 -1.988567641609327e-06 0.03458962805843038
11.425 2.0376411846461 0.0 2.037641638949193 -2.7015966533012195e-06 0.03764118464610008
11.475000000000001 2.040626065101182 0.0 2.040626415141004 -2.7292638617904426e-06 0.04062606510118198
11.525 2.043479770222004 0.0 2.04348004836975 -2.365062798496211e-06 0.04347977022200409
11.575000000000001 2.0461330180462625 0.0 2.0461336231676364 -2.987118759087826e-06 0.046133018046262436
11.625 2.0485132950314933 0.0 2.0485142317950356 -1.0107729574978612e-06 0.0485132950314933
11.675 2.05054670569264 0.0 2.0505481780728507 3.2652276866932926e-06 0.0505467056926399
11.725000000000001 2.0521600758898653 0.0 2.052163020562811 5.889077964116468e-06 0.05216007588986548
11.775 2.0532832478939476 0.0 2.0532875143615885 1.6162703867813388e-05 0.053283247893947776
11.825000000000001 2.0538514898264544 0.0 2.0538592796610615 2.7291369117560756e-05 0.05385148982645448
11.875 2.0538079291557834 0.0 2.053820193470065 5.11290687291605e-05 0.053807929155783495
11.925 2.0531059106421496 0.0 2.0531258889847086 8.3469718679262e-05 0.05310591064214969
11.975000000000001 2.0517111743369782 0.0 2.0517409734016967 0.0001283340847674564 0.05171117433697806
12.025 2.0496037496114887 0.0 2.049643731822294 0.00017360611932840014 0.049603749611488834
12.075000000000001 2.0467794670925326 0.0 2.0468264722189957 0.00020524584578879773 0.046779467092532695
12.125 2.0432510018706274 0.0 2.0433005703980633 0.00021675328976139424 0.0432510018706274
12.175 2.0390483781113344 0.0 2.039098518059671 0.0002192228628843698 0.03904837811133465
12.225000000000001 2.034218886586469 0.0 2.0342691843809417 0.000219840680924597 0.03421888658646924
12.275 2.0288263916548317 0.0 2.0288767260750227 0.00021997469549338617 0.028826391654831605
12.325000000000001 2.022950031591568 0.0 2.0230003660648137 0.00022000125961615507 0.02295003159156795
12.375 2.016682344413092 0.0 2.0167326788668136 0.00021999429209222863 0.01668234441309194
12.425 2.0101268788796585 0.0 2.0101772191385843 0.00021996148199187468 0.01012687887965847
12.475000000000001 2.003395375580652 0.0 2.003445709727367 0.0002199759279694976 0.003395375580652372
12.525 1.9966046244193474 0.0 1.9966549482962763 0.00022001401736309253 -0.0033953755806526128
12.575000000000001 1.9898731211203413 0.0 1.9899234472233387 0.00022001481962258571 -0.010126878879658706
12.625 1.983317655586908 0.0 1.9833679872525427 0.00022001206704451077 -0.01668234441309194
12.675 1.9770499684084317 0.0 1.9771002907321844 0.00022006803336890163 -0.022950031591568172
12.725000000000001 1.9711736083451683 0.0 1.97122391860451 0.00022011485028798286 -0.028826391654831807
12.775 1.9657811134135306 0.0 1.9658314233241896 0.00022008117495308358 -0.034218886586469426
12.825000000000001 1.9609516218886651 0.0 1.961001924304217 0.00022006032169831285 -0.03904837811133481
12.875 1.9567489981293726 0.0 1.9567992757089376 0.0002201268108508028 -0.0432510018706274
12.925 1.9532205329074672 0.0 1.9532707982117348 0.00022016878069901295 -0.04677946709253282
12.975000000000001 1.950396250388511 0.0 1.950446524843009 0.0002201588217303053 -0.049603749611488925
13.025 1.948288825663022 0.0 1.9483390938423666 0.00022024911770092615 -0.05171117433697812
13.075000000000001 1.9468940893578504 0.0 1.946944334632896 0.00022040108859095646 -0.05310591064214972
13.125 1.9461920708442164 0.0 1.9462423258466504 0.00022038356178771213 -0.053807929155783495
13.175 1.9461485101735456 0.0 1.9461987826901574 0.0002202701547848046 -0.05385148982645447
13.225000000000001 1.9467167521060522 0.0 1.946766973971907 0.00022039684319504583 -0.053283247893947755
13.275 1.9478399241101345 0.0 1.947890096867446 0.00022054964852728348 -0.05216007588986544
13.325000000000001 1.9494532943073601 0.0 1.9495035189303838 0.0002204322992886965 -0.05054670569263984
13.375 1.9514867049685067 0.0 1.9515369778920075 0.00022058182533908236 -0.0485132950314933
13.425 1.9538669819537378 0.0 1.9539172137357415 0.00022115222736131943 -0.04613301804626234
13.475000000000001 1.956520229777996 0.0 1.9565705273740728 0.00022142208401971646 -0.04347977022200399
13.525 1.9593739348988182 0.0 1.9594243241904257 0.0002206863984753257 -0.040626065101181864
13.575000000000001 1.9623588153539 0.0 1.9624089029045986 0.0002209190593903852 -0.03764118464609997
13.625 1.9654103719415696 0.0 1.9654599480208241 0.00021919763652826282 -0.03458962805843038
13.675 1.9684701136714449 0.0 1.9685192890648495 0.00021454734291520124 -0.031529886328555225
13.725000000000001 1.9714864472259161 0.0 1.9715340210825194 0.00021199529117610052 -0.02851355277408376
13.775 1.974415235810299 0.0 1.9744612635951349 0.00020035200406477878 -0.025584764189700883
13.825000000000001 1.9772200463491532 0.0 1.9772622028955111 0.00018753743674554385 -0.02277995365084684
13.875 1.9798721150250864 0.0 1.9799090761978866 0.00016264409608733713 -0.02012788497491368
13.925 1.9823500693767877 0.0 1.9823793548345991 0.00012805286062516334 -0.017649930623212396
13.975000000000001 1.9846394504960112 0.0 1.9846582469872813 8.267934343687646e-05 -0.015360549503988756
14.025 1.8867320813882178 0.0 1.88674107044186 3.8514155229911706e-05 -0.11326791861178222
14.075000000000001 1.8886253275369203 0.0 1.888627467510696 8.635398825789622e-06 -0.1113746724630797
14.125 1.8903212934989946 0.0 1.890321633491984 3.454112942103117e-06 -0.1096787065010055
14.175 1.8918259953933545 0.0 1.8918264415145085 5.70067111199387e-07 -0.10817400460664556
14.225000000000001 1.8931485439009634 0.0 1.8931484867513295 2.193164982481567e-07 -0.10685145609903648
14.275 1.8943003663440967 0.0 1.894300400168775 7.908571551132343e-08 -0.10569963365590322
14.325000000000001 1.8952944900026671 0.0 1.8952944980534732 2.4765356677993684e-08 -0.10470550999733295
14.375 1.8961449024492765 0.0 1.8961449045817311 1.637040082451798e-08 -0.10385509755072363
14.425 1.8968659986688305 0.0 1.8968660003394346 2.5434261845871004e-09 -0.10313400133116947
14.475000000000001 1.8974721193229502 0.0 1.8974721187895116 6.673572796417943e-10 -0.10252788067704983
14.525 1.897977179895235 0.0 1.8979771794737594 -3.71318444340093e-09 -0.10202282010476511
14.575000000000001 1.8983943867065725 0.0 1.8983943862400268 -8.193921519378511e-10 -0.1016056132934275
14.625 1.8987360329485528 0.0 1.8987360331430414 1.1139231728666291e-10 -0.1012639670514473
14.675 1.8990133659194237 0.0 1.8990133660644333 1.0521193137309199e-09 -0.10098663408057625
14.725000000000001 1.8992365154886404 0.0 1.899236515558579 6.335515857021199e-11 -0.10076348451135966
14.775 1.89941447335962 0.0 1.899414473287537 -1.8368781648033607e-10 -0.1005855266403798
14.825000000000001 1.899555112824102 0.0 1.899555112792108 -2.0297026576243451e-10 -0.10044488717589803
14.875 1.899665239276481 0.0 1.8996652392774698 3.592974499752356e-11 -0.1003347607235189
14.925 1.8997506626558214 0.0 1.8997506626734664 6.151160628586426e-11 -0.10024933734417857
14.975000000000001 1.899816284089415 0.0 1.8998162840933985 2.3895924971121712e-11 -0.10018371591058504
15.025 1.899866190221785 0.0 1.8998661902183325 -1.7760207248936262e-11 -0.1001338097782149
15.075000000000001 1.8999037499413887 0.0 1.8999037499380327 -1.314727298778379e-11 -0.10009625005861138
15.125 1.8999317093971482 0.0 1.899931709397333 2.942139575629126e-13 -0.1000682906028518
15.175 1.899952282279928 0.0 1.8999522822810917 5.361811388352111e-12 -0.10004771772007214
15.225000000000001 1.8999672332987085 0.0 1.8999672332991002 1.6292624418838469e-12 -0.1000327667012915
15.275 1.8999779535908818 0.0 1.8999779535905597 -1.2571752653754597e-12 -0.10002204640911819
15.325000000000001 1.8999855274662807 0.0 1.8999855274660309 -1.0487090783894765e-12 -0.10001447253371928
15.375 1.899990790400227 0.0 1.8999907904002433 1.5442359544826242e-13 -0.10000920959977308
15.425 1.8999943785736546 0.0 1.8999943785737399 4.225882039556365e-13 -0.10000562142634543
15.475000000000001 1.899996770524201 0.0 1.8999967705242078 9.278819045423617e-14 -0.10000322947579904
15.525 1.899998321639199 0.0 1.8999983216391598 -1.095436282983641e-13 -0.10000167836080111
15.575000000000001 1.899999292308444 0.0 1.8999992923084186 -4.918257356026329e-14 -0.10000070769155588
15.625 1.899999870579416 0.0 1.8999998705794106 3.470954351957958e-14 -0.10000012942058381
15.675 1.9000001901366639 0.0 1.9000001901366592 3.311681831285635e-14 -0.09999980986333612
15.725000000000001 1.900000344374574 0.0 1.900000344374563 3.0386896540382414e-15 -0.09999965562542593
15.775 1.9000003972605934 0.0 1.9000003972605808 -3.1304628833687976e-15 -0.09999960273940663
15.825000000000001 1.9000003916036474 0.0 1.9000003916036374 4.747247258711756e-15 -0.09999960839635262
15.875 1.900000355257224 0.0 1.9000003552572156 8.714358545203411e-15 -0.09999964474277595
15.925 1.9000003057035644 0.0 1.9000003057035555 6.6375757953027846e-15 -0.09999969429643553
15.975000000000001 1.9000002533881264 0.0 1.9000002533881177 4.146312151459814e-15 -0.09999974661187362
16.025 1.9000002041040458 0.0 1.9000002041040376 4.521502058431016e-15 -0.09999979589595422
16.075000000000003 1.9000001606657209 0.0 1.900000160665713 4.970236088279142e-15 -0.09999983933427906
16.125 1.9000001240590774 0.0 1.9000001240590696 4.972595520311076e-15 -0.09999987594092265
16.175 1.9000000942131774 0.0 1.9000000942131696 4.880319550212743e-15 -0.09999990578682266
16.225 1.9000000705028903 0.0 1.9000000705028828 3.826462338167962e-15 -0.09999992949710966
16.275 1.90000005206442 0.0 1.900000052064412 5.000403915429103e-15 -0.09999994793557995
16.325000000000003 1.9000000379835948 0.0 1.9000000379835857 9.230418200907626e-15 -0.09999996201640507
16.375 1.90000002739998 0.0 1.90000002739997 1.2475503525224165e-14 -0.09999997260002003
16.425 1.9000000195571352 0.0 1.9000000195571252 1.4435844385046823e-14 -0.09999998044286489
16.475 1.9000000138199011 0.0 1.9000000138198911 1.3388704203933593e-14 -0.09999998618009887
16.525 1.9000000096727236 0.0 1.9000000096727143 1.3169578779351803e-14 -0.09999999032727626
16.575000000000003 1.9000000067081286 0.0 1.9000000067081193 1.537041715697917e-14 -0.09999999329187143
16.625 1.9000000046110472 0.0 1.9000000046110377 1.5361557457459162e-14 -0.09999999538895284
16.675 1.9000000031423732 0.0 1.9000000031423636 1.5050961122728055e-14 -0.09999999685762688
16.725 1.900000002123596 0.0 1.9000000021235866 1.334140536067664e-14 -0.0999999978764038
16.775 1.9000000014233864 0.0 1.9000000014233773 1.1756751913545693e-14 -0.09999999857661358
16.825000000000003 1.9000000009464075 0.0 1.9000000009463986 1.2893798475885759e-14 -0.09999999905359247
16.875 1.900000000624302 0.0 1.900000000624293 1.334904191125303e-14 -0.09999999937569788
16.925 1.9000000004086204 0.0 1.9000000004086117 1.1097893468075626e-14 -0.09999999959137972
16.975 1.9000000002653947 0.0 1.9000000002653867 1.0632592338923022e-14 -0.09999999973460524
17.025 1.900000000171058 0.0 1.9000000001710502 1.147514093934374e-14 -0.09999999982894199
17.075000000000003 1.9000000001094202 0.0 1.9000000001094117 1.1531634898199941e-14 -0.09999999989057974
17.125 1.9000000000694661 0.0 1.900000000069457 1.126104615929043e-14 -0.09999999993053378
17.175 1.9000000000437707 0.0 1.9000000000437614 9.10197024608875e-15 -0.0999999999562293
17.225 1.9000000000273738 0.0 1.9000000000273651 9.690310727373933e-15 -0.09999999997262626
17.275 1.9000000000169912 0.0 1.900000000016983 1.3249300890064524e-14 -0.0999999999830087
17.325000000000003 1.9000000000104678 0.0 1.9000000000104595 1.426634672304718e-14 -0.09999999998953214
17.375 1.9000000000064006 0.0 1.9000000000063921 1.1567853415263384e-14 -0.09999999999359946
17.425 1.9000000000038841 0.0 1.9000000000038753 7.468971478495422e-15 -0.09999999999611592
17.475 1.9000000000023392 0.0 1.90000000000233 6.6925060974338365e-15 -0.09999999999766088
17.525 1.900000000001398 0.0 1.9000000000013886 6.465169661145252e-15 -0.09999999999860208
17.575000000000003 1.900000000000829 0.0 1.9000000000008195 8.236639138797627e-15 -0.09999999999917104
17.625 1.9000000000004877 0.0 1.900000000000479 1.2895198211265568e-14 -0.09999999999951227
17.675 1.9000000000002846 0.0 1.9000000000002764 1.720826124867425e-14 -0.09999999999971533
17.725 1.900000000000165 0.0 1.9000000000001562 1.7683077252422197e-14 -0.09999999999983519
17.775 1.9000000000000947 0.0 1.9000000000000856 1.5028459781811805e-14 -0.09999999999990537
17.825000000000003 1.9000000000000539 0.0 1.9000000000000439 1.0134528318377621e-14 -0.09999999999994613
17.875 1.9000000000000303 0.0 1.90000000000002 8.239320868103284e-15 -0.0999999999999696
17.925 1.900000000000017 0.0 1.9000000000000066 1.0676043709300087e-14 -0.099999999999983
17.975 1.9000000000000095 0.0 1.9000000000000004 1.208306720591604e-14 -0.09999999999999058
18.025 1.9000000000000052 0.0 1.8999999999999964 1.1984287457617546e-14 -0.09999999999999483
18.075000000000003 1.9000000000000028 0.0 1.8999999999999937 1.00845298578336e-14 -0.0999999999999972
18.125 1.9000000000000015 0.0 1.8999999999999926 7.956785796896542e-15 -0.09999999999999849
18.175 1.9000000000000008 0.0 1.899999999999992 8.031597127034807e-15 -0.0999999999999992
18.225 1.9000000000000004 0.0 1.899999999999991 6.810361951028662e-15 -0.09999999999999959
18.275 1.9000000000000001 0.0 1.899999999999991 5.619456849647666e-15 -0.09999999999999978
18.325000000000003 1.9000000000000001 0.0 1.8999999999999904 4.467621197534815e-15 -0.0999999999999999
18.375 1.9000000000000001 0.0 1.899999999999989 -1.1702902604727141e-15 -0.09999999999999995
18.425 1.9 0.0 1.8999999999999877 -6.70135769683925e-15 -0.09999999999999998
18.475 1.9 0.0 1.8999999999999864 -1.3348549338329871e-14 -0.09999999999999999
18.525 1.9 0.0 1.8999999999999853 -1.8177676396378232e-14 -0.1
18.575000000000003 1.9 0.0 1.8999999999999846 -2.0552345948350795e-14 -0.1
18.625 1.9 0.0 1.8999999999999844 -1.815154241539909e-14 -0.1
18.675 1.9 0.0 1.8999999999999853 -1.3814788643861436e-14 -0.1
18.725 1.9 0.0 1.8999999999999861 -1.1890397304901226e-14 -0.1
18.775 1.9 0.0 1.899999999999987 -1.0446283715811968e-14 -0.1
18.825000000000003 1.9 0.0 1.8999999999999873 -1.0187925019950688e-14 -0.1
18.875 1.9 0.0 1.8999999999999866 -6.792498735792587e-15 -0.1
18.925 1.9 0.0 1.8999999999999861 -4.306705125705868e-15 -0.1
18.975 1.9 0.0 1.8999999999999868 -6.56713054736715e-15 -0.1
19.025 1.9 0.0 1.8999999999999873 -7.594026211084824e-15 -0.1
19.075000000000003 1.9 0.0 1.8999999999999873 -7.851096810345063e-15 -0.1
19.125 1.9 0.0 1.8999999999999875 -9.420553830386741e-15 -0.1
19.175000000000004 1.9 0.0 1.8999999999999873 -1.0796464555421973e-14 -0.1
19.225 1.9 0.0 1.899999999999987 -1.1050174609202529e-14 -0.1
19.275 1.9 0.0 1.8999999999999875 -9.0901670448578e-15 -0.1
19.325000000000003 1.9 0.0 1.899999999999988 -8.868203054108477e-15 -0.1
19.375 1.9 0.0 1.8999999999999884 -1.0485875729551396e-14 -0.1
19.425000000000004 1.9 0.0 1.899999999999988 -1.0400505836705262e-14 -0.1
19.475 1.9 0.0 1.8999999999999873 -1.0559190700119423e-14 -0.1
19.525 1.9 0.0 1.8999999999999861 -1.0128798529349e-14 -0.1
19.575000000000003 1.9 0.0 1.899999999999986 -1.0074400316055962e-14 -0.1
19.625 1.9 0.0 1.899999999999986 -1.2102299851412611e-14 -0.1
19.675000000000004 1.9 0.0 1.899999999999986 -1.3644957701484672e-14 -0.1
19.725 1.9 0.0 1.8999999999999861 -1.235179558439226e-14 -0.1
19.775 1.9 0.0 1.899999999999986 -1.0588812001906246e-14 -0.1
19.825000000000003 1.9 0.0 1.8999999999999857 -1.3529376052196085e-14 -0.1
19.875 1.9 0.0 1.899999999999986 -1.5922575950335002e-14 -0.1
19.925000000000004 1.9 0.0 1.899999999999986 -1.4427222537314774e-14 -0.1
19.975 1.9 0.0 1.8999999999999866 -1.2164555439457812e-14 -0.1
20.025 1.9 0.0 1.899999999999987 -1.0689372118464967e-14 -0.1
20.075000000000003 1.9 0.0 1.899999999999987 -1.1001300958107377e-14 -0.1
20.125 1.9 0.0 1.899999999999987 -1.107647267415891e-14 -0.1
20.175000000000004 1.9 0.0 1.899999999999987 -1.0244312123952374e-14 -0.1
20.225 1.9 0.0 1.899999999999987 -1.0509463221878148e-14 -0.1
20.275 1.9 0.0 1.8999999999999866 -1.142542403233688e-14 -0.1
20.325000000000003 1.9 0.0 1.8999999999999866 -1.2528959669905315e-14 -0.1
20.375 1.9 0.0 1.8999999999999866 -1.310805713432578e-14 -0.1
20.425000000000004 1.9 0.0 1.8999999999999864 -1.1815789026373401e-14 -0.1
20.475 1.9 0.0 1.899999999999986 -1.04894371178647e-14 -0.1
20.525 1.9 0.0 1.8999999999999857 -1.2687029604354336e-14 -0.1
20.575000000000003 1.9 0.0 1.899999999999986 -1.5348122194119398e-14 -0.1
20.625 1.9 0.0 1.899999999999986 -1.4382817395294292e-14 -0.1
20.675000000000004 1.9 0.0 1.8999999999999866 -1.2078144539317225e-14 -0.1
20.725 1.9 0.0 1.8999999999999873 -1.0823824670948448e-14 -0.1
20.775 1.9 0.0 1.8999999999999873 -1.0925707049119859e-14 -0.1
20.825000000000003 1.9 0.0 1.8999999999999873 -1.0778215928466354e-14 -0.1
20.875 1.9 0.0 1.8999999999999875 -9.452564181938967e-15 -0.1
20.925000000000004 1.9 0.0 1.899999999999988 -9.39267247670713e-15 -0.1
20.975 1.9 0.0 1.8999999999999884 -1.1434910805658387e-14 -0.1
21.025 1.9 0.0 1.899999999999988 -1.0066991868943455e-14 -0.1
21.075000000000003 1.9 0.0 1.899999999999987 -7.909819311043206e-15 -0.1
21.125 1.9 0.0 1.8999999999999864 -7.325358606600899e-15 -0.1
21.175000000000004 1.9 0.0 1.899999999999986 -5.422884478545931e-15 -0.1
21.225 1.9 0.0 1.8999999999999857 -7.893278977254142e-15 -0.1
21.275 1.9 0.0 1.8999999999999857 -1.01144946965664e-14 -0.1
21.325000000000003 1.9 0.0 1.8999999999999853 -1.160532916368859e-14 -0.1
21.375 1.9 0.0 1.8999999999999853 -1.4911766922379303e-14 -0.1
21.425000000000004 1.9 0.0 1.8999999999999853 -1.6301679306178874e-14 -0.1
21.475 1.9 0.0 1.8999999999999853 -1.718475607592593e-14 -0.1
21.525 1.9 0.0 1.8999999999999853 -1.7804171181642018e-14 -0.1
21.575000000000003 1.9 0.0 1.8999999999999853 -1.875691201465749e-14 -0.1
21.625 1.9 0.0 1.8999999999999853 -2.046613876373941e-14 -0.1
21.675000000000004 1.9 0.0 1.899999999999986 -1.9138375798795618e-14 -0.1
21.725 1.9 0.0 1.899999999999987 -1.5477112860149328e-14 -0.1
21.775 1.9 0.0 1.8999999999999873 -1.491610323954013e-14 -0.1
21.825000000000003 1.9 0.0 1.8999999999999873 -1.530755006736604e-14 -0.1
21.875 1.9 0.0 1.8999999999999873 -1.6009565344259523e-14 -0.1
21.925000000000004 1.9 0.0 1.8999999999999875 -1.692981880733165e-14 -0.1
21.975 1.9 0.0 1.8999999999999875 -1.957893161015316e-14 -0.1
22.025 1.9 0.0 1.899999999999987 -2.1062059245892124e-14 -0.1
22.075000000000003 1.9 0.0 1.8999999999999873 -2.0669144726486735e-14 -0.1
22.125 1.9 0.0 1.8999999999999873 -2.0873499641937103e-14 -0.1
22.175000000000004 1.9 0.0 1.8999999999999873 -2.1526800935950158e-14 -0.1
22.225 1.9 0.0 1.8999999999999873 -2.2599433474759774e-14 -0.1
22.275 1.9 0.0 1.8999999999999873 -2.274848525204504e-14 -0.1
22.325000000000003 1.9 0.0 1.8999999999999873 -2.2994322765781728e-14 -0.1
22.375 1.9 0.0 1.8999999999999873 -2.3950220532667288e-14 -0.1
22.425000000000004 1.9 0.0 1.8999999999999877 -2.2791394365522876e-14 -0.1
22.475 1.9 0.0 1.8999999999999884 -2.2089509289664518e-14 -0.1
22.525 1.9 0.0 1.8999999999999884 -2.1903126009970772e-14 -0.1
22.575000000000003 1.9 0.0 1.8999999999999884 -2.228775382308175e-14 -0.1
22.625 1.9 0.0 1.8999999999999886 -2.2823823327354503e-14 -0.1
22.675000000000004 1.9 0.0 1.8999999999999886 -2.1744387121402926e-14 -0.1
22.725 1.9 0.0 1.8999999999999884 -2.190857935200998e-14 -0.1
22.775 1.9 0.0 1.8999999999999884 -2.2343141403707468e-14 -0.1
22.825000000000003 1.9 0.0 1.8999999999999884 -2.3088150280596762e-14 -0.1
22.875 1.9 0.0 1.8999999999999884 -2.3816944979437843e-14 -0.1
22.925000000000004 1.9 0.0 1.8999999999999884 -2.5457207155641453e-14 -0.1
22.975 1.9 0.0 1.8999999999999886 -2.5940776640241663e-14 -0.1
23.025 1.9 0.0 1.8999999999999884 -2.7172958931156768e-14 -0.1
23.075000000000003 1.9 0.0 1.8999999999999886 -2.7289223889305527e-14 -0.1
23.125 1.9 0.0 1.8999999999999884 -2.6972815328981288e-14 -0.1
23.175000000000004 1.9 0.0 1.8999999999999884 -2.863654889909407e-14 -0.1
23.225 1.9 0.0 1.8999999999999884 -2.9673308874459715e-14 -0.1
23.275 1.9 0.0 1.8999999999999884 -3.1177853893090277e-14 -0.1
23.325000000000003 1.9 0.0 1.8999999999999884 -3.227066794155143e-14 -0.1
23.375 1.9 0.0 1.8999999999999886 -3.336733845925341e-14 -0.1
23.425000000000004 1.9 0.0 1.8999999999999886 -3.258546853855181e-14 -0.1
23.475 1.9 0.0 1.8999999999999893 -3.0395641816193286e-14 -0.1
23.525 1.9 0.0 1.8999999999999904 -2.6953780274456563e-14 -0.1
23.575000000000003 1.9 0.0 1.8999999999999906 -2.4814205937495702e-14 -0.1
23.625 1.9 0.0 1.8999999999999906 -2.6553974466129252e-14 -0.1
23.675000000000004 1.9 0.0 1.8999999999999906 -2.8606053632931606e-14 -0.1
23.725 1.9 0.0 1.8999999999999906 -2.882494256854077e-14 -0.1
23.775 1.9 0.0 1.8999999999999906 -2.8328513251712354e-14 -0.1
23.825000000000003 1.9 0.0 1.8999999999999906 -2.8204234226586124e-14 -0.1
23.875 1.9 0.0 1.8999999999999906 -2.850736053467787e-14 -0.1
23.925000000000004 1.9 0.0 1.8999999999999906 -2.9519470175216373e-14 -0.1
23.975 1.9 0.0 1.8999999999999906 -3.0463136184505125e-14 -0.1
24.025 1.9 0.0 1.8999999999999901 -3.183080628626584e-14 -0.1
24.075000000000003 1.9 0.0 1.8999999999999901 -3.2148751082435243e-14 -0.1
24.125 1.9 0.0 1.8999999999999906 -3.10971295003263e-14 -0.1
24.175000000000004 1.9 0.0 1.8999999999999906 -3.145713958457477e-14 -0.1
24.225 1.9 0.0 1.8999999999999906 -3.295144731452244e-14 -0.1
24.275 1.9 0.0 1.89999999999999 -3.446036463015595e-14 -0.1
24.325000000000003 1.9 0.0 1.89999999999999 -3.400473193520529e-14 -0.1
24.375 1.9 0.0 1.89999999999999 -3.44634076537767e-14 -0.1
24.425000000000004 1.9 0.0 1.899999999999991 -3.137044743954535e-14 -0.1
24.475 1.9 0.0 1.8999999999999917 -2.85279880869068e-14 -0.1
24.525 1.9 0.0 1.899999999999992 -2.6721237139014905e-14 -0.1
24.575000000000003 1.9 0.0 1.8999999999999915 -2.96627443649198e-14 -0.1
24.625 1.9 0.0 1.899999999999992 -2.896273286355447e-14 -0.1
24.675000000000004 1.9 0.0 1.8999999999999913 -3.207096171750949e-14 -0.1
24.725 1.9 0.0 1.8999999999999924 -2.9304736452441067e-14 -0.1
24.775 1.9 0.0 1.8999999999999906 -3.718255222940732e-14 -0.1
24.825000000000003 1.9 0.0 1.8999999999999928 -2.9781409502419394e-14 -0.1
24.875 1.9 0.0 1.8999999999999897 -4.4177589788038804e-14 -0.1
24.925000000000004 1.9 0.0 1.8999999999999946 -2.2700598111230366e-14 -0.1
24.975 1.9 0.0 1.899999999999988 -5.1368039219030694e-14 -0.1

