0.125 2.0 0.0 1.9999999911322905 3.928305050830826e-08 -8.023378137447364e-69
0.375 2.0 0.0 2.0000000059246554 -2.6245625368508286e-08 -8.237583357394523e-66
0.625 2.0 0.0 2.000000049695334 -2.2014529059382852e-07 -4.960217038783217e-63
0.875 2.0 0.0 2.000000111378827 -4.933969146118801e-07 -2.2389513277987053e-60
1.125 2.0 0.0 2.0000001071186353 -4.7452469529253233e-07 -8.083295968589929e-58
1.375 2.0 0.0 1.9999998699312154 5.761914464159097e-07 -2.3927033740792414e-55
1.625 2.0 0.0 1.9999992545146914 3.3024231451924657e-06 -5.861267598663116e-53
1.875 2.0 0.0 1.9999984041644783 7.069384877641787e-06 -1.1883943908134718e-50
2.125 2.0 0.0 1.9999980679515803 8.558772077892356e-06 -1.976589158084722e-48
2.375 2.0 0.0 1.9999996622246337 1.4963090995500014e-06 -2.632942317395744e-46
2.625 2.0 0.0 2.0000047647223944 -2.1107280868894853e-05 -2.638888646042497e-44
2.875 2.0 0.0 2.000014093457343 -6.24329300738501e-05 -1.5796414191572262e-42
3.125 2.0 0.0 2.0000265945709037 -0.00011781243997650089 4.567817789604015e-41
3.375 2.0 0.0 2.0000394903736827 -0.00017494094512335485 2.7652750956800404e-38
3.625 2.0 0.0 2.000049555020303 -0.00021952779178746948 4.404258009248603e-36
3.875 2.0 0.0 2.000054787966981 -0.00024271012290487593 4.802503147034089e-34
4.125 2.0 0.0 2.000055114738922 -0.00024415776166547933 4.0714940949284585e-32
4.375 2.0 0.0 2.000051556334247 -0.0002283937597809329 2.798298194819873e-30
4.625 2.0 0.0 2.000044857031984 -0.00019871545349671254 1.5853487713817023e-28
4.875 2.0 0.0 2.000035157203715 -0.0001557449488944955 7.44089836681967e-27
5.125 2.0 0.0 2.000023072610529 -0.00010221021717616659 2.8831502816409013e-25
5.375 2.0 0.0 2.0000107544560164 -4.764132239314899e-05 9.092577194644609e-24
5.625 2.0 0.0 2.0000013148216977 -5.824707988429763e-06 2.252142269674823e-22
5.875 2.0 0.0 1.9999968171321438 1.4099832742109249e-05 3.954656992153136e-21
6.125 2.0 0.0 1.9999967848535638 1.4243107275510587e-05 2.789761923259548e-20
6.375 2.0 0.0 1.9999987619240787 5.483668906551846e-06 -1.0909101867037715e-18
6.625 2.0 0.0 2.0000003318463255 -1.4704336125391495e-06 -5.5213930824722155e-17
6.875 1.9999999999999984 0.0 2.000000631624815 -2.794906336717056e-06 -1.5081395283077498e-15
7.125 1.9999999999999696 0.0 2.000000207123327 -9.189672748455261e-07 -3.0406459207729985e-14
7.375 1.9999999999995122 0.0 1.9999998588778887 6.155206173198927e-07 -4.87731075149774e-13
7.625 2.0000999999935996 0.0 1.9999998387929518 7.230046305994285e-07 -6.400550420574792e-12
7.875 2.000099999930534 0.0 1.9999999341431247 3.200927882699479e-07 -6.946621751012237e-11
8.125 2.000099999375698 0.0 1.9999999365364056 2.4661837784302617e-07 -6.243021272063907e-10
8.375 2.000099995388953 0.0 1.9999998593703507 5.077679723178493e-07 -4.611047172371882e-09
8.625 2.00009997260002 0.0 1.999999794959205 8.620905536426669e-07 -2.7399979986059073e-08
8.875 2.0000998759409225 0.0 1.999999692179165 1.1474181974177053e-06 -1.240590773561188e-07
9.125 2.000099644742776 0.0 1.9999993906316311 1.1048555567285779e-06 -3.552572240524588e-07
9.375 2.000100129420584 0.0 1.999999732388698 7.080888898547154e-07 1.2942058380315937e-07
9.625 2.000009209599773 0.0 2.0000088126362923 7.578370241437767e-07 9.209599773068e-06
9.875 2.0000682906028517 0.0 2.000068255661021 2.1326974723220873e-06 6.829060285179713e-05
10.125 2.000334760723519 0.0 2.000335201393162 3.7192142382098686e-06 0.00033476072351890226
10.375 2.001263967051447 0.0 2.001264196110294 1.966803999849718e-06 0.0012639670514472895
10.625 2.0038550975507237 0.0 2.003853879087002 -5.53200289149744e-06 0.003855097550723615
10.875 2.0096787065010053 0.0 2.009675658371666 -1.4916293709118613e-05 0.009678706501005496
11.125 2.020127884974914 0.0 2.020124999867459 -1.5506627134997803e-05 0.02012788497491368
11.375 2.0345896280584306 0.0 2.0345912672257103 3.4835425178060016e-06 0.03458962805843038
11.625 2.0485132950314933 0.0 2.048524244827326 4.42733918720532e-05 0.0485132950314933
11.875 2.0538079291557834 0.0 2.053830998757101 9.815839668412698e-05 0.053807929155783495
12.125 2.0432510018706274 0.0 2.0432860374490263 0.00015166140094145718 0.0432510018706274
12.375 2.016682344413092 0.0 2.0167270990116055 0.00019510219908133947 0.01668234441309194
12.625 1.983317655586908 0.0 1.9833692412177668 0.00022554138857938476 -0.01668234441309194
12.875 1.9567489981293726 0.0 1.9568043326292641 0.00024232992373752476 -0.0432510018706274
13.125 1.9461920708442164 0.0 1.9462472230465484 0.00024196820793978628 -0.053807929155783495
13.375 1.9514867049685067 0.0 1.951536626599885 0.00021946775858939702 -0.0485132950314933
13.625 1.9654103719415696 0.0 1.9654501404227633 0.00017491098130926474 -0.03458962805843038
13.875 1.9798721150250864 0.0 1.9798989508563132 0.00011722040795928313 -0.02012788497491368
14.125 1.8903212934989946 0.0 1.8903355056609197 6.08493215556481e-05 -0.1096787065010055
14.375 1.8961449024492765 0.0 1.8961495635892456 1.9481244790364064e-05 -0.10385509755072363
14.625 1.8987360329485528 0.0 1.8987353904166437 -2.1033705848241496e-06 -0.1012639670514473
14.875 1.899665239276481 0.0 1.8996633046431595 -8.448650337246796e-06 -0.1003347607235189
15.125 1.8999317093971482 0.0 1.8999301868558756 -6.619518153707638e-06 -0.1000682906028518
15.375 1.899990790400227 0.0 1.8999901284536862 -2.8411837773840802e-06 -0.10000920959977308
15.625 1.899999870579416 0.0 1.8999997914290496 -3.461690127620636e-07 -0.10000012942058381
15.875 1.900000355257224 0.0 1.9000004731926383 5.101792887445088e-07 -0.09999964474277595
16.125 1.9000001240590774 0.0 1.900000226884703 4.4380977984470927e-07 -0.09999987594092265
16.375 1.90000002739998 0.0 1.9000000671523116 1.7165533881749026e-07 -0.09999997260002003
16.625 1.9000000046110472 0.0 1.9000000058779993 5.471720599666763e-09 -0.09999999538895284
16.875 1.900000000624302 0.0 1.8999999924171054 -3.543766380813263e-08 -0.09999999937569788
17.125 1.9000000000694661 0.0 1.899999994954975 -2.2082597898131097e-08 -0.09999999993053378
17.375 1.9000000000064006 0.0 1.8999999988301968 -5.078609768916818e-09 -0.09999999999359946
17.625 1.9000000000004877 0.0 1.9000000003965827 1.7102573807717963e-09 -0.09999999999951227
17.875 1.9000000000000303 0.0 1.9000000004399942 1.8996520592424595e-09 -0.0999999999999696
18.125 1.9000000000000015 0.0 1.9000000001484083 6.407903751048999e-10 -0.09999999999999849
18.375 1.9000000000000001 0.0 1.8999999999916781 -3.592418184748806e-11 -0.09999999999999995
18.625 1.9 0.0 1.8999999999694208 -1.320248446196879e-10 -0.1
18.875 1.9 0.0 1.899999999987381 -5.4478032823538843e-11 -0.1
19.125 1.9 0.0 1.899999999999562 -1.8822925609845073e-12 -0.1
19.375 1.9 0.0 1.9000000000018924 8.179888448425264e-12 -0.1
19.625 1.9 0.0 1.9000000000008606 3.724990632700729e-12 -0.1
19.875 1.9 0.0 1.9000000000000508 2.2736042209007397e-13 -0.1
20.125 1.9 0.0 1.8999999999998867 -4.819055796087945e-13 -0.1
20.375 1.9 0.0 1.8999999999999475 -2.1868827324957207e-13 -0.1
20.625 1.9 0.0 1.8999999999999955 -1.1952513001602963e-14 -0.1
20.875 1.9 0.0 1.9000000000000044 2.516988709566119e-14 -0.1
21.125 1.9 0.0 1.9000000000000008 8.148146218480846e-15 -0.1
21.375 1.9 0.0 1.8999999999999984 -3.063971214578314e-15 -0.1
21.625 1.9 0.0 1.8999999999999981 -3.873397599958062e-15 -0.1
21.875 1.9 0.0 1.8999999999999981 -1.6948248803594509e-15 -0.1
22.125 1.9 0.0 1.899999999999998 -5.646165819392026e-16 -0.1
22.375 1.9 0.0 1.899999999999998 -1.0655900726962753e-15 -0.1
22.625 1.9 0.0 1.8999999999999981 -2.096131211051909e-15 -0.1
22.875 1.9 0.0 1.899999999999998 -3.0756950899741356e-15 -0.1
23.125 1.9 0.0 1.899999999999998 -3.9600267705105575e-15 -0.1
23.375 1.9 0.0 1.8999999999999984 -3.4330530739942405e-15 -0.1
23.625 1.9 0.0 1.8999999999999986 -2.8353766599793375e-15 -0.1
23.875 1.9 0.0 1.8999999999999986 -3.1970228724514558e-15 -0.1
24.125 1.9 0.0 1.8999999999999986 -3.2827434031836576e-15 -0.1
24.375 1.9 0.0 1.8999999999999986 -4.416750752316957e-15 -0.1
24.625 1.9 0.0 1.899999999999999 -4.448506653208062e-15 -0.1
24.875 1.9 0.0 1.8999999999999986 -4.389061698823178e-15 -0.1
