0.125 2.0 0.0 1.9999999911322908 3.928305122230857e-08 -8.023378137447364e-69
0.375 2.0 0.0 2.0000000059246554 -2.6245624365312682e-08 -8.237583357394523e-66
0.625 2.0 0.0 2.000000049695334 -2.201452906922232e-07 -4.960217038783217e-63
0.875 2.0 0.0 2.000000111378826 -4.933969133670772e-07 -2.2389513277987053e-60
1.125 2.0 0.0 2.0000001071186344 -4.7452469257054627e-07 -8.083295968589929e-58
1.375 2.0 0.0 1.9999998699312145 5.761914474502942e-07 -2.3927033740792414e-55
1.625 2.0 0.0 1.999999254514691 3.3024231423565545e-06 -5.861267598663116e-53
1.875 2.0 0.0 1.9999984041644794 7.0693848709073095e-06 -1.1883943908134718e-50
2.125 2.0 0.0 1.9999980679515823 8.558772068011874e-06 -1.976589158084722e-48
2.375 2.0 0.0 1.999999662224634 1.4963090971111416e-06 -2.632942317395744e-46
2.625 2.0 0.0 2.0000047647223855 -2.110728083084089e-05 -2.638888646042497e-44
2.875 2.0 0.0 2.0000140934573167 -6.243292995841232e-05 -1.5796414191572262e-42
3.125 2.0 0.0 2.0000265945708673 -0.00011781243981473519 4.567817789604015e-41
3.375 2.0 0.0 2.000039490373677 -0.00017494094509956724 2.7652750956800404e-38
3.625 2.0 0.0 2.000049555020408 -0.00021952779225531375 4.404258009248603e-36
3.875 2.0 0.0 2.000054787967276 -0.00024271012421345429 4.802503147034089e-34
4.125 2.0 0.0 2.000055114739406 -0.0002441577638104532 4.0714940949284585e-32
4.375 2.0 0.0 2.000051556334779 -0.00022839376214036484 2.798298194819873e-30
4.625 2.0 0.0 2.000044857032285 -0.0001987154548332395 1.5853487713817023e-28
4.875 2.0 0.0 2.0000351572033077 -0.0001557449470898903 7.44089836681967e-27
5.125 2.0 0.0 2.000023072608232 -0.00010221020699814692 2.8831502816409013e-25
5.375 2.0 0.0 2.0000107544485255 -4.764128920632389e-05 9.092577194644609e-24
5.625 2.0 0.0 2.0000013148012115 -5.824617236229669e-06 2.252142269674823e-22
5.875 2.0 0.0 1.9999968170839422 1.4100046267976172e-05 3.954656992153136e-21
6.125 2.0 0.0 1.999996784755349 1.424354235359774e-05 2.789761923259548e-20
6.375 2.0 0.0 1.9999987617490853 5.4844441077327246e-06 -1.0909101867037715e-18
6.625 2.0 0.0 2.0000003315715067 -1.4692161916766487e-06 -5.5213930824722155e-17
6.875 1.9999999999999984 0.0 2.000000631244278 -2.7932205914853758e-06 -1.5081395283077498e-15
7.125 1.9999999999999696 0.0 2.0000002066658515 -9.169407035672568e-07 -3.0406459207729985e-14
7.375 1.9999999999995122 0.0 1.999999858425255 6.17525739579015e-07 -4.87731075149774e-13
7.625 2.0000999999935996 0.0 1.9999998384923328 7.243363424454776e-07 -6.400550420574792e-12
7.875 2.000099999930534 0.0 1.9999999342031394 3.198269299116217e-07 -6.946621751012237e-11
8.125 2.000099999375698 0.0 1.9999999371956902 2.4369781909887465e-07 -6.243021272063907e-10
8.375 2.000099995388953 0.0 1.9999998608328176 5.012893837204873e-07 -4.611047172371882e-09
8.625 2.00009997260002 0.0 1.9999997973020294 8.517120892215545e-07 -2.7399979986059073e-08
8.875 2.0000998759409225 0.0 1.9999996952550987 1.1337921692901455e-06 -1.240590773561188e-07
9.125 2.000099644742776 0.0 1.9999993940011893 1.0899284638513534e-06 -3.552572240524588e-07
9.375 2.000100129420584 0.0 1.9999997353232246 6.9508980819015e-07 1.2942058380315937e-07
9.625 2.000009209599773 0.0 2.000008814221196 7.508171344389746e-07 9.209599773068e-06
9.875 2.0000682906028517 0.0 2.000068255000945 2.1356127025456655e-06 6.829060285179713e-05
10.125 2.000334760723519 0.0 2.000335197889012 3.734748326124742e-06 0.00033476072351890226
10.375 2.001263967051447 0.0 2.0012641897029533 1.9951306529996645e-06 0.0012639670514472895
10.625 2.0038550975507237 0.0 2.0038538703894613 -5.49407742035582e-06 0.003855097550723615
10.875 2.0096787065010053 0.0 2.009675649048719 -1.4874093501076892e-05 0.009678706501005496
11.125 2.020127884974914 0.0 2.0201249928976543 -1.546593766157055e-05 0.02012788497491368
11.375 2.0345896280584306 0.0 2.034591264507542 3.511885348894305e-06 0.03458962805843038
11.625 2.0485132950314933 0.0 2.048524244452538 4.427471719555735e-05 0.0485132950314933
11.875 2.0538079291557834 0.0 2.0538309999396556 9.813684241057345e-05 0.053807929155783495
12.125 2.0432510018706274 0.0 2.0432860440085756 0.00015163957802783828 0.0432510018706274
12.375 2.016682344413092 0.0 2.0167271097671495 0.00019508218839678376 0.01668234441309194
12.625 1.983317655586908 0.0 1.983369250617177 0.00022551224844773955 -0.01668234441309194
12.875 1.9567489981293726 0.0 1.956804342662923 0.00024229195153787822 -0.0432510018706274
13.125 1.9461920708442164 0.0 1.9462472347262951 0.00024189925092420425 -0.053807929155783495
13.375 1.9514867049685067 0.0 1.951536637623837 0.00021935252274021575 -0.0485132950314933
13.625 1.9654103719415696 0.0 1.965450151895275 0.0001748077621633072 -0.03458962805843038
13.875 1.9798721150250864 0.0 1.9798989508009497 0.00011721408248345673 -0.02012788497491368
14.125 1.8903212934989946 0.0 1.8903354518419173 6.103887915046138e-05 -0.1096787065010055
14.375 1.8961449024492765 0.0 1.8961494932437697 1.9600464032421485e-05 -0.10385509755072363
14.625 1.8987360329485528 0.0 1.8987355136310096 -2.2296662147231727e-06 -0.1012639670514473
14.875 1.899665239276481 0.0 1.8996632666828415 -8.512682429740024e-06 -0.1003347607235189
15.125 1.8999317093971482 0.0 1.8999301781051567 -6.6136052481304525e-06 -0.1000682906028518
15.375 1.899990790400227 0.0 1.8999901289791998 -2.855087296953923e-06 -0.10000920959977308
15.625 1.899999870579416 0.0 1.8999997908906108 -3.4426577976120377e-07 -0.10000012942058381
15.875 1.900000355257224 0.0 1.9000004737129015 5.114952680033766e-07 -0.09999964474277595
16.125 1.9000001240590774 0.0 1.900000227232808 4.454714365776961e-07 -0.09999987594092265
16.375 1.90000002739998 0.0 1.9000000673242088 1.723822957920413e-07 -0.09999997260002003
16.625 1.9000000046110472 0.0 1.900000005902971 5.578329908602205e-09 -0.09999999538895284
16.875 1.900000000624302 0.0 1.8999999923886417 -3.5559415103928134e-08 -0.09999999937569788
17.125 1.9000000000694661 0.0 1.8999999949290434 -2.2194937980170225e-08 -0.09999999993053378
17.375 1.9000000000064006 0.0 1.8999999988201854 -5.121751417268628e-09 -0.09999999999359946
17.625 1.9000000000004877 0.0 1.9000000003965312 1.7100202032060517e-09 -0.09999999999951227
17.875 1.9000000000000303 0.0 1.9000000004422746 1.909501915408768e-09 -0.0999999999999696
18.125 1.9000000000000015 0.0 1.90000000014974 6.465407305947413e-10 -0.09999999999999849
18.375 1.9000000000000001 0.0 1.8999999999919277 -3.4843772805864283e-11 -0.09999999999999995
18.625 1.9 0.0 1.899999999969278 -1.3264084266184732e-10 -0.1
18.875 1.9 0.0 1.8999999999872572 -5.501276913170257e-11 -0.1
19.125 1.9 0.0 1.8999999999995283 -2.0289031395725727e-12 -0.1
19.375 1.9 0.0 1.9000000000019002 8.209616053045742e-12 -0.1
19.625 1.9 0.0 1.9000000000008708 3.764031791186498e-12 -0.1
19.875 1.9 0.0 1.9000000000000545 2.3914979568082355e-13 -0.1
20.125 1.9 0.0 1.8999999999998867 -4.828502142554833e-13 -0.1
20.375 1.9 0.0 1.8999999999999466 -2.2126152197007887e-13 -0.1
20.625 1.9 0.0 1.8999999999999952 -1.1708094992808719e-14 -0.1
20.875 1.9 0.0 1.9000000000000044 2.7393744064978276e-14 -0.1
21.125 1.9 0.0 1.9000000000000008 1.0348417000514534e-14 -0.1
21.375 1.9 0.0 1.8999999999999984 -1.0771468391865145e-15 -0.1
21.625 1.9 0.0 1.899999999999998 -3.9716030141008464e-15 -0.1
21.875 1.9 0.0 1.899999999999998 -4.157721436836409e-15 -0.1
22.125 1.9 0.0 1.899999999999998 -4.024755928962261e-15 -0.1
22.375 1.9 0.0 1.8999999999999977 -2.622339975053723e-15 -0.1
22.625 1.9 0.0 1.899999999999998 -1.8031063942590637e-15 -0.1
22.875 1.9 0.0 1.8999999999999981 -2.4478455121164485e-15 -0.1
23.125 1.9 0.0 1.899999999999998 -3.1074078894962864e-15 -0.1
23.375 1.9 0.0 1.8999999999999981 -3.3697963768884962e-15 -0.1
23.625 1.9 0.0 1.8999999999999986 -2.6639770515476154e-15 -0.1
23.875 1.9 0.0 1.8999999999999986 -2.5725977305488082e-15 -0.1
24.125 1.9 0.0 1.8999999999999986 -3.1976702592429386e-15 -0.1
24.375 1.9 0.0 1.8999999999999986 -4.5207917131432915e-15 -0.1
24.625 1.9 0.0 1.899999999999999 -4.5111056813912075e-15 -0.1
24.875 1.9 0.0 1.8999999999999986 -4.443507421675228e-15 -0.1

