0.125 2.0 0.0 1.9999999911798676 3.907228957596498e-08 -8.023378137447364e-69
0.375 2.0 0.0 2.0000000059175758 -2.621426415808588e-08 -8.237583357394523e-66
0.625 2.0 0.0 2.0000000495348815 -2.1943450028664555e-07 -4.960217038783217e-63
0.875 2.0 0.0 2.0000001110291734 -4.918479869641354e-07 -2.2389513277987053e-60
1.125 2.0 0.0 2.000000106785526 -4.7304905781992655e-07 -8.083295968589929e-58
1.375 2.0 0.0 1.9999998701312078 5.753054956292012e-07 -2.3927033740792414e-55
1.625 2.0 0.0 1.9999992558613322 3.2964576620608158e-06 -5.861267598663116e-53
1.875 2.0 0.0 1.9999984069430985 7.057075880417452e-06 -1.1883943908134718e-50
2.125 2.0 0.0 1.9999980717193093 8.542081413038499e-06 -1.976589158084722e-48
2.375 2.0 0.0 1.9999996650721792 1.4836947348645803e-06 -2.632942317395744e-46
2.625 2.0 0.0 2.000004760830258 -2.1090038958146523e-05 -2.638888646042497e-44
2.875 2.0 0.0 2.0000140692985067 -6.232590752745592e-05 -1.5796414191572262e-42
3.125 2.0 0.0 2.0000265327466016 -0.00011753855901474548 4.567817789604015e-41
3.375 2.0 0.0 2.000039402317355 -0.00017455085317090354 2.7652750956800404e-38
3.625 2.0 0.0 2.0000495580343 -0.00021954114398371326 4.404258009248603e-36
3.875 2.0 0.0 2.000055183052285 -0.0002444603817284683 4.802503147034089e-34
4.125 2.0 0.0 2.000056301651351 -0.00024941588055224484 4.0714940949284585e-32
4.375 2.0 0.0 2.0000535294443704 -0.00023713477912784743 2.798298194819873e-30
4.625 2.0 0.0 2.0000461690053246 -0.00020452756115260588 1.5853487713817023e-28
4.875 2.0 0.0 2.000031815433482 -0.00014094089575722283 7.44089836681967e-27
5.125 2.0 0.0 2.000008711510874 -3.8591313379216115e-05 2.8831502816409013e-25
5.375 2.0 0.0 1.999979845516451 8.928157184273162e-05 9.092577194644609e-24
5.625 2.0 0.0 1.9999559545600265 0.00019511338354851596 2.252142269674823e-22
5.875 2.0 0.0 1.9999541985240232 0.0002028923212918026 3.954656992153136e-21
6.125 2.0 0.0 1.999990273375261 4.308740054721938e-05 2.789761923259548e-20
6.375 2.0 0.0 2.0000645141271427 -0.00028580026598326147 -1.0909101867037715e-18
6.625 2.0 0.0 2.000148111506901 -0.000656156821630227 -5.5213930824722155e-17
6.875 1.9999999999999984 0.0 2.000182684889746 -0.0008093289042514583 -1.5081395283077498e-15
7.125 1.9999999999999696 0.0 2.0001085822505265 -0.0004810356730111991 -3.0406459207729985e-14
7.375 1.9999999999995122 0.0 1.9999246620807338 0.0003337080870818792 -4.87731075149774e-13
7.625 2.0000999999935996 0.0 1.999750605943811 0.0011046898909705992 -6.400550420574792e-12
7.875 2.000099999930534 0.0 1.9998244149908277 0.000777775122244776 -6.946621751012237e-11
8.125 2.000099999375698 0.0 2.0003590239937576 -0.0015908295996639825 -6.243021272063907e-10
8.375 2.000099995388953 0.0 2.0012522036983658 -0.005550050214239424 -4.611047172371882e-09
8.625 2.00009997260002 0.0 2.00180151440263 -0.007985991478464436 -2.7399979986059073e-08
8.875 2.0000998759409225 0.0 2.0007084285147494 -0.003140179990432843 -1.240590773561188e-07
9.125 2.000099644742776 0.0 1.9965629101803817 0.015199502327080951 -3.552572240524588e-07
9.375 2.000100129420584 0.0 1.9886481727022596 0.05005865821045649 1.2942058380315937e-07
9.625 2.000009209599773 0.0 1.9775961489438285 0.09842146272343068 9.209599773068e-06
9.875 2.0000682906028517 0.0 1.965472076878482 0.15119782239333607 6.829060285179713e-05
10.125 2.000334760723519 0.0 1.9551917928265377 0.19641343790423865 0.00033476072351890226
10.375 2.001263967051447 0.0 1.949503733261957 0.22445139570371858 0.0012639670514472895
10.625 2.0038550975507237 0.0 1.9500311211408343 0.23300800293780927 0.003855097550723615
10.875 2.0096787065010053 0.0 1.9569487480167613 0.22844292543285588 0.009678706501005496
11.125 2.020127884974914 0.0 1.9692789349358892 0.22128989331509924 0.02012788497491368
11.375 2.0345896280584306 0.0 1.9847737647439565 0.21858183089309463 0.03458962805843038
11.625 2.0485132950314933 0.0 1.9987664445056732 0.2198334515897294 0.0485132950314933
11.875 2.0538079291557834 0.0 2.0038460423280093 0.22036593496952914 0.053807929155783495
12.125 2.0432510018706274 0.0 1.9931901107039147 0.21788583574464887 0.0432510018706274
12.375 2.016682344413092 0.0 1.9665557905212006 0.21492515771288684 0.01668234441309194
12.625 1.983317655586908 0.0 1.933050783206734 0.21495089229335984 -0.01668234441309194
12.875 1.9567489981293726 0.0 1.9063709480548645 0.2180568197070586 -0.0432510018706274
13.125 1.9461920708442164 0.0 1.8958730647162327 0.2215504988883391 -0.053807929155783495
13.375 1.9514867049685067 0.0 1.9013706414534164 0.22312316547663072 -0.0485132950314933
13.625 1.9654103719415696 0.0 1.9154777414274444 0.22254682956272043 -0.03458962805843038
13.875 1.9798721150250864 0.0 1.9299929422295419 0.22109656370779374 -0.02012788497491368
14.125 1.8903212934989946 0.0 1.9403963907558024 0.2199960916968768 -0.1096787065010055
14.375 1.8961449024492765 0.0 1.9461597353284634 0.21960498783798793 -0.10385509755072363
14.625 1.8987360329485528 0.0 1.9487138556773371 0.21965394515589265 -0.1012639670514473
14.875 1.899665239276481 0.0 1.9495945609403726 0.2196600533109303 -0.1003347607235189
15.125 1.8999317093971482 0.0 1.9497312783000136 0.2191995238724822 -0.1000682906028518
15.375 1.899990790400227 0.0 1.9495731488730395 0.21826768504608823 -0.10000920959977308
15.625 1.899999870579416 0.0 1.949397514333881 0.21745026668582718 -0.10000012942058381
15.875 1.900000355257224 0.0 1.9493628149642466 0.21729457217785408 -0.09999964474277595
16.125 1.9000001240590774 0.0 1.9493754562117571 0.21735172703820638 -0.09999987594092265
16.375 1.90000002739998 0.0 1.9491948940398702 0.2165416700475651 -0.09999997260002003
16.625 1.9000000046110472 0.0 1.948901377087982 0.21522515224068156 -0.09999999538895284
16.875 1.900000000624302 0.0 1.9491567966273755 0.21636963236828044 -0.09999999937569788
17.125 1.9000000000694661 0.0 1.9505993465025322 0.22284149118143892 -0.09999999993053378
17.375 1.9000000000064006 0.0 1.9526479482173063 0.23204381765755455 -0.09999999999359946
17.625 1.9000000000004877 0.0 1.952978407373862 0.23352292466989094 -0.09999999999951227
17.875 1.9000000000000303 0.0 1.9486909132911163 0.21426533751223326 -0.0999999999999696
18.125 1.9000000000000015 0.0 1.9386541282120975 0.16944986788057298 -0.09999999999999849
18.375 1.9000000000000001 0.0 1.9249772377150087 0.10892977971698722 -0.09999999999999995
18.625 1.9 0.0 1.9118852974477627 0.051576509881233266 -0.1
18.875 1.9 0.0 1.902841391017248 0.012288264489258455 -0.1
19.125 1.9 0.0 1.8986559029133239 -0.005799893228237358 -0.1
19.375 1.9 0.0 1.897931482623601 -0.00892397355944714 -0.1
19.625 1.9 0.0 1.8986883312004552 -0.005660298429588146 -0.1
19.875 1.9 0.0 1.8995547198405198 -0.0019221774015245833 -0.1
20.125 1.9 0.0 1.9000221807479638 9.577756551929487e-05 -0.1
20.375 1.9 0.0 1.9001321580276243 0.0005706520153190835 -0.1
20.625 1.9 0.0 1.9000854026264085 0.0003687592335960089 -0.1
20.875 1.9 0.0 1.9000245305853456 0.0001059178853115676 -0.1
21.125 1.9 0.0 1.8999957493039457 -1.8353333099340854e-05 -0.1
21.375 1.9 0.0 1.899991933658298 -3.4828180385238226e-05 -0.1
21.625 1.9 0.0 1.8999961894631836 -1.6452842556043334e-05 -0.1
21.875 1.9 0.0 1.8999995291906209 -2.0328273142435377e-06 -0.1
22.125 1.9 0.0 1.9000005121455636 2.2113071107468523e-06 -0.1
22.375 1.9 0.0 1.9000003614774557 1.5607626391601007e-06 -0.1
22.625 1.9 0.0 1.9000000867344675 3.7449612001261495e-07 -0.1
22.875 1.9 0.0 1.8999999761420328 -1.0301227229651269e-07 -0.1
23.125 1.9 0.0 1.8999999731328001 -1.1600532873404396e-07 -0.1
23.375 1.9 0.0 1.899999991758691 -3.558374791891336e-08 -0.1
23.625 1.9 0.0 1.9000000008630928 3.726609702109334e-09 -0.1
23.875 1.9 0.0 1.9000000017321546 7.478983952241857e-09 -0.1
24.125 1.9 0.0 1.9000000005896256 2.5458472230628714e-09 -0.1
24.375 1.9 0.0 1.8999999999693642 -1.322731619344891e-10 -0.1
24.625 1.9 0.0 1.899999999897446 -4.427994592966958e-10 -0.1
24.875 1.9 0.0 1.8999999999667152 -1.4371214770231004e-10 -0.1

