0.125 2.0 0.0 1.9999999911322908 3.928305055915302e-08 -8.023378137447364e-69
0.375 2.0 0.0 2.0000000059246554 -2.624562566779896e-08 -8.237583357394523e-66
0.625 2.0 0.0 2.000000049695334 -2.201452904491484e-07 -4.960217038783217e-63
0.875 2.0 0.0 2.0000001113788266 -4.933969130126713e-07 -2.2389513277987053e-60
1.125 2.0 0.0 2.000000107118635 -4.7452469272349453e-07 -8.083295968589929e-58
1.375 2.0 0.0 1.9999998699312145 5.761914470797165e-07 -2.3927033740792414e-55
1.625 2.0 0.0 1.9999992545146905 3.302423145078936e-06 -5.861267598663116e-53
1.875 2.0 0.0 1.9999984041644767 7.069384882325535e-06 -1.1883943908134718e-50
2.125 2.0 0.0 1.9999980679515776 8.55877208925446e-06 -1.976589158084722e-48
2.375 2.0 0.0 1.9999996622246303 1.4963091142525143e-06 -2.632942317395744e-46
2.625 2.0 0.0 2.000004764722395 -2.1107280869154685e-05 -2.638888646042497e-44
2.875 2.0 0.0 2.0000140934573563 -6.243293013389036e-05 -1.5796414191572262e-42
3.125 2.0 0.0 2.000026594570942 -0.00011781244014365349 4.567817789604015e-41
3.375 2.0 0.0 2.0000394903737364 -0.00017494094536463749 2.7652750956800404e-38
3.625 2.0 0.0 2.0000495550203135 -0.00021952779183899486 4.404258009248603e-36
3.875 2.0 0.0 2.0000547879668105 -0.00024271012214766995 4.802503147034089e-34
4.125 2.0 0.0 2.000055114738375 -0.0002441577592374999 4.0714940949284585e-32
4.375 2.0 0.0 2.000051556333216 -0.0002283937552131993 2.798298194819873e-30
4.625 2.0 0.0 2.000044857030776 -0.00019871544815033916 1.5853487713817023e-28
4.875 2.0 0.0 2.0000351572035493 -0.00015574494816546092 7.44089836681967e-27
5.125 2.0 0.0 2.000023072614071 -0.00010221023286410627 2.8831502816409013e-25
5.375 2.0 0.0 2.0000107544676307 -4.7641373839657933e-05 9.092577194644609e-24
5.625 2.0 0.0 2.0000013148469518 -5.824819860822188e-06 2.252142269674823e-22
5.875 2.0 0.0 1.9999968171760663 1.4099638166999424e-05 3.954656992153136e-21
6.125 2.0 0.0 1.9999967849174032 1.4242824473174254e-05 2.789761923259548e-20
6.375 2.0 0.0 1.9999987620008042 5.483329022812816e-06 -1.0909101867037715e-18
6.625 2.0 0.0 2.000000331915899 -1.4707418126243181e-06 -5.5213930824722155e-17
6.875 1.9999999999999984 0.0 2.0000006316511856 -2.7950231518124386e-06 -1.5081395283077498e-15
7.125 1.9999999999999696 0.0 2.0000002070560154 -9.186690921502719e-07 -3.0406459207729985e-14
7.375 1.9999999999995122 0.0 1.9999998586614416 6.16479453990355e-07 -4.87731075149774e-13
7.625 2.0000999999935996 0.0 1.9999998383864743 7.248052823068459e-07 -6.400550420574792e-12
7.875 2.000099999930534 0.0 1.999999933548651 3.2272624241563494e-07 -6.946621751012237e-11
8.125 2.000099999375698 0.0 1.999999935829083 2.497517451090533e-07 -6.243021272063907e-10
8.375 2.000099995388953 0.0 1.9999998587172394 5.106611982660129e-07 -4.611047172371882e-09
8.625 2.00009997260002 0.0 1.9999997946103776 8.636357777753042e-07 -2.7399979986059073e-08
8.875 2.0000998759409225 0.0 1.9999996924184633 1.1463581563499597e-06 -1.240590773561188e-07
9.125 2.000099644742776 0.0 1.9999993916865741 1.1001825872717677e-06 -3.552572240524588e-07
9.375 2.000100129420584 0.0 1.9999997343179103 6.995413683755932e-07 1.2942058380315937e-07
9.625 2.000009209599773 0.0 2.000008815233362 7.463334570603599e-07 9.209599773068e-06
9.875 2.0000682906028517 0.0 2.000068258417894 2.120491496507837e-06 6.829060285179713e-05
10.125 2.000334760723519 0.0 2.000335203556655 3.709594352046967e-06 0.00033476072351890226
10.375 2.001263967051447 0.0 2.001264196889398 1.963480818711787e-06 0.0012639670514472895
10.625 2.0038550975507237 0.0 2.0038538778885764 -5.526075221063629e-06 0.003855097550723615
10.875 2.0096787065010053 0.0 2.009675654679287 -1.4901328293563246e-05 0.009678706501005496
11.125 2.020127884974914 0.0 2.02012499377443 -1.5485238902722354e-05 0.02012788497491368
11.375 2.0345896280584306 0.0 2.034591261538054 3.511423231106821e-06 0.03458962805843038
11.625 2.0485132950314933 0.0 2.0485242427766224 4.430162467306556e-05 0.0485132950314933
11.875 2.0538079291557834 0.0 2.0538309975114455 9.816583609400316e-05 0.053807929155783495
12.125 2.0432510018706274 0.0 2.043286034876104 0.00015164708273861675 0.0432510018706274
12.375 2.016682344413092 0.0 2.016727101460753 0.00019509472539459296 0.01668234441309194
12.625 1.983317655586908 0.0 1.9833692473951823 0.0002255429768394437 -0.01668234441309194
12.875 1.9567489981293726 0.0 1.9568043337619654 0.0002423337875702718 -0.0432510018706274
13.125 1.9461920708442164 0.0 1.9462472217625102 0.0002419887704500345 -0.053807929155783495
13.375 1.9514867049685067 0.0 1.9515366241424843 0.00021946889565663694 -0.0485132950314933
13.625 1.9654103719415696 0.0 1.965450140063384 0.00017485383213414627 -0.03458962805843038
13.875 1.9798721150250864 0.0 1.9798989612135762 0.00011715019039677976 -0.02012788497491368
14.125 1.8903212934989946 0.0 1.8903355252927625 6.0833673235247056e-05 -0.1096787065010055
14.375 1.8961449024492765 0.0 1.8961495010701035 1.9858095768048492e-05 -0.10385509755072363
14.625 1.8987360329485528 0.0 1.8987350470193807 -1.4452627971961254e-06 -0.1012639670514473
14.875 1.899665239276481 0.0 1.8996637773581342 -8.325531812652717e-06 -0.1003347607235189
15.125 1.8999317093971482 0.0 1.899930066281394 -6.559620266937573e-06 -0.1000682906028518
15.375 1.899990790400227 0.0 1.8999901563173744 -2.6417976923357464e-06 -0.10000920959977308
15.625 1.899999870579416 0.0 1.8999998045715063 -3.665292592894679e-07 -0.10000012942058381
15.875 1.900000355257224 0.0 1.9000004682462754 5.103179379646514e-07 -0.09999964474277595
16.125 1.9000001240590774 0.0 1.9000002244788332 4.2863434368791895e-07 -0.09999987594092265
16.375 1.90000002739998 0.0 1.9000000654483826 1.6516782813033555e-07 -0.09999997260002003
16.625 1.9000000046110472 0.0 1.9000000054601471 3.5582339021105063e-09 -0.09999999538895284
16.875 1.900000000624302 0.0 1.899999992489531 -3.512414878930171e-08 -0.09999999937569788
17.125 1.9000000000694661 0.0 1.8999999950963664 -2.146759087931967e-08 -0.09999999993053378
17.375 1.9000000000064006 0.0 1.8999999989050331 -4.757220629199121e-09 -0.09999999999359946
17.625 1.9000000000004877 0.0 1.9000000004135593 1.784025288121358e-09 -0.09999999999951227
17.875 1.9000000000000303 0.0 1.9000000004355653 1.8804477456345127e-09 -0.0999999999999696
18.125 1.9000000000000015 0.0 1.9000000001426245 6.158448638027672e-10 -0.09999999999999849
18.375 1.9000000000000001 0.0 1.899999999989232 -4.6475039086061134e-11 -0.09999999999999995
18.625 1.9 0.0 1.899999999969105 -1.3337442766737108e-10 -0.1
18.875 1.9 0.0 1.8999999999876374 -5.3354672008472873e-11 -0.1
19.125 1.9 0.0 1.8999999999997514 -1.0470207957066557e-12 -0.1
19.375 1.9 0.0 1.9000000000019468 8.431146655175304e-12 -0.1
19.625 1.9 0.0 1.9000000000008561 3.718608205954911e-12 -0.1
19.875 1.9 0.0 1.900000000000039 1.8884150807733511e-13 -0.1
20.125 1.9 0.0 1.899999999999881 -4.939808968018171e-13 -0.1
20.375 1.9 0.0 1.8999999999999455 -2.1240830952086314e-13 -0.1
20.625 1.9 0.0 1.8999999999999948 -2.717699896503091e-16 -0.1
20.875 1.9 0.0 1.900000000000004 3.615746863967482e-14 -0.1
21.125 1.9 0.0 1.9 1.9804310130995874e-14 -0.1
21.375 1.9 0.0 1.8999999999999972 1.048695778073993e-14 -0.1
21.625 1.9 0.0 1.8999999999999968 8.827008518695231e-15 -0.1
21.875 1.9 0.0 1.8999999999999972 9.435260070949645e-15 -0.1
22.125 1.9 0.0 1.8999999999999977 1.1038233312205102e-14 -0.1
22.375 1.9 0.0 1.899999999999998 1.1576164189316936e-14 -0.1
22.625 1.9 0.0 1.899999999999998 1.1034524174008334e-14 -0.1
22.875 1.9 0.0 1.899999999999998 1.0119756262431421e-14 -0.1
23.125 1.9 0.0 1.899999999999998 9.297560956197663e-15 -0.1
23.375 1.9 0.0 1.8999999999999986 7.857705153781984e-15 -0.1
23.625 1.9 0.0 1.899999999999999 6.942848489046453e-15 -0.1
23.875 1.9 0.0 1.8999999999999992 7.075609781536617e-15 -0.1
24.125 1.9 0.0 1.8999999999999992 5.633428110218693e-15 -0.1
24.375 1.9 0.0 1.8999999999999992 3.4246298466740423e-15 -0.1
24.625 1.9 0.0 1.9 2.7429221231748607e-15 -0.1
24.875 1.9 0.0 1.9000000000000004 3.930795059588891e-15 -0.1

