0.0 2.000000000000772 -24.0 2.00000000000293 -24.00000000003542 -1.2485577391691675e-70
0.25 2.000000000000772 -24.0 2.0000000000028457 -24.00000000003406 -2.850203213424424e-67
0.5 2.000000000000772 -24.0 2.0000000000027645 -24.000000000032717 -2.1109980944259782e-64
0.75 2.000000000000772 -24.0 2.000000000001606 -24.000000000013724 -1.0864518245663961e-61
1.0 2.000000000000772 -24.0 2.0000000000002993 -23.99999999999227 -4.36567780080435e-59
1.25 2.000000000000772 -24.0 2.0000000000006932 -23.999999999998753 -1.4244864646060943e-56
1.5 2.000000000000772 -24.0 2.000000000003758 -24.000000000049134 -3.833786490499683e-54
1.75 2.000000000000772 -24.0 2.0000000000042615 -24.000000000057398 -8.548289091174405e-52
2.0 2.000000000000772 -24.0 1.9999999999926814 -23.9999999998671 -1.5726437566102247e-49
2.25 2.000000000000772 -24.0 1.999999999977336 -23.999999999615046 -2.351308388844086e-47
2.5 2.000000000000772 -24.0 2.0000000000043023 -24.00000000005829 -2.7506291988257142e-45
2.75 2.000000000000772 -24.0 2.000000000100792 -24.000000001642682 -2.2523830569655327e-43
3.0 2.000000000000772 -24.0 2.0000000001317177 -24.000000002152063 -6.518129048276597e-42
3.25 2.000000000000772 -24.0 1.9999999998187437 -23.999999997023668 1.637631564719423e-39
3.5 2.000000000000772 -24.0 1.9999999992735158 -23.99999998803888 3.7190631002266737e-37
3.75 2.000000000000772 -24.0 1.9999999996234923 -23.999999993848874 4.767397604445987e-35
4.0 2.000000000000772 -24.0 2.00000000206373 -24.00000003583583 4.547325892745335e-33
4.25 2.000000000000772 -24.0 2.0000000049812665 -24.00000008874511 3.4602839938301873e-31
4.5 2.000000000000772 -24.0 2.0000000020139996 -24.00000004259547 2.1566080528120858e-29
4.75 2.000000000000772 -24.0 1.9999999810924425 -23.9999996861973 1.111987969600823e-27
5.0 2.000000000000772 -24.0 1.9999999184506363 -23.999998582450228 4.7468193800184217e-26
5.25 2.000000000000772 -24.0 1.9999997517368393 -23.999995668711303 1.6638083285143045e-24
5.5 2.000000000000772 -24.0 1.9999992907845732 -23.999988108735288 4.6815685166807494e-23
5.75 2.000000000000772 -24.0 1.9999980113972822 -23.99996722302545 9.976476910669732e-22
6.0 2.000000000000772 -24.0 1.9999943549267536 -23.99990721655241 1.3091921451978668e-20
6.25 2.000000000000772 -24.0 1.9999840622964276 -23.999738128022145 -4.8921798420998234e-20
6.5 2.000000000000772 -24.0 1.9999564404644494 -23.99928431320781 -8.808736703694343e-18
6.75 2.000000000000772 -24.0 1.9998817199139178 -23.998056675570812 -3.023468242913689e-16
7.0 2.000000000000772 -24.0 1.9997255642521066 -23.995491164615313 -6.988407961666439e-15
7.25 2.000000000000772 -24.0 1.9995198006655137 -23.99211083418849 -1.250209723893004e-13
7.5 2.000000000000772 -24.0 1.9993246917621488 -23.988905699072554 -1.8100340773142959e-12
7.75 2.0000000000043068 -24.0 1.9991939047358962 -23.986756665760396 -2.1586786279083474e-11
8.0 2.0000000000325846 -24.0 1.9991366166837699 -23.98581456142318 -2.1327078847736331e-10
8.25 2.000000000272945 -24.0 1.9991242180322506 -23.98561160578005 -1.7403567350686184e-09
8.5 2.0000000018246875 -24.0 1.9991436199083898 -23.985932942106558 -1.157538197381337e-08
8.75 2.0000000095727963 -24.0 1.9991949051383104 -23.986777853816434 -6.068217856011783e-08
9.0 2.000000035994837 -24.0 1.9992915476052122 -23.988363356361294 -2.2813709273067303e-07
9.25 2.0000000600203363 -24.0 1.9994449952971518 -23.99087568370124 -3.803967102260639e-07
9.5 1.9999996265327424 -24.0 1.9996373737466209 -23.994021347417128 2.3670244376693356e-06
9.75 1.9999957475474597 -24.0 1.9998244428104477 -23.997094686948902 2.695195306443837e-05
10.0 1.9999752252358836 -24.0 1.9999286539340475 -23.99914261269507 0.00015702467937915227
10.25 1.999894396029291 -24.0 1.9998776161023653 -23.99982227357281 0.0006693744426668637
10.5 1.999642966621962 -24.0 1.9996353099449387 -24.000036749714244 0.002263562657804649
10.75 1.9990139350143865 -24.0 1.9990265611475548 -24.000211310145488 0.006254988727532051
11.0 1.9977498339794937 -24.0 1.997817738624111 -24.0005347186854 0.014289354925302632
11.25 1.9957500367088483 -24.0 1.9960055961681966 -24.00173568247763 0.027035756852131283
11.5 1.993399646575772 -24.0 1.9941186857069284 -24.005406883515825 0.04207354924039483
11.75 1.991730967596807 -24.0 1.9929627385581392 -24.009425992244232 0.05278713821237704
12.0 1.9920483228509067 -24.0 1.9936642352199758 -24.012332752931925 0.050747193659481916
12.25 1.9950374480054685 -24.0 1.9968428578425663 -24.01378071329748 0.03158840711176899
12.5 2.000000000000772 -24.0 2.001880030229774 -24.014278469265726 -0.0
12.75 2.0050056928219626 -24.0 2.0069024057632503 -24.014309774524826 -0.03158840711176899
13.0 2.008063024301646 -24.0 2.0099268739333036 -24.013977403049502 -0.050747193659481916
13.25 2.0083895122040976 -24.0 2.010160853141434 -24.01324554127683 -0.05278713821237704
13.5 2.006676888780399 -24.0 2.0082364426648893 -24.011719359588103 -0.04207354924039483
13.75 2.00428156469276 -24.0 2.0054047536951654 -24.00848490189436 -0.027035756852131283
14.0 2.0022589937123376 -24.0 2.002844950514136 -24.00442522223478 -0.014289354925302632
14.25 2.0009877564890677 -24.0 2.0011957426124964 -24.001572632236787 -0.006254988727532051
14.5 2.000357254893485 -24.0 2.0004254111626065 -24.000515888540058 -0.002263562657804649
14.75 2.000105623342525 -24.0 2.0001264547733815 -24.000157917462335 -0.0006693744426668637
15.0 2.0000247758296115 -24.0 2.000030178645347 -24.00004126835296 -0.00015702467937915227
15.25 2.0000042524858967 -24.0 2.0000049134847333 -24.000005504334823 -2.695195306443837e-05
15.5 2.0010003734688016 -24.0 1.999999862989521 -23.999996565858662 -2.3670244376693356e-06
15.75 2.0009999399812073 -24.0 1.9999995928499734 -23.999997315585333 3.803967102260639e-07
16.0 2.000999964003172 -24.0 2.000000141215586 -24.000001057103802 2.2813709273067303e-07
16.25 2.0009999904252123 -24.0 2.000000223546187 -24.000001908713067 6.068217856011783e-08
16.5 2.000999998173321 -24.0 1.9999998688837846 -23.999999272935298 1.157538197381337e-08
16.75 2.0009999997250634 -24.0 1.9999998372162915 -23.999998668808043 1.7403567350686184e-09
17.0 2.0009999999654244 -24.0 2.0000001048134983 -24.000000592714972 2.1327078847736331e-10
17.25 2.000999999997237 -24.0 2.000000082547289 -24.00000078701254 2.1586786279083474e-11
17.5 2.0010000000007717 -24.0 1.999999913614828 -23.99999943481995 1.8100340773142959e-12
17.75 2.000000000000772 -24.0 1.9999999850046464 -23.99999978019676 1.250209723893004e-13
18.0 2.000000000000772 -24.0 2.0000000481857776 -24.000000353515986 6.988407961666439e-15
18.25 2.000000000000772 -24.0 1.999999983035626 -23.999999914552784 3.023468242913689e-16
18.5 2.000000000000772 -24.0 1.9999999909620534 -23.99999990552395 8.808736703694343e-18
18.75 2.000000000000772 -24.0 2.0000000114099588 -24.000000090237137 4.8921798420998234e-20
19.0 2.000000000000772 -24.0 1.999999995273296 -23.999999965595293 -1.3091921451978668e-20
19.25 2.000000000000772 -24.0 1.9999999998432103 -23.999999996389437 -9.976476910669732e-22
19.5 2.000000000000772 -24.0 2.000000001552382 -24.000000013802058 -4.6815685166807494e-23
19.75 2.000000000000772 -24.0 1.9999999988547754 -23.999999989988922 -1.6638083285143045e-24
20.0 2.000000000000772 -24.0 2.0000000004566933 -24.000000004214698 -4.7468193800184217e-26
20.25 2.000000000000772 -24.0 1.9999999999593567 -23.99999999930666 -1.111987969600823e-27
20.5 2.000000000000772 -24.0 1.999999999906559 -23.999999999439233 -2.1566080528120858e-29
20.75 2.000000000000772 -24.0 2.0000000000906013 -24.00000000064418 -3.4602839938301873e-31
21.0 2.000000000000772 -24.0 1.9999999999512323 -23.99999999961188 -4.547325892745335e-33
21.25 2.000000000000772 -24.0 2.0000000000180442 -24.000000000157172 -4.767397604445987e-35
21.5 2.000000000000772 -24.0 1.9999999999998637 -23.99999999996866 -3.7190631002266737e-37
21.75 2.000000000000772 -24.0 1.9999999999963254 -23.999999999984126 -1.637631564719423e-39
22.0 2.000000000000772 -24.0 2.000000000005402 -24.00000000002376 6.518129048276597e-42
22.25 2.000000000000772 -24.0 1.9999999999974567 -23.99999999998118 2.2523830569655327e-43
22.5 2.000000000000772 -24.0 2.0000000000027507 -24.000000000011834 2.7506291988257142e-45
22.75 2.000000000000772 -24.0 1.9999999999996834 -23.999999999992905 2.351308388844086e-47
23.0 2.000000000000772 -24.0 2.000000000001306 -24.00000000000356 1.5726437566102247e-49
23.25 2.000000000000772 -24.0 2.0000000000004663 -23.99999999999732 8.548289091174405e-52
23.5 2.000000000000772 -24.0 2.0000000000008615 -24.00000000000049 3.833786490499683e-54
23.75 2.000000000000772 -24.0 2.0000000000006426 -23.999999999998323 1.4244864646060943e-56
24.0 2.000000000000772 -24.0 2.0000000000007336 -23.999999999999226 4.36567780080435e-59
24.25 2.000000000000772 -24.0 2.000000000000677 -23.99999999999847 1.0864518245663961e-61
24.5 2.000000000000772 -24.0 2.0000000000006946 -23.999999999998693 2.1109980944259782e-64
24.75 2.000000000000772 -24.0 2.000000000000677 -23.999999999998465 2.850203213424424e-67
