0.0 2.000000000000772 -24.0 2.0000000000029363 -24.000000000035552 -1.2485577391691675e-70
0.25 2.000000000000772 -24.0 2.0000000000027582 -24.00000000003262 -2.850203213424424e-67
0.5 2.000000000000772 -24.0 2.0000000000026454 -24.00000000003076 -2.1109980944259782e-64
0.75 2.000000000000772 -24.0 2.000000000001844 -24.000000000017618 -1.0864518245663961e-61
1.0 2.000000000000772 -24.0 2.0000000000010782 -24.00000000000505 -4.36567780080435e-59
1.25 2.000000000000772 -24.0 2.000000000000606 -23.999999999997318 -1.4244864646060943e-56
1.5 2.000000000000772 -24.0 2.000000000000374 -23.999999999993516 -3.833786490499683e-54
1.75 2.000000000000772 -24.0 2.0000000000003744 -23.999999999993534 -8.548289091174405e-52
2.0 2.000000000000772 -24.0 2.000000000001469 -24.000000000011482 -1.5726437566102247e-49
2.25 2.000000000000772 -24.0 2.000000000004352 -24.000000000058833 -2.351308388844086e-47
2.5 2.000000000000772 -24.0 2.0000000000056226 -24.000000000079794 -2.7506291988257142e-45
2.75 2.000000000000772 -24.0 1.9999999999971831 -23.999999999941263 -2.2523830569655327e-43
3.0 2.000000000000772 -24.0 1.9999999999799623 -23.999999999658247 -6.518129048276597e-42
3.25 2.000000000000772 -24.0 1.9999999999845681 -23.99999999973341 1.637631564719423e-39
3.5 2.000000000000772 -24.0 2.0000000000523053 -24.00000000084613 3.7190631002266737e-37
3.75 2.000000000000772 -24.0 2.0000000001393463 -24.00000000227824 4.767397604445987e-35
4.0 2.000000000000772 -24.0 2.0000000000413456 -24.000000000678032 4.547325892745335e-33
4.25 2.000000000000772 -24.0 1.9999999995895403 -23.999999993277477 3.4602839938301873e-31
4.5 2.000000000000772 -24.0 1.9999999991829363 -23.999999986591572 2.1566080528120858e-29
4.75 2.000000000000772 -24.0 1.9999999999952212 -24.000000000049944 1.111987969600823e-27
5.0 2.000000000000772 -24.0 2.0000000027605496 -24.000000046765333 4.7468193800184217e-26
5.25 2.000000000000772 -24.0 2.0000000055219713 -24.000000095101313 1.6638083285143045e-24
5.5 2.000000000000772 -24.0 2.0000000023668045 -24.00000004547994 4.6815685166807494e-23
5.75 2.000000000000772 -24.0 1.9999999829642099 -23.999999721590562 9.976476910669732e-22
6.0 2.000000000000772 -24.0 1.999999927715774 -23.99999879702981 1.3091921451978668e-20
6.25 2.000000000000772 -24.0 1.999999796381253 -23.999996569345704 -4.8921798420998234e-20
6.5 2.000000000000772 -24.0 1.9999994977823496 -23.999991547825317 -8.808736703694343e-18
6.75 2.000000000000772 -24.0 1.9999987757961617 -23.99997981266338 -3.023468242913689e-16
7.0 2.000000000000772 -24.0 1.9999972887730393 -23.99995541192716 -6.988407961666439e-15
7.25 2.000000000000772 -24.0 1.9999952731752626 -23.999922296982714 -1.250209723893004e-13
7.5 2.000000000000772 -24.0 1.9999933301770683 -23.99989032477688 -1.8100340773142959e-12
7.75 2.0000000000043068 -24.0 1.9999920056490224 -23.999868513508623 -2.1586786279083474e-11
8.0 2.0000000000325846 -24.0 1.9999913894685153 -23.999858523065026 -2.1327078847736331e-10
8.25 2.000000000272945 -24.0 1.9999912448787713 -23.99985611506224 -1.7403567350686184e-09
8.5 2.0000000018246875 -24.0 1.9999914388512412 -23.999859249027935 -1.157538197381337e-08
8.75 2.0000000095727963 -24.0 1.9999919634324428 -23.99986775316401 -6.068217856011783e-08
9.0 2.000000035994837 -24.0 1.9999929536054326 -23.999883555492133 -2.2813709273067303e-07
9.25 2.0000000600203363 -24.0 1.9999945092050646 -23.99990866699322 -3.803967102260639e-07
9.5 1.9999996265327424 -24.0 1.999996001785194 -23.99994024601205 2.3670244376693356e-06
9.75 1.9999957475474597 -24.0 1.999993952122161 -23.999970435256017 2.695195306443837e-05
10.0 1.9999752252358836 -24.0 1.9999745908048534 -23.99998986776108 0.00015702467937915227
10.25 1.999894396029291 -24.0 1.9998942229697136 -23.99999773141063 0.0006693744426668637
10.5 1.999642966621962 -24.0 1.9996429244731215 -24.00000037021776 0.002263562657804649
10.75 1.9990139350143865 -24.0 1.9990139896632293 -24.00000139778091 0.006254988727532051
11.0 1.9977498339794937 -24.0 1.9977503588470364 -24.00000377469209 0.014289354925302632
11.25 1.9957500367088483 -24.0 1.995752440479409 -24.000015563985023 0.027035756852131283
11.5 1.993399646575772 -24.0 1.9934066265559944 -24.00005248800183 0.04207354924039483
11.75 1.991730967596807 -24.0 1.9917430572545551 -24.000092663680256 0.05278713821237704
12.0 1.9920483228509067 -24.0 1.9920645257956902 -24.0001238340792 0.050747193659481916
12.25 1.9950374480054685 -24.0 1.9950558559313678 -24.000140493045592 0.03158840711176899
12.5 2.000000000000772 -24.0 2.0000190873198216 -24.000144982672627 -0.0
12.75 2.0050056928219626 -24.0 2.005024777191247 -24.00014413909292 -0.03158840711176899
13.0 2.008063024301646 -24.0 2.0080817948249416 -24.000140911015563 -0.050747193659481916
13.25 2.0083895122040976 -24.0 2.0084075365134284 -24.000135153310037 -0.05278713821237704
13.5 2.006676888780399 -24.0 2.0066928237331476 -24.00012014697193 -0.04207354924039483
13.75 2.00428156469276 -24.0 2.004293326071358 -24.000088648133165 -0.027035756852131283
14.0 2.0022589937123376 -24.0 2.002265505871288 -24.000049404192723 -0.014289354925302632
14.25 2.0009877564890677 -24.0 2.0009897796417304 -24.000015480292372 -0.006254988727532051
14.5 2.000357254893485 -24.0 2.000357069751983 -23.9999989863584 -0.002263562657804649
14.75 2.000105623342525 -24.0 2.000104956295935 -23.99999515018948 -0.0006693744426668637
15.0 2.0000247758296115 -24.0 2.000024458944577 -23.99999740147536 -0.00015702467937915227
15.25 2.0000042524858967 -24.0 2.0000044431767683 -24.00000130251312 -2.695195306443837e-05
15.5 2.0000103734688017 -24.0 2.000000626454862 -24.000001916189714 -2.3670244376693356e-06
15.75 2.0000099399812075 -24.0 1.9999998727558452 -23.999999639718837 3.803967102260639e-07
16.0 2.000009964003172 -24.0 1.9999997731882428 -23.999998522190886 2.2813709273067303e-07
16.25 2.0000099904252124 -24.0 2.000000033377364 -24.00000015935244 6.068217856011783e-08
16.5 2.000009998173321 -24.0 2.0000001387720068 -24.000001061384708 1.157538197381337e-08
16.75 2.0000099997250635 -24.0 1.9999999638099644 -23.99999985897724 1.7403567350686184e-09
17.0 2.0000099999654246 -24.0 1.9999999167661038 -23.999999333089576 2.1327078847736331e-10
17.25 2.000009999997237 -24.0 2.0000000383540737 -24.00000020852768 2.1586786279083474e-11
17.5 2.000010000000772 -24.0 2.0000000327814207 -24.00000030117732 1.8100340773142959e-12
17.75 2.000000000000772 -24.0 1.9999999709333462 -23.999999794730325 1.250209723893004e-13
18.0 2.000000000000772 -24.0 1.999999998423575 -23.999999965747016 6.988407961666439e-15
18.25 2.000000000000772 -24.0 2.0000000114676233 -24.00000009581727 3.023468242913689e-16
18.5 2.000000000000772 -24.0 1.999999994595516 -23.999999958062592 8.808736703694343e-18
18.75 2.000000000000772 -24.0 1.9999999994063222 -23.99999999456411 4.8921798420998234e-20
19.0 2.000000000000772 -24.0 2.0000000019867503 -24.00000001633514 -1.3091921451978668e-20
19.25 2.000000000000772 -24.0 1.9999999989777293 -23.999999991234862 -9.976476910669732e-22
19.5 2.000000000000772 -24.0 2.0000000000584803 -24.00000000108472 -4.6815685166807494e-23
19.75 2.000000000000772 -24.0 2.00000000025606 -24.000000001597545 -1.6638083285143045e-24
20.0 2.000000000000772 -24.0 1.9999999998240228 -23.99999999879198 -4.7468193800184217e-26
20.25 2.000000000000772 -24.0 2.0000000000378346 -24.000000000259714 -1.111987969600823e-27
20.5 2.000000000000772 -24.0 2.000000000032495 -24.000000000216176 -2.1566080528120858e-29
20.75 2.000000000000772 -24.0 1.999999999964416 -23.99999999975804 -3.4602839938301873e-31
21.0 2.000000000000772 -24.0 2.00000000001842 -24.000000000105963 -4.547325892745335e-33
21.25 2.000000000000772 -24.0 1.9999999999991238 -24.000000000005294 -4.767397604445987e-35
21.5 2.000000000000772 -24.0 1.9999999999955724 -23.99999999995091 -3.7190631002266737e-37
21.75 2.000000000000772 -24.0 2.000000000006226 -24.000000000044995 -1.637631564719423e-39
22.0 2.000000000000772 -24.0 1.9999999999973324 -23.999999999972715 6.518129048276597e-42
22.25 2.000000000000772 -24.0 2.000000000002056 -24.000000000008768 2.2523830569655327e-43
22.5 2.000000000000772 -24.0 2.0000000000005977 -23.999999999998863 2.7506291988257142e-45
22.75 2.000000000000772 -24.0 2.000000000000291 -23.999999999994944 2.351308388844086e-47
23.0 2.000000000000772 -24.0 2.00000000000115 -24.000000000002586 1.5726437566102247e-49
23.25 2.000000000000772 -24.0 2.000000000000306 -23.999999999995403 8.548289091174405e-52
23.5 2.000000000000772 -24.0 2.000000000000923 -24.000000000000504 3.833786490499683e-54
23.75 2.000000000000772 -24.0 2.000000000000544 -23.999999999997513 1.4244864646060943e-56
24.0 2.000000000000772 -24.0 2.000000000000769 -23.999999999999325 4.36567780080435e-59
24.25 2.000000000000772 -24.0 2.0000000000006644 -23.999999999998593 1.0864518245663961e-61
24.5 2.000000000000772 -24.0 2.000000000000719 -23.99999999999899 2.1109980944259782e-64
24.75 2.000000000000772 -24.0 2.000000000000698 -23.99999999999886 2.850203213424424e-67
