0.0 2.000000000000772 -24.0 1.999999994305409 -23.999999902768327 -1.2485577391691675e-70
0.25 2.000000000000772 -24.0 1.9999999967296582 -23.999999939800336 -2.850203213424424e-67
0.5 2.000000000000772 -24.0 2.0000000124179254 -24.00000020580295 -2.1109980944259782e-64
0.75 2.000000000000772 -24.0 2.000000059033785 -24.00000097281668 -1.0864518245663961e-61
1.0 2.000000000000772 -24.0 2.0000001683601214 -24.000002820844838 -4.36567780080435e-59
1.25 2.000000000000772 -24.0 2.0000004109767833 -24.000006845582945 -1.4244864646060943e-56
1.5 2.000000000000772 -24.0 2.000000936351284 -24.000015427957 -3.833786490499683e-54
1.75 2.000000000000772 -24.0 2.0000019392948807 -24.00003187783816 -8.548289091174405e-52
2.0 2.000000000000772 -24.0 2.000003589674172 -24.000059006280274 -1.5726437566102247e-49
2.25 2.000000000000772 -24.0 2.0000062791562137 -24.000103195794722 -2.351308388844086e-47
2.5 2.000000000000772 -24.0 2.000010844572077 -24.00017820674165 -2.7506291988257142e-45
2.75 2.000000000000772 -24.0 2.0000174232501147 -24.00028630428211 -2.2523830569655327e-43
3.0 2.000000000000772 -24.0 2.000024532984425 -24.000403104450612 -6.518129048276597e-42
3.25 2.000000000000772 -24.0 2.0000297523857946 -24.000488804617028 1.637631564719423e-39
3.5 2.000000000000772 -24.0 2.0000302528491556 -24.000497065659115 3.7190631002266737e-37
3.75 2.000000000000772 -24.0 2.0000208775846944 -24.000343065308016 4.767397604445987e-35
4.0 2.000000000000772 -24.0 2.00000619874693 -24.00010191882368 4.547325892745335e-33
4.25 2.000000000000772 -24.0 1.9999949975340297 -23.999917905535394 3.4602839938301873e-31
4.5 2.000000000000772 -24.0 1.9999968921422355 -23.999948948277464 2.1566080528120858e-29
4.75 2.000000000000772 -24.0 2.0000251461889595 -24.00041291481869 1.111987969600823e-27
5.0 2.000000000000772 -24.0 2.000062296660958 -24.00102314491407 4.7468193800184217e-26
5.25 2.000000000000772 -24.0 2.0000875557915303 -24.00143882724459 1.6638083285143045e-24
5.5 2.000000000000772 -24.0 2.0000805289847046 -24.001325034438747 4.6815685166807494e-23
5.75 2.000000000000772 -24.0 2.0000284385220626 -24.0004736424317 9.976476910669732e-22
6.0 2.000000000000772 -24.0 1.9999571099237872 -23.999324763140816 1.3091921451978668e-20
6.25 2.000000000000772 -24.0 1.9998923315070851 -23.99833679048517 -4.8921798420998234e-20
6.5 2.000000000000772 -24.0 1.9998751041444818 -23.998152880315395 -8.808736703694343e-18
6.75 2.000000000000772 -24.0 1.9999038813036756 -23.998839264556867 -3.023468242913689e-16
7.0 2.000000000000772 -24.0 1.999934009736415 -23.999591084554275 -6.988407961666439e-15
7.25 2.000000000000772 -24.0 1.9999253799165118 -23.999612048273306 -1.250209723893004e-13
7.5 2.000000000000772 -24.0 1.9998995750631594 -23.999304552936195 -1.8100340773142959e-12
7.75 2.0000000000043068 -24.0 1.9998755148214138 -23.998975632041123 -2.1586786279083474e-11
8.0 2.0000000000325846 -24.0 1.9998927863226943 -23.999219007882214 -2.1327078847736331e-10
8.25 2.000000000272945 -24.0 2.000004828593914 -24.00062544663147 -1.7403567350686184e-09
8.5 2.0000000018246875 -24.0 2.0001015307462726 -24.001642478345445 -1.157538197381337e-08
8.75 2.0000000095727963 -24.0 2.000078422271515 -24.000698238682375 -6.068217856011783e-08
9.0 2.000000035994837 -24.0 2.0000175856469697 -23.999558478193038 -2.2813709273067303e-07
9.25 2.0000000600203363 -24.0 2.0000279482040497 -23.99990676060601 -3.803967102260639e-07
9.5 1.9999996265327424 -24.0 2.000057409158839 -24.000691275461044 2.3670244376693356e-06
9.75 1.9999957475474597 -24.0 1.9999948465753297 -24.000204215046402 2.695195306443837e-05
10.0 1.9999752252358836 -24.0 1.999782592955506 -23.99767101200632 0.00015702467937915227
10.25 1.999894396029291 -24.0 1.999812955038442 -23.997512851226226 0.0006693744426668637
10.5 1.999642966621962 -24.0 1.9997005011885092 -24.000307796083128 0.002263562657804649
10.75 1.9990139350143865 -24.0 1.9991677710400206 -24.000095421962435 0.006254988727532051
11.0 1.9977498339794937 -24.0 1.9980935508557325 -24.002646431366525 0.014289354925302632
11.25 1.9957500367088483 -24.0 1.995799316147012 -23.998832718758017 0.027035756852131283
11.5 1.993399646575772 -24.0 1.993348591555507 -23.99471348605821 0.04207354924039483
11.75 1.991730967596807 -24.0 1.9921234350854506 -24.002913128868094 0.05278713821237704
12.0 1.9920483228509067 -24.0 1.9916010907488644 -24.004368698559325 0.050747193659481916
12.25 1.9950374480054685 -24.0 1.9949667301938985 -23.996970583879225 0.03158840711176899
12.5 2.000000000000772 -24.0 1.9999600836468336 -24.00136164291689 -0.0
12.75 2.0050056928219626 -24.0 2.004957365157531 -24.000198754357918 -0.03158840711176899
13.0 2.008063024301646 -24.0 2.0080536155714297 -23.99996641321163 -0.050747193659481916
13.25 2.0083895122040976 -24.0 2.008385777892274 -24.000162107509773 -0.05278713821237704
13.5 2.006676888780399 -24.0 2.006783195305698 -24.00008367766492 -0.04207354924039483
13.75 2.00428156469276 -24.0 2.004292867141526 -24.000084476444307 -0.027035756852131283
14.0 2.0022589937123376 -24.0 2.0022705905963285 -24.000062327727587 -0.014289354925302632
14.25 2.0009877564890677 -24.0 2.0009998959085205 -24.000027240457324 -0.006254988727532051
14.5 2.000357254893485 -24.0 2.000369326152495 -24.000003410098543 -0.002263562657804649
14.75 2.000105623342525 -24.0 2.0001130200930106 -23.999995669658013 -0.0006693744426668637
15.0 2.0000247758296115 -24.0 2.0000280577471043 -23.999997010020756 -0.00015702467937915227
15.25 2.0000042524858967 -24.0 2.000005497723758 -24.000000346205276 -2.695195306443837e-05
15.5 2.0000103734688017 -24.0 2.0000008624536956 -24.000001606390953 -2.3670244376693356e-06
15.75 2.0000099399812075 -24.0 1.9999999592294913 -24.000000125067608 3.803967102260639e-07
16.0 2.000009964003172 -24.0 1.9999997490249064 -23.999998707750933 2.2813709273067303e-07
16.25 2.0000099904252124 -24.0 2.00000000730953 -23.99999976430238 6.068217856011783e-08
16.5 2.000009998173321 -24.0 2.0000001470182784 -24.000001068320362 1.157538197381337e-08
16.75 2.0000099997250635 -24.0 1.9999999665327326 -23.99999990908758 1.7403567350686184e-09
17.0 2.0000099999654246 -24.0 1.9999999111632185 -23.999999310613177 2.1327078847736331e-10
17.25 2.000009999997237 -24.0 2.0000000371765867 -24.000000189114548 2.1586786279083474e-11
17.5 2.000010000000772 -24.0 2.000000035828071 -24.000000325115458 1.8100340773142959e-12
17.75 2.000000000000772 -24.0 1.999999969680231 -23.999999789097192 1.250209723893004e-13
18.0 2.000000000000772 -24.0 1.9999999981188306 -23.999999960579647 6.988407961666439e-15
18.25 2.000000000000772 -24.0 2.0000000119883277 -24.00000010009215 3.023468242913689e-16
18.5 2.000000000000772 -24.0 1.9999999943662892 -23.999999956631097 8.808736703694343e-18
18.75 2.000000000000772 -24.0 1.9999999994442192 -23.99999999457698 4.8921798420998234e-20
19.0 2.000000000000772 -24.0 2.0000000020062156 -24.00000001665892 -1.3091921451978668e-20
19.25 2.000000000000772 -24.0 1.9999999989580566 -23.99999999099474 -9.976476910669732e-22
19.5 2.000000000000772 -24.0 2.000000000068119 -24.00000000119956 -4.6815685166807494e-23
19.75 2.000000000000772 -24.0 2.0000000002532436 -24.00000000155973 -1.6638083285143045e-24
20.0 2.000000000000772 -24.0 1.9999999998239522 -23.999999998796532 -4.7468193800184217e-26
20.25 2.000000000000772 -24.0 2.0000000000386136 -24.00000000026489 -1.111987969600823e-27
20.5 2.000000000000772 -24.0 2.0000000000318323 -24.000000000210658 -2.1566080528120858e-29
20.75 2.000000000000772 -24.0 1.9999999999648148 -23.999999999761684 -3.4602839938301873e-31
21.0 2.000000000000772 -24.0 2.000000000018235 -24.00000000010418 -4.547325892745335e-33
21.25 2.000000000000772 -24.0 1.9999999999991909 -24.000000000006036 -4.767397604445987e-35
21.5 2.000000000000772 -24.0 1.9999999999955582 -23.99999999995071 -3.7190631002266737e-37
21.75 2.000000000000772 -24.0 2.000000000006228 -24.000000000045052 -1.637631564719423e-39
22.0 2.000000000000772 -24.0 1.999999999997335 -23.999999999972733 6.518129048276597e-42
22.25 2.000000000000772 -24.0 2.000000000002053 -24.00000000000876 2.2523830569655327e-43
22.5 2.000000000000772 -24.0 2.000000000000603 -23.999999999998945 2.7506291988257142e-45
22.75 2.000000000000772 -24.0 2.0000000000002958 -23.999999999995012 2.351308388844086e-47
23.0 2.000000000000772 -24.0 2.000000000001156 -24.00000000000269 1.5726437566102247e-49
23.25 2.000000000000772 -24.0 2.0000000000003118 -23.999999999995502 8.548289091174405e-52
23.5 2.000000000000772 -24.0 2.0000000000009317 -24.000000000000632 3.833786490499683e-54
23.75 2.000000000000772 -24.0 2.00000000000055 -23.99999999999759 1.4244864646060943e-56
24.0 2.000000000000772 -24.0 2.0000000000007683 -23.99999999999934 4.36567780080435e-59
24.25 2.000000000000772 -24.0 2.00000000000066 -23.999999999998572 1.0864518245663961e-61
24.5 2.000000000000772 -24.0 2.0000000000007168 -23.999999999998984 2.1109980944259782e-64
24.75 2.000000000000772 -24.0 2.000000000000699 -23.999999999998867 2.850203213424424e-67
