0.0 2.000000000000772 -24.0 1.9999999943053206 -23.99999990276688 -1.2485577391691675e-70
0.25 2.000000000000772 -24.0 1.9999999967294713 -23.999999939796613 -2.850203213424424e-67
0.5 2.000000000000772 -24.0 2.000000012417436 -24.000000205794628 -2.1109980944259782e-64
0.75 2.000000000000772 -24.0 2.000000059033196 -24.000000972801644 -1.0864518245663961e-61
1.0 2.000000000000772 -24.0 2.000000168359356 -24.00000282084551 -4.36567780080435e-59
1.25 2.000000000000772 -24.0 2.0000004109784273 -24.000006845682954 -1.4244864646060943e-56
1.5 2.000000000000772 -24.0 2.000000936411235 -24.000015428941985 -3.833786490499683e-54
1.75 2.000000000000772 -24.0 2.0000019394752027 -24.00003188075428 -8.548289091174405e-52
2.0 2.000000000000772 -24.0 2.000003589683903 -24.000059006435947 -1.5726437566102247e-49
2.25 2.000000000000772 -24.0 2.0000062783328048 -24.00010318232094 -2.351308388844086e-47
2.5 2.000000000000772 -24.0 2.000010844352924 -24.00017820312717 -2.7506291988257142e-45
2.75 2.000000000000772 -24.0 2.0000174288736483 -24.000286396633008 -2.2523830569655327e-43
3.0 2.000000000000772 -24.0 2.000024548639671 -24.000403361772822 -6.518129048276597e-42
3.25 2.000000000000772 -24.0 2.0000297777601035 -24.00048922232775 1.637631564719423e-39
3.5 2.000000000000772 -24.0 2.0000302936779746 -24.00049773629963 3.7190631002266737e-37
3.75 2.000000000000772 -24.0 2.0000208370099166 -24.000342398771423 4.767397604445987e-35
4.0 2.000000000000772 -24.0 2.0000058955521736 -24.000096936906846 4.547325892745335e-33
4.25 2.000000000000772 -24.0 1.999994369798629 -23.999907592065643 3.4602839938301873e-31
4.5 2.000000000000772 -24.0 1.9999958387729786 -23.999931611206026 2.1566080528120858e-29
4.75 2.000000000000772 -24.0 2.0000233027965244 -24.000382563202734 1.111987969600823e-27
5.0 2.000000000000772 -24.0 2.00005959165173 -24.000979008724833 4.7468193800184217e-26
5.25 2.000000000000772 -24.0 2.000083790656893 -24.00137891135772 1.6638083285143045e-24
5.5 2.000000000000772 -24.0 2.0000786642357236 -24.00129696540171 4.6815685166807494e-23
5.75 2.000000000000772 -24.0 2.0000510541762764 -24.00084054098441 9.976476910669732e-22
6.0 2.000000000000772 -24.0 2.00001206440595 -24.00020555942759 1.3091921451978668e-20
6.25 2.000000000000772 -24.0 1.9999659814094648 -23.999506164459117 -4.8921798420998234e-20
6.5 2.000000000000772 -24.0 1.9999075559944246 -23.998693286841984 -8.808736703694343e-18
6.75 2.000000000000772 -24.0 1.9998210349913976 -23.99750347394103 -3.023468242913689e-16
7.0 2.000000000000772 -24.0 1.9996530501671153 -23.99499559031983 -6.988407961666439e-15
7.25 2.000000000000772 -24.0 1.9993692318268526 -23.990487996666218 -1.250209723893004e-13
7.5 2.000000000000772 -24.0 1.9991016035752773 -23.98621133484221 -1.8100340773142959e-12
7.75 2.0000000000043068 -24.0 1.9990124854215328 -23.984828266605792 -2.1586786279083474e-11
8.0 2.0000000000325846 -24.0 1.9990192486452916 -23.9848822558951 -2.1327078847736331e-10
8.25 2.000000000272945 -24.0 1.999059221157958 -23.98537534530232 -1.7403567350686184e-09
8.5 2.0000000018246875 -24.0 1.99909507690269 -23.98581289516536 -1.157538197381337e-08
8.75 2.0000000095727963 -24.0 1.999117947087707 -23.98609874419144 -6.068217856011783e-08
9.0 2.000000035994837 -24.0 1.9991755810931322 -23.986922584681693 -2.2813709273067303e-07
9.25 2.0000000600203363 -24.0 1.9994463257661148 -23.990689408491026 -3.803967102260639e-07
9.5 1.9999996265327424 -24.0 1.99981337762549 -23.99542322452238 2.3670244376693356e-06
9.75 1.9999957475474597 -24.0 1.9999376122398678 -23.99730093094616 2.695195306443837e-05
10.0 1.9999752252358836 -24.0 1.9999641616385275 -23.99797494621603 0.00015702467937915227
10.25 1.999894396029291 -24.0 2.000129520028554 -24.001534258652523 0.0006693744426668637
10.5 1.999642966621962 -24.0 2.0000257796073617 -24.00395414356693 0.002263562657804649
10.75 1.9990139350143865 -24.0 1.9989170961041802 -23.998483721206995 0.006254988727532051
11.0 1.9977498339794937 -24.0 1.9982695556725103 -23.998373622846984 0.014289354925302632
11.25 1.9957500367088483 -24.0 1.9966164130296356 -24.009715009894563 0.027035756852131283
11.5 1.993399646575772 -24.0 1.9941456689757713 -24.0049249179115 0.04207354924039483
11.75 1.991730967596807 -24.0 1.9927863757892377 -24.005096378431073 0.05278713821237704
12.0 1.9920483228509067 -24.0 1.9934007206616355 -24.015084528695443 0.050747193659481916
12.25 1.9950374480054685 -24.0 1.9964339163830407 -24.012810885455462 0.03158840711176899
12.5 2.000000000000772 -24.0 2.0015702564978133 -24.01139409098126 -0.0
12.75 2.0050056928219626 -24.0 2.0068497861893477 -24.01474434613347 -0.03158840711176899
13.0 2.008063024301646 -24.0 2.0098096475102434 -24.013526211993266 -0.050747193659481916
13.25 2.0083895122040976 -24.0 2.010098243284097 -24.012917146544964 -0.05278713821237704
13.5 2.006676888780399 -24.0 2.0083097966860435 -24.011387207620523 -0.04207354924039483
13.75 2.00428156469276 -24.0 2.0054221328660122 -24.00850397889652 -0.027035756852131283
14.0 2.0022589937123376 -24.0 2.0028787817410656 -24.004598745931855 -0.014289354925302632
14.25 2.0009877564890677 -24.0 2.001211815060441 -24.001638075751018 -0.006254988727532051
14.5 2.000357254893485 -24.0 2.000434439372494 -24.00048589590149 -0.002263562657804649
14.75 2.000105623342525 -24.0 2.0001332423048153 -24.00014876390312 -0.0006693744426668637
15.0 2.0000247758296115 -24.0 2.000033606656167 -24.000039166315887 -0.00015702467937915227
15.25 2.0000042524858967 -24.0 2.0000060405096236 -24.00000528892515 -2.695195306443837e-05
15.5 2.0010003734688016 -24.0 2.0000000802318825 -23.999996449719152 -2.3670244376693356e-06
15.75 2.0009999399812073 -24.0 1.9999995781108617 -23.999997252370758 3.803967102260639e-07
16.0 2.000999964003172 -24.0 2.000000140547026 -24.000001040788618 2.2813709273067303e-07
16.25 2.0009999904252123 -24.0 2.0000002338533633 -24.000002042636158 6.068217856011783e-08
16.5 2.000999998173321 -24.0 1.9999998672716681 -23.999999258810544 1.157538197381337e-08
16.75 2.0009999997250634 -24.0 1.9999998322074004 -23.999998654758485 1.7403567350686184e-09
17.0 2.0009999999654244 -24.0 2.000000104430217 -24.000000583184384 2.1327078847736331e-10
17.25 2.000999999997237 -24.0 2.000000083854013 -24.000000797008724 2.1586786279083474e-11
17.5 2.0010000000007717 -24.0 1.9999999132554143 -23.999999434876017 1.8100340773142959e-12
17.75 2.000000000000772 -24.0 1.9999999847056156 -23.999999776904744 1.250209723893004e-13
18.0 2.000000000000772 -24.0 2.0000000483637876 -24.000000354348913 6.988407961666439e-15
18.25 2.000000000000772 -24.0 1.9999999830283384 -23.999999914872184 3.023468242913689e-16
18.5 2.000000000000772 -24.0 1.9999999909269937 -23.999999905154883 8.808736703694343e-18
18.75 2.000000000000772 -24.0 2.0000000114276313 -24.000000090345463 4.8921798420998234e-20
19.0 2.000000000000772 -24.0 1.9999999952694107 -23.999999965585793 -1.3091921451978668e-20
19.25 2.000000000000772 -24.0 1.9999999998426155 -23.99999999637164 -9.976476910669732e-22
19.5 2.000000000000772 -24.0 2.000000001553475 -24.000000013817278 -4.6815685166807494e-23
19.75 2.000000000000772 -24.0 1.9999999988541404 -23.9999999899811 -1.6638083285143045e-24
20.0 2.000000000000772 -24.0 2.0000000004569607 -24.000000004217924 -4.7468193800184217e-26
20.25 2.000000000000772 -24.0 1.9999999999592708 -23.99999999930563 -1.111987969600823e-27
20.5 2.000000000000772 -24.0 1.9999999999065796 -23.99999999943946 -2.1566080528120858e-29
20.75 2.000000000000772 -24.0 2.000000000090601 -24.00000000064418 -3.4602839938301873e-31
21.0 2.000000000000772 -24.0 1.9999999999512283 -23.999999999611827 -4.547325892745335e-33
21.25 2.000000000000772 -24.0 2.0000000000180442 -24.000000000157193 -4.767397604445987e-35
21.5 2.000000000000772 -24.0 1.9999999999998628 -23.999999999968633 -3.7190631002266737e-37
21.75 2.000000000000772 -24.0 1.9999999999963287 -23.999999999984162 -1.637631564719423e-39
22.0 2.000000000000772 -24.0 2.0000000000054023 -24.000000000023746 6.518129048276597e-42
22.25 2.000000000000772 -24.0 1.9999999999974583 -23.999999999981178 2.2523830569655327e-43
22.5 2.000000000000772 -24.0 2.000000000002749 -24.00000000001181 2.7506291988257142e-45
22.75 2.000000000000772 -24.0 1.9999999999996825 -23.999999999992887 2.351308388844086e-47
23.0 2.000000000000772 -24.0 2.000000000001307 -24.000000000003606 1.5726437566102247e-49
23.25 2.000000000000772 -24.0 2.0000000000004716 -23.99999999999743 8.548289091174405e-52
23.5 2.000000000000772 -24.0 2.000000000000872 -24.00000000000064 3.833786490499683e-54
23.75 2.000000000000772 -24.0 2.000000000000655 -23.999999999998483 1.4244864646060943e-56
24.0 2.000000000000772 -24.0 2.0000000000007416 -23.999999999999353 4.36567780080435e-59
24.25 2.000000000000772 -24.0 2.000000000000671 -23.999999999998487 1.0864518245663961e-61
24.5 2.000000000000772 -24.0 2.0000000000006866 -23.999999999998682 2.1109980944259782e-64
24.75 2.000000000000772 -24.0 2.0000000000006706 -23.99999999999847 2.850203213424424e-67
