0.0 2.000000000000772 -24.0 2.0000000000017475 -24.000000000016286 -1.2485577391691675e-70
0.025 2.000000000000772 -24.0 2.000000000001496 -24.000000000011944 -3.207128725903494e-70
0.05 2.000000000000772 -24.0 2.0000000000017253 -24.000000000015874 -7.61021152254107e-70
0.07500000000000001 2.000000000000772 -24.0 2.00000000000135 -24.000000000009607 -1.7199764743941343e-69
0.1 2.000000000000772 -24.0 2.0000000000013025 -24.000000000008985 -3.760245770446665e-69
0.125 2.000000000000772 -24.0 2.0000000000010805 -24.000000000005304 -8.023378137447364e-69
0.15000000000000002 2.000000000000772 -24.0 2.000000000001209 -24.000000000007464 -1.6803071359948142e-68
0.17500000000000002 2.000000000000772 -24.0 2.0000000000012244 -24.000000000007663 -3.466961123203379e-68
0.2 2.000000000000772 -24.0 2.000000000001364 -24.000000000009983 -7.066277007771242e-68
0.225 2.000000000000772 -24.0 2.0000000000012665 -24.00000000000835 -1.4254606042637545e-67
0.25 2.000000000000772 -24.0 2.000000000001161 -24.000000000006608 -2.850203213424424e-67
0.275 2.000000000000772 -24.0 2.0000000000009184 -24.00000000000259 -5.6551073145168206e-67
0.30000000000000004 2.000000000000772 -24.0 2.000000000000802 -24.00000000000074 -1.1143840376281877e-66
0.325 2.000000000000772 -24.0 2.0000000000007607 -24.00000000000007 -2.182559875779752e-66
0.35000000000000003 2.000000000000772 -24.0 2.0000000000009037 -24.000000000002416 -4.250945511354934e-66
0.375 2.000000000000772 -24.0 2.000000000001073 -24.00000000000508 -8.237583357394523e-66
0.4 2.000000000000772 -24.0 2.0000000000012164 -24.00000000000744 -1.5888450293899902e-65
0.42500000000000004 2.000000000000772 -24.0 2.000000000001231 -24.000000000007716 -3.05123791520653e-65
0.45 2.000000000000772 -24.0 2.0000000000011906 -24.000000000007066 -5.83588937011854e-65
0.47500000000000003 2.000000000000772 -24.0 2.0000000000011453 -24.000000000006313 -1.1119377206531254e-64
0.5 2.000000000000772 -24.0 2.0000000000011857 -24.000000000007038 -2.1109980944259782e-64
0.525 2.000000000000772 -24.0 2.0000000000013047 -24.000000000009003 -3.99400634946599e-64
0.55 2.000000000000772 -24.0 2.0000000000014526 -24.00000000001139 -7.532042663427859e-64
0.5750000000000001 2.000000000000772 -24.0 2.0000000000015437 -24.000000000012903 -1.415992906768477e-63
0.6000000000000001 2.000000000000772 -24.0 2.000000000001578 -24.00000000001345 -2.6540415818424765e-63
0.625 2.000000000000772 -24.0 2.000000000001589 -24.000000000013607 -4.960217038783217e-63
0.65 2.000000000000772 -24.0 2.00000000000162 -24.00000000001414 -9.244484572660568e-63
0.675 2.000000000000772 -24.0 2.000000000001697 -24.00000000001539 -1.718272474634892e-62
0.7000000000000001 2.000000000000772 -24.0 2.0000000000018057 -24.000000000017177 -3.1853928444269616e-62
0.7250000000000001 2.000000000000772 -24.0 2.0000000000019234 -24.000000000019106 -5.890152117734197e-62
0.75 2.000000000000772 -24.0 2.0000000000020344 -24.000000000020865 -1.0864518245663961e-61
0.775 2.000000000000772 -24.0 2.0000000000021303 -24.000000000022393 -1.999125932595272e-61
0.8 2.000000000000772 -24.0 2.0000000000022107 -24.000000000023746 -3.6697668525828435e-61
0.8250000000000001 2.000000000000772 -24.0 2.0000000000022737 -24.00000000002484 -6.720882163419382e-61
0.8500000000000001 2.000000000000772 -24.0 2.000000000002302 -24.000000000025356 -1.2280684238163775e-60
0.875 2.000000000000772 -24.0 2.000000000002269 -24.000000000024812 -2.2389513277987053e-60
0.9 2.000000000000772 -24.0 2.0000000000021565 -24.000000000022933 -4.0729434217744756e-60
0.925 2.000000000000772 -24.0 2.0000000000019664 -24.000000000019806 -7.393127966516549e-60
0.9500000000000001 2.000000000000772 -24.0 2.0000000000017244 -24.000000000015913 -1.3391137051841452e-59
0.9750000000000001 2.000000000000772 -24.0 2.0000000000014895 -24.000000000012047 -2.420406029382249e-59
1.0 2.000000000000772 -24.0 2.0000000000012896 -24.000000000008725 -4.36567780080435e-59
1.0250000000000001 2.000000000000772 -24.0 2.0000000000011364 -24.00000000000619 -7.8581087712697095e-59
1.05 2.000000000000772 -24.0 2.0000000000010365 -24.000000000004587 -1.411551286346563e-58
1.075 2.000000000000772 -24.0 2.0000000000010183 -24.000000000004356 -2.530440596163147e-58
1.1 2.000000000000772 -24.0 2.000000000001137 -24.00000000000627 -4.527144471640695e-58
1.125 2.000000000000772 -24.0 2.0000000000013904 -24.000000000010417 -8.083295968589929e-58
1.1500000000000001 2.000000000000772 -24.0 2.0000000000017044 -24.00000000001564 -1.4404397548971597e-57
1.175 2.000000000000772 -24.0 2.00000000000196 -24.000000000019853 -2.5618293684040885e-57
1.2000000000000002 2.000000000000772 -24.0 2.000000000002034 -24.000000000021014 -4.5473588753179857e-57
1.225 2.000000000000772 -24.0 2.0000000000018945 -24.000000000018666 -8.056142177712438e-57
1.25 2.000000000000772 -24.0 2.0000000000016342 -24.00000000001433 -1.4244864646060943e-56
1.2750000000000001 2.000000000000772 -24.0 2.000000000001399 -24.000000000010473 -2.5139511568903604e-56
1.3 2.000000000000772 -24.0 2.000000000001295 -24.000000000008797 -4.428189557266659e-56
1.3250000000000002 2.000000000000772 -24.0 2.0000000000013234 -24.000000000009305 -7.785196324389693e-56
1.35 2.000000000000772 -24.0 2.0000000000014158 -24.00000000001084 -1.3661225834023005e-55
1.375 2.000000000000772 -24.0 2.0000000000015006 -24.000000000012253 -2.3927033740792414e-55
1.4000000000000001 2.000000000000772 -24.0 2.0000000000015508 -24.000000000013035 -4.1828194890858076e-55
1.425 2.000000000000772 -24.0 2.000000000001556 -24.000000000013088 -7.298474087965946e-55
1.4500000000000002 2.000000000000772 -24.0 2.000000000001526 -24.000000000012648 -1.2710978009256623e-54
1.475 2.000000000000772 -24.0 2.0000000000015 -24.00000000001229 -2.209585075711625e-54
1.5 2.000000000000772 -24.0 2.0000000000015388 -24.000000000012935 -3.833786490499683e-54
1.5250000000000001 2.000000000000772 -24.0 2.0000000000016747 -24.000000000015124 -6.639429774965276e-54
1.55 2.000000000000772 -24.0 2.000000000001846 -24.000000000017955 -1.1476757239728728e-53
1.5750000000000002 2.000000000000772 -24.0 2.000000000001939 -24.000000000019522 -1.9801254871404934e-53
1.6 2.000000000000772 -24.0 2.0000000000018647 -24.00000000001835 -3.4099698947990406e-53
1.625 2.000000000000772 -24.0 2.0000000000016422 -24.000000000014673 -5.861267598663116e-53
1.6500000000000001 2.000000000000772 -24.0 2.0000000000013993 -24.000000000010637 -1.0055744678944166e-52
1.675 2.000000000000772 -24.0 2.000000000001288 -24.000000000008733 -1.7219350198428513e-52
1.7000000000000002 2.000000000000772 -24.0 2.000000000001354 -24.000000000009816 -2.943044929141196e-52
1.725 2.000000000000772 -24.0 2.000000000001519 -24.00000000001254 -5.020558570927434e-52
1.75 2.000000000000772 -24.0 2.0000000000016374 -24.00000000001449 -8.548289091174405e-52
1.7750000000000001 2.000000000000772 -24.0 2.0000000000016174 -24.00000000001414 -1.452696785103895e-51
1.8 2.000000000000772 -24.0 2.0000000000014913 -24.000000000012072 -2.4639706292681554e-51
1.8250000000000002 2.000000000000772 -24.0 2.0000000000013776 -24.000000000010207 -4.1711573187998824e-51
1.85 2.000000000000772 -24.0 2.0000000000013456 -24.000000000009727 -7.047471785717218e-51
1.875 2.000000000000772 -24.0 2.0000000000013483 -24.000000000009802 -1.1883943908134718e-50
1.9000000000000001 2.000000000000772 -24.0 2.000000000001262 -24.0000000000084 -2.000011615982941e-50
1.925 2.000000000000772 -24.0 2.000000000001033 -24.000000000004547 -3.359253341841682e-50
1.9500000000000002 2.000000000000772 -24.0 2.0000000000007474 -23.999999999999794 -5.630984641584324e-50
1.975 2.000000000000772 -24.0 2.00000000000058 -23.9999999999971 -9.41997283432247e-50
2.0 2.000000000000772 -24.0 2.000000000000648 -23.999999999998337 -1.5726437566102247e-49
2.025 2.000000000000772 -24.0 2.000000000000898 -24.000000000002483 -2.620097012181645e-49
2.0500000000000003 2.000000000000772 -24.0 2.0000000000011524 -24.00000000000659 -4.356129591028779e-49
2.075 2.000000000000772 -24.0 2.000000000001273 -24.000000000008455 -7.227195561827664e-49
2.1 2.000000000000772 -24.0 2.000000000001271 -24.00000000000839 -1.1964998047712175e-48
2.125 2.000000000000772 -24.0 2.0000000000012896 -24.00000000000879 -1.976589158084722e-48
2.15 2.000000000000772 -24.0 2.0000000000014775 -24.00000000001192 -3.2581201677903115e-48
2.1750000000000003 2.000000000000772 -24.0 2.0000000000018243 -24.000000000017668 -5.358575572987094e-48
2.2 2.000000000000772 -24.0 2.000000000002177 -24.000000000023512 -8.793189124986368e-48
2.225 2.000000000000772 -24.0 2.0000000000023546 -24.000000000026382 -1.4395935097033357e-47
2.25 2.000000000000772 -24.0 2.000000000002242 -24.000000000024443 -2.351308388844086e-47
2.275 2.000000000000772 -24.0 2.00000000000187 -24.000000000018282 -3.831187377468307e-47
2.3000000000000003 2.000000000000772 -24.0 2.0000000000014104 -24.000000000010797 -6.227114849281717e-47
2.325 2.000000000000772 -24.0 2.0000000000010942 -24.000000000005667 -1.0095855044541322e-46
2.35 2.000000000000772 -24.0 2.000000000001083 -24.000000000005514 -1.632571775631622e-46
2.375 2.000000000000772 -24.0 2.0000000000013753 -24.00000000001025 -2.632942317395744e-46
2.4000000000000004 2.000000000000772 -24.0 2.000000000001789 -24.000000000016914 -4.23461073102761e-46
2.4250000000000003 2.000000000000772 -24.0 2.000000000002058 -24.000000000021316 -6.791217650451203e-46
2.45 2.000000000000772 -24.0 2.000000000002041 -24.00000000002109 -1.0859198604467562e-45
2.475 2.000000000000772 -24.0 2.0000000000017906 -24.000000000017 -1.73105984679808e-45
2.5 2.000000000000772 -24.0 2.0000000000014873 -24.00000000001205 -2.7506291988257142e-45
2.5250000000000004 2.000000000000772 -24.0 2.0000000000013074 -24.000000000009152 -4.356033735763538e-45
2.5500000000000003 2.000000000000772 -24.0 2.0000000000013007 -24.000000000009006 -6.874067827199131e-45
2.575 2.000000000000772 -24.0 2.0000000000013713 -24.000000000010118 -1.0807188965707083e-44
2.6 2.000000000000772 -24.0 2.0000000000014007 -24.000000000010594 -1.6923394763152405e-44
2.625 2.000000000000772 -24.0 2.0000000000013642 -24.00000000001002 -2.638888646042497e-44
2.6500000000000004 2.000000000000772 -24.0 2.000000000001334 -24.000000000009546 -4.0961546419023566e-44
2.6750000000000003 2.000000000000772 -24.0 2.0000000000014055 -24.0000000000107 -6.326902277480685e-44
2.7 2.000000000000772 -24.0 2.000000000001617 -24.000000000014193 -9.72012144562803e-44
2.725 2.000000000000772 -24.0 2.0000000000019225 -24.00000000001929 -1.4845133099631818e-43
2.75 2.000000000000772 -24.0 2.0000000000022267 -24.00000000002436 -2.2523830569655327e-43
2.7750000000000004 2.000000000000772 -24.0 2.000000000002431 -24.000000000027754 -3.392276304524222e-43
2.8000000000000003 2.000000000000772 -24.0 2.0000000000024496 -24.000000000028038 -5.066210362384411e-43
2.825 2.000000000000772 -24.0 2.0000000000022435 -24.00000000002462 -7.49276645961125e-43
2.85 2.000000000000772 -24.0 2.0000000000018683 -24.00000000001843 -1.0954931288719216e-42
2.875 2.000000000000772 -24.0 2.000000000001486 -24.000000000012097 -1.5796414191572262e-42
2.9000000000000004 2.000000000000772 -24.0 2.000000000001272 -24.00000000000854 -2.2389744900556132e-42
2.9250000000000003 2.000000000000772 -24.0 2.0000000000013123 -24.00000000000918 -3.104373336154678e-42
2.95 2.000000000000772 -24.0 2.0000000000015294 -24.00000000001274 -4.1789500664144645e-42
2.975 2.000000000000772 -24.0 2.000000000001731 -24.000000000016023 -5.393393793276109e-42
3.0 2.000000000000772 -24.0 2.0000000000017497 -24.00000000001626 -6.518129048276597e-42
3.0250000000000004 2.000000000000772 -24.0 2.000000000001557 -24.000000000013003 -6.997093868289248e-42
3.0500000000000003 2.000000000000772 -24.0 2.0000000000012728 -24.000000000008274 -5.6417737497315465e-42
3.075 2.000000000000772 -24.0 2.0000000000010614 -24.00000000000488 -7.962398971434832e-44
3.1 2.000000000000772 -24.0 2.00000000000104 -24.000000000004626 1.422411275693031e-41
3.125 2.000000000000772 -24.0 2.0000000000012106 -24.000000000007443 4.567817789604015e-41
3.1500000000000004 2.000000000000772 -24.0 2.0000000000014624 -24.000000000011507 1.0952769302849172e-40
3.1750000000000003 2.000000000000772 -24.0 2.000000000001615 -24.000000000014023 2.329325329794819e-40
3.2 2.000000000000772 -24.0 2.000000000001541 -24.00000000001289 4.636017683509511e-40
3.225 2.000000000000772 -24.0 2.0000000000012284 -24.00000000000786 8.843682806708304e-40
3.25 2.000000000000772 -24.0 2.0000000000007945 -24.00000000000078 1.637631564719423e-39
3.2750000000000004 2.000000000000772 -24.0 2.0000000000004423 -23.999999999994976 2.966111642178372e-39
3.3000000000000003 2.000000000000772 -24.0 2.000000000000327 -23.999999999993086 5.2804380857322505e-39
3.325 2.000000000000772 -24.0 2.0000000000004743 -23.99999999999552 9.270696934396925e-39
3.35 2.000000000000772 -24.0 2.00000000000077 -24.000000000000384 1.6089691475392133e-38
3.375 2.000000000000772 -24.0 2.0000000000010387 -24.000000000004846 2.7652750956800404e-38
3.4000000000000004 2.000000000000772 -24.0 2.0000000000011706 -24.00000000000705 4.712626436385147e-38
3.4250000000000003 2.000000000000772 -24.0 2.000000000001151 -24.000000000006736 7.972076175243819e-38
3.45 2.000000000000772 -24.0 2.000000000001024 -24.00000000000467 1.3397382911216649e-37
3.475 2.000000000000772 -24.0 2.0000000000008393 -24.000000000001776 2.2381838356032733e-37
3.5 2.000000000000772 -24.0 2.0000000000006732 -23.999999999999304 3.7190631002266737e-37
3.5250000000000004 2.000000000000772 -24.0 2.0000000000006475 -23.99999999999904 6.149328554848944e-37
3.5500000000000003 2.000000000000772 -24.0 2.0000000000008473 -24.00000000000242 1.0121407319873481e-36
3.575 2.000000000000772 -24.0 2.000000000001254 -24.000000000009294 1.6588636843696637e-36
3.6 2.000000000000772 -24.0 2.0000000000017177 -24.00000000001734 2.708035664796088e-36
3.625 2.000000000000772 -24.0 2.000000000002041 -24.000000000023157 4.404258009248603e-36
3.6500000000000004 2.000000000000772 -24.0 2.0000000000020917 -24.000000000024425 7.137614307672968e-36
3.6750000000000003 2.000000000000772 -24.0 2.000000000001857 -24.000000000021178 1.1528461656909949e-35
3.7 2.000000000000772 -24.0 2.0000000000014353 -24.000000000015355 1.8560693312315038e-35
3.725 2.000000000000772 -24.0 2.0000000000009845 -24.000000000009475 2.979066736622274e-35
3.75 2.000000000000772 -24.0 2.000000000000645 -24.00000000000522 4.767397604445987e-35
3.7750000000000004 2.000000000000772 -24.0 2.0000000000004228 -24.000000000002554 7.607531331130017e-35
3.8000000000000003 2.000000000000772 -24.0 2.00000000000015 -24.00000000000009 1.2106218924007303e-34
3.825 2.000000000000772 -24.0 1.9999999999996372 -23.99999999999654 1.921376879200274e-34
3.85 2.000000000000772 -24.0 1.9999999999989648 -23.999999999992582 3.0415081655923462e-34
3.875 2.000000000000772 -24.0 1.9999999999986022 -23.99999999999119 4.802503147034089e-34
3.9000000000000004 2.000000000000772 -24.0 1.9999999999990434 -23.999999999995186 7.564418649237672e-34
3.9250000000000003 2.000000000000772 -24.0 2.0000000000001963 -24.0000000000034 1.1886038390279906e-33
3.95 2.000000000000772 -24.0 2.000000000001196 -24.000000000009628 1.8632647696966683e-33
3.975 2.000000000000772 -24.0 2.00000000000111 -24.000000000007557 2.9141243919621215e-33
4.0 2.000000000000772 -24.0 1.9999999999999494 -23.999999999997804 4.547325892745335e-33
4.025 2.000000000000772 -24.0 1.9999999999987734 -23.999999999988155 7.08003429138678e-33
4.05 2.000000000000772 -24.0 1.9999999999986722 -23.99999999998637 1.0999204945488797e-32
4.075 2.000000000000772 -24.0 1.999999999999699 -23.999999999992696 1.7050924828732827e-32
4.1000000000000005 2.000000000000772 -24.0 2.0000000000008535 -24.000000000000078 2.6375954000813244e-32
4.125 2.000000000000772 -24.0 2.0000000000010894 -24.000000000001442 4.0714940949284585e-32
4.15 2.000000000000772 -24.0 2.0000000000002522 -23.999999999995993 6.271849961695167e-32
4.175 2.000000000000772 -24.0 1.9999999999991003 -23.99999999998905 9.641478893875457e-32
4.2 2.000000000000772 -24.0 1.9999999999984925 -23.999999999986393 1.4791318609840628e-31
4.2250000000000005 2.000000000000772 -24.0 1.9999999999986628 -23.99999999998944 2.2646115092850218e-31
4.25 2.000000000000772 -24.0 1.9999999999991653 -23.999999999994927 3.4602839938301873e-31
4.275 2.000000000000772 -24.0 1.9999999999994755 -23.999999999998977 5.2767676836075284e-31
4.3 2.000000000000772 -24.0 1.9999999999995763 -24.000000000000952 8.0309842467275e-31
4.325 2.000000000000772 -24.0 1.999999999999827 -24.000000000002693 1.219887966077023e-30
4.3500000000000005 2.000000000000772 -24.0 2.0000000000003197 -24.000000000004597 1.8493825857628825e-30
4.375 2.000000000000772 -24.0 2.0000000000006155 -24.0000000000043 2.798298194819873e-30
4.4 2.000000000000772 -24.0 2.000000000000256 -24.000000000000036 4.225965288071211e-30
4.425 2.000000000000772 -24.0 1.9999999999994533 -23.99999999999453 6.369808936104075e-30
4.45 2.000000000000772 -24.0 1.9999999999989568 -23.99999999999298 9.582941706884708e-30
4.4750000000000005 2.000000000000772 -24.0 1.9999999999992264 -23.999999999997005 1.4389518087574973e-29
4.5 2.000000000000772 -24.0 1.9999999999999432 -24.00000000000245 2.1566080528120858e-29
4.525 2.000000000000772 -24.0 2.000000000000439 -24.00000000000407 3.2260863834562185e-29
4.55 2.000000000000772 -24.0 2.000000000000414 -24.00000000000115 4.8168421569564733e-29
4.575 2.000000000000772 -24.0 2.0000000000001013 -23.99999999999764 7.178471636680691e-29
4.6000000000000005 2.000000000000772 -24.0 1.9999999999999043 -23.99999999999774 1.0677900206662695e-28
4.625 2.000000000000772 -24.0 2.000000000000065 -24.00000000000272 1.5853487713817023e-28
4.65 2.000000000000772 -24.0 2.000000000000571 -24.000000000010587 2.349358714699909e-28
4.675 2.000000000000772 -24.0 2.0000000000011977 -24.000000000017476 3.4750376167468296e-28
4.7 2.000000000000772 -24.0 2.000000000001637 -24.000000000019988 5.130446096074551e-28
4.7250000000000005 2.000000000000772 -24.0 2.0000000000017115 -24.00000000001727 7.560240733947868e-28
4.75 2.000000000000772 -24.0 2.0000000000014433 -24.000000000011063 1.111987969600823e-27
4.775 2.000000000000772 -24.0 2.0000000000008997 -24.000000000003737 1.6324777288682076e-27
4.800000000000001 2.000000000000772 -24.0 2.0000000000001936 -23.999999999997236 2.3920791350568763e-27
4.825 2.000000000000772 -24.0 1.9999999999996168 -23.999999999993562 3.498508622723132e-27
4.8500000000000005 2.000000000000772 -24.0 1.9999999999995528 -23.999999999994483 5.107015027443151e-27
4.875 2.000000000000772 -24.0 2.000000000000033 -23.999999999998998 7.44089836681967e-27
4.9 2.000000000000772 -24.0 2.0000000000005294 -24.000000000002714 1.0820679358050657e-26
4.925000000000001 2.000000000000772 -24.0 2.000000000000443 -24.00000000000162 1.5705474219976266e-26
4.95 2.000000000000772 -24.0 1.9999999999998306 -23.999999999996966 2.2751548869943728e-26
4.9750000000000005 2.000000000000772 -24.0 1.9999999999993192 -23.999999999993825 3.2894995160088094e-26
5.0 2.000000000000772 -24.0 1.9999999999992897 -23.9999999999944 4.7468193800184217e-26
5.025 2.000000000000772 -24.0 1.9999999999994573 -23.99999999999556 6.836348138133838e-26
5.050000000000001 2.000000000000772 -24.0 1.9999999999993485 -23.999999999993378 9.826259699366093e-26
5.075 2.000000000000772 -24.0 1.9999999999989662 -23.999999999988646 1.4095755114034432e-25
5.1000000000000005 2.000000000000772 -24.0 1.999999999998674 -23.999999999985526 2.017982107211274e-25
5.125 2.000000000000772 -24.0 1.9999999999986264 -23.999999999986123 2.8831502816409013e-25
5.15 2.000000000000772 -24.0 1.999999999998646 -23.999999999988788 4.1108315305850485e-25
5.175000000000001 2.000000000000772 -24.0 1.9999999999986058 -23.999999999991363 5.849182239504409e-25
5.2 2.000000000000772 -24.0 1.9999999999986064 -23.999999999993506 8.305265084697836e-25
5.2250000000000005 2.000000000000772 -24.0 1.999999999998665 -23.999999999994856 1.1767754269319202e-24
5.25 2.000000000000772 -24.0 1.9999999999985865 -23.999999999994078 1.6638083285143045e-24
5.275 2.000000000000772 -24.0 1.9999999999982714 -23.99999999999075 2.3473041374023936e-24
5.300000000000001 2.000000000000772 -24.0 1.999999999997959 -23.99999999998687 3.3042837924156444e-24
5.325 2.000000000000772 -24.0 1.9999999999979845 -23.999999999985235 4.64099834688132e-24
5.3500000000000005 2.000000000000772 -24.0 1.999999999998364 -23.99999999998639 6.503606934487226e-24
5.375 2.000000000000772 -24.0 1.999999999998825 -23.999999999988727 9.092577194644609e-24
5.4 2.000000000000772 -24.0 1.9999999999991998 -23.999999999991065 1.2682028866634167e-23
5.425000000000001 2.000000000000772 -24.0 1.9999999999995572 -23.999999999993506 1.7645607765431595e-23
5.45 2.000000000000772 -24.0 1.9999999999999352 -23.999999999995836 2.4490938514206842e-23
5.4750000000000005 2.000000000000772 -24.0 2.0000000000001683 -23.99999999999678 3.390527718294937e-23
5.5 2.000000000000772 -24.0 2.000000000000113 -23.999999999995747 4.6815685166807494e-23
5.525 2.000000000000772 -24.0 1.999999999999881 -23.999999999994174 6.446788458404909e-23
5.550000000000001 2.000000000000772 -24.0 1.9999999999996367 -23.99999999999332 8.852893455553563e-23
5.575 2.000000000000772 -24.0 1.9999999999992428 -23.999999999991488 1.2121996938613886e-22
5.6000000000000005 2.000000000000772 -24.0 1.9999999999984874 -23.999999999986287 1.6548641332673977e-22
5.625 2.000000000000772 -24.0 1.9999999999976927 -23.999999999979963 2.252142269674823e-22
5.65 2.000000000000772 -24.0 1.9999999999976676 -23.999999999979195 3.055016545536122e-22
5.675000000000001 2.000000000000772 -24.0 1.9999999999987375 -23.9999999999873 4.1299630014263464e-22
5.7 2.000000000000772 -24.0 2.0000000000000906 -23.999999999998504 5.563066249343022e-22
5.7250000000000005 2.000000000000772 -24.0 2.000000000000546 -24.000000000003308 7.464942745661968e-22
5.75 2.000000000000772 -24.0 1.9999999999999258 -23.999999999999325 9.976476910669732e-22
5.775 2.000000000000772 -24.0 1.9999999999992157 -23.999999999993435 1.327526226736045e-21
5.800000000000001 2.000000000000772 -24.0 1.9999999999991929 -23.999999999991946 1.7582444372291907e-21
5.825 2.000000000000772 -24.0 1.9999999999995042 -23.999999999993303 2.3169339133912443e-21
5.8500000000000005 2.000000000000772 -24.0 1.9999999999994391 -23.999999999993083 3.0362683497293437e-21
5.875 2.000000000000772 -24.0 1.9999999999991003 -23.999999999991942 3.954656992153136e-21
5.9 2.000000000000772 -24.0 1.9999999999991553 -23.99999999999376 5.11578837693969e-21
5.925000000000001 2.000000000000772 -24.0 1.9999999999996247 -23.9999999999974 6.5670206144603765e-21
5.95 2.000000000000772 -24.0 1.9999999999996843 -23.999999999996437 8.355838251723559e-21
5.9750000000000005 2.000000000000772 -24.0 1.9999999999988765 -23.999999999988653 1.0523189124483777e-20
6.0 2.000000000000772 -24.0 1.999999999997946 -23.999999999981487 1.3091921451978668e-20
6.025 2.000000000000772 -24.0 1.999999999998015 -23.999999999984215 1.604768304251177e-20
6.050000000000001 2.000000000000772 -24.0 1.9999999999992055 -23.999999999996746 1.9308411043164975e-20
6.075 2.000000000000772 -24.0 2.00000000000053 -24.00000000000926 2.2676779569081865e-20
6.1000000000000005 2.000000000000772 -24.0 2.0000000000010014 -24.000000000012427 2.5767472569967825e-20
6.125 2.000000000000772 -24.0 2.0000000000004583 -24.000000000005087 2.789761923259548e-20
6.15 2.000000000000772 -24.0 1.9999999999994214 -23.999999999993204 2.7923769080008826e-20
6.175000000000001 2.000000000000772 -24.0 1.9999999999985734 -23.999999999984603 2.400184620455049e-20
6.2 2.000000000000772 -24.0 1.9999999999984586 -23.99999999998471 1.323685989615532e-20
6.2250000000000005 2.000000000000772 -24.0 1.9999999999992581 -23.99999999999413 -8.824253177571133e-21
6.25 2.000000000000772 -24.0 2.0000000000004947 -24.00000000000711 -4.8921798420998234e-20
6.275 2.000000000000772 -24.0 2.0000000000011675 -24.00000000001397 -1.1712514172146412e-19
6.300000000000001 2.000000000000772 -24.0 2.000000000000687 -24.00000000000935 -2.2831278910267004e-19
6.325 2.000000000000772 -24.0 1.9999999999996756 -23.999999999998714 -4.0426416012822785e-19
6.3500000000000005 2.000000000000772 -24.0 1.9999999999994589 -23.999999999993882 -6.76601658932568e-19
6.375 2.000000000000772 -24.0 2.0000000000005813 -24.000000000000778 -1.0909101867037715e-18
6.4 2.000000000000772 -24.0 2.0000000000020686 -24.000000000012854 -1.7124811617720026e-18
6.425000000000001 2.000000000000772 -24.0 2.000000000002447 -24.000000000018304 -2.634290061535745e-18
6.45 2.000000000000772 -24.0 2.0000000000014113 -24.000000000013152 -3.988034572032288e-18
6.4750000000000005 2.000000000000772 -24.0 2.000000000000102 -24.000000000004487 -5.9593532496919114e-18
6.5 2.000000000000772 -24.0 1.9999999999997324 -24.000000000000995 -8.808736703694343e-18
6.525 2.000000000000772 -24.0 2.0000000000002123 -24.000000000002427 -1.2900166942861003e-17
6.550000000000001 2.000000000000772 -24.0 2.000000000000419 -24.000000000000856 -1.8740217965579606e-17
6.575 2.000000000000772 -24.0 1.999999999999595 -23.99999999999138 -2.7031277165721784e-17
6.6000000000000005 2.000000000000772 -24.0 1.9999999999982028 -23.999999999979174 -3.874377474699012e-17
6.625 2.000000000000772 -24.0 1.9999999999973381 -23.99999999997462 -5.5213930824722155e-17
6.65 2.000000000000772 -24.0 1.9999999999974987 -23.999999999981206 -7.827566888087937e-17
6.675000000000001 2.000000000000772 -24.0 1.9999999999981446 -23.999999999990116 -1.1043815715156673e-16
6.7 2.000000000000772 -24.0 1.9999999999985343 -23.999999999990486 -1.5512412961216225e-16
6.7250000000000005 2.000000000000772 -24.0 1.9999999999989315 -23.999999999987487 -2.1698896722718152e-16
6.75 2.000000000000772 -24.0 2.000000000000595 -24.000000000004572 -3.023468242913689e-16
6.775 2.000000000000772 -24.0 2.000000000003795 -24.000000000052214 -4.197382948699487e-16
6.800000000000001 2.000000000000772 -24.0 2.0000000000055738 -24.000000000086658 -5.806847812887535e-16
6.825 2.000000000000772 -24.0 2.000000000001025 -24.000000000024745 -8.00688552537078e-16
6.8500000000000005 2.000000000000772 -24.0 1.9999999999898894 -23.999999999852925 -1.1005553584170277e-15
6.875 2.000000000000772 -24.0 1.9999999999831481 -23.999999999743416 -1.5081395283077498e-15
6.9 2.000000000000772 -24.0 1.999999999998202 -23.999999999982023 -2.0606411652510937e-15
6.925000000000001 2.000000000000772 -24.0 2.000000000037334 -24.000000000614975 -2.8076231563983075e-15
6.95 2.000000000000772 -24.0 2.0000000000657905 -24.000000001077503 -3.814964538080919e-15
6.9750000000000005 2.000000000000772 -24.0 2.000000000019728 -24.000000000323965 -5.170029138986673e-15
7.0 2.000000000000772 -24.0 1.9999999998598281 -23.99999999770334 -6.988407961666439e-15
7.025 2.000000000000772 -24.0 1.9999999996401456 -23.99999999408798 -9.422694927499562e-15
7.050000000000001 2.000000000000772 -24.0 1.9999999995103859 -23.999999991871892 -1.2673883980809923e-14
7.075 2.000000000000772 -24.0 1.9999999995743212 -23.999999992884455 -1.700613805461918e-14
7.1000000000000005 2.000000000000772 -24.0 1.9999999996739426 -23.99999999474901 -2.276588563206433e-14
7.125 2.000000000000772 -24.0 1.9999999989415183 -23.999999982225663 -3.0406459207729985e-14
7.15 2.000000000000772 -24.0 1.9999999936775803 -23.999999895566873 -4.051981494254537e-14
7.175000000000001 2.000000000000772 -24.0 1.9999999709073224 -23.999999521945742 -5.387728028906569e-14
7.2 2.000000000000772 -24.0 1.9999998349892174 -23.999997289048913 -7.148178603823506e-14
7.2250000000000005 2.000000000000772 -24.0 1.9999991276716695 -23.999985667927653 -9.463467516962882e-14
7.25 2.000000000000772 -24.0 1.9999975679126183 -23.999960040386057 -1.250209723893004e-13
7.275 2.000000000000772 -24.0 1.9999954708319634 -23.999925585474923 -1.6481798091187783e-13
7.300000000000001 2.000000000000772 -24.0 1.999993493904482 -23.999893113138043 -2.1683328998172973e-13
7.325 2.000000000000772 -24.0 1.9999921821187043 -23.999871543045288 -2.8467977983416343e-13
7.3500000000000005 2.000000000000772 -24.0 1.9999916237494997 -23.999862310901428 -3.729970628133679e-13
7.375 2.000000000000772 -24.0 1.9999914783678991 -23.999860021233005 -4.87731075149774e-13
7.4 2.000000000000772 -24.0 1.9999914386013478 -23.999859461951125 -6.364863229835808e-13
7.425000000000001 2.000000000000772 -24.0 1.9999914444023101 -23.999859477264085 -8.289686951367867e-13
7.45 2.000000000000772 -24.0 1.9999914684053848 -23.999859744798368 -1.0775409101704336e-12
7.4750000000000005 2.000000000000772 -24.0 1.9999914900891977 -23.999860076909883 -1.3979177155221707e-12
7.5 2.000000000000772 -24.0 1.9999915012114236 -23.999860349740253 -1.8100340773142959e-12
7.525 2.000000000000772 -24.0 1.9999915006778382 -23.999860451678142 -2.339126995974484e-12
7.550000000000001 2.000000000000772 -24.0 1.9999914917104697 -23.999860312670595 -3.017080494228466e-12
7.575 2.000000000000772 -24.0 1.999991476801879 -23.99985995111384 -3.88409402752548e-12
7.6000000000000005 2.000000000000772 -24.0 1.99999145515858 -23.99985949410636 -4.990747382234668e-12
7.625 2.000000000000772 -24.0 1.9999914334874322 -23.999859174129018 -6.400550420574792e-12
7.65 2.000000000000772 -24.0 1.9999914285687055 -23.99985922004518 -8.1930842209193e-12
7.675000000000001 2.000000000000772 -24.0 1.999991448645015 -23.99985961840077 -1.0467861720582424e-11
7.7 2.000000000000772 -24.0 1.999991479668997 -23.99986006775461 -1.3349061426410604e-11
7.7250000000000005 2.0000000000043068 -24.0 1.9999914944495172 -23.99986018336422 -1.6991317707779093e-11
7.75 2.0000000000043068 -24.0 1.9999914747641276 -23.999859813932012 -2.1586786279083474e-11
7.775 2.0000000000043068 -24.0 1.99999143363672 -23.999859230352342 -2.7373744425752153e-11
7.800000000000001 2.0000000000043068 -24.0 1.9999914069081228 -23.999858913544166 -3.464703309457915e-11
7.825 2.0000000000078413 -24.0 1.9999914204370248 -23.999859143167157 -4.3770702966370494e-11
7.8500000000000005 2.0000000000078413 -24.0 1.9999914608658238 -23.9998596966119 -5.519328989775615e-11
7.875 2.0000000000113762 -24.0 1.999991491275197 -23.999860092529033 -6.946621751012237e-11
7.9 2.0000000000149107 -24.0 1.9999914847193063 -23.99986000781414 -8.726590704663453e-11
7.925000000000001 2.0000000000184457 -24.0 1.999991451731855 -23.99985958979778 -1.094202676805989e-10
7.95 2.00000000002198 -24.0 1.9999914268654 -23.999859263786526 -1.369403448902136e-10
7.9750000000000005 2.000000000025515 -24.0 1.9999914349870647 -23.99985933957106 -1.710580207770042e-10
8.0 2.0000000000325846 -24.0 1.999991464220284 -23.99985969224813 -2.1327078847736331e-10
8.025 2.0000000000431886 -24.0 1.9999914828749592 -23.999859946494027 -2.6539476287917325e-10
8.05 2.000000000050258 -24.0 1.9999914711462228 -23.99985983769374 -3.2962724094277563e-10
8.075000000000001 2.000000000064397 -24.0 1.9999914428796637 -23.999859494684767 -4.0862028554370805e-10
8.1 2.000000000078536 -24.0 1.9999914283988336 -23.999859278825987 -5.055669744560906e-10
8.125 2.000000000099744 -24.0 1.999991444559989 -23.999859437348928 -6.243021272063907e-10
8.15 2.000000000120952 -24.0 1.999991474471875 -23.99985981905885 -7.694194918146766e-10
8.175 2.00000000014923 -24.0 1.9999914870420548 -23.999860036613235 -9.464075337165068e-10
8.200000000000001 2.0000000001845772 -24.0 1.9999914672138808 -23.999859831976497 -1.1618061108033733e-09
8.225 2.000000000223459 -24.0 1.9999914333152897 -23.999859362701425 -1.4233864289221667e-09
8.25 2.000000000272945 -24.0 1.9999914169289421 -23.999859049303222 -1.7403567350686184e-09
8.275 2.0000000003365703 -24.0 1.9999914332136257 -23.999859187130987 -2.123596200202413e-09
8.3 2.000000000407265 -24.0 1.9999914649387072 -23.999859644926087 -2.585919344084918e-09
8.325000000000001 2.0000000004956324 -24.0 1.9999914831175811 -23.99986001620018 -3.1423731284093117e-09
8.35 2.0000000006016743 -24.0 1.9999914745231386 -23.99986000026741 -3.810568451821858e-09
8.375 2.000000000728924 -24.0 1.999991453320246 -23.999859679285674 -4.611047172371882e-09
8.4 2.0000000008773826 -24.0 1.9999914414537165 -23.999859383406772 -5.567684900177361e-09
8.425 2.0000000010576535 -24.0 1.9999914482272225 -23.99985937653007 -6.708128574178038e-09
8.450000000000001 2.0000000012732713 -24.0 1.9999914633323155 -23.999859625503092 -8.064266176171801e-09
8.475 2.0000000015277712 -24.0 1.999991471497587 -23.99985987111824 -9.672723741052234e-09
8.5 2.0000000018246875 -24.0 1.999991466668881 -23.999859882577283 -1.157538197381337e-08
8.525 2.000000002181695 -24.0 1.9999914554262381 -23.999859654150136 -1.3819901139804517e-08
8.55 2.000000002598792 -24.0 1.9999914481578356 -23.999859403196513 -1.6460238289259392e-08
8.575000000000001 2.0000000030865834 -24.0 1.9999914502537506 -23.999859360491683 -1.9557135117662234e-08
8.6 2.000000003655673 -24.0 1.9999914597181674 -23.99985957488298 -2.3178547627291094e-08
8.625 2.0000000043237356 -24.0 1.9999914693300398 -23.999859846158085 -2.7399979986059073e-08
8.65 2.0000000050978395 -24.0 1.999991471615306 -23.99985990918656 -3.230467428442141e-08
8.675 2.000000005992124 -24.0 1.9999914627416633 -23.99985965451777 -3.798359493613758e-08
8.700000000000001 2.000000007027797 -24.0 1.9999914480108598 -23.99985928021801 -4.453513087667617e-08
8.725 2.0000000082154634 -24.0 1.9999914397808818 -23.999859121069168 -5.2064420059472794e-08
8.75 2.0000000095727963 -24.0 1.9999914493326536 -23.999859368914418 -6.068217856011783e-08
8.775 2.000000011124539 -24.0 1.9999914735413906 -23.999859837874617 -7.050289034369548e-08
8.8 2.0000000128812956 -24.0 1.9999914945838766 -23.99986012444981 -8.16421828472761e-08
8.825000000000001 2.0000000148642743 -24.0 1.9999914930928027 -23.999859942936766 -9.42131773370399e-08
8.85 2.0000000170911485 -24.0 1.9999914689447995 -23.99985943864615 -1.0832156081889094e-07
8.875 2.0000000195725227 -24.0 1.9999914442421933 -23.999859053700575 -1.240590773561188e-07
8.9 2.0000000223260703 -24.0 1.9999914455919383 -23.999859155203417 -1.4149508016508565e-07
8.925 2.000000025348257 -24.0 1.9999914764650264 -23.99985965039713 -1.6066572095482354e-07
8.950000000000001 2.0000000286461517 -24.0 1.9999915113002293 -23.999860078699434 -1.8156027873583417e-07
8.975 2.000000032202081 -24.0 1.9999915176897245 -23.999860008307365 -2.0410404579461039e-07
9.0 2.000000035994837 -24.0 1.9999914903903677 -23.999859492675476 -2.2813709273067303e-07
9.025 2.0000000399784676 -24.0 1.9999914603592246 -23.99985904067905 -2.5338812638281813e-07
9.05 2.0000000440893486 -24.0 1.9999914672774337 -23.99985918264016 -2.794425331313558e-07
9.075000000000001 2.0000000482320415 -24.0 1.9999915183846477 -23.99985992130827 -3.057035644737143e-07
9.1 2.000000052279297 -24.0 1.9999915708200435 -23.999860594305872 -3.3134547099711315e-07
9.125 2.000000056050845 -24.0 1.9999915664693264 -23.999860384771708 -3.552572240524588e-07
9.15 2.0000000593204614 -24.0 1.999991476472228 -23.999858911848 -3.759752808138156e-07
9.175 2.0000000617876967 -24.0 1.9999913544141616 -23.999856988259577 -3.9160364737948985e-07
9.200000000000001 2.000000063067266 -24.0 1.9999913591503697 -23.99985707940163 -3.9971927571543875e-07
9.225 2.0000000626784464 -24.0 1.999991707025965 -23.999862703470512 -3.9726059338094177e-07
9.25 2.0000000600203363 -24.0 1.9999926005685107 -23.999877305956772 -3.803967102260639e-07
9.275 2.0000000543365046 -24.0 1.999994107943222 -23.99990215921572 -3.443745740814826e-07
9.3 2.00000004470439 -24.0 1.9999960211469494 -23.9999338578602 -2.8334105876507274e-07
9.325000000000001 2.00000002999995 -24.0 1.9999978729911578 -23.999964614777483 -1.9013666388823996e-07
9.35 2.0000000088446437 -24.0 1.9999991814796152 -23.99998644807473 -5.605718890501236e-08
9.375 1.9999999795806878 -24.0 1.9999997915683627 -23.999996773019483 1.2942058380315937e-07
9.4 1.9999999402074295 -24.0 1.9999999440364087 -23.99999967424831 3.789534969636227e-07
9.425 1.9999998883389316 -24.0 1.9999999080460809 -24.000000180772055 7.076915558651469e-07
9.450000000000001 1.9999998211262096 -24.0 1.9999998308502025 -24.000000300431278 1.1336873698566534e-06
9.475 1.9999997351900698 -24.0 1.9999997574687465 -24.000000484850204 1.6783608011039327e-06
9.5 1.9999996265327424 -24.0 1.9999996732589655 -24.000000617071166 2.3670244376693356e-06
9.525 1.999999490453049 -24.0 1.9999995358930027 -24.00000035042389 3.229475799034653e-06
9.55 1.9999993214438931 -24.0 1.9999993130594467 -23.999999538835347 4.3006624412371665e-06
9.575000000000001 1.9999991130544097 -24.0 1.9999990373354886 -23.999998740189145 5.62142634543546e-06
9.600000000000001 1.999998857780385 -24.0 1.9999987754748738 -23.99999878341075 7.239334136373669e-06
9.625 1.9999985469158015 -24.0 1.9999985395348419 -23.999999819806657 9.209599773068e-06
9.65 1.9999981703725649 -24.0 1.9999982521320003 -24.0000009853689 1.1596106369122588e-05
9.675 1.9999977165320468 -24.0 1.999997816772592 -24.000001212202758 1.4472533719284427e-05
9.700000000000001 1.999997172029467 -24.0 1.9999971974781567 -24.000000221394238 1.7923597916040973e-05
9.725000000000001 1.999996521534739 -24.0 1.9999964520360007 -23.999998943444837 2.2046409118175832e-05
9.75 1.9999957475474597 -24.0 1.999995660317586 -23.999998625665384 2.695195306443837e-05
9.775 1.9999948301035237 -24.0 1.9999948231799385 -23.999999638634673 3.276670129149581e-05
9.8 1.9999937465382993 -24.0 1.9999938352995348 -24.000001005096188 3.9634354197480685e-05
9.825000000000001 1.999992471164968 -24.0 1.9999925782218644 -24.00000144556545 4.771772007213217e-05
9.850000000000001 1.9999909749599347 -24.0 1.9999910078538017 -24.000000552016644 5.720073197347757e-05
9.875 1.9999892252340987 -24.0 1.9999891695786904 -23.999999237656862 6.829060285179713e-05
9.9 1.9999871852617075 -24.0 1.999987112571373 -23.999998750493347 8.1220117588032e-05
9.925 1.999984813902142 -24.0 1.9999848061860173 -23.999999523478756 9.62500586113735e-05
9.950000000000001 1.9999820651898885 -24.0 1.9999821294307774 -24.000000698210364 0.00011367175947743903
9.975000000000001 1.9999788879280467 -24.0 1.9999789583890895 -24.000001115144116 0.00013380977821490233
10.0 1.9999752252358836 -24.0 1.9999752323622522 -24.000000349095266 0.00015702467937915227
10.025 1.999971014099927 -24.0 1.9999709524011837 -23.99999915314853 0.0001837159105850429
10.05 1.999966184910913 -24.0 1.999966110123554 -23.99999863145007 0.00021432475583056692
10.075000000000001 1.9999606609901364 -24.0 1.999960634917901 -23.99999927630612 0.00024933734417856523
10.100000000000001 1.9999543581016583 -24.0 1.9999543897697467 -24.000000437249557 0.00028928768834964567
10.125 1.9999471839963272 -24.0 1.9999472303943744 -24.000001037355045 0.00033476072351890226
10.15 1.9999390379169177 -24.0 1.9999390441597127 -24.000000474899558 0.00038639531213171874
10.175 1.9999298101421508 -24.0 1.9999297557946145 -23.99999922889935 0.0004448871758980226
10.200000000000001 1.999919381558995 -24.0 1.9999192912085744 -23.99999836889439 0.0005109917113368845
10.225000000000001 1.999907623231428 -24.0 1.9999075484693158 -23.999998691533307 0.0005855266403797992
10.25 1.999894396029291 -24.0 1.9998943765810475 -23.999999946826584 0.0006693744426668637
10.275 1.9998795502889577 -24.0 1.9998795848697317 -24.000001071858186 0.0007634845113596697
10.3 1.9998629255411589 -24.0 1.999862967960385 -24.00000105965212 0.0008688749696318584
10.325000000000001 1.9998443502741559 -24.0 1.9998443405673627 -23.9999998866288 0.0009866340805762504
10.350000000000001 1.9998236418135613 -24.0 1.9998235569677048 -23.999998565133758 0.0011179211791870934
10.375 1.9998006062657834 -24.0 1.9998004882394174 -23.999998294664692 0.0012639670514472895
10.4 1.9997750385639759 -24.0 1.999774966259958 -23.999999353200323 0.0014260736824893974
10.425 1.9997467226306376 -24.0 1.9997467357644987 -24.000000744344412 0.001605613293427514
10.450000000000001 1.9997154316709909 -24.0 1.999715484977873 -24.00000109606834 0.001804026584901746
10.475000000000001 1.9996809286006867 -24.0 1.9996809251814551 -23.999999963042683 0.0020228201047651196
10.5 1.999642966621962 -24.0 1.9996428596133713 -23.99999841683654 0.002263562657804649
10.525 1.9996012899836044 -24.0 1.9996011389905948 -23.999998025272845 0.0025278806770498556
10.55 1.9995556348858423 -24.0 1.9995555567675285 -23.999999312517794 0.0028174524792057894
10.575000000000001 1.9995057306185242 -24.0 1.9995057723326304 -24.00000103273699 0.003134001331169485
10.600000000000001 1.9994513008477568 -24.0 1.9994513826437088 -24.000001408307437 0.003479287260551768
10.625 1.999392065164114 -24.0 1.9993920537350922 -23.999999912880014 0.003855097550723615
10.65 1.9993277408005101 -24.0 1.9993275968014785 -23.99999802227817 0.0042632358702114435
10.675 1.9992580445975061 -24.0 1.9992578720293537 -23.99999772358148 0.00470550999733299
10.700000000000001 1.9991826951948355 -24.0 1.9991826426209416 -23.999999522805233 0.0051837181138285875
10.725000000000001 1.9991014154385496 -24.0 1.9991015144462332 -24.000001717320572 0.005699633655903253
10.75 1.9990139350143865 -24.0 1.999014063018402 -24.000002134974817 0.006254988727532051
10.775 1.998919993317961 -24.0 1.9989199943655052 -24.000000276751045 0.006851456099036528
10.8 1.9988193425229068 -24.0 1.998819190058511 -23.999997947201955 0.0074906298337215835
10.825000000000001 1.9987117508434213 -24.0 1.9987115707370748 -23.99999737845403 0.008174004606645599
10.850000000000001 1.998597006012431 -24.0 1.9985969485076844 -23.999999105182905 0.008902953802210829
10.875 1.9984749189046833 -24.0 1.9984750086354457 -24.000001408382683 0.009678706501005496
10.9 1.9983453272976865 -24.0 1.998345451552371 -24.000002151946862 0.010502323490956748
10.925 1.998208099795253 -24.0 1.9982081265755414 -24.00000074417611 0.011374672463079757
10.950000000000001 1.99806313978285 -24.0 1.9980630460783497 -23.999998701191004 0.01229640257761636
10.975000000000001 1.9979103894783918 -24.0 1.9979102686144432 -23.999997994027424 0.01326791861178228
11.0 1.9977498339794937 -24.0 1.9977498009222487 -23.999999302871117 0.014289354925302632
11.025 1.997581505282452 -24.0 1.9975815864696416 -24.000001305628476 0.015360549503988833
11.05 1.9974054862446633 -24.0 1.9974056046247883 -24.000002096808714 0.01648101836435281
11.075000000000001 1.9972219144021273 -24.0 1.997221959846784 -24.00000085710554 0.017649930623212476
11.100000000000001 1.997030985638484 -24.0 1.9970309196425537 -23.999998800655206 0.018866084554933892
11.125 1.9968329575960206 -24.0 1.9968328469516026 -23.99999793096776 0.02012788497491368
11.15 1.9966281528533874 -24.0 1.9966281179415395 -23.99999927912696 0.02143332230065258
11.175 1.9964169617180243 -24.0 1.9964170613570358 -24.000001655124407 0.022779953650846937
11.200000000000001 1.9961998446509825 -24.0 1.9962000158218873 -24.00000281735276 0.024164886347898915
11.225000000000001 1.9959773342499014 -24.0 1.9959774340490253 -24.000001460047546 0.02558476418970099
11.25 1.9957500367088483 -24.0 1.995749979062511 -23.999998756354067 0.027035756852131283
11.275 1.995518632733813 -24.0 1.9955184758821505 -23.999997203772942 0.02851355277408386
11.3 1.9952838778749686 -24.0 1.9952837875355756 -23.999998436569268 0.030013355861796782
11.325000000000001 1.995046602180272 -24.0 1.9950466930696225 -24.000001413838515 0.031529886328555336
11.350000000000001 1.994807709180997 -24.0 1.9948079333959803 -24.00000347285161 0.033057385959417915
11.375 1.9945681741526513 -24.0 1.9945683526889437 -24.00000263565529 0.03458962805843038
11.4 1.9943290416265336 -24.0 1.9943290372215294 -23.99999969902173 0.036119932297924
11.425 1.994091422130722 -24.0 1.9940912678036744 -23.999997384090392 0.03764118464610008
11.450000000000001 1.9938564881428158 -24.0 1.9938563617109897 -23.99999792977941 0.03914586250046818
11.475000000000001 1.9936254692579727 -24.0 1.9936255253664097 -24.000000835282194 0.04062606510118198
11.5 1.993399646575772 -24.0 1.9933998799594383 -24.000003413732337 0.04207354924039483
11.525 1.9931803463059043 -24.0 1.9931805911980582 -24.000003131692445 0.04347977022200409
11.55 1.9929689326280347 -24.0 1.9929690011363563 -24.00000014428383 0.044835927961240744
11.575000000000001 1.9927667998411853 -24.0 1.9927665496963265 -23.999996539057 0.046133018046262436
11.600000000000001 1.9925753638097141 -24.0 1.992574652103785 -23.999993459980246 0.0473618875150567
11.625 1.992396052826057 -24.0 1.9923948637445228 -23.99999158267263 0.0485132950314933
11.65 1.992230297858434 -24.0 1.9922299234392165 -23.999997212724974 0.04957797507525319
11.675 1.9920795223319707 -24.0 1.9920828877159213 -24.000025982182333 0.0505467056926399
11.700000000000001 1.9919451314785828 -24.0 1.9919543281198593 -24.00007015644951 0.05141037929001539
11.725000000000001 1.9918285013545973 -24.0 1.99184266151661 -24.000107856431654 0.05216007588986548
11.75 1.991730967596807 -24.0 1.9917479492274286 -24.000129347233084 0.05278713821237704
11.775 1.9916538140406643 -24.0 1.991671903817009 -24.000138124145128 0.053283247893947776
11.8 1.9915982613066712 -24.0 1.9916166087026452 -24.00014034575072 0.0536405021092665
11.825000000000001 1.991565455411504 -24.0 1.9915838733172981 -24.000140929965518 0.05385148982645448
11.850000000000001 1.9915564565947632 -24.0 1.9915748409442622 -24.000140383175115 0.05390936689611507
11.875 1.9915722283860784 -24.0 1.9915905525888018 -24.000139435438776 0.053807929155783495
11.9 1.9916136270999183 -24.0 1.9916319569313654 -24.000139456177045 0.05354168272185695
11.925 1.9916813918323306 -24.0 1.9916997875869091 -24.000140404435456 0.05310591064214969
11.950000000000001 1.991776135062117 -24.0 1.9917945935040233 -24.000141401946493 0.0524967350941395
11.975000000000001 1.991898334019045 -24.0 1.991916797735504 -24.000141559948503 0.05171117433697806
12.0 1.9920483228509067 -24.0 1.9920667368927711 -24.000140735162994 0.050747193659481916
12.025 1.9922262857343456 -24.0 1.992244643793942 -24.000139679874472 0.049603749611488834
12.05 1.9924322510496377 -24.0 1.9924505965211146 -24.000139323593018 0.0482808268618579
12.075000000000001 1.9926660866158867 -24.0 1.9926844710171978 -24.00013992376901 0.046779467092532695
12.100000000000001 1.992927496159838 -24.0 1.9929459358997321 -24.00014086572064 0.04510178941382956
12.125 1.9932160170465871 -24.0 1.9932344863664053 -24.000141307209894 0.0432510018706274
12.15 1.9935310193039975 -24.0 1.9935494697358878 -24.000140829151313 0.04123140370144185
12.175 1.9938717060327273 -24.0 1.993890114106737 -24.000139926965026 0.03904837811133465
12.200000000000001 1.9942371152089378 -24.0 1.9942555008553051 -24.00013944800075 0.03670837542396508
12.225000000000001 1.9946261229256328 -24.0 1.9946445348769202 -24.00013987610469 0.03421888658646924
12.25 1.9950374480054685 -24.0 1.9950559185103869 -24.000140800655863 0.03158840711176899
12.275 1.995469658098149 -24.0 1.9954881718137558 -24.00014133634144 0.028826391654831605
12.3 1.9959211771139436 -24.0 1.9959396807145353 -24.000140911765747 0.025943199530739525
12.325000000000001 1.9963902940428169 -24.0 1.9964087505009802 -24.00013994002582 0.02295003159156795
12.350000000000001 1.9968751730495922 -24.0 1.9968936007477263 -24.00013938701941 0.019858858984434125
12.375 1.9973738648204045 -24.0 1.9973923254128712 -24.00013987618572 0.01668234441309194
12.4 1.997884319019061 -24.0 1.9979028536853458 -24.000140941804716 0.013433756618617485
12.425 1.9984043978250199 -24.0 1.9984229825884132 -24.00014150813372 0.01012687887965847
12.450000000000001 1.998931890358589 -24.0 1.9989504528879483 -24.000140902518922 0.0067759124080948845
12.475000000000001 1.9994645279438519 -24.0 1.9994830241851502 -24.000139690739374 0.003395375580652372
12.5 2.000000000000772 -24.0 2.0000184631398747 -24.000139096947464 -0.0
12.525 2.0005359704745787 -24.0 2.0005544855280055 -24.00013983894503 -0.0033953755806526128
12.55 2.0010700946150854 -24.0 2.001088708057897 -24.000141224655508 -0.006775912408095125
12.575000000000001 2.001600035929217 -24.0 2.0016187043055806 -24.00014186190417 -0.010126878879658706
12.600000000000001 2.0021234831724097 -24.0 2.0021421082243047 -24.000140975873663 -0.01343375661861772
12.625 2.002638167163281 -24.0 2.0026566995395063 -24.000139377467473 -0.01668234441309194
12.65 2.0031418772943126 -24.0 2.00316036910667 -24.000138624581428 -0.019858858984434347
12.675 2.0036324775299965 -24.0 2.0036510379857964 -24.000139567440463 -0.022950031591568172
12.700000000000001 2.004107921715715 -24.0 2.004126603960472 -24.000141335938373 -0.025943199530739737
12.725000000000001 2.0045662680983733 -24.0 2.0045850170059536 -24.00014226679518 -0.028826391654831807
12.75 2.0050056928219626 -24.0 2.0050243950157673 -24.000141436697753 -0.03158840711176899
12.775 2.0054245023238306 -24.0 2.005443101747582 -24.000139691231695 -0.034218886586469426
12.8 2.0058211444867275 -24.0 2.0058396920771084 -24.000138695141437 -0.03670837542396526
12.825000000000001 2.006194218398164 -24.0 2.006212822011215 -24.00013941102299 -0.03904837811133481
12.850000000000001 2.006542482678224 -24.0 2.0065611952647444 -24.000141053734026 -0.041231403701441995
12.875 2.00686486228036 -24.0 2.006883634989573 -24.00014200078523 -0.0432510018706274
12.9 2.0071604536732988 -24.0 2.00717918290162 -24.000141277833464 -0.04510178941382968
12.925 2.0074285284252475 -24.0 2.00744716281111 -24.000139640963127 -0.04677946709253282
12.950000000000001 2.007668535140918 -24.0 2.007687122014674 -24.000138716616583 -0.04828082686185801
12.975000000000001 2.007880099769054 -24.0 2.007898740883215 -24.00013949510321 -0.049603749611488925
13.0 2.008063024301646 -24.0 2.008081770346399 -24.00014119342942 -0.050747193659481916
13.025 2.0082172839214185 -24.0 2.008236085947022 -24.00014211997421 -0.05171117433697812
13.05 2.0083430226505823 -24.0 2.0083617751975984 -24.000141262338975 -0.05249673509413956
13.075000000000001 2.0084405476069174 -24.0 2.008459197336236 -24.000139484945514 -0.05310591064214972
13.100000000000001 2.008510321934327 -24.0 2.008528919880235 -24.000138586749905 -0.05354168272185698
13.125 2.008552956549268 -24.0 2.0085716132230464 -24.000139588466475 -0.053807929155783495
13.15 2.0085692008232203 -24.0 2.008587969539091 -24.00014148546155 -0.053909366896115064
13.175 2.0085599323143275 -24.0 2.0085787532192523 -24.000142336469786 -0.05385148982645447
13.200000000000001 2.0085261457284598 -24.0 2.0085448977545575 -24.00014114668798 -0.05364050210926648
13.225000000000001 2.008468941219287 -24.0 2.0084875711235495 -24.000139123251234 -0.053283247893947755
13.25 2.0083895122040976 -24.0 2.0084080918999994 -24.000138369133218 -0.05278713821237704
13.275 2.00828913281907 -24.0 2.008307794024363 -24.0001398033193 -0.05216007588986544
13.3 2.008169145201348 -24.0 2.0081879356534227 -24.000141959617785 -0.05141037929001534
13.325000000000001 2.008030946682745 -24.0 2.008049775537703 -24.00014256628206 -0.05054670569263984
13.350000000000001 2.007875977110701 -24.0 2.007894700114864 -24.000140841621878 -0.04957797507525311
13.375 2.007705706328299 -24.0 2.007724284226663 -24.000138560687102 -0.0485132950314933
13.4 2.0075216220466383 -24.0 2.007540167408646 -24.000138155737808 -0.047361887515056614
13.425 2.007325218106023 -24.0 2.007343885456337 -24.000140199649312 -0.04613301804626234
13.450000000000001 2.0071179833203843 -24.0 2.0071368016642923 -24.00014261366855 -0.04483592796124065
13.475000000000001 2.006901390933206 -24.0 2.006920228270028 -24.00014286423133 -0.04347977022200399
13.5 2.006676888780399 -24.0 2.0066955742932793 -24.000140511700714 -0.04207354924039483
13.525 2.0064458902166677 -24.0 2.006464380365313 -24.00013775702855 -0.040626065101181864
13.55 2.0062097658725424 -24.0 2.0062281942365434 -24.000137339062874 -0.03914586250046807
13.575000000000001 2.005969836238535 -24.0 2.0059884084299213 -24.000139900589804 -0.03764118464609997
13.600000000000001 2.005727365132974 -24.0 2.005746242643922 -24.00014355882743 -0.0361199322979239
13.625 2.0054835540711906 -24.0 2.005502868607219 -24.000146745622168 -0.03458962805843038
13.65 2.005239537504257 -24.0 2.005259269357041 -24.000148410011406 -0.033057385959417804
13.675 2.004996378944924 -24.0 2.005015303954041 -24.000142534703276 -0.031529886328555225
13.700000000000001 2.0047550679383686 -24.0 2.0047701691626165 -24.000113821658985 -0.03001335586179667
13.725000000000001 2.0045165178954103 -24.0 2.0045254583954755 -24.000067511315528 -0.02851355277408376
13.75 2.00428156469276 -24.0 2.004285332549616 -24.000028376696488 -0.027035756852131283
13.775 2.00405096605091 -24.0 2.0040520425775172 -24.000008100986626 -0.025584764189700883
13.8 2.003825401590691 -24.0 2.0038255670265346 -24.000001252928175 -0.024164886347898814
13.825000000000001 2.0036054735861653 -24.0 2.0036054886163654 -24.000000114543376 -0.02277995365084684
13.850000000000001 2.003391708300751 -24.0 2.003391701232466 -23.9999999471303 -0.02143332230065249
13.875 2.0031845578429537 -24.0 2.0031845559998542 -23.9999999858781 -0.02012788497491368
13.9 2.002984402555835 -24.0 2.0029844050472994 -24.000000018695445 -0.018866084554933802
13.925 2.00279155379177 -24.0 2.0027915538613232 -24.000000001230948 -0.017649930623212396
13.950000000000001 2.002606257076022 -24.0 2.00260625398834 -23.99999997627195 -0.016481018364352725
13.975000000000001 2.0024286955530965 -24.0 2.002428694825932 -23.99999999362286 -0.015360549503988756
14.0 2.0022589937123376 -24.0 2.0022589968380733 -24.00000002375361 -0.014289354925302632
14.025 2.0020972212655126 -24.0 2.0020972232950682 -24.000000015876857 -0.013267918611782212
14.05 2.001943397197612 -24.0 2.0019433953828374 -23.99999998639563 -0.012296402577616296
14.075000000000001 2.0017974938989274 -24.0 2.0017974923375075 -23.999999987198954 -0.011374672463079692
14.100000000000001 2.0016594413077513 -24.0 2.0016594431326418 -24.000000013685096 -0.010502323490956688
14.125 2.001529131095486 -24.0 2.001529132699887 -24.000000013002722 -0.009678706501005496
14.15 2.001406420784592 -24.0 2.0014064190172007 -23.999999986846262 -0.008902953802210775
14.175 2.0012911377711036 -24.0 2.0012911360904644 -23.99999998633437 -0.008174004606645552
14.200000000000001 2.0011830832870467 -24.0 2.001183084987162 -24.000000012611615 -0.007490629833721534
14.225000000000001 2.001082036164922 -24.0 2.0010820378973966 -24.00000001405653 -0.006851456099036484
14.25 2.0009877564890677 -24.0 2.000987754861899 -23.99999998796273 -0.006254988727532051
14.275 2.000899989034945 -24.0 2.0008999873321383 -23.999999986133005 -0.0056996336559032145
14.3 2.000818466524617 -24.0 2.000818468132713 -24.000000011854887 -0.005183718113828554
14.325000000000001 2.0007429126666074 -24.0 2.0007429143278657 -24.000000013551784 -0.004705509997332955
14.350000000000001 2.000673044973073 -24.0 2.000673043348041 -23.999999987965882 -0.004263235870211413
14.375 2.000608577361362 -24.0 2.000608575753791 -23.99999998680233 -0.003855097550723615
14.4 2.000549222511666 -24.0 2.000549224179103 -24.00000001239257 -0.0034792872605517427
14.425 2.0004946940196717 -24.0 2.000494695550582 -24.00000001266027 -0.003134001331169462
14.450000000000001 2.000444708301775 -24.0 2.000444706582309 -23.99999998714923 -0.0028174524792057673
14.475000000000001 2.0003989862846727 -24.0 2.000398984859892 -23.999999988081626 -0.002527880677049835
14.5 2.000357254893485 -24.0 2.0003572566778782 -24.000000013430427 -0.002263562657804649
14.525 2.00031924829951 -24.0 2.000319249587178 -24.00000001086942 -0.002022820104765104
14.55 2.0002847090301272 -24.0 2.0002847071622143 -23.999999985783624 -0.0018040265849017302
14.575000000000001 2.000253388824198 -24.0 2.0002533877159094 -23.999999990470954 -0.001605613293427501
14.600000000000001 2.000225049360221 -24.0 2.0002250513288136 -24.000000015115575 -0.0014260736824893846
14.625 2.000199462804211 -24.0 2.000199463715483 -24.000000007956974 -0.0012639670514472895
14.65 2.0001764122161947 -24.0 2.0001764101544595 -23.99999998407458 -0.001117921179187084
14.675 2.000155691811778 -24.0 2.0001556911134992 -23.999999993792535 -0.0009866340805762413
14.700000000000001 2.0001371070964655 -24.0 2.0001371092211424 -24.000000016383176 -0.000868874969631851
14.725000000000001 2.0001204749116135 -24.0 2.0001204753721566 -24.000000004231197 -0.0007634845113596627
14.75 2.000105623342525 -24.0 2.000105621206709 -23.999999983538704 -0.0006693744426668637
14.775 2.000092391591202 -24.0 2.0000923914202717 -23.99999999805157 -0.0005855266403797935
14.8 2.000080629732448 -24.0 2.0000806318524855 -24.000000016326567 -0.0005109917113368792
14.825000000000001 2.0000701984169527 -24.0 2.0000701982517755 -23.999999999380783 -0.00044488717589801825
14.850000000000001 2.0000609685390267 -24.0 2.0000609664437135 -23.999999983792005 -0.0003863953121317146
14.875 2.0000528208477846 -24.0 2.0000528213580555 -24.000000003189047 -0.00033476072351890226
14.9 2.0000456455159052 -24.0 2.000045647564732 -24.00000001604536 -0.0002892876883496427
14.925 2.000039341697796 -24.0 2.0000393408868984 -23.99999999456714 -0.00024933734417856247
14.950000000000001 2.00003381707361 -24.0 2.000033815151993 -23.999999984638162 -0.00021432475583056475
14.975000000000001 2.0000289873579216 -24.0 2.000028988451056 -24.000000007555848 -0.00018371591058504084
15.0 2.0000247758296115 -24.0 2.000024777517632 -24.000000013876353 -0.00015702467937915227
15.025 2.000021112844067 -24.0 2.0000211114538358 -23.999999989951814 -0.0001338097782149008
15.05 2.000017935366606 -24.0 2.000017934010078 -23.99999998829417 -0.00011367175947743762
15.075000000000001 2.000015186498825 -24.0 2.0000151882182826 -24.000000012969316 -9.625005861137234e-05
15.100000000000001 2.0000128150226137 -24.0 2.00001281600931 -24.00000000882709 -8.122011758803099e-05
15.125 2.0000107749689233 -24.0 2.000010772987889 -23.999999984711522 -6.829060285179713e-05
15.15 2.0000090251829974 -24.0 2.0000090245750446 -23.99999999445108 -5.7200731973476875e-05
15.175 2.000007528932013 -24.0 2.000007531026908 -24.000000016108174 -4.771772007213153e-05
15.200000000000001 2.0000062535268697 -24.0 2.000006253736607 -24.000000002305562 -3.963435419748019e-05
15.225000000000001 2.000005169940436 -24.0 2.000005167895287 -23.999999984264775 -3.276670129149535e-05
15.25 2.0000042524858967 -24.0 2.0000042527523108 -24.000000001292197 -2.695195306443837e-05
15.275 2.0000034784844782 -24.0 2.000003480402013 -24.000000014970965 -2.2046409118175513e-05
15.3 2.0000028279862163 -24.0 2.000002827185482 -23.999999994751256 -1.7923597916040692e-05
15.325000000000001 2.000002283476567 -24.0 2.0000022817222316 -23.999999985778405 -1.4472533719284208e-05
15.350000000000001 2.000001829632514 -24.0 2.0000018309271086 -24.00000000907066 -1.1596106369122417e-05
15.375 2.0000014530892765 -24.0 2.000001454611372 -24.000000012940223 -9.209599773068e-06
15.4 2.0000011422211585 -24.0 2.0000011405769618 -23.999999987792798 -7.239334136373541e-06
15.425 2.0000008869471344 -24.0 2.000000885820776 -23.99999999000988 -5.621426345435355e-06
15.450000000000001 2.000000678557651 -24.0 2.000000680389098 -24.00000001409413 -4.300662441237082e-06
15.475000000000001 2.00000050954496 -24.0 2.000000510100615 -24.00000000518643 -3.2294757990345845e-06
15.5 2.0000103734688017 -24.0 2.00000037153887 -23.999999985186854 -2.3670244376693356e-06
15.525 2.000010264811474 -24.0 2.0000002649097626 -23.99999999994155 -1.6783608011039327e-06
15.55 2.0000101788717997 -24.0 2.000000180858082 -24.000000015339346 -1.1336873698566197e-06
15.575000000000001 2.0000101116590776 -24.0 2.000000110984887 -23.999999995762643 -7.076915558651206e-07
15.600000000000001 2.0000100597905797 -24.0 2.0000000578853014 -23.999999984784885 -3.789534969636025e-07
15.625 2.0000100204208557 -24.0 2.0000000215263416 -24.000000007546564 -1.2942058380315937e-07
15.65 2.0000099911568996 -24.0 1.9999999927239502 -24.000000013240857 5.605718890501236e-08
15.675 2.0000099700015936 -24.0 1.9999999685309304 -23.999999989216636 1.901366638882477e-07
15.700000000000001 2.0000099552936192 -24.0 1.99999995434682 -23.999999991273377 2.8334105876507787e-07
15.725000000000001 2.0000099456650386 -24.0 1.9999999474870465 -24.00000001406017 3.4437457408148624e-07
15.75 2.0000099399812075 -24.0 1.999999940225925 -24.000000002801876 3.803967102260639e-07
15.775 2.0000099373195623 -24.0 1.999999935255608 -23.999999984102203 3.9726059338094177e-07
15.8 2.000009936930743 -24.0 1.9999999372538952 -24.000000001573074 3.9971927571543897e-07
15.825000000000001 2.0000099382138465 -24.0 1.9999999402281718 -24.00000001577376 3.916036473794895e-07
15.850000000000001 2.0000099406775473 -24.0 1.9999999398945545 -23.999999994972022 3.7597528081381474e-07
15.875 2.0000099439471644 -24.0 1.99999994235136 -23.999999986746218 3.552572240524588e-07
15.9 2.000009947718712 -24.0 1.9999999490464062 -24.000000009477628 3.3134547099711315e-07
15.925 2.0000099517659673 -24.0 1.9999999527060055 -24.0000000088153 3.057035644737124e-07
15.950000000000001 2.0000099559086606 -24.0 1.999999954042535 -23.999999985623866 2.794425331313539e-07
15.975000000000001 2.000009960019541 -24.0 1.9999999597350033 -23.999999996747952 2.533881263828163e-07
16.0 2.000009964003172 -24.0 1.999999966110424 -24.00000001610183 2.2813709273067303e-07
16.025000000000002 2.0000099677959278 -24.0 1.9999999675447921 -23.99999999897474 2.0410404579460877e-07
16.05 2.000009971351857 -24.0 1.9999999694613348 -23.999999985104992 1.8156027873583263e-07
16.075 2.000009974649752 -24.0 1.9999999754921531 -24.000000005410495 1.6066572095482354e-07
16.1 2.000009977675473 -24.0 1.9999999790189165 -24.000000011640104 1.4149508016508443e-07
16.125 2.000009980425486 -24.0 1.999999978881581 -23.999999988701646 1.240590773561188e-07
16.150000000000002 2.0000099829103952 -24.0 1.99999998224253 -23.999999993364895 1.0832156081888993e-07
16.175 2.0000099851337345 -24.0 1.999999987159549 -24.00000001553618 9.421317733703885e-08
16.2 2.000009987120248 -24.0 1.9999999871705962 -24.000000001376446 8.16421828472761e-08
16.225 2.000009988877004 -24.0 1.9999999868843066 -23.999999984609858 7.050289034369478e-08
16.25 2.0000099904252124 -24.0 1.999999991002588 -24.000000003312397 6.068217856011783e-08
16.275000000000002 2.00000999178608 -24.0 1.9999999933151378 -24.00000001266525 5.206442005947228e-08
16.3 2.0000099929737463 -24.0 1.9999999916519386 -23.999999990709625 4.4535130876675715e-08
16.325 2.0000099940058846 -24.0 1.9999999931668855 -23.99999999188001 3.798359493613758e-08
16.35 2.000009994903704 -24.0 1.9999999967990556 -24.000000014559525 3.230467428442107e-08
16.375 2.0000099956778077 -24.0 1.9999999957970607 -24.0000000020497 2.7399979986059073e-08
16.400000000000002 2.0000099963423352 -24.0 1.9999999943778362 -23.999999984886685 2.317854762729081e-08
16.425 2.0000099969149603 -24.0 1.9999999975029885 -24.000000003344166 1.9557135117661993e-08
16.45 2.000009997402752 -24.0 1.999999998976141 -24.000000012977196 1.6460238289259392e-08
16.475 2.000009997819849 -24.0 1.9999999965138067 -23.999999990801932 1.3819901139804342e-08
16.5 2.000009998173321 -24.0 1.9999999973398288 -23.99999999188565 1.157538197381337e-08
16.525000000000002 2.000009998473772 -24.0 2.0000000002591163 -24.00000001362821 9.67272374105211e-09
16.55 2.000009998728272 -24.0 1.9999999986810544 -24.00000000080932 8.064266176171698e-09
16.575 2.0000099989403552 -24.0 1.9999999971172373 -23.99999998585361 6.708128574178038e-09
16.6 2.000009999120626 -24.0 1.9999999999994833 -24.000000005533682 5.56768490017729e-09
16.625 2.0000099992726192 -24.0 2.000000000699018 -24.0000000123239 4.611047172371882e-09
16.650000000000002 2.000009999399869 -24.0 1.9999999978977325 -23.999999989003182 3.810568451821807e-09
16.675 2.000009999505911 -24.0 1.999999998917536 -23.999999994031718 3.14237312840927e-09
16.7 2.0000099995907443 -24.0 2.000000001286815 -24.000000012905446 2.585919344084918e-09
16.725 2.0000099996649734 -24.0 1.999999999230341 -23.999999997870706 2.123596200202385e-09
16.75 2.0000099997250635 -24.0 1.9999999982307282 -23.999999987750655 1.7403567350686184e-09
16.775000000000002 2.0000099997745497 -24.0 2.0000000011365158 -24.000000009389677 1.4233864289221427e-09
16.8 2.0000099998169665 -24.0 2.0000000007197642 -24.00000000870308 1.1618061108033578e-09
16.825 2.0000099998523133 -24.0 1.9999999980933227 -23.999999986694302 9.464075337165068e-10
16.85 2.0000099998770566 -24.0 1.9999999998715436 -23.99999999874123 7.694194918146633e-10
16.875 2.0000099999017995 -24.0 2.0000000013969434 -24.00000001182813 6.243021272063907e-10
16.900000000000002 2.0000099999194734 -24.0 1.9999999989072506 -23.999999993406952 5.055669744560837e-10
16.925 2.000009999937147 -24.0 1.999999999181463 -23.999999992441108 4.086202855437025e-10
16.95 2.0000099999477507 -24.0 2.0000000016891883 -24.000000013107012 3.2962724094277563e-10
16.975 2.000009999958355 -24.0 1.9999999998301883 -24.000000000317137 2.653947628791696e-10
17.0 2.0000099999654246 -24.0 1.9999999982899035 -23.99999998680593 2.1327078847736331e-10
17.025000000000002 2.000009999972494 -24.0 2.0000000008679004 -24.000000005698492 1.71058020777e-10
17.05 2.0000099999795635 -24.0 2.0000000007558545 -24.000000007642406 1.3694034489021215e-10
17.075 2.000009999983098 -24.0 1.9999999985950871 -23.999999989485648 1.094202676805989e-10
17.1 2.000009999986633 -24.0 2.000000000429107 -24.000000001951932 8.726590704663297e-11
17.125 2.0000099999901675 -24.0 2.0000000013701706 -24.000000011377438 6.946621751012237e-11
17.150000000000002 2.0000099999901675 -24.0 1.999999998706997 -23.999999991108798 5.5193289897754794e-11
17.175 2.0000099999937024 -24.0 1.9999999993426043 -23.999999993505405 4.3770702966370184e-11
17.2 2.0000099999937024 -24.0 2.000000001313657 -24.000000010090247 3.464703309457915e-11
17.225 2.000009999997237 -24.0 1.999999999473817 -23.999999997366068 2.7373744425751665e-11
17.25 2.000009999997237 -24.0 1.9999999993132591 -23.99999999331872 2.1586786279083474e-11
17.275000000000002 2.000009999997237 -24.0 2.000000001423042 -24.00000001057789 1.699131770777867e-11
17.3 2.000009999997237 -24.0 1.9999999997678028 -23.999999999655692 1.3349061426410507e-11
17.325 2.000009999997237 -24.0 1.9999999986969241 -23.999999989255496 1.0467861720582424e-11
17.35 2.000009999997237 -24.0 2.000000000908983 -24.000000006126097 8.193084220919152e-12
17.375 2.000009999997237 -24.0 2.0000000001790212 -24.00000000268828 6.400550420574792e-12
17.400000000000002 2.000010000000772 -24.0 1.9999999990185204 -23.999999992140037 4.990747382234542e-12
17.425 2.000010000000772 -24.0 2.0000000010459082 -24.000000006884136 3.884094027525451e-12
17.45 2.000010000000772 -24.0 2.000000000352395 -24.000000004321777 3.017080494228466e-12
17.475 2.000010000000772 -24.0 1.9999999986606003 -23.999999989652125 2.3391269959744414e-12
17.5 2.000010000000772 -24.0 2.0000000005460454 -24.000000002870166 1.8100340773142959e-12
17.525000000000002 2.000000000000772 -24.0 2.0000000004808993 -24.000000004910017 1.3979177155221345e-12
17.55 2.000000000000772 -24.0 1.999999998972125 -23.999999992129776 1.0775409101704219e-12
17.575 2.000000000000772 -24.0 2.000000000761542 -24.000000004472017 8.289686951367867e-13
17.6 2.000000000000772 -24.0 2.0000000006474243 -24.000000006404406 6.364863229835692e-13
17.625 2.000000000000772 -24.0 1.9999999987313428 -23.999999990488504 4.87731075149774e-13
17.650000000000002 2.000000000000772 -24.0 2.000000000309167 -24.000000001025562 3.729970628133569e-13
17.675 2.000000000000772 -24.0 2.00000000062728 -24.000000005963795 2.8467977983416025e-13
17.7 2.000000000000772 -24.0 1.9999999989676285 -23.99999999218994 2.1683328998172973e-13
17.725 2.000000000000772 -24.0 2.000000000548205 -24.000000002776577 1.6481798091187475e-13
17.75 2.000000000000772 -24.0 2.0000000008289995 -24.00000000770036 1.250209723893004e-13
17.775000000000002 2.000000000000772 -24.0 1.9999999988487398 -23.999999991436574 9.463467516962598e-14
17.8 2.000000000000772 -24.0 2.000000000180271 -24.000000000043787 7.148178603823452e-14
17.825 2.000000000000772 -24.0 2.0000000006782064 -24.00000000626948 5.387728028906569e-14
17.85 2.000000000000772 -24.0 1.9999999989409611 -23.99999999206407 4.051981494254445e-14
17.875 2.000000000000772 -24.0 2.0000000003949925 -24.000000001591797 3.0406459207729985e-14
17.900000000000002 2.000000000000772 -24.0 2.0000000009241634 -24.00000000820869 2.2765885632063636e-14
17.925 2.000000000000772 -24.0 1.9999999989393893 -23.999999992245826 1.7006138054619047e-14
17.95 2.000000000000772 -24.0 2.0000000001206764 -23.99999999961872 1.2673883980809923e-14
17.975 2.000000000000772 -24.0 2.000000000748062 -24.000000006689774 9.422694927499377e-15
18.0 2.000000000000772 -24.0 1.9999999989264203 -23.999999992182993 6.988407961666439e-15
18.025000000000002 2.000000000000772 -24.0 2.0000000002334506 -24.000000000383306 5.170029138986513e-15
18.05 2.000000000000772 -24.0 2.0000000010146404 -24.000000008674874 3.814964538080875e-15
18.075 2.000000000000772 -24.0 1.9999999990218322 -23.999999993090483 2.8076231563983075e-15
18.1 2.000000000000772 -24.0 2.0000000000259965 -23.999999998781746 2.0606411652510444e-15
18.125 2.000000000000772 -24.0 2.0000000008506342 -24.000000007297466 1.5081395283077498e-15
18.150000000000002 2.000000000000772 -24.0 1.999999998942481 -23.999999992580243 1.1005553584169886e-15
18.175 2.000000000000772 -24.0 2.0000000000380638 -23.9999999987039 8.006885525370713e-16
18.2 2.000000000000772 -24.0 2.0000000010867107 -24.000000009096848 5.806847812887535e-16
18.225 2.000000000000772 -24.0 1.9999999991111377 -23.999999994003836 4.197382948699386e-16
18.25 2.000000000000772 -24.0 1.9999999999188278 -23.99999999793298 3.023468242913689e-16
18.275000000000002 2.000000000000772 -24.0 2.0000000009448238 -24.0000000078553 2.1698896722717427e-16
18.3 2.000000000000772 -24.0 1.99999999901258 -23.999999993276617 1.551241296121609e-16
18.325 2.000000000000772 -24.0 1.999999999870752 -23.99999999752736 1.1043815715156673e-16
18.35 2.000000000000772 -24.0 2.000000001105779 -24.00000000891592 7.82756688808774e-17
18.375 2.000000000000772 -24.0 1.9999999991950579 -23.999999994853056 5.5213930824722155e-17
18.400000000000002 2.000000000000772 -24.0 1.9999999998199303 -23.999999997227796 3.8743774746988765e-17
18.425 2.000000000000772 -24.0 2.000000001000078 -24.000000008042814 2.7031277165721338e-17
18.45 2.000000000000772 -24.0 1.9999999991053277 -23.999999994202565 1.8740217965579606e-17
18.475 2.000000000000772 -24.0 1.9999999997515427 -23.99999999661661 1.2900166942860656e-17
18.5 2.000000000000772 -24.0 2.000000001119143 -24.00000000878763 8.808736703694343e-18
18.525000000000002 2.000000000000772 -24.0 1.999999999263046 -23.99999999555753 5.959353249691681e-18
18.55 2.000000000000772 -24.0 1.9999999997120428 -23.99999999636882 3.988034572032246e-18
18.575 2.000000000000772 -24.0 2.0000000010420775 -24.000000008178365 2.634290061535745e-18
18.6 2.000000000000772 -24.0 1.9999999991813424 -23.99999999497343 1.71248116177195e-18
18.625 2.000000000000772 -24.0 1.9999999996216349 -23.999999995653965 1.0909101867037715e-18
18.650000000000002 2.000000000000772 -24.0 2.0000000011529475 -24.00000000892455 6.766016589325305e-19
18.675 2.000000000000772 -24.0 1.9999999993593471 -23.99999999637373 4.042641601282188e-19
18.7 2.000000000000772 -24.0 1.9999999996154327 -23.999999995709324 2.2831278910267004e-19
18.725 2.000000000000772 -24.0 2.0000000010965415 -24.000000008456546 1.171251417214572e-19
18.75 2.000000000000772 -24.0 1.999999999269035 -23.999999995690697 4.8921798420998234e-20
18.775000000000002 2.000000000000772 -24.0 1.999999999461768 -23.99999999453388 8.824253177567946e-21
18.8 2.000000000000772 -24.0 2.0000000011327277 -24.00000000858398 -1.3236859896155833e-20
18.825 2.000000000000772 -24.0 1.9999999994607425 -23.999999997154553 -2.400184620455049e-20
18.85 2.000000000000772 -24.0 1.9999999995201534 -23.999999995081303 -2.792376908000898e-20
18.875 2.000000000000772 -24.0 2.0000000011383086 -24.000000008572627 -2.789761923259548e-20
18.900000000000002 2.000000000000772 -24.0 1.9999999994179072 -23.99999999686742 -2.576747256996749e-20
18.925 2.000000000000772 -24.0 1.9999999993375086 -23.9999999936521 -2.2676779569081847e-20
18.95 2.000000000000772 -24.0 2.000000001081858 -24.000000008093433 -1.9308411043164975e-20
18.975 2.000000000000772 -24.0 1.9999999995453925 -23.999999997886768 -1.6047683042511574e-20
19.0 2.000000000000772 -24.0 1.9999999994039177 -23.99999999421397 -1.3091921451978668e-20
19.025000000000002 2.000000000000772 -24.0 2.000000001149085 -24.000000008672185 -1.0523189124483515e-20
19.05 2.000000000000772 -24.0 1.9999999995727906 -23.999999998122654 -8.355838251723466e-21
19.075 2.000000000000772 -24.0 1.9999999992668445 -23.99999999312149 -6.5670206144603765e-21
19.1 2.000000000000772 -24.0 2.0000000010742025 -24.000000008033123 -5.115788376939609e-21
19.125 2.000000000000772 -24.0 1.9999999996231945 -23.999999998454044 -3.954656992153136e-21
19.150000000000002 2.000000000000772 -24.0 1.9999999992751636 -23.999999993157534 -3.036268349729257e-21
19.175 2.000000000000772 -24.0 2.0000000011158896 -24.000000008341473 -2.316933913391233e-21
19.200000000000003 2.000000000000772 -24.0 1.9999999996757016 -23.999999998900588 -1.7582444372291298e-21
19.225 2.000000000000772 -24.0 1.9999999991881 -23.999999992646625 -1.3275262267360122e-21
19.25 2.000000000000772 -24.0 2.000000001073494 -24.00000000797031 -9.976476910669732e-22
19.275000000000002 2.000000000000772 -24.0 1.9999999997580618 -23.999999999519027 -7.464942745661739e-22
19.3 2.000000000000772 -24.0 1.9999999991968138 -23.99999999279812 -5.563066249342951e-22
19.325000000000003 2.000000000000772 -24.0 2.0000000010842567 -24.000000007923973 -4.1299630014261654e-22
19.35 2.000000000000772 -24.0 1.9999999997984048 -23.999999999797197 -3.055016545536044e-22
19.375 2.000000000000772 -24.0 1.9999999990814723 -23.999999992001243 -2.252142269674823e-22
19.400000000000002 2.000000000000772 -24.0 2.0000000010005237 -24.000000007133153 -1.6548641332673453e-22
19.425 2.000000000000772 -24.0 1.9999999998817217 -24.000000000456588 -1.2121996938613729e-22
19.450000000000003 2.000000000000772 -24.0 1.99999999911211 -23.999999992347067 -8.852893455553162e-23
19.475 2.000000000000772 -24.0 2.000000001049753 -24.000000007419796 -6.446788458404784e-23
19.5 2.000000000000772 -24.0 1.9999999999673834 -24.000000001264375 -4.6815685166807494e-23
19.525000000000002 2.000000000000772 -24.0 1.9999999990209334 -23.999999991719292 -3.390527718294826e-23
19.55 2.000000000000772 -24.0 2.0000000009366516 -24.000000006437794 -2.4490938514206692e-23
19.575000000000003 2.000000000000772 -24.0 1.9999999999843534 -24.000000001399002 -1.7645607765430784e-23
19.6 2.000000000000772 -24.0 1.9999999990156863 -23.999999991642547 -1.2682028866633919e-23
19.625 2.000000000000772 -24.0 2.0000000009815855 -24.000000006713186 -9.092577194644609e-24
19.650000000000002 2.000000000000772 -24.0 2.000000000099135 -24.000000002231815 -6.503606934487009e-24
19.675 2.000000000000772 -24.0 1.9999999989910213 -23.99999999167746 -4.640998346881257e-24
19.700000000000003 2.000000000000772 -24.0 2.000000000897286 -24.000000006006566 -3.3042837924154887e-24
19.725 2.000000000000772 -24.0 2.0000000001019993 -24.000000002233037 -2.3473041374023304e-24
19.75 2.000000000000772 -24.0 1.9999999989522672 -23.999999991460207 -1.6638083285143045e-24
19.775000000000002 2.000000000000772 -24.0 2.000000000891456 -24.00000000583906 -1.176775426931872e-24
19.8 2.000000000000772 -24.0 2.0000000002067075 -24.000000002979547 -8.305265084697724e-25
19.825000000000003 2.000000000000772 -24.0 1.999999998949885 -23.999999991632073 -5.849182239504089e-25
19.85 2.000000000000772 -24.0 2.0000000008244787 -24.000000005208925 -4.1108315305849346e-25
19.875 2.000000000000772 -24.0 2.000000000235827 -24.00000000324667 -2.8831502816409013e-25
19.900000000000002 2.000000000000772 -24.0 1.999999998919634 -23.999999991460808 -2.0179821072111906e-25
19.925 2.000000000000772 -24.0 2.0000000007982583 -24.000000004879553 -1.4095755114034237e-25
19.950000000000003 2.000000000000772 -24.0 2.000000000331492 -24.000000003969923 -9.826259699365618e-26
19.975 2.000000000000772 -24.0 1.999999998920007 -23.999999991578974 -6.836348138133649e-26
20.0 2.000000000000772 -24.0 2.000000000728984 -24.00000000433684 -4.7468193800184217e-26
20.025000000000002 2.000000000000772 -24.0 2.000000000353767 -24.000000004110703 -3.289499516008671e-26
20.05 2.000000000000772 -24.0 1.9999999988956862 -23.99999999144014 -2.275154886994341e-26
20.075000000000003 2.000000000000772 -24.0 2.000000000700714 -24.000000004077762 -1.5705474219975388e-26
20.1 2.000000000000772 -24.0 2.0000000004378236 -24.000000004695977 -1.082067935805043e-26
20.125 2.000000000000772 -24.0 1.9999999989240678 -23.999999991722873 -7.44089836681967e-27
20.150000000000002 2.000000000000772 -24.0 2.000000000636879 -24.000000003575742 -5.107015027442973e-27
20.175 2.000000000000772 -24.0 2.0000000004351963 -24.000000004594803 -3.4985086227231074e-27
20.200000000000003 2.000000000000772 -24.0 1.9999999989160364 -23.999999991724323 -2.3920791350567586e-27
20.225 2.000000000000772 -24.0 2.0000000005912013 -24.000000003243915 -1.6324777288681613e-27
20.25 2.000000000000772 -24.0 2.000000000484731 -24.000000004929923 -1.111987969600823e-27
20.275000000000002 2.000000000000772 -24.0 1.999999998994285 -23.999999992436397 -7.5602407339476e-28
20.3 2.000000000000772 -24.0 2.0000000005496705 -24.000000002975355 -5.130446096074478e-28
20.325000000000003 2.000000000000772 -24.0 2.000000000444718 -24.000000004573803 -3.4750376167466816e-28
20.35 2.000000000000772 -24.0 1.9999999990414543 -23.99999999277896 -2.349358714699842e-28
20.375 2.000000000000772 -24.0 2.0000000004874847 -24.000000002450093 -1.5853487713817023e-28
20.400000000000002 2.000000000000772 -24.0 2.000000000385824 -24.00000000396966 -1.0677900206662238e-28
20.425 2.000000000000772 -24.0 1.9999999991990687 -23.99999999402546 -7.178471636680587e-29
20.450000000000003 2.000000000000772 -24.0 2.0000000004697385 -24.0000000023872 -4.8168421569562676e-29
20.475 2.000000000000772 -24.0 2.000000000224711 -24.000000002707644 -3.2260863834561266e-29
20.5 2.000000000000772 -24.0 1.9999999993777762 -23.999999995265874 -2.1566080528120858e-29
20.525000000000002 2.000000000000772 -24.0 2.0000000004495924 -24.000000002510152 -1.4389518087574146e-29
20.55 2.000000000000772 -24.0 2.0000000000310942 -24.000000001193314 -9.582941706884708e-30
20.575000000000003 2.000000000000772 -24.0 1.9999999996387623 -23.999999996911185 -6.369808936103708e-30
20.6 2.000000000000772 -24.0 2.0000000003438374 -24.000000002315986 -4.2259652880710884e-30
20.625 2.000000000000772 -24.0 1.9999999998877116 -23.99999999987937 -2.798298194819873e-30
20.650000000000002 2.000000000000772 -24.0 1.9999999999246283 -23.99999999908333 -1.8493825857627753e-30
20.675 2.000000000000772 -24.0 2.0000000001392513 -24.000000001020574 -1.219887966077023e-30
20.700000000000003 2.000000000000772 -24.0 1.999999999884007 -23.999999999191196 -8.030984246727032e-31
20.725 2.000000000000772 -24.0 2.000000000058621 -24.000000000299845 -5.276767683607375e-31
20.75 2.000000000000772 -24.0 1.9999999999961489 -24.000000000114802 -3.4602839938301873e-31
20.775000000000002 2.000000000000772 -24.0 1.999999999979981 -23.99999999975776 -2.264611509284889e-31
20.8 2.000000000000772 -24.0 2.000000000024909 -24.000000000209297 -1.4791318609840628e-31
20.825000000000003 2.000000000000772 -24.0 1.9999999999821627 -23.999999999856165 -9.641478893874892e-32
20.85 2.000000000000772 -24.0 2.0000000000124425 -24.00000000008546 -6.271849961694984e-32
20.875 2.000000000000772 -24.0 1.9999999999947433 -23.99999999995765 -4.0714940949284585e-32
20.900000000000002 2.000000000000772 -24.0 2.0000000000029754 -24.000000000013554 -2.637595400081169e-32
20.925 2.000000000000772 -24.0 2.0000000000007234 -24.000000000002576 -1.7050924828732827e-32
20.950000000000003 2.000000000000772 -24.0 1.9999999999998623 -23.999999999990266 -1.0999204945488146e-32
20.975 2.000000000000772 -24.0 2.000000000001874 -24.00000000001088 -7.080034291386471e-33
21.0 2.000000000000772 -24.0 1.9999999999998108 -23.99999999999047 -4.547325892745335e-33
21.025000000000002 2.000000000000772 -24.0 2.0000000000014677 -24.000000000007116 -2.9141243919620346e-33
21.05 2.000000000000772 -24.0 2.0000000000003233 -23.99999999999512 -1.8632647696966683e-33
21.075000000000003 2.000000000000772 -24.0 2.000000000001025 -24.00000000000302 -1.1886038390279195e-33
21.1 2.000000000000772 -24.0 2.000000000000634 -23.999999999998114 -7.564418649237447e-34
21.125 2.000000000000772 -24.0 2.0000000000008247 -24.000000000000924 -4.802503147034089e-34
21.150000000000002 2.000000000000772 -24.0 2.000000000000747 -23.999999999999417 -3.0415081655922543e-34
21.175 2.000000000000772 -24.0 2.000000000000779 -24.00000000000028 -1.921376879200274e-34
21.200000000000003 2.000000000000772 -24.0 2.000000000000769 -23.999999999999808 -1.2106218924006396e-34
21.225 2.000000000000772 -24.0 2.0000000000007656 -24.000000000000014 -7.607531331129786e-35
21.25 2.000000000000772 -24.0 2.0000000000007736 -23.999999999999936 -4.767397604445987e-35
21.275000000000002 2.000000000000772 -24.0 2.0000000000007714 -24.000000000000007 -2.97906673662214e-35
21.3 2.000000000000772 -24.0 2.0000000000007656 -23.99999999999991 -1.8560693312315038e-35
21.325000000000003 2.000000000000772 -24.0 2.0000000000007727 -23.999999999999993 -1.1528461656909069e-35
21.35 2.000000000000772 -24.0 2.000000000000773 -24.000000000000004 -7.137614307672745e-36
21.375 2.000000000000772 -24.0 2.0000000000007696 -23.99999999999997 -4.404258009248603e-36
21.400000000000002 2.000000000000772 -24.0 2.000000000000772 -23.999999999999986 -2.7080356647960035e-36
21.425 2.000000000000772 -24.0 2.000000000000772 -23.999999999999982 -1.6588636843696637e-36
21.450000000000003 2.000000000000772 -24.0 2.000000000000772 -24.0 -1.0121407319872835e-36
21.475 2.000000000000772 -24.0 2.000000000000772 -23.99999999999999 -6.149328554848747e-37
21.5 2.000000000000772 -24.0 2.000000000000772 -23.999999999999993 -3.7190631002266737e-37
21.525000000000002 2.000000000000772 -24.0 2.000000000000772 -23.999999999999993 -2.2381838356031685e-37
21.55 2.000000000000772 -24.0 2.000000000000772 -24.0 -1.3397382911216649e-37
21.575000000000003 2.000000000000772 -24.0 2.000000000000772 -24.0 -7.972076175243288e-38
21.6 2.000000000000772 -24.0 2.000000000000772 -24.0 -4.712626436384921e-38
21.625 2.000000000000772 -24.0 2.000000000000772 -24.0 -2.7652750956800404e-38
21.650000000000002 2.000000000000772 -24.0 2.000000000000772 -24.0 -1.6089691475391572e-38
21.675 2.000000000000772 -24.0 2.000000000000772 -24.0 -9.270696934396925e-39
21.700000000000003 2.000000000000772 -24.0 2.000000000000772 -24.0 -5.2804380857317944e-39
21.725 2.000000000000772 -24.0 2.000000000000772 -24.0 -2.966111642178262e-39
21.75 2.000000000000772 -24.0 2.000000000000772 -24.0 -1.637631564719423e-39
21.775000000000002 2.000000000000772 -24.0 2.000000000000772 -24.0 -8.84368280670795e-40
21.8 2.000000000000772 -24.0 2.000000000000772 -24.0 -4.636017683509511e-40
21.825000000000003 2.000000000000772 -24.0 2.000000000000772 -24.0 -2.3293253297945707e-40
21.85 2.000000000000772 -24.0 2.000000000000772 -24.0 -1.0952769302848603e-40
21.875 2.000000000000772 -24.0 2.000000000000772 -24.0 -4.567817789604015e-41
21.900000000000002 2.000000000000772 -24.0 2.000000000000772 -24.0 -1.4224112756928885e-41
21.925 2.000000000000772 -24.0 2.000000000000772 -24.0 7.962398971434832e-44
21.950000000000003 2.000000000000772 -24.0 2.000000000000772 -24.0 5.6417737497319404e-42
21.975 2.000000000000772 -24.0 2.000000000000772 -24.0 6.997093868289196e-42
22.0 2.000000000000772 -24.0 2.000000000000772 -24.0 6.518129048276597e-42
22.025000000000002 2.000000000000772 -24.0 2.000000000000772 -24.0 5.393393793276051e-42
22.05 2.000000000000772 -24.0 2.000000000000772 -24.0 4.1789500664144645e-42
22.075000000000003 2.000000000000772 -24.0 2.000000000000772 -24.0 3.1043733361545746e-42
22.1 2.000000000000772 -24.0 2.000000000000772 -24.0 2.2389744900555717e-42
22.125 2.000000000000772 -24.0 2.000000000000772 -24.0 1.5796414191572262e-42
22.150000000000002 2.000000000000772 -24.0 2.000000000000772 -24.0 1.0954931288718836e-42
22.175 2.000000000000772 -24.0 2.000000000000772 -24.0 7.49276645961125e-43
22.200000000000003 2.000000000000772 -24.0 2.000000000000772 -24.0 5.066210362384114e-43
22.225 2.000000000000772 -24.0 2.000000000000772 -24.0 3.392276304524096e-43
22.25 2.000000000000772 -24.0 2.000000000000772 -24.0 2.2523830569655327e-43
22.275000000000002 2.000000000000772 -24.0 2.000000000000772 -24.0 1.4845133099631467e-43
22.3 2.000000000000772 -24.0 2.000000000000772 -24.0 9.72012144562803e-44
22.325000000000003 2.000000000000772 -24.0 2.000000000000772 -24.0 6.326902277480289e-44
22.35 2.000000000000772 -24.0 2.000000000000772 -24.0 4.0961546419022566e-44
22.375 2.000000000000772 -24.0 2.000000000000772 -24.0 2.638888646042497e-44
22.400000000000002 2.000000000000772 -24.0 2.000000000000772 -24.0 1.692339476315174e-44
22.425 2.000000000000772 -24.0 2.000000000000772 -24.0 1.0807188965707083e-44
22.450000000000003 2.000000000000772 -24.0 2.000000000000772 -24.0 6.874067827198685e-45
22.475 2.000000000000772 -24.0 2.000000000000772 -24.0 4.3560337357634266e-45
22.5 2.000000000000772 -24.0 2.000000000000772 -24.0 2.7506291988257142e-45
22.525000000000002 2.000000000000772 -24.0 2.000000000000772 -24.0 1.7310598467980355e-45
22.55 2.000000000000772 -24.0 2.000000000000772 -24.0 1.0859198604467562e-45
22.575000000000003 2.000000000000772 -24.0 2.000000000000772 -24.0 6.7912176504507534e-46
22.6 2.000000000000772 -24.0 2.000000000000772 -24.0 4.234610731027439e-46
22.625 2.000000000000772 -24.0 2.000000000000772 -24.0 2.632942317395744e-46
22.650000000000002 2.000000000000772 -24.0 2.000000000000772 -24.0 1.6325717756315788e-46
22.675 2.000000000000772 -24.0 2.000000000000772 -24.0 1.0095855044541322e-46
22.700000000000003 2.000000000000772 -24.0 2.000000000000772 -24.0 6.227114849281298e-47
22.725 2.000000000000772 -24.0 2.000000000000772 -24.0 3.831187377468204e-47
22.75 2.000000000000772 -24.0 2.000000000000772 -24.0 2.351308388844086e-47
22.775000000000002 2.000000000000772 -24.0 2.000000000000772 -24.0 1.4395935097032767e-47
22.8 2.000000000000772 -24.0 2.000000000000772 -24.0 8.793189124986368e-48
22.825000000000003 2.000000000000772 -24.0 2.000000000000772 -24.0 5.358575572986728e-48
22.85 2.000000000000772 -24.0 2.000000000000772 -24.0 3.258120167790177e-48
22.875 2.000000000000772 -24.0 2.000000000000772 -24.0 1.976589158084722e-48
22.900000000000002 2.000000000000772 -24.0 2.000000000000772 -24.0 1.196499804771185e-48
22.925 2.000000000000772 -24.0 2.000000000000772 -24.0 7.227195561827664e-49
22.950000000000003 2.000000000000772 -24.0 2.000000000000772 -24.0 4.35612959102848e-49
22.975 2.000000000000772 -24.0 2.000000000000772 -24.0 2.620097012181536e-49
23.0 2.000000000000772 -24.0 2.000000000000772 -24.0 1.5726437566102247e-49
23.025000000000002 2.000000000000772 -24.0 2.000000000000772 -24.0 9.41997283432208e-50
23.05 2.000000000000772 -24.0 2.000000000000772 -24.0 5.630984641584324e-50
23.075000000000003 2.000000000000772 -24.0 2.000000000000772 -24.0 3.3592533418414484e-50
23.1 2.000000000000772 -24.0 2.000000000000772 -24.0 2.000011615982886e-50
23.125 2.000000000000772 -24.0 2.000000000000772 -24.0 1.1883943908134718e-50
23.150000000000002 2.000000000000772 -24.0 2.000000000000772 -24.0 7.047471785717021e-51
23.175 2.000000000000772 -24.0 2.000000000000772 -24.0 4.1711573187998824e-51
23.200000000000003 2.000000000000772 -24.0 2.000000000000772 -24.0 2.463970629267948e-51
23.225 2.000000000000772 -24.0 2.000000000000772 -24.0 1.4526967851038338e-51
23.25 2.000000000000772 -24.0 2.000000000000772 -24.0 8.548289091174405e-52
23.275000000000002 2.000000000000772 -24.0 2.000000000000772 -24.0 5.020558570927222e-52
23.3 2.000000000000772 -24.0 2.000000000000772 -24.0 2.943044929141196e-52
23.325000000000003 2.000000000000772 -24.0 2.000000000000772 -24.0 1.7219350198427055e-52
23.35 2.000000000000772 -24.0 2.000000000000772 -24.0 1.0055744678943882e-52
23.375 2.000000000000772 -24.0 2.000000000000772 -24.0 5.861267598663116e-53
23.400000000000002 2.000000000000772 -24.0 2.000000000000772 -24.0 3.4099698947988955e-53
23.425 2.000000000000772 -24.0 2.000000000000772 -24.0 1.9801254871404934e-53
23.450000000000003 2.000000000000772 -24.0 2.000000000000772 -24.0 1.1476757239727917e-53
23.475 2.000000000000772 -24.0 2.000000000000772 -24.0 6.639429774964993e-54
23.5 2.000000000000772 -24.0 2.000000000000772 -24.0 3.833786490499683e-54
23.525000000000002 2.000000000000772 -24.0 2.000000000000772 -24.0 2.2095850757115304e-54
23.55 2.000000000000772 -24.0 2.000000000000772 -24.0 1.2710978009256623e-54
23.575000000000003 2.000000000000772 -24.0 2.000000000000772 -24.0 7.298474087965426e-55
23.6 2.000000000000772 -24.0 2.000000000000772 -24.0 4.182819489085629e-55
23.625 2.000000000000772 -24.0 2.000000000000772 -24.0 2.3927033740792414e-55
23.650000000000002 2.000000000000772 -24.0 2.000000000000772 -24.0 1.3661225834022422e-55
23.675 2.000000000000772 -24.0 2.000000000000772 -24.0 7.785196324389693e-56
23.700000000000003 2.000000000000772 -24.0 2.000000000000772 -24.0 4.428189557266278e-56
23.725 2.000000000000772 -24.0 2.000000000000772 -24.0 2.5139511568902517e-56
23.75 2.000000000000772 -24.0 2.000000000000772 -24.0 1.4244864646060943e-56
23.775000000000002 2.000000000000772 -24.0 2.000000000000772 -24.0 8.056142177712205e-57
23.8 2.000000000000772 -24.0 2.000000000000772 -24.0 4.5473588753179857e-57
23.825000000000003 2.000000000000772 -24.0 2.000000000000772 -24.0 2.561829368403867e-57
23.85 2.000000000000772 -24.0 2.000000000000772 -24.0 1.440439754897118e-57
23.875 2.000000000000772 -24.0 2.000000000000772 -24.0 8.083295968589929e-58
23.900000000000002 2.000000000000772 -24.0 2.000000000000772 -24.0 4.527144471640561e-58
23.925 2.000000000000772 -24.0 2.000000000000772 -24.0 2.530440596163147e-58
23.950000000000003 2.000000000000772 -24.0 2.000000000000772 -24.0 1.41155128634644e-58
23.975 2.000000000000772 -24.0 2.000000000000772 -24.0 7.858108771269479e-59
24.0 2.000000000000772 -24.0 2.000000000000772 -24.0 4.36567780080435e-59
24.025000000000002 2.000000000000772 -24.0 2.000000000000772 -24.0 2.420406029382109e-59
24.05 2.000000000000772 -24.0 2.000000000000772 -24.0 1.3391137051841452e-59
24.075000000000003 2.000000000000772 -24.0 2.000000000000772 -24.0 7.393127966515902e-60
24.1 2.000000000000772 -24.0 2.000000000000772 -24.0 4.072943421774355e-60
24.125 2.000000000000772 -24.0 2.000000000000772 -24.0 2.2389513277987053e-60
24.150000000000002 2.000000000000772 -24.0 2.000000000000772 -24.0 1.228068423816306e-60
24.175 2.000000000000772 -24.0 2.000000000000772 -24.0 6.720882163419382e-61
24.200000000000003 2.000000000000772 -24.0 2.000000000000772 -24.0 3.6697668525825195e-61
24.225 2.000000000000772 -24.0 2.000000000000772 -24.0 1.999125932595155e-61
24.25 2.000000000000772 -24.0 2.000000000000772 -24.0 1.0864518245663961e-61
24.275000000000002 2.000000000000772 -24.0 2.000000000000772 -24.0 5.89015211773402e-62
24.3 2.000000000000772 -24.0 2.000000000000772 -24.0 3.1853928444269616e-62
24.325000000000003 2.000000000000772 -24.0 2.000000000000772 -24.0 1.718272474634739e-62
24.35 2.000000000000772 -24.0 2.000000000000772 -24.0 9.244484572660024e-63
24.375 2.000000000000772 -24.0 2.000000000000772 -24.0 4.960217038783217e-63
24.400000000000002 2.000000000000772 -24.0 2.000000000000772 -24.0 2.6540415818423955e-63
24.425 2.000000000000772 -24.0 2.000000000000772 -24.0 1.415992906768477e-63
24.450000000000003 2.000000000000772 -24.0 2.000000000000772 -24.0 7.532042663427179e-64
24.475 2.000000000000772 -24.0 2.000000000000772 -24.0 3.9940063494657534e-64
24.5 2.000000000000772 -24.0 2.000000000000772 -24.0 2.1109980944259782e-64
24.525000000000002 2.000000000000772 -24.0 2.000000000000772 -24.0 1.111937720653059e-64
24.55 2.000000000000772 -24.0 2.000000000000772 -24.0 5.83588937011854e-65
24.575000000000003 2.000000000000772 -24.0 2.000000000000772 -24.0 3.05123791520625e-65
24.6 2.000000000000772 -24.0 2.000000000000772 -24.0 1.5888450293899394e-65
24.625 2.000000000000772 -24.0 2.000000000000772 -24.0 8.237583357394523e-66
24.650000000000002 2.000000000000772 -24.0 2.000000000000772 -24.0 4.2509455113546756e-66
24.675 2.000000000000772 -24.0 2.000000000000772 -24.0 2.182559875779752e-66
24.700000000000003 2.000000000000772 -24.0 2.000000000000772 -24.0 1.1143840376280823e-66
24.725 2.000000000000772 -24.0 2.000000000000772 -24.0 5.6551073145166315e-67
24.75 2.000000000000772 -24.0 2.000000000000772 -24.0 2.850203213424424e-67
24.775000000000002 2.000000000000772 -24.0 2.000000000000772 -24.0 1.4254606042636654e-67
24.8 2.000000000000772 -24.0 2.000000000000772 -24.0 7.066277007771242e-68
24.825000000000003 2.000000000000772 -24.0 2.000000000000772 -24.0 3.466961123203033e-68
24.85 2.000000000000772 -24.0 2.000000000000772 -24.0 1.680307135994705e-68
24.875 2.000000000000772 -24.0 2.000000000000772 -24.0 8.023378137447364e-69
24.900000000000002 2.000000000000772 -24.0 2.000000000000772 -24.0 3.760245770446518e-69
24.925 2.000000000000772 -24.0 2.000000000000772 -24.0 1.7199764743941343e-69
24.950000000000003 2.000000000000772 -24.0 2.000000000000772 -24.0 7.610211522539974e-70
24.975 2.000000000000772 -24.0 2.000000000000772 -24.0 3.20712872590325e-70
