0.0 2.000000000000772 -24.0 2.0000000000017586 -24.000000000016502 -1.2485577391691675e-70
0.025 2.000000000000772 -24.0 2.0000000000014833 -24.00000000001184 -3.207128725903494e-70
0.05 2.000000000000772 -24.0 2.0000000000017124 -24.00000000001579 -7.61021152254107e-70
0.07500000000000001 2.000000000000772 -24.0 2.000000000001336 -24.000000000009464 -1.7199764743941343e-69
0.1 2.000000000000772 -24.0 2.0000000000012985 -24.000000000008946 -3.760245770446665e-69
0.125 2.000000000000772 -24.0 2.000000000001086 -24.00000000000535 -8.023378137447364e-69
0.15000000000000002 2.000000000000772 -24.0 2.0000000000012186 -24.00000000000759 -1.6803071359948142e-68
0.17500000000000002 2.000000000000772 -24.0 2.0000000000012315 -24.000000000007766 -3.466961123203379e-68
0.2 2.000000000000772 -24.0 2.0000000000013625 -24.00000000000997 -7.066277007771242e-68
0.225 2.000000000000772 -24.0 2.0000000000012546 -24.0000000000082 -1.4254606042637545e-67
0.25 2.000000000000772 -24.0 2.000000000001149 -24.000000000006448 -2.850203213424424e-67
0.275 2.000000000000772 -24.0 2.0000000000009104 -24.000000000002498 -5.6551073145168206e-67
0.30000000000000004 2.000000000000772 -24.0 2.0000000000007967 -24.000000000000675 -1.1143840376281877e-66
0.325 2.000000000000772 -24.0 2.0000000000007536 -24.00000000000003 -2.182559875779752e-66
0.35000000000000003 2.000000000000772 -24.0 2.0000000000009006 -24.000000000002416 -4.250945511354934e-66
0.375 2.000000000000772 -24.0 2.00000000000107 -24.000000000005095 -8.237583357394523e-66
0.4 2.000000000000772 -24.0 2.0000000000012155 -24.00000000000744 -1.5888450293899902e-65
0.42500000000000004 2.000000000000772 -24.0 2.0000000000012284 -24.000000000007695 -3.05123791520653e-65
0.45 2.000000000000772 -24.0 2.000000000001193 -24.000000000007095 -5.83588937011854e-65
0.47500000000000003 2.000000000000772 -24.0 2.000000000001159 -24.0000000000065 -1.1119377206531254e-64
0.5 2.000000000000772 -24.0 2.000000000001204 -24.000000000007294 -2.1109980944259782e-64
0.525 2.000000000000772 -24.0 2.0000000000013105 -24.000000000009145 -3.99400634946599e-64
0.55 2.000000000000772 -24.0 2.0000000000014384 -24.000000000011326 -7.532042663427859e-64
0.5750000000000001 2.000000000000772 -24.0 2.000000000001529 -24.00000000001279 -1.415992906768477e-63
0.6000000000000001 2.000000000000772 -24.0 2.00000000000157 -24.000000000013358 -2.6540415818424765e-63
0.625 2.000000000000772 -24.0 2.000000000001581 -24.000000000013483 -4.960217038783217e-63
0.65 2.000000000000772 -24.0 2.000000000001607 -24.000000000013955 -9.244484572660568e-63
0.675 2.000000000000772 -24.0 2.000000000001676 -24.00000000001515 -1.718272474634892e-62
0.7000000000000001 2.000000000000772 -24.0 2.0000000000017866 -24.00000000001697 -3.1853928444269616e-62
0.7250000000000001 2.000000000000772 -24.0 2.000000000001908 -24.00000000001895 -5.890152117734197e-62
0.75 2.000000000000772 -24.0 2.000000000002017 -24.000000000020712 -1.0864518245663961e-61
0.775 2.000000000000772 -24.0 2.000000000002105 -24.00000000002219 -1.999125932595272e-61
0.8 2.000000000000772 -24.0 2.0000000000021867 -24.000000000023547 -3.6697668525828435e-61
0.8250000000000001 2.000000000000772 -24.0 2.0000000000022675 -24.00000000002479 -6.720882163419382e-61
0.8500000000000001 2.000000000000772 -24.0 2.0000000000023066 -24.00000000002538 -1.2280684238163775e-60
0.875 2.000000000000772 -24.0 2.000000000002262 -24.000000000024713 -2.2389513277987053e-60
0.9 2.000000000000772 -24.0 2.000000000002133 -24.000000000022673 -4.0729434217744756e-60
0.925 2.000000000000772 -24.0 2.0000000000019442 -24.00000000001954 -7.393127966516549e-60
0.9500000000000001 2.000000000000772 -24.0 2.0000000000017173 -24.00000000001578 -1.3391137051841452e-59
0.9750000000000001 2.000000000000772 -24.0 2.000000000001493 -24.000000000012044 -2.420406029382249e-59
1.0 2.000000000000772 -24.0 2.0000000000012927 -24.00000000000877 -4.36567780080435e-59
1.0250000000000001 2.000000000000772 -24.0 2.000000000001132 -24.000000000006178 -7.8581087712697095e-59
1.05 2.000000000000772 -24.0 2.0000000000010285 -24.00000000000452 -1.411551286346563e-58
1.075 2.000000000000772 -24.0 2.000000000001016 -24.00000000000434 -2.530440596163147e-58
1.1 2.000000000000772 -24.0 2.000000000001132 -24.000000000006267 -4.527144471640695e-58
1.125 2.000000000000772 -24.0 2.000000000001384 -24.000000000010388 -8.083295968589929e-58
1.1500000000000001 2.000000000000772 -24.0 2.000000000001706 -24.000000000015646 -1.4404397548971597e-57
1.175 2.000000000000772 -24.0 2.000000000001959 -24.0000000000198 -2.5618293684040885e-57
1.2000000000000002 2.000000000000772 -24.0 2.0000000000020295 -24.000000000020908 -4.5473588753179857e-57
1.225 2.000000000000772 -24.0 2.0000000000018905 -24.00000000001855 -8.056142177712438e-57
1.25 2.000000000000772 -24.0 2.000000000001627 -24.000000000014207 -1.4244864646060943e-56
1.2750000000000001 2.000000000000772 -24.0 2.0000000000013873 -24.00000000001034 -2.5139511568903604e-56
1.3 2.000000000000772 -24.0 2.0000000000012816 -24.000000000008676 -4.428189557266659e-56
1.3250000000000002 2.000000000000772 -24.0 2.0000000000013216 -24.000000000009308 -7.785196324389693e-56
1.35 2.000000000000772 -24.0 2.0000000000014273 -24.000000000010942 -1.3661225834023005e-55
1.375 2.000000000000772 -24.0 2.0000000000015112 -24.00000000001228 -2.3927033740792414e-55
1.4000000000000001 2.000000000000772 -24.0 2.000000000001549 -24.000000000012896 -4.1828194890858076e-55
1.425 2.000000000000772 -24.0 2.0000000000015445 -24.000000000012875 -7.298474087965946e-55
1.4500000000000002 2.000000000000772 -24.0 2.000000000001518 -24.000000000012502 -1.2710978009256623e-54
1.475 2.000000000000772 -24.0 2.0000000000015 -24.000000000012253 -2.209585075711625e-54
1.5 2.000000000000772 -24.0 2.0000000000015397 -24.000000000012918 -3.833786490499683e-54
1.5250000000000001 2.000000000000772 -24.0 2.000000000001666 -24.000000000015003 -6.639429774965276e-54
1.55 2.000000000000772 -24.0 2.0000000000018336 -24.00000000001777 -1.1476757239728728e-53
1.5750000000000002 2.000000000000772 -24.0 2.000000000001928 -24.000000000019384 -1.9801254871404934e-53
1.6 2.000000000000772 -24.0 2.0000000000018687 -24.000000000018357 -3.4099698947990406e-53
1.625 2.000000000000772 -24.0 2.0000000000016587 -24.000000000014808 -5.861267598663116e-53
1.6500000000000001 2.000000000000772 -24.0 2.0000000000014175 -24.00000000001076 -1.0055744678944166e-52
1.675 2.000000000000772 -24.0 2.0000000000012976 -24.000000000008782 -1.7219350198428513e-52
1.7000000000000002 2.000000000000772 -24.0 2.0000000000013585 -24.00000000000984 -2.943044929141196e-52
1.725 2.000000000000772 -24.0 2.0000000000015192 -24.000000000012548 -5.020558570927434e-52
1.75 2.000000000000772 -24.0 2.0000000000016334 -24.00000000001445 -8.548289091174405e-52
1.7750000000000001 2.000000000000772 -24.0 2.000000000001605 -24.000000000014 -1.452696785103895e-51
1.8 2.000000000000772 -24.0 2.000000000001476 -24.000000000011894 -2.4639706292681554e-51
1.8250000000000002 2.000000000000772 -24.0 2.000000000001369 -24.000000000010132 -4.1711573187998824e-51
1.85 2.000000000000772 -24.0 2.000000000001345 -24.000000000009756 -7.047471785717218e-51
1.875 2.000000000000772 -24.0 2.0000000000013527 -24.00000000000986 -1.1883943908134718e-50
1.9000000000000001 2.000000000000772 -24.0 2.000000000001263 -24.000000000008374 -2.000011615982941e-50
1.925 2.000000000000772 -24.0 2.000000000001023 -24.000000000004405 -3.359253341841682e-50
1.9500000000000002 2.000000000000772 -24.0 2.000000000000736 -23.999999999999677 -5.630984641584324e-50
1.975 2.000000000000772 -24.0 2.000000000000585 -23.999999999997165 -9.41997283432247e-50
2.0 2.000000000000772 -24.0 2.000000000000675 -23.999999999998614 -1.5726437566102247e-49
2.025 2.000000000000772 -24.0 2.0000000000009317 -24.00000000000284 -2.620097012181645e-49
2.0500000000000003 2.000000000000772 -24.0 2.000000000001173 -24.000000000006846 -4.356129591028779e-49
2.075 2.000000000000772 -24.0 2.0000000000012768 -24.00000000000853 -7.227195561827664e-49
2.1 2.000000000000772 -24.0 2.0000000000012736 -24.000000000008413 -1.1964998047712175e-48
2.125 2.000000000000772 -24.0 2.000000000001293 -24.00000000000877 -1.976589158084722e-48
2.15 2.000000000000772 -24.0 2.000000000001473 -24.000000000011827 -3.2581201677903115e-48
2.1750000000000003 2.000000000000772 -24.0 2.0000000000018145 -24.00000000001754 -5.358575572987094e-48
2.2 2.000000000000772 -24.0 2.000000000002171 -24.000000000023405 -8.793189124986368e-48
2.225 2.000000000000772 -24.0 2.000000000002349 -24.000000000026255 -1.4395935097033357e-47
2.25 2.000000000000772 -24.0 2.00000000000223 -24.000000000024247 -2.351308388844086e-47
2.275 2.000000000000772 -24.0 2.0000000000018603 -24.00000000001813 -3.831187377468307e-47
2.3000000000000003 2.000000000000772 -24.0 2.000000000001406 -24.000000000010722 -6.227114849281717e-47
2.325 2.000000000000772 -24.0 2.0000000000010925 -24.000000000005663 -1.0095855044541322e-46
2.35 2.000000000000772 -24.0 2.000000000001084 -24.000000000005546 -1.632571775631622e-46
2.375 2.000000000000772 -24.0 2.000000000001376 -24.000000000010317 -2.632942317395744e-46
2.4000000000000004 2.000000000000772 -24.0 2.000000000001782 -24.000000000016943 -4.23461073102761e-46
2.4250000000000003 2.000000000000772 -24.0 2.000000000002048 -24.0000000000213 -6.791217650451203e-46
2.45 2.000000000000772 -24.0 2.0000000000020313 -24.00000000002101 -1.0859198604467562e-45
2.475 2.000000000000772 -24.0 2.0000000000017772 -24.000000000016833 -1.73105984679808e-45
2.5 2.000000000000772 -24.0 2.0000000000014735 -24.00000000001188 -2.7506291988257142e-45
2.5250000000000004 2.000000000000772 -24.0 2.0000000000013 -24.000000000009056 -4.356033735763538e-45
2.5500000000000003 2.000000000000772 -24.0 2.0000000000012945 -24.000000000008953 -6.874067827199131e-45
2.575 2.000000000000772 -24.0 2.0000000000013665 -24.000000000010086 -1.0807188965707083e-44
2.6 2.000000000000772 -24.0 2.000000000001398 -24.00000000001055 -1.6923394763152405e-44
2.625 2.000000000000772 -24.0 2.000000000001369 -24.00000000001001 -2.638888646042497e-44
2.6500000000000004 2.000000000000772 -24.0 2.0000000000013376 -24.000000000009535 -4.0961546419023566e-44
2.6750000000000003 2.000000000000772 -24.0 2.000000000001402 -24.000000000010647 -6.326902277480685e-44
2.7 2.000000000000772 -24.0 2.0000000000016125 -24.000000000014126 -9.72012144562803e-44
2.725 2.000000000000772 -24.0 2.000000000001925 -24.00000000001926 -1.4845133099631818e-43
2.75 2.000000000000772 -24.0 2.000000000002237 -24.000000000024414 -2.2523830569655327e-43
2.7750000000000004 2.000000000000772 -24.0 2.000000000002445 -24.00000000002785 -3.392276304524222e-43
2.8000000000000003 2.000000000000772 -24.0 2.000000000002464 -24.00000000002813 -5.066210362384411e-43
2.825 2.000000000000772 -24.0 2.000000000002251 -24.000000000024656 -7.49276645961125e-43
2.85 2.000000000000772 -24.0 2.0000000000018736 -24.000000000018446 -1.0954931288719216e-42
2.875 2.000000000000772 -24.0 2.0000000000014904 -24.0000000000121 -1.5796414191572262e-42
2.9000000000000004 2.000000000000772 -24.0 2.00000000000128 -24.000000000008626 -2.2389744900556132e-42
2.9250000000000003 2.000000000000772 -24.0 2.0000000000013185 -24.000000000009347 -3.104373336154678e-42
2.95 2.000000000000772 -24.0 2.0000000000015374 -24.000000000012943 -4.1789500664144645e-42
2.975 2.000000000000772 -24.0 2.0000000000017453 -24.000000000016218 -5.393393793276109e-42
3.0 2.000000000000772 -24.0 2.0000000000017604 -24.000000000016364 -6.518129048276597e-42
3.0250000000000004 2.000000000000772 -24.0 2.0000000000015565 -24.000000000013003 -6.997093868289248e-42
3.0500000000000003 2.000000000000772 -24.0 2.0000000000012577 -24.000000000008193 -5.6417737497315465e-42
3.075 2.000000000000772 -24.0 2.00000000000105 -24.000000000004814 -7.962398971434832e-44
3.1 2.000000000000772 -24.0 2.000000000001047 -24.000000000004693 1.422411275693031e-41
3.125 2.000000000000772 -24.0 2.0000000000012177 -24.00000000000751 4.567817789604015e-41
3.1500000000000004 2.000000000000772 -24.0 2.000000000001452 -24.000000000011426 1.0952769302849172e-40
3.1750000000000003 2.000000000000772 -24.0 2.000000000001603 -24.000000000013927 2.329325329794819e-40
3.2 2.000000000000772 -24.0 2.0000000000015383 -24.000000000012893 4.636017683509511e-40
3.225 2.000000000000772 -24.0 2.0000000000012337 -24.000000000007915 8.843682806708304e-40
3.25 2.000000000000772 -24.0 2.0000000000008007 -24.000000000000817 1.637631564719423e-39
3.2750000000000004 2.000000000000772 -24.0 2.0000000000004414 -23.99999999999493 2.966111642178372e-39
3.3000000000000003 2.000000000000772 -24.0 2.0000000000003197 -23.999999999992976 5.2804380857322505e-39
3.325 2.000000000000772 -24.0 2.000000000000463 -23.999999999995403 9.270696934396925e-39
3.35 2.000000000000772 -24.0 2.0000000000007665 -24.000000000000373 1.6089691475392133e-38
3.375 2.000000000000772 -24.0 2.000000000001047 -24.000000000004942 2.7652750956800404e-38
3.4000000000000004 2.000000000000772 -24.0 2.000000000001186 -24.000000000007194 4.712626436385147e-38
3.4250000000000003 2.000000000000772 -24.0 2.0000000000011573 -24.00000000000683 7.972076175243819e-38
3.45 2.000000000000772 -24.0 2.0000000000010183 -24.000000000004665 1.3397382911216649e-37
3.475 2.000000000000772 -24.0 2.000000000000838 -24.00000000000181 2.2381838356032733e-37
3.5 2.000000000000772 -24.0 2.0000000000006923 -23.999999999999506 3.7190631002266737e-37
3.5250000000000004 2.000000000000772 -24.0 2.00000000000067 -23.999999999999268 6.149328554848944e-37
3.5500000000000003 2.000000000000772 -24.0 2.0000000000008535 -24.000000000002483 1.0121407319873481e-36
3.575 2.000000000000772 -24.0 2.000000000001245 -24.00000000000921 1.6588636843696637e-36
3.6 2.000000000000772 -24.0 2.000000000001715 -24.0000000000173 2.708035664796088e-36
3.625 2.000000000000772 -24.0 2.0000000000020526 -24.000000000023256 4.404258009248603e-36
3.6500000000000004 2.000000000000772 -24.0 2.000000000002115 -24.00000000002465 7.137614307672968e-36
3.6750000000000003 2.000000000000772 -24.0 2.00000000000188 -24.000000000021373 1.1528461656909949e-35
3.7 2.000000000000772 -24.0 2.0000000000014415 -24.00000000001537 1.8560693312315038e-35
3.725 2.000000000000772 -24.0 2.0000000000009788 -24.00000000000939 2.979066736622274e-35
3.75 2.000000000000772 -24.0 2.0000000000006377 -24.000000000005137 4.767397604445987e-35
3.7750000000000004 2.000000000000772 -24.0 2.000000000000427 -24.000000000002586 7.607531331130017e-35
3.8000000000000003 2.000000000000772 -24.0 2.0000000000001696 -24.000000000000288 1.2106218924007303e-34
3.825 2.000000000000772 -24.0 1.9999999999996603 -23.999999999996795 1.921376879200274e-34
3.85 2.000000000000772 -24.0 1.9999999999989826 -23.99999999999278 3.0415081655923462e-34
3.875 2.000000000000772 -24.0 1.999999999998605 -23.999999999991235 4.802503147034089e-34
3.9000000000000004 2.000000000000772 -24.0 1.999999999999037 -23.999999999995143 7.564418649237672e-34
3.9250000000000003 2.000000000000772 -24.0 2.0000000000001905 -24.00000000000336 1.1886038390279906e-33
3.95 2.000000000000772 -24.0 2.0000000000011875 -24.00000000000955 1.8632647696966683e-33
3.975 2.000000000000772 -24.0 2.0000000000011067 -24.000000000007493 2.9141243919621215e-33
4.0 2.000000000000772 -24.0 1.999999999999952 -23.99999999999776 4.547325892745335e-33
4.025 2.000000000000772 -24.0 1.9999999999987699 -23.9999999999881 7.08003429138678e-33
4.05 2.000000000000772 -24.0 1.9999999999986593 -23.999999999986283 1.0999204945488797e-32
4.075 2.000000000000772 -24.0 1.9999999999996878 -23.999999999992625 1.7050924828732827e-32
4.1000000000000005 2.000000000000772 -24.0 2.0000000000008584 -24.000000000000135 2.6375954000813244e-32
4.125 2.000000000000772 -24.0 2.000000000001111 -24.000000000001634 4.0714940949284585e-32
4.15 2.000000000000772 -24.0 2.0000000000002807 -23.999999999996252 6.271849961695167e-32
4.175 2.000000000000772 -24.0 1.9999999999991238 -23.999999999989306 9.641478893875457e-32
4.2 2.000000000000772 -24.0 1.9999999999985127 -23.999999999986684 1.4791318609840628e-31
4.2250000000000005 2.000000000000772 -24.0 1.9999999999986766 -23.99999999998966 2.2646115092850218e-31
4.25 2.000000000000772 -24.0 1.999999999999168 -23.999999999994994 3.4602839938301873e-31
4.275 2.000000000000772 -24.0 1.9999999999994689 -23.9999999999989 5.2767676836075284e-31
4.3 2.000000000000772 -24.0 1.9999999999995652 -24.00000000000081 8.0309842467275e-31
4.325 2.000000000000772 -24.0 1.9999999999998086 -24.000000000002526 1.219887966077023e-30
4.3500000000000005 2.000000000000772 -24.0 2.0000000000002993 -24.000000000004455 1.8493825857628825e-30
4.375 2.000000000000772 -24.0 2.000000000000602 -24.00000000000424 2.798298194819873e-30
4.4 2.000000000000772 -24.0 2.000000000000256 -24.00000000000008 4.225965288071211e-30
4.425 2.000000000000772 -24.0 1.999999999999463 -23.99999999999466 6.369808936104075e-30
4.45 2.000000000000772 -24.0 1.9999999999989717 -23.99999999999315 9.582941706884708e-30
4.4750000000000005 2.000000000000772 -24.0 1.999999999999234 -23.999999999997115 1.4389518087574973e-29
4.5 2.000000000000772 -24.0 1.9999999999999343 -24.00000000000239 2.1566080528120858e-29
4.525 2.000000000000772 -24.0 2.0000000000004188 -24.000000000003887 3.2260863834562185e-29
4.55 2.000000000000772 -24.0 2.0000000000003952 -24.000000000000973 4.8168421569564733e-29
4.575 2.000000000000772 -24.0 2.0000000000000897 -23.999999999997556 7.178471636680691e-29
4.6000000000000005 2.000000000000772 -24.0 1.9999999999999016 -23.999999999997755 1.0677900206662695e-28
4.625 2.000000000000772 -24.0 2.0000000000000693 -24.000000000002775 1.5853487713817023e-28
4.65 2.000000000000772 -24.0 2.000000000000576 -24.0000000000106 2.349358714699909e-28
4.675 2.000000000000772 -24.0 2.000000000001195 -24.000000000017465 3.4750376167468296e-28
4.7 2.000000000000772 -24.0 2.0000000000016334 -24.00000000002003 5.130446096074551e-28
4.7250000000000005 2.000000000000772 -24.0 2.0000000000017124 -24.00000000001733 7.560240733947868e-28
4.75 2.000000000000772 -24.0 2.0000000000014393 -24.000000000011045 1.111987969600823e-27
4.775 2.000000000000772 -24.0 2.000000000000897 -24.000000000003716 1.6324777288682076e-27
4.800000000000001 2.000000000000772 -24.0 2.000000000000198 -23.99999999999727 2.3920791350568763e-27
4.825 2.000000000000772 -24.0 1.9999999999996247 -23.99999999999364 3.498508622723132e-27
4.8500000000000005 2.000000000000772 -24.0 1.9999999999995506 -23.999999999994483 5.107015027443151e-27
4.875 2.000000000000772 -24.0 2.0000000000000204 -23.9999999999989 7.44089836681967e-27
4.9 2.000000000000772 -24.0 2.000000000000515 -24.000000000002572 1.0820679358050657e-26
4.925000000000001 2.000000000000772 -24.0 2.0000000000004405 -24.00000000000157 1.5705474219976266e-26
4.95 2.000000000000772 -24.0 1.999999999999834 -23.999999999996977 2.2751548869943728e-26
4.9750000000000005 2.000000000000772 -24.0 1.9999999999993212 -23.9999999999938 3.2894995160088094e-26
5.0 2.000000000000772 -24.0 1.9999999999992877 -23.999999999994355 4.7468193800184217e-26
5.025 2.000000000000772 -24.0 1.9999999999994509 -23.999999999995474 6.836348138133838e-26
5.050000000000001 2.000000000000772 -24.0 1.9999999999993416 -23.999999999993264 9.826259699366093e-26
5.075 2.000000000000772 -24.0 1.999999999998961 -23.999999999988535 1.4095755114034432e-25
5.1000000000000005 2.000000000000772 -24.0 1.9999999999986682 -23.99999999998542 2.017982107211274e-25
5.125 2.000000000000772 -24.0 1.9999999999986153 -23.999999999985967 2.8831502816409013e-25
5.15 2.000000000000772 -24.0 1.9999999999986318 -23.99999999998858 4.1108315305850485e-25
5.175000000000001 2.000000000000772 -24.0 1.9999999999985927 -23.999999999991168 5.849182239504409e-25
5.2 2.000000000000772 -24.0 1.9999999999985947 -23.99999999999333 8.305265084697836e-25
5.2250000000000005 2.000000000000772 -24.0 1.9999999999986593 -23.99999999999476 1.1767754269319202e-24
5.25 2.000000000000772 -24.0 1.9999999999985851 -23.999999999994035 1.6638083285143045e-24
5.275 2.000000000000772 -24.0 1.9999999999982692 -23.99999999999066 2.3473041374023936e-24
5.300000000000001 2.000000000000772 -24.0 1.9999999999979572 -23.999999999986734 3.3042837924156444e-24
5.325 2.000000000000772 -24.0 1.9999999999979838 -23.9999999999851 4.64099834688132e-24
5.3500000000000005 2.000000000000772 -24.0 1.9999999999983689 -23.99999999998637 6.503606934487226e-24
5.375 2.000000000000772 -24.0 1.9999999999988392 -23.99999999998887 9.092577194644609e-24
5.4 2.000000000000772 -24.0 1.9999999999992135 -23.999999999991207 1.2682028866634167e-23
5.425000000000001 2.000000000000772 -24.0 1.999999999999567 -23.999999999993562 1.7645607765431595e-23
5.45 2.000000000000772 -24.0 1.9999999999999436 -23.999999999995843 2.4490938514206842e-23
5.4750000000000005 2.000000000000772 -24.0 2.0000000000001616 -23.99999999999666 3.390527718294937e-23
5.5 2.000000000000772 -24.0 2.000000000000086 -23.999999999995502 4.6815685166807494e-23
5.525 2.000000000000772 -24.0 1.999999999999859 -23.99999999999399 6.446788458404909e-23
5.550000000000001 2.000000000000772 -24.0 1.9999999999996292 -23.999999999993243 8.852893455553563e-23
5.575 2.000000000000772 -24.0 1.999999999999242 -23.999999999991427 1.2121996938613886e-22
5.6000000000000005 2.000000000000772 -24.0 1.9999999999984874 -23.99999999998621 1.6548641332673977e-22
5.625 2.000000000000772 -24.0 1.9999999999976934 -23.999999999979885 2.252142269674823e-22
5.65 2.000000000000772 -24.0 1.999999999997671 -23.999999999979202 3.055016545536122e-22
5.675000000000001 2.000000000000772 -24.0 1.9999999999987446 -23.99999999998742 4.1299630014263464e-22
5.7 2.000000000000772 -24.0 2.0000000000000933 -23.999999999998607 5.563066249343022e-22
5.7250000000000005 2.000000000000772 -24.0 2.0000000000005427 -24.000000000003325 7.464942745661968e-22
5.75 2.000000000000772 -24.0 1.999999999999928 -23.99999999999932 9.976476910669732e-22
5.775 2.000000000000772 -24.0 1.9999999999992206 -23.99999999999338 1.327526226736045e-21
5.800000000000001 2.000000000000772 -24.0 1.9999999999991958 -23.99999999999187 1.7582444372291907e-21
5.825 2.000000000000772 -24.0 1.9999999999995015 -23.999999999993236 2.3169339133912443e-21
5.8500000000000005 2.000000000000772 -24.0 1.9999999999994345 -23.999999999993022 3.0362683497293437e-21
5.875 2.000000000000772 -24.0 1.9999999999990978 -23.999999999991893 3.954656992153136e-21
5.9 2.000000000000772 -24.0 1.999999999999161 -23.99999999999378 5.11578837693969e-21
5.925000000000001 2.000000000000772 -24.0 1.9999999999996354 -23.999999999997495 6.5670206144603765e-21
5.95 2.000000000000772 -24.0 1.999999999999695 -23.999999999996557 8.355838251723559e-21
5.9750000000000005 2.000000000000772 -24.0 1.9999999999988836 -23.999999999988773 1.0523189124483777e-20
6.0 2.000000000000772 -24.0 1.999999999997948 -23.99999999998156 1.3091921451978668e-20
6.025 2.000000000000772 -24.0 1.9999999999980085 -23.999999999984205 1.604768304251177e-20
6.050000000000001 2.000000000000772 -24.0 1.9999999999991933 -23.999999999996653 1.9308411043164975e-20
6.075 2.000000000000772 -24.0 2.000000000000523 -24.00000000000921 2.2676779569081865e-20
6.1000000000000005 2.000000000000772 -24.0 2.000000000001001 -24.000000000012456 2.5767472569967825e-20
6.125 2.000000000000772 -24.0 2.0000000000004636 -24.000000000005162 2.789761923259548e-20
6.15 2.000000000000772 -24.0 1.9999999999994325 -23.999999999993356 2.7923769080008826e-20
6.175000000000001 2.000000000000772 -24.0 1.9999999999985794 -23.99999999998471 2.400184620455049e-20
6.2 2.000000000000772 -24.0 1.9999999999984532 -23.99999999998469 1.323685989615532e-20
6.2250000000000005 2.000000000000772 -24.0 1.9999999999992506 -23.999999999994046 -8.824253177571133e-21
6.25 2.000000000000772 -24.0 2.0000000000004903 -24.000000000006978 -4.8921798420998234e-20
6.275 2.000000000000772 -24.0 2.000000000001167 -24.000000000013845 -1.1712514172146412e-19
6.300000000000001 2.000000000000772 -24.0 2.00000000000069 -24.000000000009322 -2.2831278910267004e-19
6.325 2.000000000000772 -24.0 1.9999999999996843 -23.999999999998813 -4.0426416012822785e-19
6.3500000000000005 2.000000000000772 -24.0 1.9999999999994706 -23.999999999994014 -6.76601658932568e-19
6.375 2.000000000000772 -24.0 2.000000000000578 -24.00000000000066 -1.0909101867037715e-18
6.4 2.000000000000772 -24.0 2.000000000002052 -24.000000000012484 -1.7124811617720026e-18
6.425000000000001 2.000000000000772 -24.0 2.000000000002458 -24.000000000018353 -2.634290061535745e-18
6.45 2.000000000000772 -24.0 2.000000000001479 -24.00000000001409 -3.988034572032288e-18
6.4750000000000005 2.000000000000772 -24.0 2.0000000000001688 -24.000000000005436 -5.9593532496919114e-18
6.5 2.000000000000772 -24.0 1.9999999999996705 -23.99999999999995 -8.808736703694343e-18
6.525 2.000000000000772 -24.0 2.0000000000000275 -23.999999999999403 -1.2900166942861003e-17
6.550000000000001 2.000000000000772 -24.0 2.0000000000003784 -24.000000000000238 -1.8740217965579606e-17
6.575 2.000000000000772 -24.0 1.9999999999999774 -23.99999999999769 -2.7031277165721784e-17
6.6000000000000005 2.000000000000772 -24.0 1.999999999998697 -23.99999999998728 -3.874377474699012e-17
6.625 2.000000000000772 -24.0 1.9999999999969746 -23.99999999996863 -5.5213930824722155e-17
6.65 2.000000000000772 -24.0 1.9999999999959264 -23.999999999955335 -7.827566888087937e-17
6.675000000000001 2.000000000000772 -24.0 1.9999999999971658 -23.999999999974 -1.1043815715156673e-16
6.7 2.000000000000772 -24.0 2.0000000000010516 -24.000000000031804 -1.5512412961216225e-16
6.7250000000000005 2.000000000000772 -24.0 2.000000000004298 -24.000000000075595 -2.1698896722718152e-16
6.75 2.000000000000772 -24.0 2.0000000000013283 -24.00000000001657 -3.023468242913689e-16
6.775 2.000000000000772 -24.0 1.9999999999918292 -23.999999999855643 -4.197382948699487e-16
6.800000000000001 2.000000000000772 -24.0 1.9999999999877405 -23.999999999793474 -5.806847812887535e-16
6.825 2.000000000000772 -24.0 2.000000000006042 -24.00000000010681 -8.00688552537078e-16
6.8500000000000005 2.000000000000772 -24.0 2.000000000044081 -24.000000000744112 -1.1005553584170277e-15
6.875 2.000000000000772 -24.0 2.0000000000598823 -24.000000001005546 -1.5081395283077498e-15
6.9 2.000000000000772 -24.0 1.999999999989759 -23.999999999846935 -2.0606411652510937e-15
6.925000000000001 2.000000000000772 -24.0 1.999999999811877 -23.99999999691515 -2.8076231563983075e-15
6.95 2.000000000000772 -24.0 1.9999999996073123 -23.999999993519474 -3.814964538080919e-15
6.9750000000000005 2.000000000000772 -24.0 1.9999999995212003 -23.999999992016562 -5.170029138986673e-15
7.0 2.000000000000772 -24.0 1.9999999995850408 -23.99999999312071 -6.988407961666439e-15
7.025 2.000000000000772 -24.0 1.9999999994873598 -23.999999991616924 -9.422694927499562e-15
7.050000000000001 2.000000000000772 -24.0 1.9999999977461091 -23.99999996263402 -1.2673883980809923e-14
7.075 2.000000000000772 -24.0 1.9999999887396922 -23.99999981473053 -1.700613805461918e-14
7.1000000000000005 2.000000000000772 -24.0 1.9999999518506741 -23.99999920891002 -2.276588563206433e-14
7.125 2.000000000000772 -24.0 1.9999998071015423 -23.999996830707953 -3.0406459207729985e-14
7.15 2.000000000000772 -24.0 1.9999992327413132 -23.99998739394455 -4.051981494254537e-14
7.175000000000001 2.000000000000772 -24.0 1.9999969776382047 -23.99995034315066 -5.387728028906569e-14
7.2 2.000000000000772 -24.0 1.9999838350546462 -23.999734419220154 -7.148178603823506e-14
7.2250000000000005 2.000000000000772 -24.0 1.9999148493264367 -23.998600998956853 -9.463467516962882e-14
7.25 2.000000000000772 -24.0 1.9997615534768336 -23.99608232860099 -1.250209723893004e-13
7.275 2.000000000000772 -24.0 1.9995538473663843 -23.992670228934678 -1.6481798091187783e-13
7.300000000000001 2.000000000000772 -24.0 1.9993560688543357 -23.9894215836041 -2.1683328998172973e-13
7.325 2.000000000000772 -24.0 1.9992227552429682 -23.987227981157478 -2.8467977983416343e-13
7.3500000000000005 2.000000000000772 -24.0 1.9991637261581077 -23.98625774937896 -3.729970628133679e-13
7.375 2.000000000000772 -24.0 1.9991473035397145 -23.98600503527347 -4.87731075149774e-13
7.4 2.000000000000772 -24.0 1.9991448230053663 -23.985959717593897 -6.364863229835808e-13
7.425000000000001 2.000000000000772 -24.0 1.999146335818566 -23.985968170067764 -8.289686951367867e-13
7.45 2.000000000000772 -24.0 1.9991479715729095 -23.985989344268976 -1.0775409101704336e-12
7.4750000000000005 2.000000000000772 -24.0 1.9991490013529776 -23.986013904626017 -1.3979177155221707e-12
7.5 2.000000000000772 -24.0 1.9991496346523834 -23.986038043184408 -1.8100340773142959e-12
7.525 2.000000000000772 -24.0 1.9991503035944518 -23.986054567655465 -2.339126995974484e-12
7.550000000000001 2.000000000000772 -24.0 1.9991508082745477 -23.986052308904213 -3.017080494228466e-12
7.575 2.000000000000772 -24.0 1.999149704175425 -23.98601938519287 -3.88409402752548e-12
7.6000000000000005 2.000000000000772 -24.0 1.9991464057904675 -23.985964470019596 -4.990747382234668e-12
7.625 2.000000000000772 -24.0 1.999143079189534 -23.985922545848872 -6.400550420574792e-12
7.65 2.000000000000772 -24.0 1.9991425651150059 -23.985925996989202 -8.1930842209193e-12
7.675000000000001 2.000000000000772 -24.0 1.9991455268347835 -23.98597303901542 -1.0467861720582424e-11
7.7 2.000000000000772 -24.0 1.9991495720789052 -23.98602599620622 -1.3349061426410604e-11
7.7250000000000005 2.0000000000043068 -24.0 1.9991509861766914 -23.986038171048342 -1.6991317707779093e-11
7.75 2.0000000000043068 -24.0 1.999147981618141 -23.985993922049396 -2.1586786279083474e-11
7.775 2.0000000000043068 -24.0 1.9991431568401699 -23.98592962425421 -2.7373744425752153e-11
7.800000000000001 2.0000000000043068 -24.0 1.9991408808047089 -23.985899820444235 -3.464703309457915e-11
7.825 2.0000000000078413 -24.0 1.999143124343533 -23.98592875866268 -4.3770702966370494e-11
7.8500000000000005 2.0000000000078413 -24.0 1.9991475547754063 -23.985987257444023 -5.519328989775615e-11
7.875 2.0000000000113762 -24.0 1.9991501164237677 -23.98602418726421 -6.946621751012237e-11
7.9 2.0000000000149107 -24.0 1.9991486491895945 -23.986010381940467 -8.726590704663453e-11
7.925000000000001 2.0000000000184457 -24.0 1.9991451661305564 -23.985967157978262 -1.094202676805989e-10
7.95 2.00000000002198 -24.0 1.9991433274034045 -23.985938688418052 -1.369403448902136e-10
7.9750000000000005 2.000000000025515 -24.0 1.999144815453601 -23.985950642803544 -1.710580207770042e-10
8.0 2.0000000000325846 -24.0 1.9991476618501456 -23.98598525678276 -2.1327078847736331e-10
8.025 2.0000000000431886 -24.0 1.9991488514209483 -23.986006180122754 -2.6539476287917325e-10
8.05 2.000000000050258 -24.0 1.9991471744395444 -23.985992190087345 -3.2962724094277563e-10
8.075000000000001 2.000000000064397 -24.0 1.9991445755103632 -23.98595985217632 -4.0862028554370805e-10
8.1 2.000000000078536 -24.0 1.9991438257697416 -23.985943162828114 -5.055669744560906e-10
8.125 2.000000000099744 -24.0 1.9991458088102294 -23.98596124950044 -6.243021272063907e-10
8.15 2.000000000120952 -24.0 1.9991484261049135 -23.985996465991988 -7.694194918146766e-10
8.175 2.00000000014923 -24.0 1.9991490360777684 -23.98601377606894 -9.464075337165068e-10
8.200000000000001 2.0000000001845772 -24.0 1.9991468620735833 -23.985992434919062 -1.1618061108033733e-09
8.225 2.000000000223459 -24.0 1.9991438933249288 -23.985948661545113 -1.4233864289221667e-09
8.25 2.000000000272945 -24.0 1.9991427712575294 -23.98592049230336 -1.7403567350686184e-09
8.275 2.0000000003365703 -24.0 1.9991444067402337 -23.985933530606967 -2.123596200202413e-09
8.3 2.000000000407265 -24.0 1.999147086266651 -23.985975701931352 -2.585919344084918e-09
8.325000000000001 2.0000000004956324 -24.0 1.9991485023312672 -23.9860109003302 -3.1423731284093117e-09
8.35 2.0000000006016743 -24.0 1.9991478115945047 -23.986011882756642 -3.810568451821858e-09
8.375 2.000000000728924 -24.0 1.9991462030556866 -23.985983917461994 -4.611047172371882e-09
8.4 2.0000000008773826 -24.0 1.999145272976208 -23.98595537943492 -5.567684900177361e-09
8.425 2.0000000010576535 -24.0 1.9991456252060913 -23.98595096232716 -6.708128574178038e-09
8.450000000000001 2.0000000012732713 -24.0 1.9991465748788468 -23.985971277238985 -8.064266176171801e-09
8.475 2.0000000015277712 -24.0 1.999147177764982 -23.985995148815398 -9.672723741052234e-09
8.5 2.0000000018246875 -24.0 1.999147050127033 -23.986000537846397 -1.157538197381337e-08
8.525 2.000000002181695 -24.0 1.99914640091765 -23.985982183215537 -1.3819901139804517e-08
8.55 2.000000002598792 -24.0 1.999145710384362 -23.985956995817155 -1.6460238289259392e-08
8.575000000000001 2.0000000030865834 -24.0 1.9991454185269883 -23.985947786896308 -1.9557135117662234e-08
8.6 2.000000003655673 -24.0 1.9991458171587535 -23.98596448686379 -2.3178547627291094e-08
8.625 2.0000000043237356 -24.0 1.9991467005487558 -23.98599191132661 -2.7399979986059073e-08
8.65 2.0000000050978395 -24.0 1.999147340104324 -23.98600353933708 -3.230467428442141e-08
8.675 2.000000005992124 -24.0 1.9991468484629686 -23.985983295470742 -3.798359493613758e-08
8.700000000000001 2.000000007027797 -24.0 1.9991452687014761 -23.985946051204387 -4.453513087667617e-08
8.725 2.0000000082154634 -24.0 1.99914388323718 -23.9859254940663 -5.2064420059472794e-08
8.75 2.0000000095727963 -24.0 1.9991443107832558 -23.985945871479444 -6.068217856011783e-08
8.775 2.000000011124539 -24.0 1.99914664759621 -23.98599310332563 -7.050289034369548e-08
8.8 2.0000000128812956 -24.0 1.999148992550008 -23.98602609830133 -8.16421828472761e-08
8.825000000000001 2.0000000148642743 -24.0 1.9991489432252358 -23.98601140880165 -9.42131773370399e-08
8.85 2.0000000170911485 -24.0 1.9991461631735756 -23.985959767427765 -1.0832156081889094e-07
8.875 2.0000000195725227 -24.0 1.9991430425976926 -23.985916817812512 -1.240590773561188e-07
8.9 2.0000000223260703 -24.0 1.999142675035405 -23.98592399625982 -1.4149508016508565e-07
8.925 2.000000025348257 -24.0 1.9991456517533779 -23.98597526362775 -1.6066572095482354e-07
8.950000000000001 2.0000000286461517 -24.0 1.9991492053789253 -23.98602277868331 -1.8156027873583417e-07
8.975 2.000000032202081 -24.0 1.9991497054101721 -23.986018917655183 -2.0410404579461039e-07
9.0 2.000000035994837 -24.0 1.999146410795367 -23.98596565201201 -2.2813709273067303e-07
9.025 2.0000000399784676 -24.0 1.9991425889462269 -23.985914958105063 -2.5338812638281813e-07
9.05 2.0000000440893486 -24.0 1.9991425260764355 -23.98592340864895 -2.794425331313558e-07
9.075000000000001 2.0000000482320415 -24.0 1.9991471930966285 -23.98599534877778 -3.057035644737143e-07
9.1 2.000000052279297 -24.0 1.999152273390081 -23.986065422105774 -3.3134547099711315e-07
9.125 2.000000056050845 -24.0 1.9991517826395004 -23.9860499414277 -3.552572240524588e-07
9.15 2.0000000593204614 -24.0 1.9991425995593894 -23.985906224812386 -3.759752808138156e-07
9.175 2.0000000617876967 -24.0 1.9991296400409713 -23.985706391329217 -3.9160364737948985e-07
9.200000000000001 2.000000063067266 -24.0 1.9991284970209335 -23.985690600281 -3.9971927571543875e-07
9.225 2.0000000626784464 -24.0 1.9991609502248169 -23.986212813420128 -3.9726059338094177e-07
9.25 2.0000000600203363 -24.0 1.9992479076775052 -23.987628542394877 -3.803967102260639e-07
9.275 2.0000000543365046 -24.0 1.999397461201617 -23.99008534022994 -3.443745740814826e-07
9.3 2.00000004470439 -24.0 1.9995899996438244 -23.993260166626975 -2.8334105876507274e-07
9.325000000000001 2.00000002999995 -24.0 1.9997788247916994 -23.99637199079518 -1.9013666388823996e-07
9.35 2.0000000088446437 -24.0 1.9999145655954171 -23.998600804055158 -5.605718890501236e-08
9.375 1.9999999795806878 -24.0 1.9999804906157086 -23.999664885768734 1.2942058380315937e-07
9.4 1.9999999402074295 -24.0 2.000000440637644 -23.999966978733102 3.789534969636227e-07
9.425 1.9999998883389316 -24.0 2.0000018102695534 -24.000017551875153 7.076915558651469e-07
9.450000000000001 1.9999998211262096 -24.0 2.0000005921989907 -24.00002860221621 1.1336873698566534e-06
9.475 1.9999997351900698 -24.0 2.0000018391301913 -24.000047679514743 1.6783608011039327e-06
9.5 1.9999996265327424 -24.0 2.00000440200019 -24.000062791309123 2.3670244376693356e-06
9.525 1.999999490453049 -24.0 2.0000043362099458 -24.000038158632403 3.229475799034653e-06
9.55 1.9999993214438931 -24.0 1.9999987306622689 -23.9999571259107 4.3006624412371665e-06
9.575000000000001 1.9999991130544097 -24.0 1.9999915362697454 -23.999874996334412 5.62142634543546e-06
9.600000000000001 1.999998857780385 -24.0 1.999990424306158 -23.999876428687493 7.239334136373669e-06
9.625 1.9999985469158015 -24.0 1.9999975571496467 -23.999978407976982 9.209599773068e-06
9.65 1.9999981703725649 -24.0 2.000006194706326 -24.000095459143957 1.1596106369122588e-05
9.675 1.9999977165320468 -24.0 2.0000077834047105 -24.000120483294282 1.4472533719284427e-05
9.700000000000001 1.999997172029467 -24.0 1.9999998292204664 -24.000023416167586 1.7923597916040973e-05
9.725000000000001 1.999996521534739 -24.0 1.9999896176417957 -23.999896180294193 2.2046409118175832e-05
9.75 1.9999957475474597 -24.0 1.999987023542001 -23.99986383684771 2.695195306443837e-05
9.775 1.9999948301035237 -24.0 1.9999941400354808 -23.999964232033022 3.276670129149581e-05
9.8 1.9999937465382993 -24.0 2.0000026826916146 -24.000100656543268 3.9634354197480685e-05
9.825000000000001 1.999992471164968 -24.0 2.0000032998542316 -24.000145322205988 4.771772007213217e-05
9.850000000000001 1.9999909749599347 -24.0 1.9999943305563312 -24.00005606931677 5.720073197347757e-05
9.875 1.9999892252340987 -24.0 1.9999835702882787 -23.99992345355311 6.829060285179713e-05
9.9 1.9999871852617075 -24.0 1.999979733865659 -23.99987332677527 8.1220117588032e-05
9.925 1.999984813902142 -24.0 1.9999839378016941 -23.999950569913345 9.62500586113735e-05
9.950000000000001 1.9999820651898885 -24.0 1.9999885415145837 -24.000069485875898 0.00011367175947743903
9.975000000000001 1.9999788879280467 -24.0 1.9999861054800634 -24.00011331198488 0.00013380977821490233
10.0 1.9999752252358836 -24.0 1.9999761018798672 -24.000037939189664 0.00015702467937915227
10.025 1.999971014099927 -24.0 1.9999649033366027 -23.999917693892897 0.0001837159105850429
10.05 1.999966184910913 -24.0 1.9999586660023656 -23.999863369917705 0.00021432475583056692
10.075000000000001 1.9999606609901364 -24.0 1.9999579464176458 -23.99992514185285 0.00024933734417856523
10.100000000000001 1.9999543581016583 -24.0 1.999957336123416 -24.00003917123547 0.00028928768834964567
10.125 1.9999471839963272 -24.0 1.9999515735475983 -24.000099097212797 0.00033476072351890226
10.15 1.9999390379169177 -24.0 1.9999394511861457 -24.000045068977492 0.00038639531213171874
10.175 1.9999298101421508 -24.0 1.9999243277390788 -23.99992353895608 0.0004448871758980226
10.200000000000001 1.999919381558995 -24.0 1.9999105024861639 -23.99983959395693 0.0005109917113368845
10.225000000000001 1.999907623231428 -24.0 1.9999004082897036 -23.99987200655661 0.0005855266403797992
10.25 1.999894396029291 -24.0 1.9998926638871337 -23.999996780849823 0.0006693744426668637
10.275 1.9998795502889577 -24.0 1.999883089773408 -24.00010872012931 0.0007634845113596697
10.3 1.9998629255411589 -24.0 1.9998671590454764 -24.000107305680793 0.0008688749696318584
10.325000000000001 1.9998443502741559 -24.0 1.999843331069759 -23.999988749912088 0.0009866340805762504
10.350000000000001 1.9998236418135613 -24.0 1.9998150414848825 -23.999853820486205 0.0011179211791870934
10.375 1.9998006062657834 -24.0 1.999788553677393 -23.999823744222624 0.0012639670514472895
10.4 1.9997750385639759 -24.0 1.9997674856402186 -23.999929462734833 0.0014260736824893974
10.425 1.9997467226306376 -24.0 1.9997478701057656 -24.000072710584597 0.001605613293427514
10.450000000000001 1.9997154316709909 -24.0 1.9997209716755524 -24.00011433642327 0.001804026584901746
10.475000000000001 1.9996809286006867 -24.0 1.9996810702145251 -24.000004240307963 0.0020228201047651196
10.5 1.999642966621962 -24.0 1.999632596320184 -23.999845986533806 0.002263562657804649
10.525 1.9996012899836044 -24.0 1.9995859721178832 -23.99979811095978 0.0025278806770498556
10.55 1.9995556348858423 -24.0 1.9995471639766251 -23.99992094217242 0.0028174524792057894
10.575000000000001 1.9995057306185242 -24.0 1.999509392198182 -24.000096015850993 0.003134001331169485
10.600000000000001 1.9994513008477568 -24.0 1.9994596899397095 -24.000144589676047 0.003479287260551768
10.625 1.999392065164114 -24.0 1.9993917756994666 -24.00000436762133 0.003855097550723615
10.65 1.9993277408005101 -24.0 1.999314148427652 -23.99981440508317 0.0042632358702114435
10.675 1.9992580445975061 -24.0 1.9992408355709999 -23.99977319941999 0.00470550999733299
10.700000000000001 1.9991826951948355 -24.0 1.9991767545067236 -23.999942187677263 0.0051837181138285875
10.725000000000001 1.9991014154385496 -24.0 1.9991106072271214 -24.00016100082863 0.005699633655903253
10.75 1.9990139350143865 -24.0 1.9990267196827183 -24.00021289456904 0.006254988727532051
10.775 1.998919993317961 -24.0 1.9989207004614682 -24.000036482603793 0.006851456099036528
10.8 1.9988193425229068 -24.0 1.9988046290112835 -23.99980285294427 0.0074906298337215835
10.825000000000001 1.9987117508434213 -24.0 1.9986935926999507 -23.99973589156725 0.008174004606645599
10.850000000000001 1.998597006012431 -24.0 1.998590608801152 -23.999900646251838 0.008902953802210829
10.875 1.9984749189046833 -24.0 1.9984834185081686 -24.000133223854682 0.009678706501005496
10.9 1.9983453272976865 -24.0 1.998357959302472 -24.00021804441532 0.010502323490956748
10.925 1.998208099795253 -24.0 1.9982114300804095 -24.000084704856683 0.011374672463079757
10.950000000000001 1.99806313978285 -24.0 1.9980542126893113 -23.999877459539587 0.01229640257761636
10.975000000000001 1.9979103894783918 -24.0 1.9978980394041792 -23.999795453448936 0.01326791861178228
11.0 1.9977498339794937 -24.0 1.9977457248860662 -23.999917274801035 0.014289354925302632
11.025 1.997581505282452 -24.0 1.9975889371826854 -24.000119278229015 0.015360549503988833
11.05 1.9974054862446633 -24.0 1.9974173763718412 -24.000210517319886 0.01648101836435281
11.075000000000001 1.9972219144021273 -24.0 1.9972272409449112 -24.000098679580475 0.017649930623212476
11.100000000000001 1.997030985638484 -24.0 1.9970251943184154 -23.99989349460172 0.018866084554933892
11.125 1.9968329575960206 -24.0 1.9968218897343033 -23.999793134725593 0.02012788497491368
11.15 1.9966281528533874 -24.0 1.9966237138895582 -23.999912410613504 0.02143332230065258
11.175 1.9964169617180243 -24.0 1.99642590509659 -24.000148781411962 0.022779953650846937
11.200000000000001 1.9961998446509825 -24.0 1.9962169847693843 -24.000282192544123 0.024164886347898915
11.225000000000001 1.9959773342499014 -24.0 1.995988607733399 -24.000167282638614 0.02558476418970099
11.25 1.9957500367088483 -24.0 1.9957457738418485 -23.999900379951818 0.027035756852131283
11.275 1.995518632733813 -24.0 1.9955033699370266 -23.99972733437687 0.02851355277408386
11.3 1.9952838778749686 -24.0 1.9952739647542592 -23.999829241317236 0.030013355861796782
11.325000000000001 1.995046602180272 -24.0 1.9950546003388938 -24.000123403814285 0.031529886328555336
11.350000000000001 1.994807709180997 -24.0 1.9948299070676705 -24.000343583906222 0.033057385959417915
11.375 1.9945681741526513 -24.0 1.9945866930844907 -24.000274605428 0.03458962805843038
11.4 1.9943290416265336 -24.0 1.994329208824809 -23.999980134987915 0.036119932297924
11.425 1.994091422130722 -24.0 1.9940758282814572 -23.999735882528924 0.03764118464610008
11.450000000000001 1.9938564881428158 -24.0 1.9938430129036033 -23.999779117206813 0.03914586250046818
11.475000000000001 1.9936254692579727 -24.0 1.9936302677861661 -24.000070080962534 0.04062606510118198
11.5 1.993399646575772 -24.0 1.99342282528008 -24.00033915547274 0.04207354924039483
11.525 1.9931803463059043 -24.0 1.9932054993674206 -24.000324731760102 0.04347977022200409
11.55 1.9929689326280347 -24.0 1.9929768027879189 -24.000030412835784 0.044835927961240744
11.575000000000001 1.9927667998411853 -24.0 1.992742577267601 -23.999662533755377 0.046133018046262436
11.600000000000001 1.9925753638097141 -24.0 1.9925043972692547 -23.999341423812265 0.0473618875150567
11.625 1.992396052826057 -24.0 1.992276896487166 -23.999143678609897 0.0485132950314933
11.65 1.992230297858434 -24.0 1.9921874545616587 -23.999687761937885 0.04957797507525319
11.675 1.9920795223319707 -24.0 1.992397837366496 -24.002458072056527 0.0505467056926399
11.700000000000001 1.9919451314785828 -24.0 1.992833104116773 -24.006773213449215 0.05141037929001539
11.725000000000001 1.9918285013545973 -24.0 1.9932088816042812 -24.010510437129064 0.05216007588986548
11.75 1.991730967596807 -24.0 1.9934036741836523 -24.01273218470416 0.05278713821237704
11.775 1.9916538140406643 -24.0 1.9934532504585163 -24.013730125694327 0.053283247893947776
11.8 1.9915982613066712 -24.0 1.993428690974839 -24.013995997564955 0.0536405021092665
11.825000000000001 1.991565455411504 -24.0 1.9934057614097331 -24.014079110337 0.05385148982645448
11.850000000000001 1.9915564565947632 -24.0 1.9933949402055404 -24.014041892124613 0.05390936689611507
11.875 1.9915722283860784 -24.0 1.9934045261522033 -24.013942122939387 0.053807929155783495
11.9 1.9916136270999183 -24.0 1.9934457338908798 -24.013930790254093 0.05354168272185695
11.925 1.9916813918323306 -24.0 1.9935199913451773 -24.014020405948308 0.05310591064214969
11.950000000000001 1.991776135062117 -24.0 1.9936213252678834 -24.014124129489467 0.0524967350941395
11.975000000000001 1.991898334019045 -24.0 1.9937445836164138 -24.014150649850812 0.05171117433697806
12.0 1.9920483228509067 -24.0 1.9938902088555888 -24.014078985141595 0.050747193659481916
12.025 1.9922262857343456 -24.0 1.9940625964369496 -24.013973341973735 0.049603749611488834
12.05 1.9924322510496377 -24.0 1.9942665961367139 -24.013926031892705 0.0482808268618579
12.075000000000001 1.9926660866158867 -24.0 1.9945035626752754 -24.013974094803178 0.046779467092532695
12.100000000000001 1.992927496159838 -24.0 1.99477029397268 -24.014065796475094 0.04510178941382956
12.125 1.9932160170465871 -24.0 1.9950623266243954 -24.014119250239233 0.0432510018706274
12.15 1.9935310193039975 -24.0 1.995376259901498 -24.014083849613428 0.04123140370144185
12.175 1.9938717060327273 -24.0 1.995713028590946 -24.01399768973869 0.03904837811133465
12.200000000000001 1.9942371152089378 -24.0 1.9960757500563848 -24.013942276575325 0.03670837542396508
12.225000000000001 1.9946261229256328 -24.0 1.9964667197836017 -24.013974081133888 0.03421888658646924
12.25 1.9950374480054685 -24.0 1.9968836900196347 -24.01406252576616 0.03158840711176899
12.275 1.995469658098149 -24.0 1.9973205724120815 -24.014121601717484 0.028826391654831605
12.3 1.9959211771139436 -24.0 1.9977715933780553 -24.014087808037296 0.025943199530739525
12.325000000000001 1.9963902940428169 -24.0 1.9982360679601516 -24.013992927351556 0.02295003159156795
12.350000000000001 1.9968751730495922 -24.0 1.9987175857729655 -24.01393119761979 0.019858858984434125
12.375 1.9973738648204045 -24.0 1.999218980107682 -24.013971476350655 0.01668234441309194
12.4 1.997884319019061 -24.0 1.999736700516148 -24.014075753544397 0.013433756618617485
12.425 1.9984043978250199 -24.0 2.0002621766663244 -24.01413819523566 0.01012687887965847
12.450000000000001 1.998931890358589 -24.0 2.000787994630047 -24.01408578735104 0.0067759124080948845
12.475000000000001 1.9994645279438519 -24.0 2.0013142258205336 -24.01396739942105 0.003395375580652372
12.5 2.000000000000772 -24.0 2.0018461704614916 -24.013903561401015 -0.0
12.525 2.0005359704745787 -24.0 2.0023869459522876 -24.013970650600974 -0.0033953755806526128
12.55 2.0010700946150854 -24.0 2.002930734610742 -24.0141060177928 -0.006775912408095125
12.575000000000001 2.001600035929217 -24.0 2.0034663426269885 -24.014173026566 -0.010126878879658706
12.600000000000001 2.0021234831724097 -24.0 2.0039858262535053 -24.01409175203046 -0.01343375661861772
12.625 2.002638167163281 -24.0 2.0044915422670253 -24.013938441209568 -0.01668234441309194
12.65 2.0031418772943126 -24.0 2.0049912880492937 -24.013865678826694 -0.019858858984434347
12.675 2.0036324775299965 -24.0 2.005488692596221 -24.013958546347446 -0.022950031591568172
12.700000000000001 2.004107921715715 -24.0 2.005976215435851 -24.014131985899862 -0.025943199530739737
12.725000000000001 2.0045662680983733 -24.0 2.0064411200789634 -24.014221394676806 -0.028826391654831807
12.75 2.0050056928219626 -24.0 2.0068757210924826 -24.014135371521455 -0.03158840711176899
12.775 2.0054245023238306 -24.0 2.007284029412819 -24.013958391662637 -0.034218886586469426
12.8 2.0058211444867275 -24.0 2.007675232348708 -24.01385642676849 -0.03670837542396526
12.825000000000001 2.006194218398164 -24.0 2.008053715299906 -24.013925629586794 -0.03904837811133481
12.850000000000001 2.006542482678224 -24.0 2.008412921534265 -24.014089862435334 -0.041231403701441995
12.875 2.00686486228036 -24.0 2.0087417142892012 -24.014189727270683 -0.0432510018706274
12.9 2.0071604536732988 -24.0 2.0090335546020075 -24.014126454909658 -0.04510178941382968
12.925 2.0074285284252475 -24.0 2.00929246176344 -24.013968018781878 -0.04677946709253282
12.950000000000001 2.007668535140918 -24.0 2.0095273898670927 -24.013870473566037 -0.04828082686185801
12.975000000000001 2.007880099769054 -24.0 2.009743616362448 -24.013935782503882 -0.049603749611488925
13.0 2.008063024301646 -24.0 2.0099365646340264 -24.01409811397641 -0.050747193659481916
13.025 2.0082172839214185 -24.0 2.0100967211287495 -24.014196532775514 -0.05171117433697812
13.05 2.0083430226505823 -24.0 2.0102182869472744 -24.014124563074834 -0.05249673509413956
13.075000000000001 2.0084405476069174 -24.0 2.0103059508715275 -24.013953827211324 -0.05310591064214972
13.100000000000001 2.008510321934327 -24.0 2.0103701811086108 -24.013856893798696 -0.05354168272185698
13.125 2.008552956549268 -24.0 2.010417925895614 -24.013943404107344 -0.053807929155783495
13.15 2.0085692008232203 -24.0 2.010445025703934 -24.014127465832647 -0.053909366896115064
13.175 2.0085599323143275 -24.0 2.0104413627391464 -24.014219999960254 -0.05385148982645447
13.200000000000001 2.0085261457284598 -24.0 2.01040133347283 -24.01411219682987 -0.05364050210926648
13.225000000000001 2.008468941219287 -24.0 2.010332087963911 -24.01391205876307 -0.053283247893947755
13.25 2.0083895122040976 -24.0 2.010247146426872 -24.01382764427175 -0.05278713821237704
13.275 2.00828913281907 -24.0 2.0101543401816073 -24.01396167696476 -0.05216007588986544
13.3 2.008169145201348 -24.0 2.0100472984961937 -24.014178558730052 -0.05141037929001534
13.325000000000001 2.008030946682745 -24.0 2.009913624513488 -24.014250910760694 -0.05054670569263984
13.350000000000001 2.007875977110701 -24.0 2.0097486501583672 -24.0140872423935 -0.04957797507525311
13.375 2.007705706328299 -24.0 2.0095636215975983 -24.013854251070807 -0.0485132950314933
13.4 2.0075216220466383 -24.0 2.009375305070704 -24.013797981342655 -0.047361887515056614
13.425 2.007325218106023 -24.0 2.009190491403616 -24.013993723374284 -0.04613301804626234
13.450000000000001 2.0071179833203843 -24.0 2.008998867172285 -24.014244319898626 -0.04483592796124065
13.475000000000001 2.006901390933206 -24.0 2.008785451693616 -24.01428944491017 -0.04347977022200399
13.5 2.006676888780399 -24.0 2.0085465702713403 -24.01406455667579 -0.04207354924039483
13.525 2.0064458902166677 -24.0 2.008295870353945 -24.013783365890717 -0.040626065101181864
13.55 2.0062097658725424 -24.0 2.008052721093963 -24.01372764562865 -0.03914586250046807
13.575000000000001 2.005969836238535 -24.0 2.0078258295428375 -24.01397037547541 -0.03764118464609997
13.600000000000001 2.005727365132974 -24.0 2.007611526211461 -24.01432100897769 -0.0361199322979239
13.625 2.0054835540711906 -24.0 2.0074091038237487 -24.01462338502433 -0.03458962805843038
13.65 2.005239537504257 -24.0 2.00720902112458 -24.014805046690377 -0.033057385959417804
13.675 2.004996378944924 -24.0 2.0069029497712463 -24.014357923803864 -0.031529886328555225
13.700000000000001 2.0047550679383686 -24.0 2.0063014691038594 -24.011649957422808 -0.03001335586179667
13.725000000000001 2.0045165178954103 -24.0 2.0054468104859966 -24.00702368252438 -0.02851355277408376
13.75 2.00428156469276 -24.0 2.004674446539833 -24.00295968105294 -0.027035756852131283
13.775 2.00405096605091 -24.0 2.0041655368005435 -24.000862246922537 -0.025584764189700883
13.8 2.003825401590691 -24.0 2.003848878072662 -24.00017744305802 -0.024164886347898814
13.825000000000001 2.0036054735861653 -24.0 2.003611725750744 -24.00004716263847 -0.02277995365084684
13.850000000000001 2.003391708300751 -24.0 2.003393407342575 -24.000012819683512 -0.02143332230065249
13.875 2.0031845578429537 -24.0 2.003184969420208 -24.000003106745034 -0.02012788497491368
13.9 2.002984402555835 -24.0 2.0029844798723935 -24.00000058446516 -0.018866084554933802
13.925 2.00279155379177 -24.0 2.002791555958232 -24.000000017617648 -0.017649930623212396
13.950000000000001 2.002606257076022 -24.0 2.002606252592263 -23.999999966579374 -0.016481018364352725
13.975000000000001 2.0024286955530965 -24.0 2.0024286962521356 -24.000000004739316 -0.015360549503988756
14.0 2.0022589937123376 -24.0 2.002258995087935 -24.000000010769508 -0.014289354925302632
14.025 2.0020972212655126 -24.0 2.0020972194706315 -23.999999986984825 -0.013267918611782212
14.05 2.001943397197612 -24.0 2.0019433954475305 -23.999999985313323 -0.012296402577616296
14.075000000000001 2.0017974938989274 -24.0 2.0017974962427107 -24.00000001732397 -0.011374672463079692
14.100000000000001 2.0016594413077513 -24.0 2.0016594444189777 -24.000000024189198 -0.010502323490956688
14.125 2.001529131095486 -24.0 2.0015291303103506 -23.999999994454726 -0.009678706501005496
14.15 2.001406420784592 -24.0 2.001406418458947 -23.999999981880748 -0.008902953802210775
14.175 2.0012911377711036 -24.0 2.0012911384801164 -24.000000004854098 -0.008174004606645552
14.200000000000001 2.0011830832870467 -24.0 2.001183085309524 -24.000000015932745 -0.007490629833721534
14.225000000000001 2.001082036164922 -24.0 2.0010820352187926 -23.999999993423568 -0.006851456099036484
14.25 2.0009877564890677 -24.0 2.0009877543650774 -23.999999983262185 -0.006254988727532051
14.275 2.000899989034945 -24.0 2.000899989990047 -24.00000000663013 -0.0056996336559032145
14.3 2.000818466524617 -24.0 2.0008184686156465 -24.000000016485362 -0.005183718113828554
14.325000000000001 2.0007429126666074 -24.0 2.000742911669555 -23.999999993005414 -0.004705509997332955
14.350000000000001 2.000673044973073 -24.0 2.000673042960919 -23.999999984013094 -0.004263235870211413
14.375 2.000608577361362 -24.0 2.0006085784508185 -24.000000007681425 -0.003855097550723615
14.4 2.000549222511666 -24.0 2.00054922445235 -24.000000015520847 -0.0034792872605517427
14.425 2.0004946940196717 -24.0 2.000494692819881 -23.999999991479008 -0.003134001331169462
14.450000000000001 2.000444708301775 -24.0 2.0004447064489215 -23.999999985049627 -0.0028174524792057673
14.475000000000001 2.0003989862846727 -24.0 2.000398987605763 -24.00000000947092 -0.002527880677049835
14.5 2.000357254893485 -24.0 2.0003572566221948 -24.000000014122595 -0.002263562657804649
14.525 2.00031924829951 -24.0 2.000319246847808 -23.99999998939796 -0.002022820104765104
14.55 2.0002847090301272 -24.0 2.0002847074685457 -23.999999987010384 -0.0018040265849017302
14.575000000000001 2.000253388824198 -24.0 2.0002533904422792 -24.000000011994405 -0.001605613293427501
14.600000000000001 2.000225049360221 -24.0 2.0002250507280586 -24.000000011609803 -0.0014260736824893846
14.625 2.000199462804211 -24.0 2.000199461011071 -23.999999986461493 -0.0012639670514472895
14.65 2.0001764122161947 -24.0 2.000176411060101 -23.999999990003985 -0.001117921179187084
14.675 2.000155691811778 -24.0 2.0001556937532534 -24.000000014883327 -0.0009866340805762413
14.700000000000001 2.0001371070964655 -24.0 2.0001371080206094 -24.00000000806522 -0.000868874969631851
14.725000000000001 2.0001204749116135 -24.0 2.0001204728823314 -23.999999984321562 -0.0007634845113596627
14.75 2.000105623342525 -24.0 2.0001056227123777 -23.999999994332473 -0.0006693744426668637
14.775 2.000092391591202 -24.0 2.000092393664694 -24.000000015972105 -0.0005855266403797935
14.8 2.000080629732448 -24.0 2.000080630005353 -24.00000000277504 -0.0005109917113368792
14.825000000000001 2.0000701984169527 -24.0 2.0000701963166705 -23.999999983851332 -0.00044488717589801825
14.850000000000001 2.0000609685390267 -24.0 2.0000609686514506 -24.00000000021557 -0.0003863953121317146
14.875 2.0000528208477846 -24.0 2.0000528229562233 -24.000000016293118 -0.00033476072351890226
14.9 2.0000456455159052 -24.0 2.000045645049114 -23.99999999716477 -0.0002892876883496427
14.925 2.000039341697796 -24.0 2.0000393396572025 -23.999999984013932 -0.00024933734417856247
14.950000000000001 2.00003381707361 -24.0 2.000033817867775 -24.000000005239514 -0.00021432475583056475
14.975000000000001 2.0000289873579216 -24.0 2.0000289892319327 -24.000000014984852 -0.00018371591058504084
15.0 2.0000247758296115 -24.0 2.000024774704511 -23.999999992165364 -0.00015702467937915227
15.025 2.000021112844067 -24.0 2.0000211112425 -23.99999998664783 -0.0001338097782149008
15.05 2.000017935366606 -24.0 2.0000179368504094 -24.00000001079723 -0.00011367175947743762
15.075000000000001 2.000015186498825 -24.0 2.000015187759841 -24.00000001104794 -9.625005861137234e-05
15.100000000000001 2.0000128150226137 -24.0 2.000012813218134 -23.999999986227238 -8.122011758803099e-05
15.125 2.0000107749689233 -24.0 2.0000107741045428 -23.99999999222792 -6.829060285179713e-05
15.15 2.0000090251829974 -24.0 2.0000090271947304 -24.000000015548455 -5.7200731973476875e-05
15.175 2.000007528932013 -24.0 2.0000075293725827 -24.000000004157034 -4.771772007213153e-05
15.200000000000001 2.0000062535268697 -24.0 2.0000062514634727 -23.9999999841249 -3.963435419748019e-05
15.225000000000001 2.000005169940436 -24.0 2.0000051699700516 -23.999999999481496 -3.276670129149535e-05
15.25 2.0000042524858967 -24.0 2.000004254480753 -24.000000015392743 -2.695195306443837e-05
15.275 2.0000034784844782 -24.0 2.00000347794279 -23.999999996696687 -2.2046409118175513e-05
15.3 2.0000028279862163 -24.0 2.0000028261407183 -23.999999985348325 -1.7923597916040692e-05
15.325000000000001 2.000002283476567 -24.0 2.000002284538521 -24.0000000072479 -1.4472533719284208e-05
15.350000000000001 2.000001829632514 -24.0 2.0000018312491075 -24.000000013487245 -1.1596106369122417e-05
15.375 2.0000014530892765 -24.0 2.0000014515859412 -23.99999998909639 -9.209599773068e-06
15.4 2.0000011422211585 -24.0 2.000001140966835 -23.999999988920543 -7.239334136373541e-06
15.425 2.0000008869471344 -24.0 2.000000888745169 -24.00000001374019 -5.621426345435355e-06
15.450000000000001 2.000000678557651 -24.0 2.0000006793002374 -24.00000000672967 -4.300662441237082e-06
15.475000000000001 2.00000050954496 -24.0 2.0000005076117593 -23.999999985133268 -3.2294757990345845e-06
15.5 2.0010003734688016 -24.0 2.000000373337542 -23.999999998188628 -2.3670244376693356e-06
15.525 2.001000264811474 -24.0 2.000000266771811 -24.000000015086577 -1.6783608011039327e-06
15.55 2.0010001788717995 -24.0 2.0000001783765744 -23.999999997118646 -1.1336873698566197e-06
15.575000000000001 2.0010001116590774 -24.0 2.0000001097753817 -23.99999998510272 -7.076915558651206e-07
15.600000000000001 2.0010000597905795 -24.0 2.000000060835605 -24.000000007019878 -3.789534969636025e-07
15.625 2.0010000204208556 -24.0 2.0000000220596825 -24.000000013668256 -1.2942058380315937e-07
15.65 2.0009999911568994 -24.0 1.9999999896970357 -23.9999999894235 5.605718890501236e-08
15.675 2.000999970001594 -24.0 1.9999999688728365 -23.99999998983241 1.901366638882477e-07
15.700000000000001 2.000999955293619 -24.0 1.9999999570476863 -24.0000000134413 2.8334105876507787e-07
15.725000000000001 2.000999945665039 -24.0 1.999999946072663 -24.00000000411316 3.4437457408148624e-07
15.75 2.0009999399812073 -24.0 1.9999999380251832 -23.999999985001157 3.803967102260639e-07
15.775 2.000999937319562 -24.0 1.9999999376104884 -24.00000000136322 3.9726059338094177e-07
15.8 2.000999936930743 -24.0 1.9999999389293825 -24.000000015613676 3.9971927571543897e-07
15.825000000000001 2.000999938213847 -24.0 1.999999937388681 -23.99999999468401 3.916036473794895e-07
15.850000000000001 2.000999940677547 -24.0 1.9999999389669438 -23.999999985891943 3.7597528081381474e-07
15.875 2.0009999439471646 -24.0 1.9999999452327026 -24.000000009063662 3.552572240524588e-07
15.9 2.0009999477187117 -24.0 1.99999994879037 -24.000000009749982 3.3134547099711315e-07
15.925 2.0009999517659676 -24.0 1.9999999500270504 -23.999999986629764 3.057035644737124e-07
15.950000000000001 2.000999955908661 -24.0 1.9999999556170582 -23.999999996675825 2.794425331313539e-07
15.975000000000001 2.0009999600195414 -24.0 1.9999999620561377 -24.00000001562037 2.533881263828163e-07
16.0 2.000999964003172 -24.0 1.9999999636653438 -23.999999998389402 2.2813709273067303e-07
16.025000000000002 2.000999967795928 -24.0 1.9999999658360865 -23.999999984608927 2.0410404579460877e-07
16.05 2.0009999713518574 -24.0 1.9999999722226283 -24.000000005604395 1.8156027873583263e-07
16.075 2.0009999746497518 -24.0 1.999999976100157 -24.00000001239084 1.6066572095482354e-07
16.1 2.000999977675473 -24.0 1.9999999762280445 -23.999999989415333 1.4149508016508443e-07
16.125 2.0009999804254863 -24.0 1.99999997976723 -23.99999999338666 1.240590773561188e-07
16.150000000000002 2.000999982910395 -24.0 1.999999984842654 -24.000000014825613 1.0832156081888993e-07
16.175 2.000999985133735 -24.0 1.9999999850631438 -24.00000000047003 9.421317733703885e-08
16.2 2.000999987120248 -24.0 1.9999999850879266 -23.99999998430981 8.16421828472761e-08
16.225 2.0009999888770045 -24.0 1.999999989535781 -24.000000003974183 7.050289034369478e-08
16.25 2.0009999904252123 -24.0 1.999999992043147 -24.0000000134117 6.068217856011783e-08
16.275000000000002 2.00099999178608 -24.0 1.9999999905174426 -23.999999991094672 5.206442005947228e-08
16.3 2.000999992973746 -24.0 1.9999999921557126 -23.999999992056257 4.4535130876675715e-08
16.325 2.000999994005885 -24.0 1.9999999958197563 -24.00000001386521 3.798359493613758e-08
16.35 2.000999994903704 -24.0 1.999999994884491 -24.000000000946407 3.230467428442107e-08
16.375 2.000999995677808 -24.0 1.999999993700719 -23.99999998471141 2.7399979986059073e-08
16.400000000000002 2.0009999963423355 -24.0 1.9999999970463882 -24.000000004210662 2.317854762729081e-08
16.425 2.00099999691496 -24.0 1.9999999985341754 -24.00000001347274 1.9557135117661993e-08
16.45 2.0009999974027517 -24.0 1.9999999960909967 -23.999999990760642 1.6460238289259392e-08
16.475 2.0009999978198487 -24.0 1.9999999970182725 -23.999999992224126 1.3819901139804342e-08
16.5 2.000999998173321 -24.0 1.9999999999098776 -24.00000001326932 1.157538197381337e-08
16.525000000000002 2.0009999984737723 -24.0 1.9999999983268901 -24.000000000004633 9.67272374105211e-09
16.55 2.0009999987282723 -24.0 1.999999996939533 -23.999999985984743 8.064266176171698e-09
16.575 2.0009999989403555 -24.0 1.9999999999259552 -24.000000006295583 6.708128574178038e-09
16.6 2.0009999991206264 -24.0 2.000000000497452 -24.000000012036185 5.56768490017729e-09
16.625 2.000999999272619 -24.0 1.999999997705332 -23.999999988431078 4.611047172371882e-09
16.650000000000002 2.0009999993998693 -24.0 1.9999999988754693 -23.999999994648324 3.810568451821807e-09
16.675 2.0009999995059107 -24.0 2.000000001214587 -24.0000000130672 3.14237312840927e-09
16.7 2.000999999590744 -24.0 1.9999999991139474 -23.999999997566846 2.585919344084918e-09
16.725 2.000999999664973 -24.0 1.9999999982324932 -23.99999998806867 2.123596200202385e-09
16.75 2.0009999997250634 -24.0 2.000000001118579 -24.000000009675393 1.7403567350686184e-09
16.775000000000002 2.0009999997745496 -24.0 2.0000000005363825 -24.000000007549804 1.4233864289221427e-09
16.8 2.0009999998169663 -24.0 1.9999999980161443 -23.999999986317174 1.1618061108033578e-09
16.825 2.0009999998523136 -24.0 1.9999999999606723 -23.999999999652275 9.464075337165068e-10
16.85 2.0009999998770565 -24.0 2.000000001413483 -24.000000012279877 7.694194918146633e-10
16.875 2.0009999999017998 -24.0 1.9999999988764963 -23.999999993323485 6.243021272063907e-10
16.900000000000002 2.000999999919473 -24.0 1.9999999992178177 -23.99999999284397 5.055669744560837e-10
16.925 2.000999999937147 -24.0 2.000000001610619 -24.000000012667442 4.086202855437025e-10
16.95 2.000999999947751 -24.0 1.9999999996757936 -23.999999999198533 3.2962724094277563e-10
16.975 2.000999999958355 -24.0 1.999999998323354 -23.999999986873792 2.653947628791696e-10
17.0 2.0009999999654244 -24.0 2.0000000009718364 -24.00000000653063 2.1327078847736331e-10
17.025000000000002 2.000999999972494 -24.0 2.0000000007290986 -24.000000007440214 1.71058020777e-10
17.05 2.0009999999795633 -24.0 1.999999998652995 -23.999999989983152 1.3694034489021215e-10
17.075 2.0009999999830983 -24.0 2.000000000483068 -24.00000000246751 1.094202676805989e-10
17.1 2.000999999986633 -24.0 2.0000000011579475 -24.000000010065914 8.726590704663297e-11
17.125 2.0009999999901678 -24.0 1.9999999985781014 -23.999999989961623 6.946621751012237e-11
17.150000000000002 2.0009999999901678 -24.0 1.9999999995528195 -23.999999995141337 5.5193289897754794e-11
17.175 2.0009999999937023 -24.0 2.0000000013662134 -24.00000001053197 4.3770702966370184e-11
17.2 2.0009999999937023 -24.0 1.9999999994238211 -23.99999999693391 3.464703309457915e-11
17.225 2.000999999997237 -24.0 1.9999999995074547 -23.999999994771642 2.7373744425751665e-11
17.25 2.000999999997237 -24.0 2.0000000012780483 -24.00000000970012 2.1586786279083474e-11
17.275000000000002 2.000999999997237 -24.0 1.9999999993791768 -23.99999999674541 1.699131770777867e-11
17.3 2.000999999997237 -24.0 1.9999999989125912 -23.999999990402113 1.3349061426410507e-11
17.325 2.000999999997237 -24.0 2.000000001177513 -24.00000000853608 1.0467861720582424e-11
17.35 2.000999999997237 -24.0 2.000000000039593 -24.00000000162452 8.193084220919152e-12
17.375 2.000999999997237 -24.0 1.9999999991581172 -23.99999999282109 6.400550420574792e-12
17.400000000000002 2.0010000000007717 -24.0 2.000000001063766 -24.000000007471986 4.990747382234542e-12
17.425 2.0010000000007717 -24.0 1.9999999998984836 -24.00000000083874 3.884094027525451e-12
17.45 2.0010000000007717 -24.0 1.999999998740222 -23.999999989685058 3.017080494228466e-12
17.475 2.0010000000007717 -24.0 2.0000000009029955 -24.000000005892215 2.3391269959744414e-12
17.5 2.0010000000007717 -24.0 2.00000000033507 -24.000000003883407 1.8100340773142959e-12
17.525000000000002 2.000000000000772 -24.0 1.9999999990427308 -23.99999999247524 1.3979177155221345e-12
17.55 2.000000000000772 -24.0 2.0000000008830976 -24.000000005576997 1.0775409101704219e-12
17.575 2.000000000000772 -24.0 2.0000000002555076 -24.00000000349911 8.289686951367867e-13
17.6 2.000000000000772 -24.0 1.9999999987292278 -23.999999990109234 6.364863229835692e-13
17.625 2.000000000000772 -24.0 2.0000000006301 -24.000000003538442 4.87731075149774e-13
17.650000000000002 2.000000000000772 -24.0 2.0000000004550977 -24.000000004773128 3.729970628133569e-13
17.675 2.000000000000772 -24.0 1.9999999990214403 -23.999999992442625 2.8467977983416025e-13
17.7 2.000000000000772 -24.0 2.000000000779755 -24.00000000469606 2.1683328998172973e-13
17.725 2.000000000000772 -24.0 2.0000000004645178 -24.000000004980134 1.6481798091187475e-13
17.75 2.000000000000772 -24.0 1.999999998790316 -23.999999990784808 1.250209723893004e-13
17.775000000000002 2.000000000000772 -24.0 2.0000000004973835 -24.000000002510873 9.463467516962598e-14
17.8 2.000000000000772 -24.0 2.000000000459732 -24.00000000469436 7.148178603823452e-14
17.825 2.000000000000772 -24.0 1.9999999989796526 -23.999999992179365 5.387728028906569e-14
17.85 2.000000000000772 -24.0 2.0000000007276433 -24.000000004264535 4.051981494254445e-14
17.875 2.000000000000772 -24.0 2.0000000005731535 -24.0000000057167 3.0406459207729985e-14
17.900000000000002 2.000000000000772 -24.0 1.9999999987944042 -23.99999999092542 2.2765885632063636e-14
17.925 2.000000000000772 -24.0 2.0000000004337366 -24.00000000198457 1.7006138054619047e-14
17.95 2.000000000000772 -24.0 2.0000000005637597 -24.00000000550551 1.2673883980809923e-14
17.975 2.000000000000772 -24.0 1.9999999989376351 -23.999999992006114 9.422694927499377e-15
18.0 2.000000000000772 -24.0 2.0000000005864056 -24.000000003104546 6.988407961666439e-15
18.025000000000002 2.000000000000772 -24.0 2.0000000007266876 -24.000000006879368 5.170029138986513e-15
18.05 2.000000000000772 -24.0 1.999999998823136 -23.99999999119264 3.814964538080875e-15
18.075 2.000000000000772 -24.0 2.0000000002940093 -24.000000000881453 2.8076231563983075e-15
18.1 2.000000000000772 -24.0 2.000000000687868 -24.000000006442946 2.0606411652510444e-15
18.125 2.000000000000772 -24.0 1.999999998942775 -23.99999999207028 1.5081395283077498e-15
18.150000000000002 2.000000000000772 -24.0 2.0000000004268292 -24.000000001866468 1.1005553584169886e-15
18.175 2.000000000000772 -24.0 2.00000000083509 -24.000000007652858 8.006885525370713e-16
18.2 2.000000000000772 -24.0 1.9999999988916493 -23.99999999176386 5.806847812887535e-16
18.225 2.000000000000772 -24.0 2.000000000195854 -24.000000000130008 4.197382948699386e-16
18.25 2.000000000000772 -24.0 2.0000000007473346 -24.000000006746617 3.023468242913689e-16
18.275000000000002 2.000000000000772 -24.0 1.9999999989440318 -23.99999999216012 2.1698896722717427e-16
18.3 2.000000000000772 -24.0 2.0000000002957394 -24.00000000087202 1.551241296121609e-16
18.325 2.000000000000772 -24.0 2.0000000009000782 -24.000000007957958 1.1043815715156673e-16
18.35 2.000000000000772 -24.0 1.9999999989596229 -23.999999992447854 7.82756688808774e-17
18.375 2.000000000000772 -24.0 2.000000000133367 -23.999999999707537 5.5213930824722155e-17
18.400000000000002 2.000000000000772 -24.0 2.000000000815617 -24.000000007176702 3.8743774746988765e-17
18.425 2.000000000000772 -24.0 1.9999999989501702 -23.999999992426776 2.7031277165721338e-17
18.45 2.000000000000772 -24.0 2.0000000001675113 -23.99999999988095 1.8740217965579606e-17
18.475 2.000000000000772 -24.0 2.0000000009930456 -24.000000008422603 1.2900166942860656e-17
18.5 2.000000000000772 -24.0 1.9999999990165025 -23.999999993102413 8.808736703694343e-18
18.525000000000002 2.000000000000772 -24.0 2.0000000000048077 -23.999999998557946 5.959353249691681e-18
18.55 2.000000000000772 -24.0 2.000000000897705 -24.000000007641987 3.988034572032246e-18
18.575 2.000000000000772 -24.0 1.9999999989811812 -23.999999992932644 2.634290061535745e-18
18.6 2.000000000000772 -24.0 1.9999999999999187 -23.99999999843531 1.71248116177195e-18
18.625 2.000000000000772 -24.0 2.0000000010765864 -24.000000008961177 1.0909101867037715e-18
18.650000000000002 2.000000000000772 -24.0 1.9999999991169355 -23.999999994090242 6.766016589325305e-19
18.675 2.000000000000772 -24.0 1.9999999998973659 -23.999999997762526 4.042641601282188e-19
18.7 2.000000000000772 -24.0 2.0000000009608425 -24.000000007946177 2.2831278910267004e-19
18.725 2.000000000000772 -24.0 1.9999999990395962 -23.999999993521925 1.171251417214572e-19
18.75 2.000000000000772 -24.0 1.9999999998522697 -23.999999997389363 4.8921798420998234e-20
18.775000000000002 2.000000000000772 -24.0 2.0000000010906867 -24.00000000878452 8.824253177567946e-21
18.8 2.000000000000772 -24.0 1.9999999991891202 -23.99999999480226 -1.3236859896155833e-20
18.825 2.000000000000772 -24.0 1.9999999998132456 -23.999999997155122 -2.400184620455049e-20
18.85 2.000000000000772 -24.0 2.0000000010244827 -24.00000000819188 -2.792376908000898e-20
18.875 2.000000000000772 -24.0 1.9999999991287842 -23.999999994400756 -2.789761923259548e-20
18.900000000000002 2.000000000000772 -24.0 1.9999999997332334 -23.99999999649318 -2.576747256996749e-20
18.925 2.000000000000772 -24.0 2.000000001100748 -24.00000000864293 -2.2676779569081847e-20
18.95 2.000000000000772 -24.0 1.9999999992468278 -23.99999999545781 -1.9308411043164975e-20
18.975 2.000000000000772 -24.0 1.999999999693556 -23.999999996238518 -1.6047683042511574e-20
19.0 2.000000000000772 -24.0 2.000000001074484 -24.000000008396658 -1.3091921451978668e-20
19.025000000000002 2.000000000000772 -24.0 1.999999999228204 -23.999999995346947 -1.0523189124483515e-20
19.05 2.000000000000772 -24.0 1.9999999996126805 -23.999999995609787 -8.355838251723466e-21
19.075 2.000000000000772 -24.0 2.0000000011367476 -24.000000008768417 -6.5670206144603765e-21
19.1 2.000000000000772 -24.0 1.999999999341355 -23.999999996226308 -5.115788376939609e-21
19.125 2.000000000000772 -24.0 1.9999999995738635 -23.99999999537423 -3.954656992153136e-21
19.150000000000002 2.000000000000772 -24.0 2.0000000010977765 -24.000000008421885 -3.036268349729257e-21
19.175 2.000000000000772 -24.0 1.9999999993137982 -23.99999999603173 -2.316933913391233e-21
19.200000000000003 2.000000000000772 -24.0 1.999999999477668 -23.99999999468607 -1.7582444372291298e-21
19.225 2.000000000000772 -24.0 2.000000001134321 -24.00000000860971 -1.3275262267360122e-21
19.25 2.000000000000772 -24.0 1.9999999994564708 -23.99999999714015 -9.976476910669732e-22
19.275000000000002 2.000000000000772 -24.0 1.9999999994951057 -23.999999994911143 -7.464942745661739e-22
19.3 2.000000000000772 -24.0 2.00000000112077 -24.000000008442797 -5.563066249342951e-22
19.325000000000003 2.000000000000772 -24.0 1.999999999427371 -23.99999999692404 -4.1299630014261654e-22
19.35 2.000000000000772 -24.0 1.9999999993594717 -23.999999993828304 -3.055016545536044e-22
19.375 2.000000000000772 -24.0 2.000000001095868 -24.000000008186642 -2.252142269674823e-22
19.400000000000002 2.000000000000772 -24.0 1.9999999995415632 -23.999999997846167 -1.6548641332673453e-22
19.425 2.000000000000772 -24.0 1.9999999993911377 -23.999999994113267 -1.2121996938613729e-22
19.450000000000003 2.000000000000772 -24.0 2.000000001134101 -24.00000000853707 -8.852893455553162e-23
19.475 2.000000000000772 -24.0 1.999999999567915 -23.999999998076344 -6.446788458404784e-23
19.5 2.000000000000772 -24.0 1.9999999992734376 -23.999999993178534 -4.6815685166807494e-23
19.525000000000002 2.000000000000772 -24.0 2.0000000010890187 -24.000000008145634 -3.390527718294826e-23
19.55 2.000000000000772 -24.0 1.9999999996335904 -23.999999998550848 -2.4490938514206692e-23
19.575000000000003 2.000000000000772 -24.0 1.9999999992666615 -23.999999993102023 -1.7645607765430784e-23
19.6 2.000000000000772 -24.0 2.000000001106427 -24.00000000826309 -1.2682028866633919e-23
19.625 2.000000000000772 -24.0 1.999999999680124 -23.999999998935486 -9.092577194644609e-24
19.650000000000002 2.000000000000772 -24.0 1.9999999991902158 -23.99999999265412 -6.503606934487009e-24
19.675 2.000000000000772 -24.0 2.0000000010764776 -24.000000007997684 -4.640998346881257e-24
19.700000000000003 2.000000000000772 -24.0 1.9999999997628488 -23.999999999567766 -3.3042837924154887e-24
19.725 2.000000000000772 -24.0 1.9999999991912074 -23.999999992764693 -2.3473041374023304e-24
19.75 2.000000000000772 -24.0 2.0000000010730563 -24.00000000785123 -1.6638083285143045e-24
19.775000000000002 2.000000000000772 -24.0 1.999999999800133 -23.99999999979851 -1.176775426931872e-24
19.8 2.000000000000772 -24.0 1.9999999991003785 -23.999999992115445 -8.305265084697724e-25
19.825000000000003 2.000000000000772 -24.0 2.000000001007032 -24.00000000718351 -5.849182239504089e-25
19.85 2.000000000000772 -24.0 1.9999999998702929 -24.00000000034217 -4.1108315305849346e-25
19.875 2.000000000000772 -24.0 1.9999999991122543 -23.999999992343337 -2.8831502816409013e-25
19.900000000000002 2.000000000000772 -24.0 2.0000000010309495 -24.000000007319137 -2.0179821072111906e-25
19.925 2.000000000000772 -24.0 1.999999999948919 -24.000000001086455 -1.4095755114034237e-25
19.950000000000003 2.000000000000772 -24.0 1.9999999990509807 -23.99999999199682 -9.826259699365618e-26
19.975 2.000000000000772 -24.0 2.0000000009585674 -24.00000000662818 -6.836348138133649e-26
20.0 2.000000000000772 -24.0 1.99999999998398 -24.000000001425704 -4.7468193800184217e-26
20.025000000000002 2.000000000000772 -24.0 1.9999999990388238 -23.999999991825845 -3.289499516008671e-26
20.05 2.000000000000772 -24.0 2.0000000009578036 -24.000000006520054 -2.275154886994341e-26
20.075000000000003 2.000000000000772 -24.0 2.000000000053479 -24.000000001867903 -1.5705474219975388e-26
20.1 2.000000000000772 -24.0 1.9999999990108204 -23.999999991733276 -1.082067935805043e-26
20.125 2.000000000000772 -24.0 2.000000000890325 -24.000000005954952 -7.44089836681967e-27
20.150000000000002 2.000000000000772 -24.0 2.0000000000823857 -24.000000002103594 -5.107015027442973e-27
20.175 2.000000000000772 -24.0 1.999999999028038 -23.99999999200929 -3.4985086227231074e-27
20.200000000000003 2.000000000000772 -24.0 2.000000000876131 -24.000000005830444 -2.3920791350567586e-27
20.225 2.000000000000772 -24.0 2.0000000001378675 -24.000000002496144 -1.6324777288681613e-27
20.25 2.000000000000772 -24.0 1.99999999905282 -23.999999992325886 -1.111987969600823e-27
20.275000000000002 2.000000000000772 -24.0 2.00000000078736 -24.000000005080594 -7.5602407339476e-28
20.3 2.000000000000772 -24.0 2.0000000001162213 -24.000000002241666 -5.130446096074478e-28
20.325000000000003 2.000000000000772 -24.0 1.9999999991200799 -23.999999992812814 -3.4750376167466816e-28
20.35 2.000000000000772 -24.0 2.000000000735689 -24.00000000463676 -2.349358714699842e-28
20.375 2.000000000000772 -24.0 2.000000000101086 -24.000000002141253 -1.5853487713817023e-28
20.400000000000002 2.000000000000772 -24.0 1.99999999926449 -23.999999993993598 -1.0677900206662238e-28
20.425 2.000000000000772 -24.0 2.0000000006458993 -24.000000004084825 -7.178471636680587e-29
20.450000000000003 2.000000000000772 -24.0 1.9999999999807776 -24.000000001076895 -4.8168421569562676e-29
20.475 2.000000000000772 -24.0 1.9999999994754039 -23.999999995509356 -3.2260863834561266e-29
20.5 2.000000000000772 -24.0 2.000000000554392 -24.00000000372465 -2.1566080528120858e-29
20.525000000000002 2.000000000000772 -24.0 1.9999999998495794 -23.99999999979469 -1.4389518087574146e-29
20.55 2.000000000000772 -24.0 1.999999999742869 -23.99999999757908 -9.582941706884708e-30
20.575000000000003 2.000000000000772 -24.0 2.000000000366648 -24.000000002719318 -6.369808936103708e-30
20.6 2.000000000000772 -24.0 1.9999999998018727 -23.999999999112923 -4.2259652880710884e-30
20.625 2.000000000000772 -24.0 1.9999999999908071 -23.999999999377152 -2.798298194819873e-30
20.650000000000002 2.000000000000772 -24.0 2.000000000109856 -24.000000000900467 -1.8493825857627753e-30
20.675 2.000000000000772 -24.0 1.9999999998847862 -23.999999999178932 -1.219887966077023e-30
20.700000000000003 2.000000000000772 -24.0 2.0000000000782223 -24.000000000504635 -8.030984246727032e-31
20.725 2.000000000000772 -24.0 1.9999999999734226 -23.999999999913413 -5.276767683607375e-31
20.75 2.000000000000772 -24.0 1.9999999999937337 -23.999999999843205 -3.4602839938301873e-31
20.775000000000002 2.000000000000772 -24.0 2.0000000000200115 -24.0000000001981 -2.264611509284889e-31
20.8 2.000000000000772 -24.0 1.9999999999825837 -23.999999999844732 -1.4791318609840628e-31
20.825000000000003 2.000000000000772 -24.0 2.000000000013652 -24.000000000101195 -9.641478893874892e-32
20.85 2.000000000000772 -24.0 1.9999999999931457 -23.999999999942528 -6.271849961694984e-32
20.875 2.000000000000772 -24.0 2.0000000000044666 -24.000000000026674 -4.0714940949284585e-32
20.900000000000002 2.000000000000772 -24.0 1.9999999999995612 -23.99999999999236 -2.637595400081169e-32
20.925 2.000000000000772 -24.0 2.000000000000652 -23.999999999997463 -1.7050924828732827e-32
20.950000000000003 2.000000000000772 -24.0 2.000000000001423 -24.000000000006516 -1.0999204945488146e-32
20.975 2.000000000000772 -24.0 2.0000000000000315 -23.999999999992873 -7.080034291386471e-33
21.0 2.000000000000772 -24.0 2.0000000000013824 -24.000000000005965 -4.547325892745335e-33
21.025000000000002 2.000000000000772 -24.0 2.0000000000003304 -23.99999999999545 -2.9141243919620346e-33
21.05 2.000000000000772 -24.0 2.0000000000010525 -24.000000000003077 -1.8632647696966683e-33
21.075000000000003 2.000000000000772 -24.0 2.000000000000605 -23.999999999997947 -1.1886038390279195e-33
21.1 2.000000000000772 -24.0 2.000000000000853 -24.000000000001187 -7.564418649237447e-34
21.125 2.000000000000772 -24.0 2.000000000000724 -23.999999999999215 -4.802503147034089e-34
21.150000000000002 2.000000000000772 -24.0 2.0000000000007843 -24.000000000000377 -3.0415081655922543e-34
21.175 2.000000000000772 -24.0 2.0000000000007563 -23.99999999999966 -1.921376879200274e-34
21.200000000000003 2.000000000000772 -24.0 2.000000000000772 -24.000000000000096 -1.2106218924006396e-34
21.225 2.000000000000772 -24.0 2.0000000000007705 -23.9999999999999 -7.607531331129786e-35
21.25 2.000000000000772 -24.0 2.0000000000007714 -24.00000000000004 -4.767397604445987e-35
21.275000000000002 2.000000000000772 -24.0 2.0000000000007687 -23.99999999999993 -2.97906673662214e-35
21.3 2.000000000000772 -24.0 2.0000000000007736 -24.000000000000025 -1.8560693312315038e-35
21.325000000000003 2.000000000000772 -24.0 2.00000000000077 -23.99999999999997 -1.1528461656909069e-35
21.35 2.000000000000772 -24.0 2.00000000000077 -23.99999999999997 -7.137614307672745e-36
21.375 2.000000000000772 -24.0 2.000000000000772 -23.999999999999982 -4.404258009248603e-36
21.400000000000002 2.000000000000772 -24.0 2.000000000000772 -23.999999999999993 -2.7080356647960035e-36
21.425 2.000000000000772 -24.0 2.000000000000772 -23.999999999999986 -1.6588636843696637e-36
21.450000000000003 2.000000000000772 -24.0 2.000000000000772 -23.999999999999986 -1.0121407319872835e-36
21.475 2.000000000000772 -24.0 2.000000000000772 -23.999999999999993 -6.149328554848747e-37
21.5 2.000000000000772 -24.0 2.000000000000772 -23.999999999999993 -3.7190631002266737e-37
21.525000000000002 2.000000000000772 -24.0 2.000000000000772 -24.0 -2.2381838356031685e-37
21.55 2.000000000000772 -24.0 2.000000000000772 -24.0 -1.3397382911216649e-37
21.575000000000003 2.000000000000772 -24.0 2.000000000000772 -24.0 -7.972076175243288e-38
21.6 2.000000000000772 -24.0 2.000000000000772 -24.0 -4.712626436384921e-38
21.625 2.000000000000772 -24.0 2.000000000000772 -24.0 -2.7652750956800404e-38
21.650000000000002 2.000000000000772 -24.0 2.000000000000772 -24.0 -1.6089691475391572e-38
21.675 2.000000000000772 -24.0 2.000000000000772 -24.0 -9.270696934396925e-39
21.700000000000003 2.000000000000772 -24.0 2.000000000000772 -24.0 -5.2804380857317944e-39
21.725 2.000000000000772 -24.0 2.000000000000772 -24.0 -2.966111642178262e-39
21.75 2.000000000000772 -24.0 2.000000000000772 -24.0 -1.637631564719423e-39
21.775000000000002 2.000000000000772 -24.0 2.000000000000772 -24.0 -8.84368280670795e-40
21.8 2.000000000000772 -24.0 2.000000000000772 -24.0 -4.636017683509511e-40
21.825000000000003 2.000000000000772 -24.0 2.000000000000772 -24.0 -2.3293253297945707e-40
21.85 2.000000000000772 -24.0 2.000000000000772 -24.0 -1.0952769302848603e-40
21.875 2.000000000000772 -24.0 2.000000000000772 -24.0 -4.567817789604015e-41
21.900000000000002 2.000000000000772 -24.0 2.000000000000772 -24.0 -1.4224112756928885e-41
21.925 2.000000000000772 -24.0 2.000000000000772 -24.0 7.962398971434832e-44
21.950000000000003 2.000000000000772 -24.0 2.000000000000772 -24.0 5.6417737497319404e-42
21.975 2.000000000000772 -24.0 2.000000000000772 -24.0 6.997093868289196e-42
22.0 2.000000000000772 -24.0 2.000000000000772 -24.0 6.518129048276597e-42
22.025000000000002 2.000000000000772 -24.0 2.000000000000772 -24.0 5.393393793276051e-42
22.05 2.000000000000772 -24.0 2.000000000000772 -24.0 4.1789500664144645e-42
22.075000000000003 2.000000000000772 -24.0 2.000000000000772 -24.0 3.1043733361545746e-42
22.1 2.000000000000772 -24.0 2.000000000000772 -24.0 2.2389744900555717e-42
22.125 2.000000000000772 -24.0 2.000000000000772 -24.0 1.5796414191572262e-42
22.150000000000002 2.000000000000772 -24.0 2.000000000000772 -24.0 1.0954931288718836e-42
22.175 2.000000000000772 -24.0 2.000000000000772 -24.0 7.49276645961125e-43
22.200000000000003 2.000000000000772 -24.0 2.000000000000772 -24.0 5.066210362384114e-43
22.225 2.000000000000772 -24.0 2.000000000000772 -24.0 3.392276304524096e-43
22.25 2.000000000000772 -24.0 2.000000000000772 -24.0 2.2523830569655327e-43
22.275000000000002 2.000000000000772 -24.0 2.000000000000772 -24.0 1.4845133099631467e-43
22.3 2.000000000000772 -24.0 2.000000000000772 -24.0 9.72012144562803e-44
22.325000000000003 2.000000000000772 -24.0 2.000000000000772 -24.0 6.326902277480289e-44
22.35 2.000000000000772 -24.0 2.000000000000772 -24.0 4.0961546419022566e-44
22.375 2.000000000000772 -24.0 2.000000000000772 -24.0 2.638888646042497e-44
22.400000000000002 2.000000000000772 -24.0 2.000000000000772 -24.0 1.692339476315174e-44
22.425 2.000000000000772 -24.0 2.000000000000772 -24.0 1.0807188965707083e-44
22.450000000000003 2.000000000000772 -24.0 2.000000000000772 -24.0 6.874067827198685e-45
22.475 2.000000000000772 -24.0 2.000000000000772 -24.0 4.3560337357634266e-45
22.5 2.000000000000772 -24.0 2.000000000000772 -24.0 2.7506291988257142e-45
22.525000000000002 2.000000000000772 -24.0 2.000000000000772 -24.0 1.7310598467980355e-45
22.55 2.000000000000772 -24.0 2.000000000000772 -24.0 1.0859198604467562e-45
22.575000000000003 2.000000000000772 -24.0 2.000000000000772 -24.0 6.7912176504507534e-46
22.6 2.000000000000772 -24.0 2.000000000000772 -24.0 4.234610731027439e-46
22.625 2.000000000000772 -24.0 2.000000000000772 -24.0 2.632942317395744e-46
22.650000000000002 2.000000000000772 -24.0 2.000000000000772 -24.0 1.6325717756315788e-46
22.675 2.000000000000772 -24.0 2.000000000000772 -24.0 1.0095855044541322e-46
22.700000000000003 2.000000000000772 -24.0 2.000000000000772 -24.0 6.227114849281298e-47
22.725 2.000000000000772 -24.0 2.000000000000772 -24.0 3.831187377468204e-47
22.75 2.000000000000772 -24.0 2.000000000000772 -24.0 2.351308388844086e-47
22.775000000000002 2.000000000000772 -24.0 2.000000000000772 -24.0 1.4395935097032767e-47
22.8 2.000000000000772 -24.0 2.000000000000772 -24.0 8.793189124986368e-48
22.825000000000003 2.000000000000772 -24.0 2.000000000000772 -24.0 5.358575572986728e-48
22.85 2.000000000000772 -24.0 2.000000000000772 -24.0 3.258120167790177e-48
22.875 2.000000000000772 -24.0 2.000000000000772 -24.0 1.976589158084722e-48
22.900000000000002 2.000000000000772 -24.0 2.000000000000772 -24.0 1.196499804771185e-48
22.925 2.000000000000772 -24.0 2.000000000000772 -24.0 7.227195561827664e-49
22.950000000000003 2.000000000000772 -24.0 2.000000000000772 -24.0 4.35612959102848e-49
22.975 2.000000000000772 -24.0 2.000000000000772 -24.0 2.620097012181536e-49
23.0 2.000000000000772 -24.0 2.000000000000772 -24.0 1.5726437566102247e-49
23.025000000000002 2.000000000000772 -24.0 2.000000000000772 -24.0 9.41997283432208e-50
23.05 2.000000000000772 -24.0 2.000000000000772 -24.0 5.630984641584324e-50
23.075000000000003 2.000000000000772 -24.0 2.000000000000772 -24.0 3.3592533418414484e-50
23.1 2.000000000000772 -24.0 2.000000000000772 -24.0 2.000011615982886e-50
23.125 2.000000000000772 -24.0 2.000000000000772 -24.0 1.1883943908134718e-50
23.150000000000002 2.000000000000772 -24.0 2.000000000000772 -24.0 7.047471785717021e-51
23.175 2.000000000000772 -24.0 2.000000000000772 -24.0 4.1711573187998824e-51
23.200000000000003 2.000000000000772 -24.0 2.000000000000772 -24.0 2.463970629267948e-51
23.225 2.000000000000772 -24.0 2.000000000000772 -24.0 1.4526967851038338e-51
23.25 2.000000000000772 -24.0 2.000000000000772 -24.0 8.548289091174405e-52
23.275000000000002 2.000000000000772 -24.0 2.000000000000772 -24.0 5.020558570927222e-52
23.3 2.000000000000772 -24.0 2.000000000000772 -24.0 2.943044929141196e-52
23.325000000000003 2.000000000000772 -24.0 2.000000000000772 -24.0 1.7219350198427055e-52
23.35 2.000000000000772 -24.0 2.000000000000772 -24.0 1.0055744678943882e-52
23.375 2.000000000000772 -24.0 2.000000000000772 -24.0 5.861267598663116e-53
23.400000000000002 2.000000000000772 -24.0 2.000000000000772 -24.0 3.4099698947988955e-53
23.425 2.000000000000772 -24.0 2.000000000000772 -24.0 1.9801254871404934e-53
23.450000000000003 2.000000000000772 -24.0 2.000000000000772 -24.0 1.1476757239727917e-53
23.475 2.000000000000772 -24.0 2.000000000000772 -24.0 6.639429774964993e-54
23.5 2.000000000000772 -24.0 2.000000000000772 -24.0 3.833786490499683e-54
23.525000000000002 2.000000000000772 -24.0 2.000000000000772 -24.0 2.2095850757115304e-54
23.55 2.000000000000772 -24.0 2.000000000000772 -24.0 1.2710978009256623e-54
23.575000000000003 2.000000000000772 -24.0 2.000000000000772 -24.0 7.298474087965426e-55
23.6 2.000000000000772 -24.0 2.000000000000772 -24.0 4.182819489085629e-55
23.625 2.000000000000772 -24.0 2.000000000000772 -24.0 2.3927033740792414e-55
23.650000000000002 2.000000000000772 -24.0 2.000000000000772 -24.0 1.3661225834022422e-55
23.675 2.000000000000772 -24.0 2.000000000000772 -24.0 7.785196324389693e-56
23.700000000000003 2.000000000000772 -24.0 2.000000000000772 -24.0 4.428189557266278e-56
23.725 2.000000000000772 -24.0 2.000000000000772 -24.0 2.5139511568902517e-56
23.75 2.000000000000772 -24.0 2.000000000000772 -24.0 1.4244864646060943e-56
23.775000000000002 2.000000000000772 -24.0 2.000000000000772 -24.0 8.056142177712205e-57
23.8 2.000000000000772 -24.0 2.000000000000772 -24.0 4.5473588753179857e-57
23.825000000000003 2.000000000000772 -24.0 2.000000000000772 -24.0 2.561829368403867e-57
23.85 2.000000000000772 -24.0 2.000000000000772 -24.0 1.440439754897118e-57
23.875 2.000000000000772 -24.0 2.000000000000772 -24.0 8.083295968589929e-58
23.900000000000002 2.000000000000772 -24.0 2.000000000000772 -24.0 4.527144471640561e-58
23.925 2.000000000000772 -24.0 2.000000000000772 -24.0 2.530440596163147e-58
23.950000000000003 2.000000000000772 -24.0 2.000000000000772 -24.0 1.41155128634644e-58
23.975 2.000000000000772 -24.0 2.000000000000772 -24.0 7.858108771269479e-59
24.0 2.000000000000772 -24.0 2.000000000000772 -24.0 4.36567780080435e-59
24.025000000000002 2.000000000000772 -24.0 2.000000000000772 -24.0 2.420406029382109e-59
24.05 2.000000000000772 -24.0 2.000000000000772 -24.0 1.3391137051841452e-59
24.075000000000003 2.000000000000772 -24.0 2.000000000000772 -24.0 7.393127966515902e-60
24.1 2.000000000000772 -24.0 2.000000000000772 -24.0 4.072943421774355e-60
24.125 2.000000000000772 -24.0 2.000000000000772 -24.0 2.2389513277987053e-60
24.150000000000002 2.000000000000772 -24.0 2.000000000000772 -24.0 1.228068423816306e-60
24.175 2.000000000000772 -24.0 2.000000000000772 -24.0 6.720882163419382e-61
24.200000000000003 2.000000000000772 -24.0 2.000000000000772 -24.0 3.6697668525825195e-61
24.225 2.000000000000772 -24.0 2.000000000000772 -24.0 1.999125932595155e-61
24.25 2.000000000000772 -24.0 2.000000000000772 -24.0 1.0864518245663961e-61
24.275000000000002 2.000000000000772 -24.0 2.000000000000772 -24.0 5.89015211773402e-62
24.3 2.000000000000772 -24.0 2.000000000000772 -24.0 3.1853928444269616e-62
24.325000000000003 2.000000000000772 -24.0 2.000000000000772 -24.0 1.718272474634739e-62
24.35 2.000000000000772 -24.0 2.000000000000772 -24.0 9.244484572660024e-63
24.375 2.000000000000772 -24.0 2.000000000000772 -24.0 4.960217038783217e-63
24.400000000000002 2.000000000000772 -24.0 2.000000000000772 -24.0 2.6540415818423955e-63
24.425 2.000000000000772 -24.0 2.000000000000772 -24.0 1.415992906768477e-63
24.450000000000003 2.000000000000772 -24.0 2.000000000000772 -24.0 7.532042663427179e-64
24.475 2.000000000000772 -24.0 2.000000000000772 -24.0 3.9940063494657534e-64
24.5 2.000000000000772 -24.0 2.000000000000772 -24.0 2.1109980944259782e-64
24.525000000000002 2.000000000000772 -24.0 2.000000000000772 -24.0 1.111937720653059e-64
24.55 2.000000000000772 -24.0 2.000000000000772 -24.0 5.83588937011854e-65
24.575000000000003 2.000000000000772 -24.0 2.000000000000772 -24.0 3.05123791520625e-65
24.6 2.000000000000772 -24.0 2.000000000000772 -24.0 1.5888450293899394e-65
24.625 2.000000000000772 -24.0 2.000000000000772 -24.0 8.237583357394523e-66
24.650000000000002 2.000000000000772 -24.0 2.000000000000772 -24.0 4.2509455113546756e-66
24.675 2.000000000000772 -24.0 2.000000000000772 -24.0 2.182559875779752e-66
24.700000000000003 2.000000000000772 -24.0 2.000000000000772 -24.0 1.1143840376280823e-66
24.725 2.000000000000772 -24.0 2.000000000000772 -24.0 5.6551073145166315e-67
24.75 2.000000000000772 -24.0 2.000000000000772 -24.0 2.850203213424424e-67
24.775000000000002 2.000000000000772 -24.0 2.000000000000772 -24.0 1.4254606042636654e-67
24.8 2.000000000000772 -24.0 2.000000000000772 -24.0 7.066277007771242e-68
24.825000000000003 2.000000000000772 -24.0 2.000000000000772 -24.0 3.466961123203033e-68
24.85 2.000000000000772 -24.0 2.000000000000772 -24.0 1.680307135994705e-68
24.875 2.000000000000772 -24.0 2.000000000000772 -24.0 8.023378137447364e-69
24.900000000000002 2.000000000000772 -24.0 2.000000000000772 -24.0 3.760245770446518e-69
24.925 2.000000000000772 -24.0 2.000000000000772 -24.0 1.7199764743941343e-69
24.950000000000003 2.000000000000772 -24.0 2.000000000000772 -24.0 7.610211522539974e-70
24.975 2.000000000000772 -24.0 2.000000000000772 -24.0 3.20712872590325e-70
