0.0 2.000000000000772 -24.0 2.000000000002068 -24.000000000024876 -1.2485577391691675e-70
0.25 2.000000000000772 -24.0 2.000000000000008 -24.00000000000179 -2.850203213424424e-67
0.5 2.000000000000772 -24.0 1.9999999999985965 -23.999999999992127 -2.1109980944259782e-64
0.75 2.000000000000772 -24.0 1.9999999999967546 -23.99999999997329 -1.0864518245663961e-61
1.0 2.000000000000772 -24.0 1.99999999999632 -23.999999999968033 -4.36567780080435e-59
1.25 2.000000000000772 -24.0 1.9999999999972122 -23.99999999997253 -1.4244864646060943e-56
1.5 2.000000000000772 -24.0 1.9999999999991183 -23.99999999998651 -3.833786490499683e-54
1.75 2.000000000000772 -24.0 2.0000000000008304 -23.99999999999962 -8.548289091174405e-52
2.0 2.000000000000772 -24.0 2.0000000000014686 -24.000000000005066 -1.5726437566102247e-49
2.25 2.000000000000772 -24.0 2.0000000000008615 -24.000000000000888 -2.351308388844086e-47
2.5 2.000000000000772 -24.0 1.9999999999996336 -23.99999999999166 -2.7506291988257142e-45
2.75 2.000000000000772 -24.0 1.99999999999862 -23.999999999983775 -2.2523830569655327e-43
3.0 2.000000000000772 -24.0 1.9999999999983726 -23.999999999981704 -6.518129048276597e-42
3.25 2.000000000000772 -24.0 1.9999999999989626 -23.999999999986134 1.637631564719423e-39
3.5 2.000000000000772 -24.0 2.0000000000001017 -23.999999999994845 3.7190631002266737e-37
3.75 2.000000000000772 -24.0 2.0000000000013074 -24.000000000004036 4.767397604445987e-35
4.0 2.000000000000772 -24.0 2.0000000000020774 -24.000000000009866 4.547325892745335e-33
4.25 2.000000000000772 -24.0 2.0000000000021223 -24.000000000010164 3.4602839938301873e-31
4.5 2.000000000000772 -24.0 2.0000000000015534 -24.000000000005834 2.1566080528120858e-29
4.75 2.000000000000772 -24.0 2.0000000000008384 -24.000000000000426 1.111987969600823e-27
5.0 2.000000000000772 -24.0 2.000000000000414 -23.99999999999724 4.7468193800184217e-26
5.25 2.000000000000772 -24.0 2.0000000000002953 -23.999999999996355 1.6638083285143045e-24
5.5 2.000000000000772 -24.0 2.00000000000015 -23.999999999995246 4.6815685166807494e-23
5.75 2.000000000000772 -24.0 1.999999999999758 -23.99999999999227 9.976476910669732e-22
6.0 2.000000000000772 -24.0 1.999999999999325 -23.999999999988983 1.3091921451978668e-20
6.25 2.000000000000772 -24.0 1.9999999999992508 -23.999999999988432 -4.8921798420998234e-20
6.5 2.000000000000772 -24.0 1.9999999999996496 -23.999999999991452 -8.808736703694343e-18
6.75 2.000000000000772 -24.0 2.0000000000001896 -23.999999999995545 -3.023468242913689e-16
7.0 2.000000000000772 -24.0 2.000000000000443 -23.999999999997467 -6.988407961666439e-15
7.25 2.000000000000772 -24.0 2.000000000000325 -23.99999999999644 -1.250209723893004e-13
7.5 2.000000000000772 -24.0 2.000000000000308 -23.999999999994284 -1.8100340773142959e-12
7.75 2.0000000000043068 -24.0 2.0000000000031823 -23.999999999992415 -2.1586786279083474e-11
8.0 2.0000000000325846 -24.0 2.0000000000331184 -23.999999999990067 -2.1327078847736331e-10
8.25 2.000000000272945 -24.0 2.00000000027353 -23.999999999986045 -1.7403567350686184e-09
8.5 2.0000000018246875 -24.0 2.0000000018246533 -23.999999999981192 -1.157538197381337e-08
8.75 2.0000000095727963 -24.0 2.0000000095723216 -23.99999999997829 -6.068217856011783e-08
9.0 2.000000035994837 -24.0 2.0000000359934402 -23.99999999997936 -2.2813709273067303e-07
9.25 2.0000000600203363 -24.0 2.000000060017489 -23.99999999998374 -3.803967102260639e-07
9.5 1.9999996265327424 -24.0 1.9999996265312463 -23.999999999989384 2.3670244376693356e-06
9.75 1.9999957475474597 -24.0 1.9999957475464651 -23.999999999994884 2.695195306443837e-05
10.0 1.9999752252358836 -24.0 1.999975225236946 -23.99999999999947 0.00015702467937915227
10.25 1.999894396029291 -24.0 1.9998943960297013 -24.000000000002064 0.0006693744426668637
10.5 1.999642966621962 -24.0 1.9996429666243856 -24.000000000001894 0.002263562657804649
10.75 1.9990139350143865 -24.0 1.999013935014723 -24.00000000000002 0.006254988727532051
11.0 1.9977498339794937 -24.0 1.9977498339806092 -23.99999999999876 0.014289354925302632
11.25 1.9957500367088483 -24.0 1.9957500367081957 -23.99999999999916 0.027035756852131283
11.5 1.993399646575772 -24.0 1.9933996465752435 -24.00000000000012 0.04207354924039483
11.75 1.991730967596807 -24.0 1.9917309675958803 -24.0000000000003 0.05278713821237704
12.0 1.9920483228509067 -24.0 1.9920483228501262 -23.99999999999985 0.050747193659481916
12.25 1.9950374480054685 -24.0 1.995037448006062 -23.999999999999645 0.03158840711176899
12.5 2.000000000000772 -24.0 2.000000000000761 -23.999999999999886 -0.0
12.75 2.0050056928219626 -24.0 2.005005692821761 -24.000000000000092 -0.03158840711176899
13.0 2.008063024301646 -24.0 2.0080630243021043 -23.999999999999993 -0.050747193659481916
13.25 2.0083895122040976 -24.0 2.0083895122046207 -23.99999999999983 -0.05278713821237704
13.5 2.006676888780399 -24.0 2.0066768887806203 -23.999999999999822 -0.04207354924039483
13.75 2.00428156469276 -24.0 2.0042815646945247 -23.999999999999886 -0.027035756852131283
14.0 2.0022589937123376 -24.0 2.0022589937126165 -23.999999999999908 -0.014289354925302632
14.25 2.0009877564890677 -24.0 2.0009877564894367 -23.9999999999999 -0.006254988727532051
14.5 2.000357254893485 -24.0 2.0003572548929336 -23.9999999999999 -0.002263562657804649
14.75 2.000105623342525 -24.0 2.0001056233433463 -23.999999999999897 -0.0006693744426668637
15.0 2.0000247758296115 -24.0 2.0000247758305205 -23.999999999999922 -0.00015702467937915227
15.25 2.0000042524858967 -24.0 2.0000042524858097 -23.99999999999995 -2.695195306443837e-05
15.5 2.0000003734688017 -24.0 2.000000373469141 -23.999999999999936 -2.3670244376693356e-06
15.75 1.9999999399812074 -24.0 1.9999999399819144 -23.999999999999932 3.803967102260639e-07
16.0 1.999999964003172 -24.0 1.9999999640053776 -23.999999999999922 2.2813709273067303e-07
16.25 1.9999999904252124 -24.0 1.999999990426354 -23.999999999999936 6.068217856011783e-08
16.5 1.999999998173321 -24.0 1.999999998174407 -23.999999999999943 1.157538197381337e-08
16.75 1.9999999997250635 -24.0 1.9999999997261746 -23.99999999999995 1.7403567350686184e-09
17.0 1.9999999999654245 -24.0 1.9999999999671187 -23.999999999999957 2.1327078847736331e-10
17.25 1.999999999997237 -24.0 1.9999999999973634 -23.999999999999964 2.1586786279083474e-11
17.5 2.000000000000772 -24.0 2.000000000000484 -23.999999999999964 1.8100340773142959e-12
17.75 2.000000000000772 -24.0 2.0000000000007514 -23.99999999999998 1.250209723893004e-13
18.0 2.000000000000772 -24.0 2.00000000000077 -23.99999999999998 6.988407961666439e-15
18.25 2.000000000000772 -24.0 2.000000000000771 -23.99999999999998 3.023468242913689e-16
18.5 2.000000000000772 -24.0 2.000000000000772 -23.99999999999998 8.808736703694343e-18
18.75 2.000000000000772 -24.0 2.0000000000007714 -23.999999999999982 4.8921798420998234e-20
19.0 2.000000000000772 -24.0 2.000000000000772 -23.999999999999986 -1.3091921451978668e-20
19.25 2.000000000000772 -24.0 2.0000000000007727 -23.999999999999993 -9.976476910669732e-22
19.5 2.000000000000772 -24.0 2.00000000000077 -23.999999999999986 -4.6815685166807494e-23
19.75 2.000000000000772 -24.0 2.000000000000772 -24.0 -1.6638083285143045e-24
20.0 2.000000000000772 -24.0 2.000000000000772 -24.0 -4.7468193800184217e-26
20.25 2.000000000000772 -24.0 2.000000000000772 -24.0 -1.111987969600823e-27
20.5 2.000000000000772 -24.0 2.000000000000772 -24.0 -2.1566080528120858e-29
20.75 2.000000000000772 -24.0 2.000000000000772 -24.0 -3.4602839938301873e-31
21.0 2.000000000000772 -24.0 2.000000000000772 -24.0 -4.547325892745335e-33
21.25 2.000000000000772 -24.0 2.000000000000772 -24.0 -4.767397604445987e-35
21.5 2.000000000000772 -24.0 2.000000000000772 -24.0 -3.7190631002266737e-37
21.75 2.000000000000772 -24.0 2.000000000000772 -24.0 -1.637631564719423e-39
22.0 2.000000000000772 -24.0 2.000000000000772 -24.0 6.518129048276597e-42
22.25 2.000000000000772 -24.0 2.000000000000772 -24.0 2.2523830569655327e-43
22.5 2.000000000000772 -24.0 2.000000000000772 -24.0 2.7506291988257142e-45
22.75 2.000000000000772 -24.0 2.000000000000772 -24.0 2.351308388844086e-47
23.0 2.000000000000772 -24.0 2.000000000000772 -24.0 1.5726437566102247e-49
23.25 2.000000000000772 -24.0 2.000000000000772 -24.0 8.548289091174405e-52
23.5 2.000000000000772 -24.0 2.000000000000772 -24.0 3.833786490499683e-54
23.75 2.000000000000772 -24.0 2.000000000000772 -24.0 1.4244864646060943e-56
24.0 2.000000000000772 -24.0 2.000000000000772 -24.0 4.36567780080435e-59
24.25 2.000000000000772 -24.0 2.000000000000772 -24.0 1.0864518245663961e-61
24.5 2.000000000000772 -24.0 2.000000000000772 -24.0 2.1109980944259782e-64
24.75 2.000000000000772 -24.0 2.000000000000772 -24.0 2.850203213424424e-67
