0.0 2.000000000000772 -24.0 1.9999821871943533 -23.999786241993338 -1.2485577391691675e-70
0.25 2.000000000000772 -24.0 1.9999881009415637 -23.99989886893396 -2.850203213424424e-67
0.5 2.000000000000772 -24.0 1.9999939028446327 -24.000002130035824 -2.1109980944259782e-64
0.75 2.000000000000772 -24.0 1.9999963915519166 -24.000044589083718 -1.0864518245663961e-61
1.0 2.000000000000772 -24.0 1.9999983603026887 -24.000062460268982 -4.36567780080435e-59
1.25 2.000000000000772 -24.0 2.0000008916742864 -24.00007489682793 -1.4244864646060943e-56
1.5 2.000000000000772 -24.0 2.0000041702012705 -24.000086216180485 -3.833786490499683e-54
1.75 2.000000000000772 -24.0 2.000007501184812 -24.000093589820544 -8.548289091174405e-52
2.0 2.000000000000772 -24.0 2.0000096599643444 -24.000087275545653 -1.5726437566102247e-49
2.25 2.000000000000772 -24.0 2.000010826327948 -24.000065344315473 -2.351308388844086e-47
2.5 2.000000000000772 -24.0 2.000012291120358 -24.000039274629042 -2.7506291988257142e-45
2.75 2.000000000000772 -24.0 2.0000154903589102 -24.000023961340293 -2.2523830569655327e-43
3.0 2.000000000000772 -24.0 2.0000200960762635 -24.00002588020726 -6.518129048276597e-42
3.25 2.000000000000772 -24.0 2.0000244273287064 -24.000029593260855 1.637631564719423e-39
3.5 2.000000000000772 -24.0 2.0000266756972738 -24.00002089142411 3.7190631002266737e-37
3.75 2.000000000000772 -24.0 2.0000183298220806 -23.99994994885716 4.767397604445987e-35
4.0 2.000000000000772 -24.0 1.999996598431518 -23.999784007711316 4.547325892745335e-33
4.25 2.000000000000772 -24.0 1.9999711614378668 -23.999602212470606 3.4602839938301873e-31
4.5 2.000000000000772 -24.0 1.9999545054374517 -23.99949975748195 2.1566080528120858e-29
4.75 2.000000000000772 -24.0 1.9999568771568934 -23.999584082471298 1.111987969600823e-27
5.0 2.000000000000772 -24.0 1.999971762617015 -23.99979295722907 4.7468193800184217e-26
5.25 2.000000000000772 -24.0 1.9999903545904405 -24.0000277913322 1.6638083285143045e-24
5.5 2.000000000000772 -24.0 2.0000018604932266 -24.000146885561115 4.6815685166807494e-23
5.75 2.000000000000772 -24.0 2.0000029799247896 -24.000143508728492 9.976476910669732e-22
6.0 2.000000000000772 -24.0 2.0000000468228407 -24.000091870852692 1.3091921451978668e-20
6.25 2.000000000000772 -24.0 1.999997156782673 -24.000046507861533 -4.8921798420998234e-20
6.5 2.000000000000772 -24.0 2.0000009452175758 -24.00009198683493 -8.808736703694343e-18
6.75 2.000000000000772 -24.0 2.000015176785573 -24.000234716665915 -3.023468242913689e-16
7.0 2.000000000000772 -24.0 2.000030310008002 -24.000332667002056 -6.988407961666439e-15
7.25 2.000000000000772 -24.0 2.00003879024004 -24.00035202295627 -1.250209723893004e-13
7.5 2.000000000000772 -24.0 2.000044421564541 -24.000351513020274 -1.8100340773142959e-12
7.75 2.0000000000043068 -24.0 2.000044398324264 -24.000337782816224 -2.1586786279083474e-11
8.0 2.0000000000325846 -24.0 2.0000329247955664 -24.000263381188383 -2.1327078847736331e-10
8.25 2.000000000272945 -24.0 2.0000066605074966 -24.000004125205965 -1.7403567350686184e-09
8.5 2.0000000018246875 -24.0 1.9999735037072066 -23.999608495763546 -1.157538197381337e-08
8.75 2.0000000095727963 -24.0 1.9999457111672978 -23.999295281811428 -6.068217856011783e-08
9.0 2.000000035994837 -24.0 1.9999516062797156 -23.999489213461345 -2.2813709273067303e-07
9.25 2.0000000600203363 -24.0 2.0000116489951987 -24.00033700605269 -3.803967102260639e-07
9.5 1.9999996265327424 -24.0 2.000055213148908 -24.00084008842998 2.3670244376693356e-06
9.75 1.9999957475474597 -24.0 1.9999902558247795 -24.00000463505916 2.695195306443837e-05
10.0 1.9999752252358836 -24.0 1.999917476535625 -23.998917516592016 0.00015702467937915227
10.25 1.999894396029291 -24.0 1.9999732276045377 -24.0006659215978 0.0006693744426668637
10.5 1.999642966621962 -24.0 1.9997300728136018 -24.001343988163523 0.002263562657804649
10.75 1.9990139350143865 -24.0 1.9988596057605692 -23.99618753909731 0.006254988727532051
11.0 1.9977498339794937 -24.0 1.9981956465519934 -24.00157760187492 0.014289354925302632
11.25 1.9957500367088483 -24.0 1.9961378835028938 -24.004000814846084 0.027035756852131283
11.5 1.993399646575772 -24.0 1.9932086610703057 -23.995533821684372 0.04207354924039483
11.75 1.991730967596807 -24.0 1.9917254539676477 -23.995800636528074 0.05278713821237704
12.0 1.9920483228509067 -24.0 1.991978437704055 -24.00614934931787 0.050747193659481916
12.25 1.9950374480054685 -24.0 1.9947102565088266 -23.99929905765211 0.03158840711176899
12.5 2.000000000000772 -24.0 1.9999028968145365 -23.99836581984932 -0.0
12.75 2.0050056928219626 -24.0 2.004981991232203 -24.001170356048775 -0.03158840711176899
13.0 2.008063024301646 -24.0 2.008010034545302 -23.999611152118845 -0.050747193659481916
13.25 2.0083895122040976 -24.0 2.0083776055789526 -24.000060918540274 -0.05278713821237704
13.5 2.006676888780399 -24.0 2.006768196688921 -24.00000537789944 -0.04207354924039483
13.75 2.00428156469276 -24.0 2.0042809775111294 -23.9999880184303 -0.027035756852131283
14.0 2.0022589937123376 -24.0 2.002262435576423 -24.000005639895292 -0.014289354925302632
14.25 2.0009877564890677 -24.0 2.0009961139514365 -23.99999971539169 -0.006254988727532051
14.5 2.000357254893485 -24.0 2.0003689636030364 -23.99999980869782 -0.002263562657804649
14.75 2.000105623342525 -24.0 2.0001137330172494 -24.000000018254042 -0.0006693744426668637
15.0 2.0000247758296115 -24.0 2.0000285322895013 -24.000000002167734 -0.00015702467937915227
15.25 2.0000042524858967 -24.0 2.000005451152806 -23.999999999927503 -2.695195306443837e-05
15.5 2.0000003734688017 -24.0 2.000000625266099 -23.999999999823615 -2.3670244376693356e-06
15.75 1.9999999399812074 -24.0 1.9999999594803533 -24.000000000030504 3.803967102260639e-07
16.0 1.999999964003172 -24.0 1.9999999499529042 -24.000000000017952 2.2813709273067303e-07
16.25 1.9999999904252124 -24.0 1.999999995324936 -23.999999999973888 6.068217856011783e-08
16.5 1.999999998173321 -24.0 1.99999999611356 -24.000000000025135 1.157538197381337e-08
16.75 1.9999999997250635 -24.0 2.000000000898643 -23.99999999997909 1.7403567350686184e-09
17.0 1.9999999999654245 -24.0 1.9999999992608162 -24.000000000014573 2.1327078847736331e-10
17.25 1.999999999997237 -24.0 2.000000000399633 -23.999999999990763 2.1586786279083474e-11
17.5 2.000000000000772 -24.0 1.999999999764794 -24.000000000004615 1.8100340773142959e-12
17.75 2.000000000000772 -24.0 2.0000000001377187 -23.99999999999777 1.250209723893004e-13
18.0 2.000000000000772 -24.0 1.9999999999209226 -24.00000000000047 6.988407961666439e-15
18.25 2.000000000000772 -24.0 2.000000000047279 -23.999999999999993 3.023468242913689e-16
18.5 2.000000000000772 -24.0 1.9999999999736475 -23.999999999999552 8.808736703694343e-18
18.75 2.000000000000772 -24.0 2.000000000016562 -24.000000000000256 4.8921798420998234e-20
19.0 2.000000000000772 -24.0 1.9999999999915619 -23.999999999999684 -1.3091921451978668e-20
19.25 2.000000000000772 -24.0 2.000000000006125 -24.000000000000107 -9.976476910669732e-22
19.5 2.000000000000772 -24.0 1.999999999997645 -23.99999999999983 -4.6815685166807494e-23
19.75 2.000000000000772 -24.0 2.00000000000258 -23.99999999999998 -1.6638083285143045e-24
20.0 2.000000000000772 -24.0 1.999999999999713 -23.999999999999936 -4.7468193800184217e-26
20.25 2.000000000000772 -24.0 2.0000000000013793 -23.99999999999995 -1.111987969600823e-27
20.5 2.000000000000772 -24.0 2.0000000000004095 -23.999999999999943 -2.1566080528120858e-29
20.75 2.000000000000772 -24.0 2.0000000000009743 -23.99999999999995 -3.4602839938301873e-31
21.0 2.000000000000772 -24.0 2.0000000000006466 -23.999999999999957 -4.547325892745335e-33
21.25 2.000000000000772 -24.0 2.000000000000838 -23.999999999999957 -4.767397604445987e-35
21.5 2.000000000000772 -24.0 2.0000000000007274 -23.999999999999964 -3.7190631002266737e-37
21.75 2.000000000000772 -24.0 2.0000000000007914 -23.999999999999964 -1.637631564719423e-39
22.0 2.000000000000772 -24.0 2.000000000000753 -23.999999999999964 6.518129048276597e-42
22.25 2.000000000000772 -24.0 2.0000000000007763 -23.99999999999997 2.2523830569655327e-43
22.5 2.000000000000772 -24.0 2.0000000000007647 -23.99999999999998 2.7506291988257142e-45
22.75 2.000000000000772 -24.0 2.0000000000007745 -23.999999999999993 2.351308388844086e-47
23.0 2.000000000000772 -24.0 2.0000000000007696 -23.999999999999993 1.5726437566102247e-49
23.25 2.000000000000772 -24.0 2.000000000000772 -23.999999999999993 8.548289091174405e-52
23.5 2.000000000000772 -24.0 2.000000000000772 -24.0 3.833786490499683e-54
23.75 2.000000000000772 -24.0 2.0000000000007714 -23.999999999999993 1.4244864646060943e-56
24.0 2.000000000000772 -24.0 2.000000000000772 -24.0 4.36567780080435e-59
24.25 2.000000000000772 -24.0 2.000000000000772 -24.0 1.0864518245663961e-61
24.5 2.000000000000772 -24.0 2.000000000000772 -24.0 2.1109980944259782e-64
24.75 2.000000000000772 -24.0 2.000000000000772 -24.0 2.850203213424424e-67
