0.0 2.000000000000772 -24.0 2.0000000000017497 -24.000000000016392 -1.2485577391691675e-70
0.025 2.000000000000772 -24.0 2.000000000001477 -24.00000000001174 -3.207128725903494e-70
0.05 2.000000000000772 -24.0 2.000000000001718 -24.000000000015795 -7.61021152254107e-70
0.07500000000000001 2.000000000000772 -24.0 2.0000000000013483 -24.000000000009564 -1.7199764743941343e-69
0.1 2.000000000000772 -24.0 2.000000000001314 -24.000000000009106 -3.760245770446665e-69
0.125 2.000000000000772 -24.0 2.000000000001098 -24.000000000005464 -8.023378137447364e-69
0.15000000000000002 2.000000000000772 -24.0 2.00000000000124 -24.000000000007745 -1.6803071359948142e-68
0.17500000000000002 2.000000000000772 -24.0 2.0000000000012492 -24.000000000007905 -3.466961123203379e-68
0.2 2.000000000000772 -24.0 2.000000000001372 -24.00000000001006 -7.066277007771242e-68
0.225 2.000000000000772 -24.0 2.0000000000012577 -24.00000000000827 -1.4254606042637545e-67
0.25 2.000000000000772 -24.0 2.0000000000011493 -24.00000000000653 -2.850203213424424e-67
0.275 2.000000000000772 -24.0 2.0000000000009157 -24.00000000000262 -5.6551073145168206e-67
0.30000000000000004 2.000000000000772 -24.0 2.0000000000008074 -24.000000000000817 -1.1143840376281877e-66
0.325 2.000000000000772 -24.0 2.000000000000763 -24.000000000000107 -2.182559875779752e-66
0.35000000000000003 2.000000000000772 -24.0 2.000000000000897 -24.00000000000236 -4.250945511354934e-66
0.375 2.000000000000772 -24.0 2.0000000000010525 -24.00000000000492 -8.237583357394523e-66
0.4 2.000000000000772 -24.0 2.0000000000012004 -24.000000000007308 -1.5888450293899902e-65
0.42500000000000004 2.000000000000772 -24.0 2.0000000000012177 -24.000000000007617 -3.05123791520653e-65
0.45 2.000000000000772 -24.0 2.000000000001176 -24.00000000000697 -5.83588937011854e-65
0.47500000000000003 2.000000000000772 -24.0 2.000000000001138 -24.000000000006327 -1.1119377206531254e-64
0.5 2.000000000000772 -24.0 2.000000000001192 -24.000000000007184 -2.1109980944259782e-64
0.525 2.000000000000772 -24.0 2.0000000000013163 -24.00000000000921 -3.99400634946599e-64
0.55 2.000000000000772 -24.0 2.000000000001452 -24.000000000011475 -7.532042663427859e-64
0.5750000000000001 2.000000000000772 -24.0 2.0000000000015405 -24.000000000012943 -1.415992906768477e-63
0.6000000000000001 2.000000000000772 -24.0 2.00000000000158 -24.000000000013536 -2.6540415818424765e-63
0.625 2.000000000000772 -24.0 2.000000000001591 -24.00000000001369 -4.960217038783217e-63
0.65 2.000000000000772 -24.0 2.0000000000016205 -24.000000000014175 -9.244484572660568e-63
0.675 2.000000000000772 -24.0 2.000000000001692 -24.000000000015355 -1.718272474634892e-62
0.7000000000000001 2.000000000000772 -24.0 2.0000000000017915 -24.00000000001703 -3.1853928444269616e-62
0.7250000000000001 2.000000000000772 -24.0 2.000000000001903 -24.000000000018897 -5.890152117734197e-62
0.75 2.000000000000772 -24.0 2.000000000002012 -24.00000000002066 -1.0864518245663961e-61
0.775 2.000000000000772 -24.0 2.0000000000021156 -24.00000000002224 -1.999125932595272e-61
0.8 2.000000000000772 -24.0 2.000000000002202 -24.000000000023633 -3.6697668525828435e-61
0.8250000000000001 2.000000000000772 -24.0 2.000000000002261 -24.000000000024684 -6.720882163419382e-61
0.8500000000000001 2.000000000000772 -24.0 2.000000000002287 -24.000000000025167 -1.2280684238163775e-60
0.875 2.000000000000772 -24.0 2.0000000000022546 -24.00000000002462 -2.2389513277987053e-60
0.9 2.000000000000772 -24.0 2.0000000000021467 -24.00000000002278 -4.0729434217744756e-60
0.925 2.000000000000772 -24.0 2.0000000000019575 -24.00000000001968 -7.393127966516549e-60
0.9500000000000001 2.000000000000772 -24.0 2.0000000000017186 -24.00000000001583 -1.3391137051841452e-59
0.9750000000000001 2.000000000000772 -24.0 2.0000000000014824 -24.000000000012026 -2.420406029382249e-59
1.0 2.000000000000772 -24.0 2.0000000000012763 -24.000000000008683 -4.36567780080435e-59
1.0250000000000001 2.000000000000772 -24.0 2.000000000001127 -24.000000000006136 -7.8581087712697095e-59
1.05 2.000000000000772 -24.0 2.000000000001039 -24.000000000004587 -1.411551286346563e-58
1.075 2.000000000000772 -24.0 2.0000000000010294 -24.000000000004423 -2.530440596163147e-58
1.1 2.000000000000772 -24.0 2.0000000000011475 -24.00000000000636 -4.527144471640695e-58
1.125 2.000000000000772 -24.0 2.000000000001401 -24.00000000001051 -8.083295968589929e-58
1.1500000000000001 2.000000000000772 -24.0 2.000000000001714 -24.000000000015746 -1.4404397548971597e-57
1.175 2.000000000000772 -24.0 2.0000000000019638 -24.000000000019902 -2.5618293684040885e-57
1.2000000000000002 2.000000000000772 -24.0 2.000000000002032 -24.00000000002099 -4.5473588753179857e-57
1.225 2.000000000000772 -24.0 2.0000000000018847 -24.00000000001851 -8.056142177712438e-57
1.25 2.000000000000772 -24.0 2.0000000000016227 -24.00000000001413 -1.4244864646060943e-56
1.2750000000000001 2.000000000000772 -24.0 2.0000000000013936 -24.000000000010342 -2.5139511568903604e-56
1.3 2.000000000000772 -24.0 2.0000000000012976 -24.00000000000877 -4.428189557266659e-56
1.3250000000000002 2.000000000000772 -24.0 2.000000000001328 -24.000000000009358 -7.785196324389693e-56
1.35 2.000000000000772 -24.0 2.0000000000014104 -24.000000000010886 -1.3661225834023005e-55
1.375 2.000000000000772 -24.0 2.0000000000014935 -24.000000000012268 -2.3927033740792414e-55
1.4000000000000001 2.000000000000772 -24.0 2.0000000000015445 -24.00000000001301 -4.1828194890858076e-55
1.425 2.000000000000772 -24.0 2.0000000000015548 -24.000000000013074 -7.298474087965946e-55
1.4500000000000002 2.000000000000772 -24.0 2.000000000001531 -24.000000000012683 -1.2710978009256623e-54
1.475 2.000000000000772 -24.0 2.0000000000015037 -24.00000000001234 -2.209585075711625e-54
1.5 2.000000000000772 -24.0 2.0000000000015383 -24.000000000012975 -3.833786490499683e-54
1.5250000000000001 2.000000000000772 -24.0 2.0000000000016653 -24.000000000015067 -6.639429774965276e-54
1.55 2.000000000000772 -24.0 2.0000000000018354 -24.00000000001785 -1.1476757239728728e-53
1.5750000000000002 2.000000000000772 -24.0 2.000000000001935 -24.00000000001948 -1.9801254871404934e-53
1.6 2.000000000000772 -24.0 2.000000000001874 -24.00000000001841 -3.4099698947990406e-53
1.625 2.000000000000772 -24.0 2.000000000001658 -24.000000000014786 -5.861267598663116e-53
1.6500000000000001 2.000000000000772 -24.0 2.0000000000014104 -24.000000000010694 -1.0055744678944166e-52
1.675 2.000000000000772 -24.0 2.0000000000012896 -24.00000000000874 -1.7219350198428513e-52
1.7000000000000002 2.000000000000772 -24.0 2.000000000001354 -24.000000000009813 -2.943044929141196e-52
1.725 2.000000000000772 -24.0 2.0000000000015223 -24.000000000012598 -5.020558570927434e-52
1.75 2.000000000000772 -24.0 2.0000000000016467 -24.00000000001456 -8.548289091174405e-52
1.7750000000000001 2.000000000000772 -24.0 2.00000000000162 -24.000000000014094 -1.452696785103895e-51
1.8 2.000000000000772 -24.0 2.0000000000014846 -24.000000000011923 -2.4639706292681554e-51
1.8250000000000002 2.000000000000772 -24.0 2.0000000000013625 -24.00000000001006 -4.1711573187998824e-51
1.85 2.000000000000772 -24.0 2.0000000000013363 -24.00000000000971 -7.047471785717218e-51
1.875 2.000000000000772 -24.0 2.000000000001353 -24.000000000009905 -1.1883943908134718e-50
1.9000000000000001 2.000000000000772 -24.0 2.000000000001269 -24.000000000008455 -2.000011615982941e-50
1.925 2.000000000000772 -24.0 2.0000000000010294 -24.00000000000447 -3.359253341841682e-50
1.9500000000000002 2.000000000000772 -24.0 2.000000000000739 -23.999999999999737 -5.630984641584324e-50
1.975 2.000000000000772 -24.0 2.000000000000579 -23.999999999997197 -9.41997283432247e-50
2.0 2.000000000000772 -24.0 2.0000000000006577 -23.999999999998526 -1.5726437566102247e-49
2.025 2.000000000000772 -24.0 2.0000000000009166 -24.000000000002704 -2.620097012181645e-49
2.0500000000000003 2.000000000000772 -24.0 2.000000000001168 -24.000000000006764 -4.356129591028779e-49
2.075 2.000000000000772 -24.0 2.0000000000012754 -24.00000000000847 -7.227195561827664e-49
2.1 2.000000000000772 -24.0 2.0000000000012657 -24.000000000008292 -1.1964998047712175e-48
2.125 2.000000000000772 -24.0 2.0000000000012927 -24.000000000008743 -1.976589158084722e-48
2.15 2.000000000000772 -24.0 2.0000000000014793 -24.000000000011916 -3.2581201677903115e-48
2.1750000000000003 2.000000000000772 -24.0 2.000000000001822 -24.00000000001761 -5.358575572987094e-48
2.2 2.000000000000772 -24.0 2.0000000000021814 -24.00000000002345 -8.793189124986368e-48
2.225 2.000000000000772 -24.0 2.0000000000023554 -24.000000000026294 -1.4395935097033357e-47
2.25 2.000000000000772 -24.0 2.0000000000022347 -24.000000000024336 -2.351308388844086e-47
2.275 2.000000000000772 -24.0 2.000000000001862 -24.00000000001822 -3.831187377468307e-47
2.3000000000000003 2.000000000000772 -24.0 2.000000000001405 -24.000000000010722 -6.227114849281717e-47
2.325 2.000000000000772 -24.0 2.000000000001096 -24.000000000005627 -1.0095855044541322e-46
2.35 2.000000000000772 -24.0 2.0000000000010933 -24.000000000005574 -1.632571775631622e-46
2.375 2.000000000000772 -24.0 2.000000000001382 -24.00000000001033 -2.632942317395744e-46
2.4000000000000004 2.000000000000772 -24.0 2.0000000000017777 -24.000000000016872 -4.23461073102761e-46
2.4250000000000003 2.000000000000772 -24.0 2.000000000002037 -24.00000000002115 -6.791217650451203e-46
2.45 2.000000000000772 -24.0 2.0000000000020233 -24.00000000002089 -1.0859198604467562e-45
2.475 2.000000000000772 -24.0 2.0000000000017817 -24.000000000016875 -1.73105984679808e-45
2.5 2.000000000000772 -24.0 2.000000000001486 -24.000000000012015 -2.7506291988257142e-45
2.5250000000000004 2.000000000000772 -24.0 2.0000000000013047 -24.000000000009116 -4.356033735763538e-45
2.5500000000000003 2.000000000000772 -24.0 2.000000000001296 -24.000000000008946 -6.874067827199131e-45
2.575 2.000000000000772 -24.0 2.0000000000013607 -24.000000000009987 -1.0807188965707083e-44
2.6 2.000000000000772 -24.0 2.000000000001389 -24.000000000010438 -1.6923394763152405e-44
2.625 2.000000000000772 -24.0 2.0000000000013607 -24.00000000000993 -2.638888646042497e-44
2.6500000000000004 2.000000000000772 -24.0 2.000000000001334 -24.0000000000095 -4.0961546419023566e-44
2.6750000000000003 2.000000000000772 -24.0 2.0000000000014007 -24.000000000010644 -6.326902277480685e-44
2.7 2.000000000000772 -24.0 2.0000000000016165 -24.000000000014197 -9.72012144562803e-44
2.725 2.000000000000772 -24.0 2.000000000001931 -24.00000000001939 -1.4845133099631818e-43
2.75 2.000000000000772 -24.0 2.000000000002237 -24.000000000024507 -2.2523830569655327e-43
2.7750000000000004 2.000000000000772 -24.0 2.0000000000024345 -24.000000000027796 -3.392276304524222e-43
2.8000000000000003 2.000000000000772 -24.0 2.0000000000024487 -24.000000000027995 -5.066210362384411e-43
2.825 2.000000000000772 -24.0 2.0000000000022515 -24.00000000002461 -7.49276645961125e-43
2.85 2.000000000000772 -24.0 2.000000000001881 -24.000000000018467 -1.0954931288719216e-42
2.875 2.000000000000772 -24.0 2.000000000001494 -24.000000000012136 -1.5796414191572262e-42
2.9000000000000004 2.000000000000772 -24.0 2.0000000000012763 -24.000000000008605 -2.2389744900556132e-42
2.9250000000000003 2.000000000000772 -24.0 2.0000000000013145 -24.000000000009265 -3.104373336154678e-42
2.95 2.000000000000772 -24.0 2.000000000001531 -24.000000000012857 -4.1789500664144645e-42
2.975 2.000000000000772 -24.0 2.0000000000017417 -24.0000000000162 -5.393393793276109e-42
3.0 2.000000000000772 -24.0 2.0000000000017595 -24.000000000016414 -6.518129048276597e-42
3.0250000000000004 2.000000000000772 -24.0 2.000000000001551 -24.000000000013024 -6.997093868289248e-42
3.0500000000000003 2.000000000000772 -24.0 2.000000000001247 -24.000000000008143 -5.6417737497315465e-42
3.075 2.000000000000772 -24.0 2.0000000000010365 -24.00000000000471 -7.962398971434832e-44
3.1 2.000000000000772 -24.0 2.000000000001027 -24.00000000000452 1.422411275693031e-41
3.125 2.000000000000772 -24.0 2.000000000001206 -24.000000000007397 4.567817789604015e-41
3.1500000000000004 2.000000000000772 -24.0 2.0000000000014575 -24.000000000011468 1.0952769302849172e-40
3.1750000000000003 2.000000000000772 -24.0 2.0000000000016125 -24.00000000001402 2.329325329794819e-40
3.2 2.000000000000772 -24.0 2.0000000000015454 -24.000000000012953 4.636017683509511e-40
3.225 2.000000000000772 -24.0 2.0000000000012332 -24.000000000007933 8.843682806708304e-40
3.25 2.000000000000772 -24.0 2.000000000000802 -24.000000000000888 1.637631564719423e-39
3.2750000000000004 2.000000000000772 -24.0 2.0000000000004494 -23.99999999999506 2.966111642178372e-39
3.3000000000000003 2.000000000000772 -24.0 2.000000000000335 -23.99999999999314 5.2804380857322505e-39
3.325 2.000000000000772 -24.0 2.000000000000475 -23.999999999995538 9.270696934396925e-39
3.35 2.000000000000772 -24.0 2.000000000000759 -24.000000000000306 1.6089691475392133e-38
3.375 2.000000000000772 -24.0 2.000000000001027 -24.000000000004746 2.7652750956800404e-38
3.4000000000000004 2.000000000000772 -24.0 2.00000000000117 -24.00000000000702 4.712626436385147e-38
3.4250000000000003 2.000000000000772 -24.0 2.00000000000115 -24.000000000006693 7.972076175243819e-38
3.45 2.000000000000772 -24.0 2.000000000001007 -24.00000000000448 1.3397382911216649e-37
3.475 2.000000000000772 -24.0 2.0000000000008273 -24.000000000001656 2.2381838356032733e-37
3.5 2.000000000000772 -24.0 2.0000000000006875 -23.999999999999474 3.7190631002266737e-37
3.5250000000000004 2.000000000000772 -24.0 2.0000000000006737 -23.99999999999934 6.149328554848944e-37
3.5500000000000003 2.000000000000772 -24.0 2.0000000000008695 -24.00000000000265 1.0121407319873481e-36
3.575 2.000000000000772 -24.0 2.0000000000012688 -24.00000000000943 1.6588636843696637e-36
3.6 2.000000000000772 -24.0 2.0000000000017266 -24.000000000017415 2.708035664796088e-36
3.625 2.000000000000772 -24.0 2.000000000002042 -24.00000000002318 4.404258009248603e-36
3.6500000000000004 2.000000000000772 -24.0 2.0000000000020854 -24.000000000024404 7.137614307672968e-36
3.6750000000000003 2.000000000000772 -24.0 2.000000000001851 -24.00000000002113 1.1528461656909949e-35
3.7 2.000000000000772 -24.0 2.0000000000014335 -24.000000000015326 1.8560693312315038e-35
3.725 2.000000000000772 -24.0 2.0000000000009894 -24.000000000009493 2.979066736622274e-35
3.75 2.000000000000772 -24.0 2.0000000000006515 -24.00000000000525 4.767397604445987e-35
3.7750000000000004 2.000000000000772 -24.0 2.000000000000428 -24.00000000000261 7.607531331130017e-35
3.8000000000000003 2.000000000000772 -24.0 2.0000000000001608 -24.00000000000025 1.2106218924007303e-34
3.825 2.000000000000772 -24.0 1.999999999999656 -23.999999999996817 1.921376879200274e-34
3.85 2.000000000000772 -24.0 1.999999999998981 -23.99999999999279 3.0415081655923462e-34
3.875 2.000000000000772 -24.0 1.999999999998605 -23.99999999999121 4.802503147034089e-34
3.9000000000000004 2.000000000000772 -24.0 1.999999999999038 -23.99999999999511 7.564418649237672e-34
3.9250000000000003 2.000000000000772 -24.0 2.0000000000001883 -24.000000000003315 1.1886038390279906e-33
3.95 2.000000000000772 -24.0 2.0000000000011875 -24.00000000000955 1.8632647696966683e-33
3.975 2.000000000000772 -24.0 2.0000000000011147 -24.000000000007574 2.9141243919621215e-33
4.0 2.000000000000772 -24.0 1.9999999999999578 -23.999999999997833 4.547325892745335e-33
4.025 2.000000000000772 -24.0 1.9999999999987654 -23.999999999988084 7.08003429138678e-33
4.05 2.000000000000772 -24.0 1.9999999999986566 -23.999999999986287 1.0999204945488797e-32
4.075 2.000000000000772 -24.0 1.999999999999695 -23.99999999999274 1.7050924828732827e-32
4.1000000000000005 2.000000000000772 -24.0 2.0000000000008624 -24.000000000000227 2.6375954000813244e-32
4.125 2.000000000000772 -24.0 2.000000000001099 -24.000000000001556 4.0714940949284585e-32
4.15 2.000000000000772 -24.0 2.0000000000002602 -23.99999999999606 6.271849961695167e-32
4.175 2.000000000000772 -24.0 1.9999999999991096 -23.999999999989146 9.641478893875457e-32
4.2 2.000000000000772 -24.0 1.99999999999851 -23.99999999998657 1.4791318609840628e-31
4.2250000000000005 2.000000000000772 -24.0 1.9999999999986775 -23.999999999989576 2.2646115092850218e-31
4.25 2.000000000000772 -24.0 1.9999999999991596 -23.999999999994873 3.4602839938301873e-31
4.275 2.000000000000772 -24.0 1.9999999999994533 -23.99999999999875 5.2767676836075284e-31
4.3 2.000000000000772 -24.0 1.999999999999551 -24.00000000000066 8.0309842467275e-31
4.325 2.000000000000772 -24.0 1.9999999999998095 -24.00000000000248 1.219887966077023e-30
4.3500000000000005 2.000000000000772 -24.0 2.0000000000003073 -24.000000000004448 1.8493825857628825e-30
4.375 2.000000000000772 -24.0 2.0000000000006066 -24.000000000004157 2.798298194819873e-30
4.4 2.000000000000772 -24.0 2.000000000000255 -23.999999999999964 4.225965288071211e-30
4.425 2.000000000000772 -24.0 1.9999999999994553 -23.999999999994536 6.369808936104075e-30
4.45 2.000000000000772 -24.0 1.9999999999989595 -23.999999999993037 9.582941706884708e-30
4.4750000000000005 2.000000000000772 -24.0 1.99999999999923 -23.999999999997094 1.4389518087574973e-29
4.5 2.000000000000772 -24.0 1.9999999999999474 -24.000000000002515 2.1566080528120858e-29
4.525 2.000000000000772 -24.0 2.0000000000004423 -24.0000000000041 3.2260863834562185e-29
4.55 2.000000000000772 -24.0 2.0000000000004112 -24.00000000000115 4.8168421569564733e-29
4.575 2.000000000000772 -24.0 2.000000000000092 -23.9999999999976 7.178471636680691e-29
4.6000000000000005 2.000000000000772 -24.0 1.9999999999999005 -23.999999999997744 1.0677900206662695e-28
4.625 2.000000000000772 -24.0 2.000000000000077 -24.00000000000284 1.5853487713817023e-28
4.65 2.000000000000772 -24.0 2.0000000000005866 -24.000000000010704 2.349358714699909e-28
4.675 2.000000000000772 -24.0 2.0000000000011986 -24.000000000017472 3.4750376167468296e-28
4.7 2.000000000000772 -24.0 2.000000000001621 -24.000000000019877 5.130446096074551e-28
4.7250000000000005 2.000000000000772 -24.0 2.000000000001697 -24.00000000001717 7.560240733947868e-28
4.75 2.000000000000772 -24.0 2.0000000000014335 -24.000000000011006 1.111987969600823e-27
4.775 2.000000000000772 -24.0 2.0000000000008953 -24.0000000000037 1.6324777288682076e-27
4.800000000000001 2.000000000000772 -24.0 2.0000000000001927 -23.999999999997183 2.3920791350568763e-27
4.825 2.000000000000772 -24.0 1.9999999999996099 -23.999999999993477 3.498508622723132e-27
4.8500000000000005 2.000000000000772 -24.0 1.9999999999995424 -23.9999999999944 5.107015027443151e-27
4.875 2.000000000000772 -24.0 2.000000000000025 -23.999999999998963 7.44089836681967e-27
4.9 2.000000000000772 -24.0 2.000000000000522 -24.000000000002622 1.0820679358050657e-26
4.925000000000001 2.000000000000772 -24.0 2.0000000000004383 -24.000000000001496 1.5705474219976266e-26
4.95 2.000000000000772 -24.0 1.9999999999998272 -23.9999999999969 2.2751548869943728e-26
4.9750000000000005 2.000000000000772 -24.0 1.9999999999993154 -23.999999999993793 3.2894995160088094e-26
5.0 2.000000000000772 -24.0 1.9999999999992886 -23.999999999994408 4.7468193800184217e-26
5.025 2.000000000000772 -24.0 1.9999999999994549 -23.999999999995552 6.836348138133838e-26
5.050000000000001 2.000000000000772 -24.0 1.999999999999349 -23.99999999999337 9.826259699366093e-26
5.075 2.000000000000772 -24.0 1.9999999999989666 -23.999999999988614 1.4095755114034432e-25
5.1000000000000005 2.000000000000772 -24.0 1.9999999999986642 -23.999999999985405 2.017982107211274e-25
5.125 2.000000000000772 -24.0 1.999999999998606 -23.999999999985896 2.8831502816409013e-25
5.15 2.000000000000772 -24.0 1.999999999998625 -23.999999999988514 4.1108315305850485e-25
5.175000000000001 2.000000000000772 -24.0 1.9999999999985958 -23.999999999991168 5.849182239504409e-25
5.2 2.000000000000772 -24.0 1.9999999999986036 -23.999999999993385 8.305265084697836e-25
5.2250000000000005 2.000000000000772 -24.0 1.9999999999986717 -23.999999999994852 1.1767754269319202e-24
5.25 2.000000000000772 -24.0 1.9999999999986002 -23.999999999994174 1.6638083285143045e-24
5.275 2.000000000000772 -24.0 1.9999999999982818 -23.999999999990802 2.3473041374023936e-24
5.300000000000001 2.000000000000772 -24.0 1.9999999999979634 -23.99999999998686 3.3042837924156444e-24
5.325 2.000000000000772 -24.0 1.999999999997986 -23.99999999998519 4.64099834688132e-24
5.3500000000000005 2.000000000000772 -24.0 1.9999999999983684 -23.999999999986386 6.503606934487226e-24
5.375 2.000000000000772 -24.0 1.9999999999988312 -23.999999999988763 9.092577194644609e-24
5.4 2.000000000000772 -24.0 1.999999999999208 -23.999999999991115 1.2682028866634167e-23
5.425000000000001 2.000000000000772 -24.0 1.999999999999563 -23.99999999999352 1.7645607765431595e-23
5.45 2.000000000000772 -24.0 1.9999999999999347 -23.999999999995794 2.4490938514206842e-23
5.4750000000000005 2.000000000000772 -24.0 2.00000000000016 -23.99999999999669 3.390527718294937e-23
5.5 2.000000000000772 -24.0 2.0000000000000986 -23.999999999995623 4.6815685166807494e-23
5.525 2.000000000000772 -24.0 1.9999999999998765 -23.99999999999415 6.446788458404909e-23
5.550000000000001 2.000000000000772 -24.0 1.9999999999996487 -23.99999999999345 8.852893455553563e-23
5.575 2.000000000000772 -24.0 1.999999999999265 -23.9999999999917 1.2121996938613886e-22
5.6000000000000005 2.000000000000772 -24.0 1.9999999999985105 -23.99999999998648 1.6548641332673977e-22
5.625 2.000000000000772 -24.0 1.9999999999977116 -23.99999999998009 2.252142269674823e-22
5.65 2.000000000000772 -24.0 1.999999999997676 -23.99999999997923 3.055016545536122e-22
5.675000000000001 2.000000000000772 -24.0 1.9999999999987286 -23.999999999987217 4.1299630014263464e-22
5.7 2.000000000000772 -24.0 2.000000000000066 -23.999999999998305 5.563066249343022e-22
5.7250000000000005 2.000000000000772 -24.0 2.0000000000005165 -24.000000000003045 7.464942745661968e-22
5.75 2.000000000000772 -24.0 1.9999999999999125 -23.99999999999915 9.976476910669732e-22
5.775 2.000000000000772 -24.0 1.9999999999992113 -23.99999999999329 1.327526226736045e-21
5.800000000000001 2.000000000000772 -24.0 1.999999999999174 -23.99999999999168 1.7582444372291907e-21
5.825 2.000000000000772 -24.0 1.9999999999994804 -23.99999999999305 2.3169339133912443e-21
5.8500000000000005 2.000000000000772 -24.0 1.9999999999994327 -23.999999999993058 3.0362683497293437e-21
5.875 2.000000000000772 -24.0 1.9999999999991112 -23.999999999992106 3.954656992153136e-21
5.9 2.000000000000772 -24.0 1.9999999999991678 -23.999999999993943 5.11578837693969e-21
5.925000000000001 2.000000000000772 -24.0 1.9999999999996332 -23.99999999999753 6.5670206144603765e-21
5.95 2.000000000000772 -24.0 1.9999999999996922 -23.999999999996543 8.355838251723559e-21
5.9750000000000005 2.000000000000772 -24.0 1.9999999999988822 -23.999999999988724 1.0523189124483777e-20
6.0 2.000000000000772 -24.0 1.9999999999979474 -23.999999999981505 1.3091921451978668e-20
6.025 2.000000000000772 -24.0 1.9999999999980136 -23.999999999984226 1.604768304251177e-20
6.050000000000001 2.000000000000772 -24.0 1.9999999999992033 -23.999999999996774 1.9308411043164975e-20
6.075 2.000000000000772 -24.0 2.0000000000005334 -24.000000000009358 2.2676779569081865e-20
6.1000000000000005 2.000000000000772 -24.0 2.0000000000010054 -24.000000000012527 2.5767472569967825e-20
6.125 2.000000000000772 -24.0 2.0000000000004654 -24.000000000005187 2.789761923259548e-20
6.15 2.000000000000772 -24.0 1.9999999999994302 -23.999999999993328 2.7923769080008826e-20
6.175000000000001 2.000000000000772 -24.0 1.9999999999985711 -23.99999999998461 2.400184620455049e-20
6.2 2.000000000000772 -24.0 1.9999999999984466 -23.99999999998458 1.323685989615532e-20
6.2250000000000005 2.000000000000772 -24.0 1.9999999999992475 -23.999999999993964 -8.824253177571133e-21
6.25 2.000000000000772 -24.0 2.0000000000004885 -24.00000000000695 -4.8921798420998234e-20
6.275 2.000000000000772 -24.0 2.000000000001163 -24.000000000013838 -1.1712514172146412e-19
6.300000000000001 2.000000000000772 -24.0 2.0000000000006817 -24.000000000009237 -2.2831278910267004e-19
6.325 2.000000000000772 -24.0 1.9999999999996754 -23.9999999999987 -4.0426416012822785e-19
6.3500000000000005 2.000000000000772 -24.0 1.9999999999994753 -23.999999999994056 -6.76601658932568e-19
6.375 2.000000000000772 -24.0 2.0000000000006173 -24.000000000001133 -1.0909101867037715e-18
6.4 2.000000000000772 -24.0 2.0000000000020997 -24.000000000013163 -1.7124811617720026e-18
6.425000000000001 2.000000000000772 -24.0 2.0000000000024554 -24.00000000001841 -2.634290061535745e-18
6.45 2.000000000000772 -24.0 2.0000000000014078 -24.00000000001321 -3.988034572032288e-18
6.4750000000000005 2.000000000000772 -24.0 2.000000000000113 -24.000000000004704 -5.9593532496919114e-18
6.5 2.000000000000772 -24.0 1.9999999999997404 -24.00000000000105 -8.808736703694343e-18
6.525 2.000000000000772 -24.0 2.000000000000184 -24.000000000001858 -1.2900166942861003e-17
6.550000000000001 2.000000000000772 -24.0 2.0000000000003872 -24.00000000000027 -1.8740217965579606e-17
6.575 2.000000000000772 -24.0 1.9999999999996543 -23.99999999999227 -2.7031277165721784e-17
6.6000000000000005 2.000000000000772 -24.0 1.9999999999983495 -23.999999999981508 -3.874377474699012e-17
6.625 2.000000000000772 -24.0 1.9999999999973654 -23.999999999975046 -5.5213930824722155e-17
6.65 2.000000000000772 -24.0 1.9999999999972033 -23.999999999976367 -7.827566888087937e-17
6.675000000000001 2.000000000000772 -24.0 1.9999999999977587 -23.99999999998385 -1.1043815715156673e-16
6.7 2.000000000000772 -24.0 1.9999999999987685 -23.99999999999449 -1.5512412961216225e-16
6.7250000000000005 2.000000000000772 -24.0 2.0000000000000857 -24.000000000006587 -2.1698896722718152e-16
6.75 2.000000000000772 -24.0 2.0000000000014055 -24.00000000001792 -3.023468242913689e-16
6.775 2.000000000000772 -24.0 2.0000000000020597 -24.00000000002365 -4.197382948699487e-16
6.800000000000001 2.000000000000772 -24.0 2.0000000000014837 -24.0000000000193 -5.806847812887535e-16
6.825 2.000000000000772 -24.0 1.9999999999998774 -24.00000000000579 -8.00688552537078e-16
6.8500000000000005 2.000000000000772 -24.0 1.9999999999982645 -23.999999999990575 -1.1005553584170277e-15
6.875 2.000000000000772 -24.0 1.9999999999976774 -23.99999999998237 -1.5081395283077498e-15
6.9 2.000000000000772 -24.0 1.999999999998334 -23.99999999998473 -2.0606411652510937e-15
6.925000000000001 2.000000000000772 -24.0 1.9999999999995781 -23.999999999994277 -2.8076231563983075e-15
6.95 2.000000000000772 -24.0 2.0000000000005094 -24.000000000003933 -3.814964538080919e-15
6.9750000000000005 2.000000000000772 -24.0 2.0000000000006573 -24.000000000008097 -5.170029138986673e-15
7.0 2.000000000000772 -24.0 2.0000000000002025 -24.00000000000585 -6.988407961666439e-15
7.025 2.000000000000772 -24.0 1.9999999999997216 -24.000000000000753 -9.422694927499562e-15
7.050000000000001 2.000000000000772 -24.0 1.9999999999996467 -23.999999999997165 -1.2673883980809923e-14
7.075 2.000000000000772 -24.0 1.9999999999998614 -23.99999999999601 -1.700613805461918e-14
7.1000000000000005 2.000000000000772 -24.0 1.999999999999817 -23.999999999994387 -2.276588563206433e-14
7.125 2.000000000000772 -24.0 1.99999999999918 -23.99999999998979 -3.0406459207729985e-14
7.15 2.000000000000772 -24.0 1.9999999999982467 -23.99999999998372 -4.051981494254537e-14
7.175000000000001 2.000000000000772 -24.0 1.9999999999975921 -23.999999999979742 -5.387728028906569e-14
7.2 2.000000000000772 -24.0 1.9999999999974 -23.999999999978883 -7.148178603823506e-14
7.2250000000000005 2.000000000000772 -24.0 1.9999999999974134 -23.999999999979313 -9.463467516962882e-14
7.25 2.000000000000772 -24.0 1.9999999999975366 -23.999999999980687 -1.250209723893004e-13
7.275 2.000000000000772 -24.0 1.9999999999981588 -23.999999999986258 -1.6481798091187783e-13
7.300000000000001 2.000000000000772 -24.0 1.9999999999995022 -23.999999999997613 -2.1683328998172973e-13
7.325 2.000000000000772 -24.0 2.0000000000008793 -24.00000000000879 -2.8467977983416343e-13
7.3500000000000005 2.000000000000772 -24.0 2.00000000000112 -24.000000000009933 -3.729970628133679e-13
7.375 2.000000000000772 -24.0 1.9999999999998854 -23.999999999998145 -4.87731075149774e-13
7.4 2.000000000000772 -24.0 1.9999999999982667 -23.99999999998247 -6.364863229835808e-13
7.425000000000001 2.000000000000772 -24.0 1.9999999999977403 -23.999999999975756 -8.289686951367867e-13
7.45 2.000000000000772 -24.0 1.999999999998686 -23.9999999999823 -1.0775409101704336e-12
7.4750000000000005 2.000000000000772 -24.0 2.000000000000173 -23.99999999999521 -1.3979177155221707e-12
7.5 2.000000000000772 -24.0 2.000000000001116 -24.00000000000509 -1.8100340773142959e-12
7.525 2.000000000000772 -24.0 2.000000000001296 -24.000000000008676 -2.339126995974484e-12
7.550000000000001 2.000000000000772 -24.0 2.0000000000011466 -24.000000000008345 -3.017080494228466e-12
7.575 2.000000000000772 -24.0 2.0000000000009566 -24.000000000006416 -3.88409402752548e-12
7.6000000000000005 2.000000000000772 -24.0 2.000000000000732 -24.000000000003553 -4.990747382234668e-12
7.625 2.000000000000772 -24.0 2.000000000000706 -24.000000000001982 -6.400550420574792e-12
7.65 2.000000000000772 -24.0 2.0000000000014166 -24.00000000000575 -8.1930842209193e-12
7.675000000000001 2.000000000000772 -24.0 2.00000000000306 -24.000000000016076 -1.0467861720582424e-11
7.7 2.000000000000772 -24.0 2.000000000005016 -24.00000000002798 -1.3349061426410604e-11
7.7250000000000005 2.0000000000043068 -24.0 2.000000000006315 -24.000000000034056 -1.6991317707779093e-11
7.75 2.0000000000043068 -24.0 2.0000000000065787 -24.00000000003127 -2.1586786279083474e-11
7.775 2.0000000000043068 -24.0 2.0000000000063527 -24.000000000023245 -2.7373744425752153e-11
7.800000000000001 2.0000000000043068 -24.0 2.0000000000065605 -24.000000000016072 -3.464703309457915e-11
7.825 2.0000000000078413 -24.0 2.0000000000077227 -24.000000000012815 -4.3770702966370494e-11
7.8500000000000005 2.0000000000078413 -24.0 2.0000000000096914 -24.000000000011948 -5.519328989775615e-11
7.875 2.0000000000113762 -24.0 2.000000000012058 -24.000000000010306 -6.946621751012237e-11
7.9 2.0000000000149107 -24.0 2.00000000001473 -24.00000000000703 -8.726590704663453e-11
7.925000000000001 2.0000000000184457 -24.0 2.000000000018067 -24.000000000004075 -1.094202676805989e-10
7.95 2.00000000002198 -24.0 2.000000000022449 -24.00000000000302 -1.369403448902136e-10
7.9750000000000005 2.000000000025515 -24.0 2.0000000000278084 -24.00000000000189 -1.710580207770042e-10
8.0 2.0000000000325846 -24.0 2.0000000000337512 -23.99999999999618 -2.1327078847736331e-10
8.025 2.0000000000431886 -24.0 2.000000000040412 -23.999999999984887 -2.6539476287917325e-10
8.05 2.000000000050258 -24.0 2.000000000049007 -23.99999999997434 -3.2962724094277563e-10
8.075000000000001 2.000000000064397 -24.0 2.000000000061123 -23.999999999972786 -4.0862028554370805e-10
8.1 2.000000000078536 -24.0 2.0000000000774505 -23.999999999981032 -5.055669744560906e-10
8.125 2.000000000099744 -24.0 2.000000000097524 -23.999999999990983 -6.243021272063907e-10
8.15 2.000000000120952 -24.0 2.0000000001209717 -23.999999999994763 -7.694194918146766e-10
8.175 2.00000000014923 -24.0 2.000000000148707 -23.99999999999314 -9.464075337165068e-10
8.200000000000001 2.0000000001845772 -24.0 2.0000000001826272 -23.99999999999274 -1.1618061108033733e-09
8.225 2.000000000223459 -24.0 2.0000000002243636 -23.999999999996483 -1.4233864289221667e-09
8.25 2.000000000272945 -24.0 2.000000000274825 -24.000000000000224 -1.7403567350686184e-09
8.275 2.0000000003365703 -24.0 2.0000000003350937 -23.999999999999442 -2.123596200202413e-09
8.3 2.000000000407265 -24.0 2.0000000004073684 -23.999999999995698 -2.585919344084918e-09
8.325000000000001 2.0000000004956324 -24.0 2.0000000004947935 -23.999999999994394 -3.1423731284093117e-09
8.35 2.0000000006016743 -24.0 2.000000000600563 -23.99999999999762 -3.810568451821858e-09
8.375 2.000000000728924 -24.0 2.000000000727537 -24.000000000001663 -4.611047172371882e-09
8.4 2.0000000008773826 -24.0 2.0000000008788232 -24.000000000001823 -5.567684900177361e-09
8.425 2.0000000010576535 -24.0 2.0000000010586056 -23.9999999999983 -6.708128574178038e-09
8.450000000000001 2.0000000012732713 -24.0 2.0000000012723653 -23.999999999996135 -8.064266176171801e-09
8.475 2.0000000015277712 -24.0 2.000000001526398 -23.999999999999545 -9.672723741052234e-09
8.5 2.0000000018246875 -24.0 2.0000000018273227 -24.000000000007333 -1.157538197381337e-08
8.525 2.000000002181695 -24.0 2.000000002182228 -24.000000000014545 -1.3819901139804517e-08
8.55 2.000000002598792 -24.0 2.000000002599153 -24.000000000016986 -1.6460238289259392e-08
8.575000000000001 2.0000000030865834 -24.0 2.0000000030874645 -24.000000000013664 -1.9557135117662234e-08
8.6 2.000000003655673 -24.0 2.0000000036580134 -24.000000000006544 -2.3178547627291094e-08
8.625 2.0000000043237356 -24.0 2.000000004323149 -23.999999999999293 -2.7399979986059073e-08
8.65 2.0000000050978395 -24.0 2.0000000050965054 -23.999999999995307 -3.230467428442141e-08
8.675 2.000000005992124 -24.0 2.0000000059925154 -23.99999999999485 -3.798359493613758e-08
8.700000000000001 2.000000007027797 -24.0 2.0000000070261845 -23.999999999994312 -4.453513087667617e-08
8.725 2.0000000082154634 -24.0 2.000000008213649 -23.999999999990855 -5.2064420059472794e-08
8.75 2.0000000095727963 -24.0 2.0000000095727493 -23.999999999987292 -6.068217856011783e-08
8.775 2.000000011124539 -24.0 2.0000000111224736 -23.99999999998969 -7.050289034369548e-08
8.8 2.0000000128812956 -24.0 2.000000012881283 -23.999999999998636 -8.16421828472761e-08
8.825000000000001 2.0000000148642743 -24.0 2.0000000148658916 -24.00000000000558 -9.42131773370399e-08
8.85 2.0000000170911485 -24.0 2.0000000170916623 -24.00000000000188 -1.0832156081889094e-07
8.875 2.0000000195725227 -24.0 2.0000000195732186 -23.999999999990106 -1.240590773561188e-07
8.9 2.0000000223260703 -24.0 2.0000000223230354 -23.99999999998206 -1.4149508016508565e-07
8.925 2.000000025348257 -24.0 2.0000000253479926 -23.999999999985356 -1.6066572095482354e-07
8.950000000000001 2.0000000286461517 -24.0 2.0000000286460073 -23.99999999999543 -1.8156027873583417e-07
8.975 2.000000032202081 -24.0 2.000000032204013 -24.000000000002114 -2.0410404579461039e-07
9.0 2.000000035994837 -24.0 2.000000035996054 -24.000000000001155 -2.2813709273067303e-07
9.025 2.0000000399784676 -24.0 2.0000000399795486 -23.99999999999632 -2.5338812638281813e-07
9.05 2.0000000440893486 -24.0 2.000000044089571 -23.99999999999259 -2.794425331313558e-07
9.075000000000001 2.0000000482320415 -24.0 2.0000000482322786 -23.999999999991505 -3.057035644737143e-07
9.1 2.000000052279297 -24.0 2.0000000522776658 -23.999999999992678 -3.3134547099711315e-07
9.125 2.000000056050845 -24.0 2.0000000560507094 -23.999999999995627 -3.552572240524588e-07
9.15 2.0000000593204614 -24.0 2.000000059320389 -23.99999999999866 -3.759752808138156e-07
9.175 2.0000000617876967 -24.0 2.000000061787026 -23.999999999999112 -3.9160364737948985e-07
9.200000000000001 2.000000063067266 -24.0 2.0000000630678514 -23.999999999996106 -3.9971927571543875e-07
9.225 2.0000000626784464 -24.0 2.0000000626797902 -23.999999999991626 -3.9726059338094177e-07
9.25 2.0000000600203363 -24.0 2.000000060018631 -23.99999999998792 -3.803967102260639e-07
9.275 2.0000000543365046 -24.0 2.0000000543345977 -23.999999999985274 -3.443745740814826e-07
9.3 2.00000004470439 -24.0 2.0000000447043784 -23.99999999998375 -2.8334105876507274e-07
9.325000000000001 2.00000002999995 -24.0 2.0000000299986658 -23.999999999984908 -1.9013666388823996e-07
9.35 2.0000000088446437 -24.0 2.000000008844192 -23.999999999989303 -5.605718890501236e-08
9.375 1.9999999795806878 -24.0 1.9999999795800916 -23.99999999999336 1.2942058380315937e-07
9.4 1.9999999402074295 -24.0 1.9999999402087307 -23.999999999992397 3.789534969636227e-07
9.425 1.9999998883389316 -24.0 1.9999998883398187 -23.999999999986937 7.076915558651469e-07
9.450000000000001 1.9999998211262096 -24.0 1.9999998211258714 -23.999999999983274 1.1336873698566534e-06
9.475 1.9999997351900698 -24.0 1.9999997351879626 -23.999999999986613 1.6783608011039327e-06
9.5 1.9999996265327424 -24.0 1.9999996265319908 -23.99999999999471 2.3670244376693356e-06
9.525 1.999999490453049 -24.0 1.9999994904555622 -24.00000000000027 3.229475799034653e-06
9.55 1.9999993214438931 -24.0 1.9999993214440344 -23.999999999998323 4.3006624412371665e-06
9.575000000000001 1.9999991130544097 -24.0 1.9999991130536048 -23.99999999999028 5.62142634543546e-06
9.600000000000001 1.999998857780385 -24.0 1.999998857780032 -23.999999999981796 7.239334136373669e-06
9.625 1.9999985469158015 -24.0 1.999998546912369 -23.99999999997751 9.209599773068e-06
9.65 1.9999981703725649 -24.0 1.999998170371338 -23.99999999997782 1.1596106369122588e-05
9.675 1.9999977165320468 -24.0 1.9999977165315608 -23.99999999997982 1.4472533719284427e-05
9.700000000000001 1.999997172029467 -24.0 1.9999971720264593 -23.999999999980844 1.7923597916040973e-05
9.725000000000001 1.999996521534739 -24.0 1.9999965215344417 -23.99999999998137 2.2046409118175832e-05
9.75 1.9999957475474597 -24.0 1.999995747545061 -23.999999999984087 2.695195306443837e-05
9.775 1.9999948301035237 -24.0 1.9999948301044426 -23.999999999989626 3.276670129149581e-05
9.8 1.9999937465382993 -24.0 1.99999374654008 -23.999999999994653 3.9634354197480685e-05
9.825000000000001 1.999992471164968 -24.0 1.9999924711649206 -23.99999999999544 4.771772007213217e-05
9.850000000000001 1.9999909749599347 -24.0 1.9999909749599118 -23.999999999992813 5.720073197347757e-05
9.875 1.9999892252340987 -24.0 1.9999892252340483 -23.99999999999163 6.829060285179713e-05
9.9 1.9999871852617075 -24.0 1.9999871852621196 -23.999999999994742 8.1220117588032e-05
9.925 1.999984813902142 -24.0 1.99998481390175 -23.999999999999222 9.62500586113735e-05
9.950000000000001 1.9999820651898885 -24.0 1.9999820651913032 -24.000000000000114 0.00011367175947743903
9.975000000000001 1.9999788879280467 -24.0 1.9999788879292966 -23.999999999996547 0.00013380977821490233
10.0 1.9999752252358836 -24.0 1.999975225235998 -23.999999999992085 0.00015702467937915227
10.025 1.999971014099927 -24.0 1.9999710140995945 -23.99999999999019 0.0001837159105850429
10.05 1.999966184910913 -24.0 1.9999661849106192 -23.99999999999121 0.00021432475583056692
10.075000000000001 1.9999606609901364 -24.0 1.9999606609883913 -23.999999999993634 0.00024933734417856523
10.100000000000001 1.9999543581016583 -24.0 1.9999543581030137 -23.99999999999565 0.00028928768834964567
10.125 1.9999471839963272 -24.0 1.9999471839973866 -23.99999999999511 0.00033476072351890226
10.15 1.9999390379169177 -24.0 1.9999390379151056 -23.99999999999094 0.00038639531213171874
10.175 1.9999298101421508 -24.0 1.9999298101404124 -23.99999999998574 0.0004448871758980226
10.200000000000001 1.999919381558995 -24.0 1.9999193815564786 -23.999999999984645 0.0005109917113368845
10.225000000000001 1.999907623231428 -24.0 1.999907623229623 -23.99999999998956 0.0005855266403797992
10.25 1.999894396029291 -24.0 1.9998943960288937 -23.99999999999583 0.0006693744426668637
10.275 1.9998795502889577 -24.0 1.9998795502910758 -23.999999999996987 0.0007634845113596697
10.3 1.9998629255411589 -24.0 1.9998629255403526 -23.999999999992102 0.0008688749696318584
10.325000000000001 1.9998443502741559 -24.0 1.9998443502721015 -23.999999999986045 0.0009866340805762504
10.350000000000001 1.9998236418135613 -24.0 1.9998236418122874 -23.999999999983707 0.0011179211791870934
10.375 1.9998006062657834 -24.0 1.9998006062654716 -23.99999999998615 0.0012639670514472895
10.4 1.9997750385639759 -24.0 1.9997750385642008 -23.999999999991534 0.0014260736824893974
10.425 1.9997467226306376 -24.0 1.9997467226319916 -23.999999999996312 0.001605613293427514
10.450000000000001 1.9997154316709909 -24.0 1.9997154316727686 -23.9999999999957 0.001804026584901746
10.475000000000001 1.9996809286006867 -24.0 1.9996809286003558 -23.999999999987043 0.0020228201047651196
10.5 1.999642966621962 -24.0 1.9996429666208382 -23.999999999974882 0.002263562657804649
10.525 1.9996012899836044 -24.0 1.9996012899794433 -23.999999999969585 0.0025278806770498556
10.55 1.9995556348858423 -24.0 1.9995556348838726 -23.999999999977568 0.0028174524792057894
10.575000000000001 1.9995057306185242 -24.0 1.9995057306168444 -23.999999999993165 0.003134001331169485
10.600000000000001 1.9994513008477568 -24.0 1.9994513008497776 -24.00000000000329 0.003479287260551768
10.625 1.999392065164114 -24.0 1.9993920651661619 -24.000000000000355 0.003855097550723615
10.65 1.9993277408005101 -24.0 1.9993277408003447 -23.999999999988784 0.0042632358702114435
10.675 1.9992580445975061 -24.0 1.9992580445966184 -23.9999999999788 0.00470550999733299
10.700000000000001 1.9991826951948355 -24.0 1.9991826951934208 -23.99999999997588 0.0051837181138285875
10.725000000000001 1.9991014154385496 -24.0 1.999101415435478 -23.999999999978225 0.005699633655903253
10.75 1.9990139350143865 -24.0 1.9990139350124523 -23.999999999982702 0.006254988727532051
10.775 1.998919993317961 -24.0 1.9989199933182429 -23.99999999998889 0.006851456099036528
10.8 1.9988193425229068 -24.0 1.9988193425225274 -23.999999999995822 0.0074906298337215835
10.825000000000001 1.9987117508434213 -24.0 1.9987117508442815 -23.9999999999986 0.008174004606645599
10.850000000000001 1.998597006012431 -24.0 1.998597006013435 -23.99999999999272 0.008902953802210829
10.875 1.9984749189046833 -24.0 1.9984749189013242 -23.999999999981476 0.009678706501005496
10.9 1.9983453272976865 -24.0 1.9983453272957123 -23.999999999974648 0.010502323490956748
10.925 1.998208099795253 -24.0 1.9982080997936325 -23.999999999978012 0.011374672463079757
10.950000000000001 1.99806313978285 -24.0 1.998063139783084 -23.999999999987224 0.01229640257761636
10.975000000000001 1.9979103894783918 -24.0 1.9979103894799297 -23.999999999994024 0.01326791861178228
11.0 1.9977498339794937 -24.0 1.9977498339802795 -23.99999999999612 0.014289354925302632
11.025 1.997581505282452 -24.0 1.9975815052843573 -23.99999999999723 0.015360549503988833
11.05 1.9974054862446633 -24.0 1.9974054862464805 -23.99999999999883 0.01648101836435281
11.075000000000001 1.9972219144021273 -24.0 1.997221914404256 -23.999999999997137 0.017649930623212476
11.100000000000001 1.997030985638484 -24.0 1.9970309856363069 -23.99999999998921 0.018866084554933892
11.125 1.9968329575960206 -24.0 1.996832957593937 -23.999999999978677 0.02012788497491368
11.15 1.9966281528533874 -24.0 1.9966281528507386 -23.99999999997252 0.02143332230065258
11.175 1.9964169617180243 -24.0 1.9964169617149468 -23.999999999973078 0.022779953650846937
11.200000000000001 1.9961998446509825 -24.0 1.9961998446500648 -23.9999999999758 0.024164886347898915
11.225000000000001 1.9959773342499014 -24.0 1.9959773342486962 -23.999999999975376 0.02558476418970099
11.25 1.9957500367088483 -24.0 1.9957500367046823 -23.999999999972307 0.027035756852131283
11.275 1.995518632733813 -24.0 1.9955186327308105 -23.999999999972744 0.02851355277408386
11.3 1.9952838778749686 -24.0 1.9952838778734199 -23.99999999998132 0.030013355861796782
11.325000000000001 1.995046602180272 -24.0 1.9950466021800797 -23.999999999994404 0.031529886328555336
11.350000000000001 1.994807709180997 -24.0 1.9948077091813845 -24.000000000001247 0.033057385959417915
11.375 1.9945681741526513 -24.0 1.994568174152591 -23.999999999994674 0.03458962805843038
11.4 1.9943290416265336 -24.0 1.994329041625546 -23.99999999998014 0.036119932297924
11.425 1.994091422130722 -24.0 1.994091422128357 -23.9999999999714 0.03764118464610008
11.450000000000001 1.9938564881428158 -24.0 1.9938564881399217 -23.99999999997622 0.03914586250046818
11.475000000000001 1.9936254692579727 -24.0 1.993625469256447 -23.999999999988702 0.04062606510118198
11.5 1.993399646575772 -24.0 1.9933996465748727 -23.999999999997186 0.04207354924039483
11.525 1.9931803463059043 -24.0 1.9931803463046098 -23.999999999997133 0.04347977022200409
11.55 1.9929689326280347 -24.0 1.9929689326277467 -23.99999999999362 0.044835927961240744
11.575000000000001 1.9927667998411853 -24.0 1.9927667998392784 -23.9999999999923 0.046133018046262436
11.600000000000001 1.9925753638097141 -24.0 1.9925753638103507 -23.99999999999273 0.0473618875150567
11.625 1.992396052826057 -24.0 1.9923960528260802 -23.999999999991427 0.0485132950314933
11.65 1.992230297858434 -24.0 1.9922302978567779 -23.999999999988436 0.04957797507525319
11.675 1.9920795223319707 -24.0 1.9920795223296799 -23.99999999998706 0.0505467056926399
11.700000000000001 1.9919451314785828 -24.0 1.9919451314781333 -23.999999999988074 0.05141037929001539
11.725000000000001 1.9918285013545973 -24.0 1.99182850135385 -23.999999999988198 0.05216007588986548
11.75 1.991730967596807 -24.0 1.9917309675938752 -23.999999999984972 0.05278713821237704
11.775 1.9916538140406643 -24.0 1.9916538140388007 -23.999999999980908 0.053283247893947776
11.8 1.9915982613066712 -24.0 1.9915982613042265 -23.99999999998161 0.0536405021092665
11.825000000000001 1.991565455411504 -24.0 1.9915654554126738 -23.99999999998949 0.05385148982645448
11.850000000000001 1.9915564565947632 -24.0 1.9915564565970687 -24.00000000000001 0.05390936689611507
11.875 1.9915722283860784 -24.0 1.9915722283886752 -24.000000000005294 0.053807929155783495
11.9 1.9916136270999183 -24.0 1.9916136271023388 -24.00000000000138 0.05354168272185695
11.925 1.9916813918323306 -24.0 1.9916813918310985 -23.999999999991672 0.05310591064214969
11.950000000000001 1.991776135062117 -24.0 1.9917761350613687 -23.999999999983235 0.0524967350941395
11.975000000000001 1.991898334019045 -24.0 1.9918983340183267 -23.999999999980062 0.05171117433697806
12.0 1.9920483228509067 -24.0 1.9920483228476114 -23.999999999980666 0.050747193659481916
12.025 1.9922262857343456 -24.0 1.992226285733665 -23.999999999981462 0.049603749611488834
12.05 1.9924322510496377 -24.0 1.992432251047904 -23.99999999998071 0.0482808268618579
12.075000000000001 1.9926660866158867 -24.0 1.9926660866126145 -23.999999999978854 0.046779467092532695
12.100000000000001 1.992927496159838 -24.0 1.992927496158659 -23.999999999976822 0.04510178941382956
12.125 1.9932160170465871 -24.0 1.9932160170455786 -23.999999999975433 0.0432510018706274
12.15 1.9935310193039975 -24.0 1.993531019301531 -23.99999999997516 0.04123140370144185
12.175 1.9938717060327273 -24.0 1.9938717060287503 -23.999999999975365 0.03904837811133465
12.200000000000001 1.9942371152089378 -24.0 1.9942371152079454 -23.99999999997455 0.03670837542396508
12.225000000000001 1.9946261229256328 -24.0 1.9946261229216928 -23.99999999997231 0.03421888658646924
12.25 1.9950374480054685 -24.0 1.9950374480023187 -23.999999999971113 0.03158840711176899
12.275 1.995469658098149 -24.0 1.9954696580949443 -23.999999999974165 0.028826391654831605
12.3 1.9959211771139436 -24.0 1.9959211771120058 -23.999999999981227 0.025943199530739525
12.325000000000001 1.9963902940428169 -24.0 1.996390294040732 -23.999999999988116 0.02295003159156795
12.350000000000001 1.9968751730495922 -24.0 1.9968751730489607 -23.999999999991232 0.019858858984434125
12.375 1.9973738648204045 -24.0 1.997373864818345 -23.99999999999162 0.01668234441309194
12.4 1.997884319019061 -24.0 1.9978843190188553 -23.99999999999284 0.013433756618617485
12.425 1.9984043978250199 -24.0 1.9984043978249522 -23.99999999999598 0.01012687887965847
12.450000000000001 1.998931890358589 -24.0 1.9989318903602977 -23.999999999998202 0.0067759124080948845
12.475000000000001 1.9994645279438519 -24.0 1.9994645279441317 -23.999999999996533 0.003395375580652372
12.5 2.000000000000772 -24.0 1.9999999999997131 -23.999999999991857 -0.0
12.525 2.0005359704745787 -24.0 2.0005359704747367 -23.999999999988116 -0.0033953755806526128
12.55 2.0010700946150854 -24.0 2.00107009461555 -23.99999999998831 -0.006775912408095125
12.575000000000001 2.001600035929217 -24.0 2.001600035930344 -23.99999999999146 -0.010126878879658706
12.600000000000001 2.0021234831724097 -24.0 2.0021234831712467 -23.999999999993904 -0.01343375661861772
12.625 2.002638167163281 -24.0 2.0026381671617144 -23.999999999993186 -0.01668234441309194
12.65 2.0031418772943126 -24.0 2.0031418772946865 -23.9999999999903 -0.019858858984434347
12.675 2.0036324775299965 -24.0 2.0036324775290355 -23.999999999988404 -0.022950031591568172
12.700000000000001 2.004107921715715 -24.0 2.0041079217165008 -23.99999999998908 -0.025943199530739737
12.725000000000001 2.0045662680983733 -24.0 2.0045662680983964 -23.999999999990244 -0.028826391654831807
12.75 2.0050056928219626 -24.0 2.0050056928202213 -23.999999999988407 -0.03158840711176899
12.775 2.0054245023238306 -24.0 2.005424502323134 -23.99999999998316 -0.034218886586469426
12.8 2.0058211444867275 -24.0 2.005821144484421 -23.999999999978975 -0.03670837542396526
12.825000000000001 2.006194218398164 -24.0 2.006194218394878 -23.999999999981544 -0.03904837811133481
12.850000000000001 2.006542482678224 -24.0 2.0065424826789546 -23.999999999991203 -0.041231403701441995
12.875 2.00686486228036 -24.0 2.006864862282885 -24.000000000000426 -0.0432510018706274
12.9 2.0071604536732988 -24.0 2.0071604536754855 -24.00000000000029 -0.04510178941382968
12.925 2.0074285284252475 -24.0 2.007428528425489 -23.999999999990177 -0.04677946709253282
12.950000000000001 2.007668535140918 -24.0 2.0076685351395387 -23.999999999979682 -0.04828082686185801
12.975000000000001 2.007880099769054 -24.0 2.0078800997669948 -23.99999999997865 -0.049603749611488925
13.0 2.008063024301646 -24.0 2.008063024300311 -23.999999999986418 -0.050747193659481916
13.025 2.0082172839214185 -24.0 2.008217283919996 -23.99999999999323 -0.05171117433697812
13.05 2.0083430226505823 -24.0 2.008343022650086 -23.999999999991957 -0.05249673509413956
13.075000000000001 2.0084405476069174 -24.0 2.0084405476059644 -23.999999999986024 -0.05310591064214972
13.100000000000001 2.008510321934327 -24.0 2.008510321932813 -23.99999999998419 -0.05354168272185698
13.125 2.008552956549268 -24.0 2.0085529565491487 -23.999999999989264 -0.053807929155783495
13.15 2.0085692008232203 -24.0 2.008569200822647 -23.999999999994728 -0.053909366896115064
13.175 2.0085599323143275 -24.0 2.008559932313645 -23.999999999993214 -0.05385148982645447
13.200000000000001 2.0085261457284598 -24.0 2.008526145727073 -23.99999999998577 -0.05364050210926648
13.225000000000001 2.008468941219287 -24.0 2.00846894121832 -23.999999999981014 -0.053283247893947755
13.25 2.0083895122040976 -24.0 2.008389512202689 -23.99999999998525 -0.05278713821237704
13.275 2.00828913281907 -24.0 2.0082891328196526 -23.999999999995023 -0.05216007588986544
13.3 2.008169145201348 -24.0 2.0081691452006902 -24.00000000000106 -0.05141037929001534
13.325000000000001 2.008030946682745 -24.0 2.0080309466834843 -23.999999999998057 -0.05054670569263984
13.350000000000001 2.007875977110701 -24.0 2.007875977108604 -23.999999999989672 -0.04957797507525311
13.375 2.007705706328299 -24.0 2.0077057063278927 -23.9999999999842 -0.0485132950314933
13.4 2.0075216220466383 -24.0 2.0075216220460033 -23.999999999986294 -0.047361887515056614
13.425 2.007325218106023 -24.0 2.0073252181065504 -23.999999999993534 -0.04613301804626234
13.450000000000001 2.0071179833203843 -24.0 2.007117983322099 -23.99999999999921 -0.04483592796124065
13.475000000000001 2.006901390933206 -24.0 2.00690139093443 -23.99999999999757 -0.04347977022200399
13.5 2.006676888780399 -24.0 2.0066768887790145 -23.99999999998763 -0.04207354924039483
13.525 2.0064458902166677 -24.0 2.0064458902150717 -23.99999999997434 -0.040626065101181864
13.55 2.0062097658725424 -24.0 2.006209765869973 -23.999999999966267 -0.03914586250046807
13.575000000000001 2.005969836238535 -24.0 2.005969836234079 -23.999999999969752 -0.03764118464609997
13.600000000000001 2.005727365132974 -24.0 2.0057273651304306 -23.99999999998377 -0.0361199322979239
13.625 2.0054835540711906 -24.0 2.0054835540719913 -24.000000000000156 -0.03458962805843038
13.65 2.005239537504257 -24.0 2.0052395375074736 -24.00000000000984 -0.033057385959417804
13.675 2.004996378944924 -24.0 2.0049963789456795 -24.000000000009884 -0.031529886328555225
13.700000000000001 2.0047550679383686 -24.0 2.0047550679385777 -24.000000000004835 -0.03001335586179667
13.725000000000001 2.0045165178954103 -24.0 2.0045165178955564 -24.0000000000012 -0.02851355277408376
13.75 2.00428156469276 -24.0 2.004281564694712 -24.00000000000119 -0.027035756852131283
13.775 2.00405096605091 -24.0 2.004050966050493 -24.000000000002508 -0.025584764189700883
13.8 2.003825401590691 -24.0 2.003825401590415 -24.00000000000235 -0.024164886347898814
13.825000000000001 2.0036054735861653 -24.0 2.0036054735886646 -24.000000000000853 -0.02277995365084684
13.850000000000001 2.003391708300751 -24.0 2.0033917083009225 -24.000000000000014 -0.02143332230065249
13.875 2.0031845578429537 -24.0 2.0031845578431646 -24.000000000000433 -0.02012788497491368
13.9 2.002984402555835 -24.0 2.002984402555761 -24.000000000000867 -0.018866084554933802
13.925 2.00279155379177 -24.0 2.0027915537928207 -24.0000000000004 -0.017649930623212396
13.950000000000001 2.002606257076022 -24.0 2.002606257076276 -23.99999999999971 -0.016481018364352725
13.975000000000001 2.0024286955530965 -24.0 2.0024286955551633 -23.999999999999652 -0.015360549503988756
14.0 2.0022589937123376 -24.0 2.0022589937126187 -23.999999999999893 -0.014289354925302632
14.025 2.0020972212655126 -24.0 2.002097221264971 -23.999999999999794 -0.013267918611782212
14.05 2.001943397197612 -24.0 2.0019433971992693 -23.999999999999538 -0.012296402577616296
14.075000000000001 2.0017974938989274 -24.0 2.0017974938985628 -23.999999999999567 -0.011374672463079692
14.100000000000001 2.0016594413077513 -24.0 2.001659441307896 -23.999999999999687 -0.010502323490956688
14.125 2.001529131095486 -24.0 2.0015291310976657 -23.99999999999956 -0.009678706501005496
14.15 2.001406420784592 -24.0 2.0014064207843596 -23.999999999999346 -0.008902953802210775
14.175 2.0012911377711036 -24.0 2.0012911377726366 -23.999999999999343 -0.008174004606645552
14.200000000000001 2.0011830832870467 -24.0 2.001183083286972 -23.99999999999949 -0.007490629833721534
14.225000000000001 2.001082036164922 -24.0 2.0010820361650943 -23.99999999999954 -0.006851456099036484
14.25 2.0009877564890677 -24.0 2.0009877564893834 -23.999999999999464 -0.006254988727532051
14.275 2.000899989034945 -24.0 2.0008999890361636 -23.999999999999392 -0.0056996336559032145
14.3 2.000818466524617 -24.0 2.0008184665268276 -23.99999999999936 -0.005183718113828554
14.325000000000001 2.0007429126666074 -24.0 2.000742912668385 -23.999999999999396 -0.004705509997332955
14.350000000000001 2.000673044973073 -24.0 2.000673044974375 -23.999999999999492 -0.004263235870211413
14.375 2.000608577361362 -24.0 2.00060857736037 -23.999999999999556 -0.003855097550723615
14.4 2.000549222511666 -24.0 2.0005492225112933 -23.999999999999503 -0.0034792872605517427
14.425 2.0004946940196717 -24.0 2.000494694020478 -23.999999999999417 -0.003134001331169462
14.450000000000001 2.000444708301775 -24.0 2.000444708302885 -23.999999999999396 -0.0028174524792057673
14.475000000000001 2.0003989862846727 -24.0 2.000398986287124 -23.999999999999392 -0.002527880677049835
14.5 2.000357254893485 -24.0 2.0003572548928643 -23.999999999999346 -0.002263562657804649
14.525 2.00031924829951 -24.0 2.000319248301789 -23.99999999999932 -0.002022820104765104
14.55 2.0002847090301272 -24.0 2.000284709031682 -23.99999999999935 -0.0018040265849017302
14.575000000000001 2.000253388824198 -24.0 2.00025338882439 -23.999999999999346 -0.001605613293427501
14.600000000000001 2.000225049360221 -24.0 2.000225049359272 -23.99999999999926 -0.0014260736824893846
14.625 2.000199462804211 -24.0 2.000199462804365 -23.999999999999282 -0.0012639670514472895
14.65 2.0001764122161947 -24.0 2.000176412217857 -23.999999999999353 -0.001117921179187084
14.675 2.000155691811778 -24.0 2.000155691812928 -23.999999999999346 -0.0009866340805762413
14.700000000000001 2.0001371070964655 -24.0 2.000137107098846 -23.999999999999293 -0.000868874969631851
14.725000000000001 2.0001204749116135 -24.0 2.000120474911112 -23.99999999999932 -0.0007634845113596627
14.75 2.000105623342525 -24.0 2.000105623343277 -23.99999999999939 -0.0006693744426668637
14.775 2.000092391591202 -24.0 2.000092391592677 -23.99999999999942 -0.0005855266403797935
14.8 2.000080629732448 -24.0 2.000080629731753 -23.9999999999994 -0.0005109917113368792
14.825000000000001 2.0000701984169527 -24.0 2.000070198416134 -23.99999999999934 -0.00044488717589801825
14.850000000000001 2.0000609685390267 -24.0 2.000060968539976 -23.999999999999304 -0.0003863953121317146
14.875 2.0000528208477846 -24.0 2.000052820848377 -23.99999999999931 -0.00033476072351890226
14.9 2.0000456455159052 -24.0 2.000045645515974 -23.99999999999935 -0.0002892876883496427
14.925 2.000039341697796 -24.0 2.000039341700032 -23.999999999999368 -0.00024933734417856247
14.950000000000001 2.00003381707361 -24.0 2.000033817075643 -23.999999999999368 -0.00021432475583056475
14.975000000000001 2.0000289873579216 -24.0 2.0000289873597983 -23.999999999999353 -0.00018371591058504084
15.0 2.0000247758296115 -24.0 2.0000247758304486 -23.999999999999336 -0.00015702467937915227
15.025 2.000021112844067 -24.0 2.000021112845843 -23.99999999999936 -0.0001338097782149008
15.05 2.000017935366606 -24.0 2.0000179353688448 -23.999999999999375 -0.00011367175947743762
15.075000000000001 2.000015186498825 -24.0 2.0000151865001636 -23.999999999999346 -9.625005861137234e-05
15.100000000000001 2.0000128150226137 -24.0 2.0000128150238794 -23.999999999999343 -8.122011758803099e-05
15.125 2.0000107749689233 -24.0 2.0000107749679676 -23.999999999999385 -6.829060285179713e-05
15.15 2.0000090251829974 -24.0 2.0000090251820963 -23.999999999999403 -5.7200731973476875e-05
15.175 2.000007528932013 -24.0 2.0000075289344252 -23.99999999999942 -4.771772007213153e-05
15.200000000000001 2.0000062535268697 -24.0 2.0000062535286443 -23.999999999999496 -3.963435419748019e-05
15.225000000000001 2.000005169940436 -24.0 2.0000051699421197 -23.99999999999949 -3.276670129149535e-05
15.25 2.0000042524858967 -24.0 2.000004252485749 -23.999999999999435 -2.695195306443837e-05
15.275 2.0000034784844782 -24.0 2.0000034784856173 -23.99999999999946 -2.2046409118175513e-05
15.3 2.0000028279862163 -24.0 2.00000282798641 -23.999999999999538 -1.7923597916040692e-05
15.325000000000001 2.000002283476567 -24.0 2.0000022834763485 -23.999999999999616 -1.4472533719284208e-05
15.350000000000001 2.000001829632514 -24.0 2.000001829633063 -23.999999999999538 -1.1596106369122417e-05
15.375 2.0000014530892765 -24.0 2.000001453089837 -23.999999999999417 -9.209599773068e-06
15.4 2.0000011422211585 -24.0 2.0000011422213433 -23.999999999999456 -7.239334136373541e-06
15.425 2.0000008869471344 -24.0 2.0000008869479995 -23.99999999999955 -5.621426345435355e-06
15.450000000000001 2.000000678557651 -24.0 2.000000678558072 -23.999999999999588 -4.300662441237082e-06
15.475000000000001 2.00000050954496 -24.0 2.000000509546457 -23.999999999999556 -3.2294757990345845e-06
15.5 2.0000003734688017 -24.0 2.000000373469088 -23.999999999999524 -2.3670244376693356e-06
15.525 2.000000264811474 -24.0 2.0000002648119297 -23.99999999999953 -1.6783608011039327e-06
15.55 2.0000001788717996 -24.0 2.000000178873522 -23.99999999999956 -1.1336873698566197e-06
15.575000000000001 2.0000001116590775 -24.0 2.0000001116600457 -23.999999999999588 -7.076915558651206e-07
15.600000000000001 2.0000000597905796 -24.0 2.000000059791869 -23.999999999999602 -3.789534969636025e-07
15.625 2.0000000204208557 -24.0 2.0000000204206554 -23.999999999999606 -1.2942058380315937e-07
15.65 1.9999999911568995 -24.0 1.9999999911560344 -23.999999999999556 5.605718890501236e-08
15.675 1.9999999700015938 -24.0 1.9999999700010174 -23.99999999999951 1.901366638882477e-07
15.700000000000001 1.9999999552936192 -24.0 1.999999955295264 -23.99999999999953 2.8334105876507787e-07
15.725000000000001 1.9999999456650388 -24.0 1.9999999456654225 -23.999999999999567 3.4437457408148624e-07
15.75 1.9999999399812074 -24.0 1.999999939981867 -23.999999999999588 3.803967102260639e-07
15.775 1.9999999373195623 -24.0 1.999999937321097 -23.999999999999638 3.9726059338094177e-07
15.8 1.999999936930743 -24.0 1.9999999369331665 -23.99999999999963 3.9971927571543897e-07
15.825000000000001 1.9999999382138467 -24.0 1.99999993821364 -23.999999999999574 3.916036473794895e-07
15.850000000000001 1.9999999406775473 -24.0 1.999999940679474 -23.999999999999535 3.7597528081381474e-07
15.875 1.9999999439471645 -24.0 1.9999999439483593 -23.999999999999524 3.552572240524588e-07
15.9 1.9999999477187118 -24.0 1.9999999477211512 -23.99999999999957 3.3134547099711315e-07
15.925 1.9999999517659675 -24.0 1.9999999517669267 -23.999999999999623 3.057035644737124e-07
15.950000000000001 1.9999999559086608 -24.0 1.9999999559103838 -23.999999999999634 2.794425331313539e-07
15.975000000000001 1.9999999600195413 -24.0 1.9999999600212346 -23.99999999999961 2.533881263828163e-07
16.0 1.999999964003172 -24.0 1.999999964005335 -23.999999999999627 2.2813709273067303e-07
16.025000000000002 1.999999967795928 -24.0 1.9999999677972646 -23.999999999999666 2.0410404579460877e-07
16.05 1.9999999713518573 -24.0 1.999999971354209 -23.999999999999627 1.8156027873583263e-07
16.075 1.9999999746497519 -24.0 1.9999999746509447 -23.999999999999623 1.6066572095482354e-07
16.1 1.999999977675473 -24.0 1.9999999776756856 -23.999999999999673 1.4149508016508443e-07
16.125 1.9999999804254862 -24.0 1.999999980426733 -23.999999999999687 1.240590773561188e-07
16.150000000000002 1.9999999829103952 -24.0 1.9999999829097923 -23.99999999999969 1.0832156081888993e-07
16.175 1.9999999851337347 -24.0 1.9999999851358012 -23.999999999999616 9.421317733703885e-08
16.2 1.999999987120248 -24.0 1.9999999871192458 -23.999999999999588 8.16421828472761e-08
16.225 1.9999999888770044 -24.0 1.9999999888768034 -23.999999999999638 7.050289034369478e-08
16.25 1.9999999904252124 -24.0 1.9999999904263128 -23.999999999999645 6.068217856011783e-08
16.275000000000002 1.99999999178608 -24.0 1.999999991786018 -23.999999999999616 5.206442005947228e-08
16.3 1.9999999929737462 -24.0 1.9999999929739876 -23.99999999999964 4.4535130876675715e-08
16.325 1.9999999940058848 -24.0 1.99999999400769 -23.999999999999687 3.798359493613758e-08
16.35 1.999999994903704 -24.0 1.9999999949037084 -23.99999999999968 3.230467428442107e-08
16.375 1.9999999956778078 -24.0 1.9999999956775665 -23.999999999999634 2.7399979986059073e-08
16.400000000000002 1.9999999963423354 -24.0 1.9999999963436244 -23.999999999999655 2.317854762729081e-08
16.425 1.9999999969149602 -24.0 1.9999999969150113 -23.999999999999673 1.9557135117661993e-08
16.45 1.9999999974027518 -24.0 1.999999997403639 -23.99999999999968 1.6460238289259392e-08
16.475 1.9999999978198488 -24.0 1.9999999978202314 -23.999999999999687 1.3819901139804342e-08
16.5 1.999999998173321 -24.0 1.999999998174371 -23.999999999999694 1.157538197381337e-08
16.525000000000002 1.9999999984737722 -24.0 1.9999999984745718 -23.99999999999969 9.67272374105211e-09
16.55 1.9999999987282722 -24.0 1.9999999987283545 -23.999999999999694 8.064266176171698e-09
16.575 1.9999999989403554 -24.0 1.999999998942326 -23.9999999999997 6.708128574178038e-09
16.6 1.9999999991206263 -24.0 1.9999999991222661 -23.999999999999712 5.56768490017729e-09
16.625 1.9999999992726192 -24.0 1.9999999992732063 -23.999999999999723 4.611047172371882e-09
16.650000000000002 1.9999999993998692 -24.0 1.9999999993995052 -23.999999999999723 3.810568451821807e-09
16.675 1.9999999995059108 -24.0 1.9999999995049333 -23.999999999999723 3.14237312840927e-09
16.7 1.9999999995907443 -24.0 1.9999999995927307 -23.99999999999973 2.585919344084918e-09
16.725 1.9999999996649733 -24.0 1.9999999996656768 -23.999999999999737 2.123596200202385e-09
16.75 1.9999999997250635 -24.0 1.9999999997261457 -23.999999999999744 1.7403567350686184e-09
16.775000000000002 1.9999999997745497 -24.0 1.999999999776159 -23.99999999999976 1.4233864289221427e-09
16.8 1.9999999998169664 -24.0 1.9999999998174323 -23.999999999999766 1.1618061108033578e-09
16.825 1.9999999998523135 -24.0 1.999999999851417 -23.999999999999766 9.464075337165068e-10
16.85 1.9999999998770566 -24.0 1.9999999998793427 -23.99999999999977 7.694194918146633e-10
16.875 1.9999999999017997 -24.0 1.9999999999022398 -23.999999999999773 6.243021272063907e-10
16.900000000000002 1.9999999999194733 -24.0 1.9999999999209739 -23.999999999999773 5.055669744560837e-10
16.925 1.999999999937147 -24.0 1.999999999936271 -23.99999999999978 4.086202855437025e-10
16.95 1.999999999947751 -24.0 1.9999999999487357 -23.99999999999978 3.2962724094277563e-10
16.975 1.999999999958355 -24.0 1.9999999999588702 -23.999999999999787 2.653947628791696e-10
17.0 1.9999999999654245 -24.0 1.9999999999670939 -23.999999999999787 2.1327078847736331e-10
17.025000000000002 1.999999999972494 -24.0 1.9999999999737557 -23.999999999999794 1.71058020777e-10
17.05 1.9999999999795635 -24.0 1.999999999979141 -23.999999999999808 1.3694034489021215e-10
17.075 1.9999999999830982 -24.0 1.9999999999834839 -23.999999999999808 1.094202676805989e-10
17.1 1.999999999986633 -24.0 1.9999999999869797 -23.999999999999815 8.726590704663297e-11
17.125 1.9999999999901676 -24.0 1.9999999999897884 -23.99999999999982 6.946621751012237e-11
17.150000000000002 1.9999999999901676 -24.0 1.9999999999920406 -23.999999999999822 5.5193289897754794e-11
17.175 1.9999999999937024 -24.0 1.9999999999938423 -23.999999999999822 4.3770702966370184e-11
17.2 1.9999999999937024 -24.0 1.999999999995281 -23.999999999999822 3.464703309457915e-11
17.225 1.999999999997237 -24.0 1.999999999996429 -23.999999999999822 2.7373744425751665e-11
17.25 1.999999999997237 -24.0 1.9999999999973423 -23.99999999999983 2.1586786279083474e-11
17.275000000000002 1.999999999997237 -24.0 1.9999999999980678 -23.999999999999837 1.699131770777867e-11
17.3 1.999999999997237 -24.0 1.9999999999986442 -23.999999999999844 1.3349061426410507e-11
17.325 1.999999999997237 -24.0 1.9999999999991007 -23.999999999999854 1.0467861720582424e-11
17.35 1.999999999997237 -24.0 1.9999999999994613 -23.999999999999865 8.193084220919152e-12
17.375 1.999999999997237 -24.0 1.999999999999745 -23.999999999999872 6.400550420574792e-12
17.400000000000002 2.000000000000772 -24.0 1.9999999999999667 -23.999999999999872 4.990747382234542e-12
17.425 2.000000000000772 -24.0 2.000000000000141 -23.999999999999872 3.884094027525451e-12
17.45 2.000000000000772 -24.0 2.000000000000277 -23.999999999999872 3.017080494228466e-12
17.475 2.000000000000772 -24.0 2.0000000000003837 -23.999999999999872 2.3391269959744414e-12
17.5 2.000000000000772 -24.0 2.000000000000467 -23.999999999999872 1.8100340773142959e-12
17.525000000000002 2.000000000000772 -24.0 2.0000000000005373 -23.999999999999897 1.3979177155221345e-12
17.55 2.000000000000772 -24.0 2.000000000000589 -23.999999999999908 1.0775409101704219e-12
17.575 2.000000000000772 -24.0 2.000000000000628 -23.999999999999908 8.289686951367867e-13
17.6 2.000000000000772 -24.0 2.000000000000659 -23.999999999999915 6.364863229835692e-13
17.625 2.000000000000772 -24.0 2.000000000000684 -23.999999999999922 4.87731075149774e-13
17.650000000000002 2.000000000000772 -24.0 2.0000000000007025 -23.999999999999925 3.729970628133569e-13
17.675 2.000000000000772 -24.0 2.0000000000007168 -23.99999999999993 2.8467977983416025e-13
17.7 2.000000000000772 -24.0 2.00000000000073 -23.99999999999994 2.1683328998172973e-13
17.725 2.000000000000772 -24.0 2.00000000000074 -23.99999999999995 1.6481798091187475e-13
17.75 2.000000000000772 -24.0 2.000000000000746 -23.99999999999995 1.250209723893004e-13
17.775000000000002 2.000000000000772 -24.0 2.0000000000007514 -23.99999999999995 9.463467516962598e-14
17.8 2.000000000000772 -24.0 2.0000000000007554 -23.999999999999957 7.148178603823452e-14
17.825 2.000000000000772 -24.0 2.0000000000007594 -23.99999999999996 5.387728028906569e-14
17.85 2.000000000000772 -24.0 2.000000000000763 -23.99999999999997 4.051981494254445e-14
17.875 2.000000000000772 -24.0 2.0000000000007647 -23.99999999999997 3.0406459207729985e-14
17.900000000000002 2.000000000000772 -24.0 2.0000000000007674 -23.99999999999998 2.2765885632063636e-14
17.925 2.000000000000772 -24.0 2.000000000000772 -24.0 1.7006138054619047e-14
17.95 2.000000000000772 -24.0 2.000000000000772 -24.0 1.2673883980809923e-14
17.975 2.000000000000772 -24.0 2.000000000000772 -24.0 9.422694927499377e-15
18.0 2.000000000000772 -24.0 2.000000000000772 -24.0 6.988407961666439e-15
18.025000000000002 2.000000000000772 -24.0 2.000000000000772 -24.0 5.170029138986513e-15
18.05 2.000000000000772 -24.0 2.000000000000772 -24.0 3.814964538080875e-15
18.075 2.000000000000772 -24.0 2.000000000000772 -24.0 2.8076231563983075e-15
18.1 2.000000000000772 -24.0 2.000000000000772 -24.0 2.0606411652510444e-15
18.125 2.000000000000772 -24.0 2.000000000000772 -24.0 1.5081395283077498e-15
18.150000000000002 2.000000000000772 -24.0 2.000000000000772 -24.0 1.1005553584169886e-15
18.175 2.000000000000772 -24.0 2.000000000000772 -24.0 8.006885525370713e-16
18.2 2.000000000000772 -24.0 2.000000000000772 -24.0 5.806847812887535e-16
18.225 2.000000000000772 -24.0 2.000000000000772 -24.0 4.197382948699386e-16
18.25 2.000000000000772 -24.0 2.000000000000772 -24.0 3.023468242913689e-16
18.275000000000002 2.000000000000772 -24.0 2.000000000000772 -24.0 2.1698896722717427e-16
18.3 2.000000000000772 -24.0 2.000000000000772 -24.0 1.551241296121609e-16
18.325 2.000000000000772 -24.0 2.000000000000772 -24.0 1.1043815715156673e-16
18.35 2.000000000000772 -24.0 2.000000000000772 -24.0 7.82756688808774e-17
18.375 2.000000000000772 -24.0 2.000000000000772 -24.0 5.5213930824722155e-17
18.400000000000002 2.000000000000772 -24.0 2.000000000000772 -24.0 3.8743774746988765e-17
18.425 2.000000000000772 -24.0 2.000000000000772 -24.0 2.7031277165721338e-17
18.45 2.000000000000772 -24.0 2.000000000000772 -24.0 1.8740217965579606e-17
18.475 2.000000000000772 -24.0 2.000000000000772 -24.0 1.2900166942860656e-17
18.5 2.000000000000772 -24.0 2.000000000000772 -24.0 8.808736703694343e-18
18.525000000000002 2.000000000000772 -24.0 2.000000000000772 -24.0 5.959353249691681e-18
18.55 2.000000000000772 -24.0 2.000000000000772 -24.0 3.988034572032246e-18
18.575 2.000000000000772 -24.0 2.000000000000772 -24.0 2.634290061535745e-18
18.6 2.000000000000772 -24.0 2.000000000000772 -24.0 1.71248116177195e-18
18.625 2.000000000000772 -24.0 2.000000000000772 -24.0 1.0909101867037715e-18
18.650000000000002 2.000000000000772 -24.0 2.000000000000772 -24.0 6.766016589325305e-19
18.675 2.000000000000772 -24.0 2.000000000000772 -24.0 4.042641601282188e-19
18.7 2.000000000000772 -24.0 2.000000000000772 -24.0 2.2831278910267004e-19
18.725 2.000000000000772 -24.0 2.000000000000772 -24.0 1.171251417214572e-19
18.75 2.000000000000772 -24.0 2.000000000000772 -24.0 4.8921798420998234e-20
18.775000000000002 2.000000000000772 -24.0 2.000000000000772 -24.0 8.824253177567946e-21
18.8 2.000000000000772 -24.0 2.000000000000772 -24.0 -1.3236859896155833e-20
18.825 2.000000000000772 -24.0 2.000000000000772 -24.0 -2.400184620455049e-20
18.85 2.000000000000772 -24.0 2.000000000000772 -24.0 -2.792376908000898e-20
18.875 2.000000000000772 -24.0 2.000000000000772 -24.0 -2.789761923259548e-20
18.900000000000002 2.000000000000772 -24.0 2.000000000000772 -24.0 -2.576747256996749e-20
18.925 2.000000000000772 -24.0 2.000000000000772 -24.0 -2.2676779569081847e-20
18.95 2.000000000000772 -24.0 2.000000000000772 -24.0 -1.9308411043164975e-20
18.975 2.000000000000772 -24.0 2.000000000000772 -24.0 -1.6047683042511574e-20
19.0 2.000000000000772 -24.0 2.000000000000772 -24.0 -1.3091921451978668e-20
19.025000000000002 2.000000000000772 -24.0 2.000000000000772 -24.0 -1.0523189124483515e-20
19.05 2.000000000000772 -24.0 2.000000000000772 -24.0 -8.355838251723466e-21
19.075 2.000000000000772 -24.0 2.000000000000772 -24.0 -6.5670206144603765e-21
19.1 2.000000000000772 -24.0 2.000000000000772 -24.0 -5.115788376939609e-21
19.125 2.000000000000772 -24.0 2.000000000000772 -24.0 -3.954656992153136e-21
19.150000000000002 2.000000000000772 -24.0 2.000000000000772 -24.0 -3.036268349729257e-21
19.175 2.000000000000772 -24.0 2.000000000000772 -24.0 -2.316933913391233e-21
19.200000000000003 2.000000000000772 -24.0 2.000000000000772 -24.0 -1.7582444372291298e-21
19.225 2.000000000000772 -24.0 2.000000000000772 -24.0 -1.3275262267360122e-21
19.25 2.000000000000772 -24.0 2.000000000000772 -24.0 -9.976476910669732e-22
19.275000000000002 2.000000000000772 -24.0 2.000000000000772 -24.0 -7.464942745661739e-22
19.3 2.000000000000772 -24.0 2.000000000000772 -24.0 -5.563066249342951e-22
19.325000000000003 2.000000000000772 -24.0 2.000000000000772 -24.0 -4.1299630014261654e-22
19.35 2.000000000000772 -24.0 2.000000000000772 -24.0 -3.055016545536044e-22
19.375 2.000000000000772 -24.0 2.000000000000772 -24.0 -2.252142269674823e-22
19.400000000000002 2.000000000000772 -24.0 2.000000000000772 -24.0 -1.6548641332673453e-22
19.425 2.000000000000772 -24.0 2.000000000000772 -24.0 -1.2121996938613729e-22
19.450000000000003 2.000000000000772 -24.0 2.000000000000772 -24.0 -8.852893455553162e-23
19.475 2.000000000000772 -24.0 2.000000000000772 -24.0 -6.446788458404784e-23
19.5 2.000000000000772 -24.0 2.000000000000772 -24.0 -4.6815685166807494e-23
19.525000000000002 2.000000000000772 -24.0 2.000000000000772 -24.0 -3.390527718294826e-23
19.55 2.000000000000772 -24.0 2.000000000000772 -24.0 -2.4490938514206692e-23
19.575000000000003 2.000000000000772 -24.0 2.000000000000772 -24.0 -1.7645607765430784e-23
19.6 2.000000000000772 -24.0 2.000000000000772 -24.0 -1.2682028866633919e-23
19.625 2.000000000000772 -24.0 2.000000000000772 -24.0 -9.092577194644609e-24
19.650000000000002 2.000000000000772 -24.0 2.000000000000772 -24.0 -6.503606934487009e-24
19.675 2.000000000000772 -24.0 2.000000000000772 -24.0 -4.640998346881257e-24
19.700000000000003 2.000000000000772 -24.0 2.000000000000772 -24.0 -3.3042837924154887e-24
19.725 2.000000000000772 -24.0 2.000000000000772 -24.0 -2.3473041374023304e-24
19.75 2.000000000000772 -24.0 2.000000000000772 -24.0 -1.6638083285143045e-24
19.775000000000002 2.000000000000772 -24.0 2.000000000000772 -24.0 -1.176775426931872e-24
19.8 2.000000000000772 -24.0 2.000000000000772 -24.0 -8.305265084697724e-25
19.825000000000003 2.000000000000772 -24.0 2.000000000000772 -24.0 -5.849182239504089e-25
19.85 2.000000000000772 -24.0 2.000000000000772 -24.0 -4.1108315305849346e-25
19.875 2.000000000000772 -24.0 2.000000000000772 -24.0 -2.8831502816409013e-25
19.900000000000002 2.000000000000772 -24.0 2.000000000000772 -24.0 -2.0179821072111906e-25
19.925 2.000000000000772 -24.0 2.000000000000772 -24.0 -1.4095755114034237e-25
19.950000000000003 2.000000000000772 -24.0 2.000000000000772 -24.0 -9.826259699365618e-26
19.975 2.000000000000772 -24.0 2.000000000000772 -24.0 -6.836348138133649e-26
20.0 2.000000000000772 -24.0 2.000000000000772 -24.0 -4.7468193800184217e-26
20.025000000000002 2.000000000000772 -24.0 2.000000000000772 -24.0 -3.289499516008671e-26
20.05 2.000000000000772 -24.0 2.000000000000772 -24.0 -2.275154886994341e-26
20.075000000000003 2.000000000000772 -24.0 2.000000000000772 -24.0 -1.5705474219975388e-26
20.1 2.000000000000772 -24.0 2.000000000000772 -24.0 -1.082067935805043e-26
20.125 2.000000000000772 -24.0 2.000000000000772 -24.0 -7.44089836681967e-27
20.150000000000002 2.000000000000772 -24.0 2.000000000000772 -24.0 -5.107015027442973e-27
20.175 2.000000000000772 -24.0 2.000000000000772 -24.0 -3.4985086227231074e-27
20.200000000000003 2.000000000000772 -24.0 2.000000000000772 -24.0 -2.3920791350567586e-27
20.225 2.000000000000772 -24.0 2.000000000000772 -24.0 -1.6324777288681613e-27
20.25 2.000000000000772 -24.0 2.000000000000772 -24.0 -1.111987969600823e-27
20.275000000000002 2.000000000000772 -24.0 2.000000000000772 -24.0 -7.5602407339476e-28
20.3 2.000000000000772 -24.0 2.000000000000772 -24.0 -5.130446096074478e-28
20.325000000000003 2.000000000000772 -24.0 2.000000000000772 -24.0 -3.4750376167466816e-28
20.35 2.000000000000772 -24.0 2.000000000000772 -24.0 -2.349358714699842e-28
20.375 2.000000000000772 -24.0 2.000000000000772 -24.0 -1.5853487713817023e-28
20.400000000000002 2.000000000000772 -24.0 2.000000000000772 -24.0 -1.0677900206662238e-28
20.425 2.000000000000772 -24.0 2.000000000000772 -24.0 -7.178471636680587e-29
20.450000000000003 2.000000000000772 -24.0 2.000000000000772 -24.0 -4.8168421569562676e-29
20.475 2.000000000000772 -24.0 2.000000000000772 -24.0 -3.2260863834561266e-29
20.5 2.000000000000772 -24.0 2.000000000000772 -24.0 -2.1566080528120858e-29
20.525000000000002 2.000000000000772 -24.0 2.000000000000772 -24.0 -1.4389518087574146e-29
20.55 2.000000000000772 -24.0 2.000000000000772 -24.0 -9.582941706884708e-30
20.575000000000003 2.000000000000772 -24.0 2.000000000000772 -24.0 -6.369808936103708e-30
20.6 2.000000000000772 -24.0 2.000000000000772 -24.0 -4.2259652880710884e-30
20.625 2.000000000000772 -24.0 2.000000000000772 -24.0 -2.798298194819873e-30
20.650000000000002 2.000000000000772 -24.0 2.000000000000772 -24.0 -1.8493825857627753e-30
20.675 2.000000000000772 -24.0 2.000000000000772 -24.0 -1.219887966077023e-30
20.700000000000003 2.000000000000772 -24.0 2.000000000000772 -24.0 -8.030984246727032e-31
20.725 2.000000000000772 -24.0 2.000000000000772 -24.0 -5.276767683607375e-31
20.75 2.000000000000772 -24.0 2.000000000000772 -24.0 -3.4602839938301873e-31
20.775000000000002 2.000000000000772 -24.0 2.000000000000772 -24.0 -2.264611509284889e-31
20.8 2.000000000000772 -24.0 2.000000000000772 -24.0 -1.4791318609840628e-31
20.825000000000003 2.000000000000772 -24.0 2.000000000000772 -24.0 -9.641478893874892e-32
20.85 2.000000000000772 -24.0 2.000000000000772 -24.0 -6.271849961694984e-32
20.875 2.000000000000772 -24.0 2.000000000000772 -24.0 -4.0714940949284585e-32
20.900000000000002 2.000000000000772 -24.0 2.000000000000772 -24.0 -2.637595400081169e-32
20.925 2.000000000000772 -24.0 2.000000000000772 -24.0 -1.7050924828732827e-32
20.950000000000003 2.000000000000772 -24.0 2.000000000000772 -24.0 -1.0999204945488146e-32
20.975 2.000000000000772 -24.0 2.000000000000772 -24.0 -7.080034291386471e-33
21.0 2.000000000000772 -24.0 2.000000000000772 -24.0 -4.547325892745335e-33
21.025000000000002 2.000000000000772 -24.0 2.000000000000772 -24.0 -2.9141243919620346e-33
21.05 2.000000000000772 -24.0 2.000000000000772 -24.0 -1.8632647696966683e-33
21.075000000000003 2.000000000000772 -24.0 2.000000000000772 -24.0 -1.1886038390279195e-33
21.1 2.000000000000772 -24.0 2.000000000000772 -24.0 -7.564418649237447e-34
21.125 2.000000000000772 -24.0 2.000000000000772 -24.0 -4.802503147034089e-34
21.150000000000002 2.000000000000772 -24.0 2.000000000000772 -24.0 -3.0415081655922543e-34
21.175 2.000000000000772 -24.0 2.000000000000772 -24.0 -1.921376879200274e-34
21.200000000000003 2.000000000000772 -24.0 2.000000000000772 -24.0 -1.2106218924006396e-34
21.225 2.000000000000772 -24.0 2.000000000000772 -24.0 -7.607531331129786e-35
21.25 2.000000000000772 -24.0 2.000000000000772 -24.0 -4.767397604445987e-35
21.275000000000002 2.000000000000772 -24.0 2.000000000000772 -24.0 -2.97906673662214e-35
21.3 2.000000000000772 -24.0 2.000000000000772 -24.0 -1.8560693312315038e-35
21.325000000000003 2.000000000000772 -24.0 2.000000000000772 -24.0 -1.1528461656909069e-35
21.35 2.000000000000772 -24.0 2.000000000000772 -24.0 -7.137614307672745e-36
21.375 2.000000000000772 -24.0 2.000000000000772 -24.0 -4.404258009248603e-36
21.400000000000002 2.000000000000772 -24.0 2.000000000000772 -24.0 -2.7080356647960035e-36
21.425 2.000000000000772 -24.0 2.000000000000772 -24.0 -1.6588636843696637e-36
21.450000000000003 2.000000000000772 -24.0 2.000000000000772 -24.0 -1.0121407319872835e-36
21.475 2.000000000000772 -24.0 2.000000000000772 -24.0 -6.149328554848747e-37
21.5 2.000000000000772 -24.0 2.000000000000772 -24.0 -3.7190631002266737e-37
21.525000000000002 2.000000000000772 -24.0 2.000000000000772 -24.0 -2.2381838356031685e-37
21.55 2.000000000000772 -24.0 2.000000000000772 -24.0 -1.3397382911216649e-37
21.575000000000003 2.000000000000772 -24.0 2.000000000000772 -24.0 -7.972076175243288e-38
21.6 2.000000000000772 -24.0 2.000000000000772 -24.0 -4.712626436384921e-38
21.625 2.000000000000772 -24.0 2.000000000000772 -24.0 -2.7652750956800404e-38
21.650000000000002 2.000000000000772 -24.0 2.000000000000772 -24.0 -1.6089691475391572e-38
21.675 2.000000000000772 -24.0 2.000000000000772 -24.0 -9.270696934396925e-39
21.700000000000003 2.000000000000772 -24.0 2.000000000000772 -24.0 -5.2804380857317944e-39
21.725 2.000000000000772 -24.0 2.000000000000772 -24.0 -2.966111642178262e-39
21.75 2.000000000000772 -24.0 2.000000000000772 -24.0 -1.637631564719423e-39
21.775000000000002 2.000000000000772 -24.0 2.000000000000772 -24.0 -8.84368280670795e-40
21.8 2.000000000000772 -24.0 2.000000000000772 -24.0 -4.636017683509511e-40
21.825000000000003 2.000000000000772 -24.0 2.000000000000772 -24.0 -2.3293253297945707e-40
21.85 2.000000000000772 -24.0 2.000000000000772 -24.0 -1.0952769302848603e-40
21.875 2.000000000000772 -24.0 2.000000000000772 -24.0 -4.567817789604015e-41
21.900000000000002 2.000000000000772 -24.0 2.000000000000772 -24.0 -1.4224112756928885e-41
21.925 2.000000000000772 -24.0 2.000000000000772 -24.0 7.962398971434832e-44
21.950000000000003 2.000000000000772 -24.0 2.000000000000772 -24.0 5.6417737497319404e-42
21.975 2.000000000000772 -24.0 2.000000000000772 -24.0 6.997093868289196e-42
22.0 2.000000000000772 -24.0 2.000000000000772 -24.0 6.518129048276597e-42
22.025000000000002 2.000000000000772 -24.0 2.000000000000772 -24.0 5.393393793276051e-42
22.05 2.000000000000772 -24.0 2.000000000000772 -24.0 4.1789500664144645e-42
22.075000000000003 2.000000000000772 -24.0 2.000000000000772 -24.0 3.1043733361545746e-42
22.1 2.000000000000772 -24.0 2.000000000000772 -24.0 2.2389744900555717e-42
22.125 2.000000000000772 -24.0 2.000000000000772 -24.0 1.5796414191572262e-42
22.150000000000002 2.000000000000772 -24.0 2.000000000000772 -24.0 1.0954931288718836e-42
22.175 2.000000000000772 -24.0 2.000000000000772 -24.0 7.49276645961125e-43
22.200000000000003 2.000000000000772 -24.0 2.000000000000772 -24.0 5.066210362384114e-43
22.225 2.000000000000772 -24.0 2.000000000000772 -24.0 3.392276304524096e-43
22.25 2.000000000000772 -24.0 2.000000000000772 -24.0 2.2523830569655327e-43
22.275000000000002 2.000000000000772 -24.0 2.000000000000772 -24.0 1.4845133099631467e-43
22.3 2.000000000000772 -24.0 2.000000000000772 -24.0 9.72012144562803e-44
22.325000000000003 2.000000000000772 -24.0 2.000000000000772 -24.0 6.326902277480289e-44
22.35 2.000000000000772 -24.0 2.000000000000772 -24.0 4.0961546419022566e-44
22.375 2.000000000000772 -24.0 2.000000000000772 -24.0 2.638888646042497e-44
22.400000000000002 2.000000000000772 -24.0 2.000000000000772 -24.0 1.692339476315174e-44
22.425 2.000000000000772 -24.0 2.000000000000772 -24.0 1.0807188965707083e-44
22.450000000000003 2.000000000000772 -24.0 2.000000000000772 -24.0 6.874067827198685e-45
22.475 2.000000000000772 -24.0 2.000000000000772 -24.0 4.3560337357634266e-45
22.5 2.000000000000772 -24.0 2.000000000000772 -24.0 2.7506291988257142e-45
22.525000000000002 2.000000000000772 -24.0 2.000000000000772 -24.0 1.7310598467980355e-45
22.55 2.000000000000772 -24.0 2.000000000000772 -24.0 1.0859198604467562e-45
22.575000000000003 2.000000000000772 -24.0 2.000000000000772 -24.0 6.7912176504507534e-46
22.6 2.000000000000772 -24.0 2.000000000000772 -24.0 4.234610731027439e-46
22.625 2.000000000000772 -24.0 2.000000000000772 -24.0 2.632942317395744e-46
22.650000000000002 2.000000000000772 -24.0 2.000000000000772 -24.0 1.6325717756315788e-46
22.675 2.000000000000772 -24.0 2.000000000000772 -24.0 1.0095855044541322e-46
22.700000000000003 2.000000000000772 -24.0 2.000000000000772 -24.0 6.227114849281298e-47
22.725 2.000000000000772 -24.0 2.000000000000772 -24.0 3.831187377468204e-47
22.75 2.000000000000772 -24.0 2.000000000000772 -24.0 2.351308388844086e-47
22.775000000000002 2.000000000000772 -24.0 2.000000000000772 -24.0 1.4395935097032767e-47
22.8 2.000000000000772 -24.0 2.000000000000772 -24.0 8.793189124986368e-48
22.825000000000003 2.000000000000772 -24.0 2.000000000000772 -24.0 5.358575572986728e-48
22.85 2.000000000000772 -24.0 2.000000000000772 -24.0 3.258120167790177e-48
22.875 2.000000000000772 -24.0 2.000000000000772 -24.0 1.976589158084722e-48
22.900000000000002 2.000000000000772 -24.0 2.000000000000772 -24.0 1.196499804771185e-48
22.925 2.000000000000772 -24.0 2.000000000000772 -24.0 7.227195561827664e-49
22.950000000000003 2.000000000000772 -24.0 2.000000000000772 -24.0 4.35612959102848e-49
22.975 2.000000000000772 -24.0 2.000000000000772 -24.0 2.620097012181536e-49
23.0 2.000000000000772 -24.0 2.000000000000772 -24.0 1.5726437566102247e-49
23.025000000000002 2.000000000000772 -24.0 2.000000000000772 -24.0 9.41997283432208e-50
23.05 2.000000000000772 -24.0 2.000000000000772 -24.0 5.630984641584324e-50
23.075000000000003 2.000000000000772 -24.0 2.000000000000772 -24.0 3.3592533418414484e-50
23.1 2.000000000000772 -24.0 2.000000000000772 -24.0 2.000011615982886e-50
23.125 2.000000000000772 -24.0 2.000000000000772 -24.0 1.1883943908134718e-50
23.150000000000002 2.000000000000772 -24.0 2.000000000000772 -24.0 7.047471785717021e-51
23.175 2.000000000000772 -24.0 2.000000000000772 -24.0 4.1711573187998824e-51
23.200000000000003 2.000000000000772 -24.0 2.000000000000772 -24.0 2.463970629267948e-51
23.225 2.000000000000772 -24.0 2.000000000000772 -24.0 1.4526967851038338e-51
23.25 2.000000000000772 -24.0 2.000000000000772 -24.0 8.548289091174405e-52
23.275000000000002 2.000000000000772 -24.0 2.000000000000772 -24.0 5.020558570927222e-52
23.3 2.000000000000772 -24.0 2.000000000000772 -24.0 2.943044929141196e-52
23.325000000000003 2.000000000000772 -24.0 2.000000000000772 -24.0 1.7219350198427055e-52
23.35 2.000000000000772 -24.0 2.000000000000772 -24.0 1.0055744678943882e-52
23.375 2.000000000000772 -24.0 2.000000000000772 -24.0 5.861267598663116e-53
23.400000000000002 2.000000000000772 -24.0 2.000000000000772 -24.0 3.4099698947988955e-53
23.425 2.000000000000772 -24.0 2.000000000000772 -24.0 1.9801254871404934e-53
23.450000000000003 2.000000000000772 -24.0 2.000000000000772 -24.0 1.1476757239727917e-53
23.475 2.000000000000772 -24.0 2.000000000000772 -24.0 6.639429774964993e-54
23.5 2.000000000000772 -24.0 2.000000000000772 -24.0 3.833786490499683e-54
23.525000000000002 2.000000000000772 -24.0 2.000000000000772 -24.0 2.2095850757115304e-54
23.55 2.000000000000772 -24.0 2.000000000000772 -24.0 1.2710978009256623e-54
23.575000000000003 2.000000000000772 -24.0 2.000000000000772 -24.0 7.298474087965426e-55
23.6 2.000000000000772 -24.0 2.000000000000772 -24.0 4.182819489085629e-55
23.625 2.000000000000772 -24.0 2.000000000000772 -24.0 2.3927033740792414e-55
23.650000000000002 2.000000000000772 -24.0 2.000000000000772 -24.0 1.3661225834022422e-55
23.675 2.000000000000772 -24.0 2.000000000000772 -24.0 7.785196324389693e-56
23.700000000000003 2.000000000000772 -24.0 2.000000000000772 -24.0 4.428189557266278e-56
23.725 2.000000000000772 -24.0 2.000000000000772 -24.0 2.5139511568902517e-56
23.75 2.000000000000772 -24.0 2.000000000000772 -24.0 1.4244864646060943e-56
23.775000000000002 2.000000000000772 -24.0 2.000000000000772 -24.0 8.056142177712205e-57
23.8 2.000000000000772 -24.0 2.000000000000772 -24.0 4.5473588753179857e-57
23.825000000000003 2.000000000000772 -24.0 2.000000000000772 -24.0 2.561829368403867e-57
23.85 2.000000000000772 -24.0 2.000000000000772 -24.0 1.440439754897118e-57
23.875 2.000000000000772 -24.0 2.000000000000772 -24.0 8.083295968589929e-58
23.900000000000002 2.000000000000772 -24.0 2.000000000000772 -24.0 4.527144471640561e-58
23.925 2.000000000000772 -24.0 2.000000000000772 -24.0 2.530440596163147e-58
23.950000000000003 2.000000000000772 -24.0 2.000000000000772 -24.0 1.41155128634644e-58
23.975 2.000000000000772 -24.0 2.000000000000772 -24.0 7.858108771269479e-59
24.0 2.000000000000772 -24.0 2.000000000000772 -24.0 4.36567780080435e-59
24.025000000000002 2.000000000000772 -24.0 2.000000000000772 -24.0 2.420406029382109e-59
24.05 2.000000000000772 -24.0 2.000000000000772 -24.0 1.3391137051841452e-59
24.075000000000003 2.000000000000772 -24.0 2.000000000000772 -24.0 7.393127966515902e-60
24.1 2.000000000000772 -24.0 2.000000000000772 -24.0 4.072943421774355e-60
24.125 2.000000000000772 -24.0 2.000000000000772 -24.0 2.2389513277987053e-60
24.150000000000002 2.000000000000772 -24.0 2.000000000000772 -24.0 1.228068423816306e-60
24.175 2.000000000000772 -24.0 2.000000000000772 -24.0 6.720882163419382e-61
24.200000000000003 2.000000000000772 -24.0 2.000000000000772 -24.0 3.6697668525825195e-61
24.225 2.000000000000772 -24.0 2.000000000000772 -24.0 1.999125932595155e-61
24.25 2.000000000000772 -24.0 2.000000000000772 -24.0 1.0864518245663961e-61
24.275000000000002 2.000000000000772 -24.0 2.000000000000772 -24.0 5.89015211773402e-62
24.3 2.000000000000772 -24.0 2.000000000000772 -24.0 3.1853928444269616e-62
24.325000000000003 2.000000000000772 -24.0 2.000000000000772 -24.0 1.718272474634739e-62
24.35 2.000000000000772 -24.0 2.000000000000772 -24.0 9.244484572660024e-63
24.375 2.000000000000772 -24.0 2.000000000000772 -24.0 4.960217038783217e-63
24.400000000000002 2.000000000000772 -24.0 2.000000000000772 -24.0 2.6540415818423955e-63
24.425 2.000000000000772 -24.0 2.000000000000772 -24.0 1.415992906768477e-63
24.450000000000003 2.000000000000772 -24.0 2.000000000000772 -24.0 7.532042663427179e-64
24.475 2.000000000000772 -24.0 2.000000000000772 -24.0 3.9940063494657534e-64
24.5 2.000000000000772 -24.0 2.000000000000772 -24.0 2.1109980944259782e-64
24.525000000000002 2.000000000000772 -24.0 2.000000000000772 -24.0 1.111937720653059e-64
24.55 2.000000000000772 -24.0 2.000000000000772 -24.0 5.83588937011854e-65
24.575000000000003 2.000000000000772 -24.0 2.000000000000772 -24.0 3.05123791520625e-65
24.6 2.000000000000772 -24.0 2.000000000000772 -24.0 1.5888450293899394e-65
24.625 2.000000000000772 -24.0 2.000000000000772 -24.0 8.237583357394523e-66
24.650000000000002 2.000000000000772 -24.0 2.000000000000772 -24.0 4.2509455113546756e-66
24.675 2.000000000000772 -24.0 2.000000000000772 -24.0 2.182559875779752e-66
24.700000000000003 2.000000000000772 -24.0 2.000000000000772 -24.0 1.1143840376280823e-66
24.725 2.000000000000772 -24.0 2.000000000000772 -24.0 5.6551073145166315e-67
24.75 2.000000000000772 -24.0 2.000000000000772 -24.0 2.850203213424424e-67
24.775000000000002 2.000000000000772 -24.0 2.000000000000772 -24.0 1.4254606042636654e-67
24.8 2.000000000000772 -24.0 2.000000000000772 -24.0 7.066277007771242e-68
24.825000000000003 2.000000000000772 -24.0 2.000000000000772 -24.0 3.466961123203033e-68
24.85 2.000000000000772 -24.0 2.000000000000772 -24.0 1.680307135994705e-68
24.875 2.000000000000772 -24.0 2.000000000000772 -24.0 8.023378137447364e-69
24.900000000000002 2.000000000000772 -24.0 2.000000000000772 -24.0 3.760245770446518e-69
24.925 2.000000000000772 -24.0 2.000000000000772 -24.0 1.7199764743941343e-69
24.950000000000003 2.000000000000772 -24.0 2.000000000000772 -24.0 7.610211522539974e-70
24.975 2.000000000000772 -24.0 2.000000000000772 -24.0 3.20712872590325e-70
