0.03125 1.9999999999886326 4.4200000000000035 1.9999999999886313 4.42 -4.003793457677204e-70
0.09375 1.9999999999886344 4.419999999999996 1.9999999999886313 4.42 -3.10028924768748e-69
0.15625 1.9999999999886333 4.419999999999996 1.9999999999886318 4.419999999999999 -2.0164329257222074e-68
0.21875 1.9999999999886326 4.419999999999998 1.9999999999886318 4.419999999999998 -1.1971437942926539e-67
0.28125 1.999999999988632 4.419999999999996 1.9999999999886313 4.419999999999998 -6.704319663991951e-67
0.34375 1.999999999988632 4.419999999999996 1.999999999988632 4.419999999999996 -3.6001438242163e-66
0.40625 1.9999999999886318 4.419999999999994 1.999999999988632 4.4199999999999955 -1.8711212490761638e-65
0.46875 1.9999999999886313 4.419999999999991 1.9999999999886318 4.419999999999995 -9.467542854033363e-65
0.53125 1.999999999988632 4.4199999999999875 1.9999999999886307 4.419999999999996 -4.681823820360618e-64
0.59375 1.9999999999886322 4.419999999999986 1.99999999998863 4.419999999999996 -2.2689000963112057e-63
0.65625 1.9999999999886322 4.419999999999983 1.99999999998863 4.419999999999996 -1.0796763064909657e-62
0.71875 1.999999999988632 4.41999999999998 1.99999999998863 4.419999999999995 -5.052285490132954e-62
0.78125 1.999999999988632 4.419999999999979 1.99999999998863 4.419999999999993 -2.3274779481577778e-61
0.84375 1.9999999999886326 4.419999999999975 1.9999999999886307 4.419999999999991 -1.0564902049433007e-60
0.90625 1.9999999999886326 4.4199999999999715 1.9999999999886307 4.419999999999991 -4.7285315304742537e-60
0.96875 1.9999999999886326 4.41999999999997 1.9999999999886307 4.419999999999989 -2.0878823025968615e-59
1.03125 1.999999999988632 4.41999999999997 1.9999999999886304 4.419999999999989 -9.099039886941364e-59
1.09375 1.9999999999886326 4.419999999999967 1.9999999999886307 4.419999999999989 -3.9151515696813544e-58
1.15625 1.999999999988634 4.4199999999999635 1.9999999999886313 4.419999999999986 -1.6637515850317588e-57
1.21875 1.999999999988634 4.419999999999963 1.9999999999886313 4.419999999999984 -6.98415315449243e-57
1.28125 1.9999999999886333 4.419999999999964 1.9999999999886307 4.419999999999983 -2.896688398352563e-56
1.34375 1.9999999999886326 4.419999999999964 1.9999999999886304 4.419999999999982 -1.1871666588356863e-55
1.40625 1.9999999999886326 4.4199999999999635 1.9999999999886307 4.41999999999998 -4.808243216412138e-55
1.46875 1.9999999999886333 4.419999999999962 1.9999999999886304 4.41999999999998 -1.9246606613016414e-54
1.53125 1.9999999999886326 4.419999999999963 1.9999999999886307 4.419999999999979 -7.614287154550369e-54
1.59375 1.9999999999886326 4.4199999999999635 1.9999999999886313 4.419999999999975 -2.977231559962374e-53
1.65625 1.9999999999886326 4.419999999999963 1.9999999999886318 4.419999999999973 -1.1505138179815468e-52
1.71875 1.9999999999886333 4.419999999999961 1.999999999988633 4.41999999999997 -4.393804720150234e-52
1.78125 1.999999999988632 4.419999999999961 1.999999999988633 4.41999999999997 -1.6581299923453183e-51
1.84375 1.999999999988632 4.419999999999962 1.9999999999886333 4.41999999999997 -6.182563431609285e-51
1.90625 1.9999999999886313 4.419999999999959 1.999999999988634 4.419999999999968 -2.277278377096913e-50
1.96875 1.999999999988632 4.419999999999959 1.999999999988634 4.419999999999968 -8.284492655247021e-50
2.03125 1.999999999988632 4.419999999999959 1.999999999988633 4.419999999999968 -2.9757630384972538e-49
2.09375 1.9999999999886313 4.419999999999957 1.999999999988634 4.419999999999964 -1.0550291032482932e-48
2.15625 1.999999999988632 4.419999999999956 1.999999999988634 4.419999999999964 -3.6904479413849395e-48
2.21875 1.9999999999886326 4.419999999999954 1.9999999999886344 4.419999999999961 -1.2729509522619648e-47
2.28125 1.9999999999886326 4.419999999999954 1.9999999999886353 4.419999999999957 -4.3268626815565847e-47
2.34375 1.999999999988633 4.419999999999953 1.999999999988634 4.419999999999959 -1.4480961508257759e-46
2.40625 1.9999999999886333 4.419999999999953 1.9999999999886353 4.419999999999956 -4.766666883297355e-46
2.46875 1.9999999999886333 4.419999999999953 1.9999999999886353 4.419999999999954 -1.541032557512438e-45
2.53125 1.9999999999886333 4.419999999999953 1.9999999999886353 4.419999999999954 -4.88392660333133e-45
2.59375 1.9999999999886333 4.419999999999953 1.999999999988636 4.419999999999953 -1.5134271734381545e-44
2.65625 1.999999999988634 4.419999999999952 1.999999999988636 4.419999999999953 -4.568647830048834e-44
2.71875 1.999999999988634 4.419999999999952 1.999999999988636 4.419999999999952 -1.3361689566318357e-43
2.78125 1.999999999988634 4.419999999999952 1.9999999999886358 4.419999999999951 -3.7532028244107754e-43
2.84375 1.999999999988634 4.419999999999953 1.999999999988636 4.419999999999948 -9.974387744360698e-43
2.90625 1.999999999988634 4.419999999999953 1.999999999988636 4.419999999999948 -2.4351720591234945e-42
2.96875 1.9999999999886344 4.419999999999951 1.999999999988636 4.419999999999947 -5.085290221773357e-42
3.03125 1.9999999999886355 4.419999999999948 1.999999999988636 4.419999999999947 -6.897034062129024e-42
3.09375 1.9999999999886366 4.419999999999943 1.999999999988636 4.419999999999947 9.4571499118777e-42
3.15625 1.9999999999886366 4.41999999999994 1.9999999999886346 4.419999999999948 1.333693151761316e-40
3.21875 1.9999999999886373 4.419999999999938 1.999999999988634 4.419999999999948 7.548951878250107e-40
3.28125 1.9999999999886373 4.419999999999938 1.999999999988634 4.419999999999947 3.4311887634935694e-39
3.34375 1.9999999999886373 4.419999999999937 1.9999999999886362 4.419999999999942 1.403178566439546e-38
3.40625 1.999999999988637 4.419999999999938 1.9999999999886393 4.4199999999999315 5.378068716624702e-38
3.46875 1.9999999999886366 4.419999999999938 1.9999999999886326 4.419999999999948 1.9697195541396117e-37
3.53125 1.999999999988637 4.419999999999936 1.99999999998862 4.419999999999972 6.968045095399668e-37
3.59375 1.9999999999886373 4.419999999999936 1.999999999988648 4.419999999999918 2.3966218722471593e-36
3.65625 1.9999999999886373 4.419999999999936 1.9999999999887037 4.419999999999792 8.049000674182709e-36
3.71875 1.9999999999886373 4.419999999999936 1.9999999999886118 4.419999999999975 2.64747034316652e-35
3.78125 1.9999999999886373 4.419999999999936 1.999999999988367 4.420000000000567 8.54664587042569e-35
3.84375 1.999999999988637 4.419999999999936 1.9999999999886078 4.419999999999943 2.712213722730896e-34
3.90625 1.9999999999886373 4.419999999999936 1.9999999999896687 4.419999999997703 8.471067439974588e-34
3.96875 1.999999999988637 4.419999999999936 1.9999999999891762 4.419999999998714 2.6064103442825064e-33
4.03125 1.9999999999886373 4.419999999999935 1.9999999999850713 4.420000000007732 7.905978888239404e-33
4.09375 1.999999999988638 4.419999999999932 1.9999999999848512 4.420000000008709 2.3655346031470872e-32
4.15625 1.9999999999886373 4.419999999999932 1.999999999999359 4.419999999975365 6.984994830761698e-32
4.21875 1.999999999988637 4.419999999999932 2.000000000008898 4.419999999956081 2.0362389514835817e-31
4.28125 1.999999999988638 4.419999999999931 1.999999999962792 4.420000000056193 5.862031322215626e-31
4.34375 1.9999999999886386 4.419999999999929 1.999999999900788 4.4200000001949205 1.666974471735266e-30
4.40625 1.9999999999886386 4.419999999999929 2.000000000015352 4.4199999999437765 4.683320222460584e-30
4.46875 1.9999999999886393 4.419999999999927 2.0000000003063985 4.419999999285536 1.3001294525565887e-29
4.53125 1.9999999999886393 4.419999999999927 2.0000000001493077 4.419999999660196 3.5667630039506357e-29
4.59375 1.9999999999886393 4.419999999999927 1.9999999990311452 4.420000002102074 9.670497416647311e-29
4.65625 1.99999999998864 4.419999999999925 1.9999999985527774 4.420000003206424 2.5913628227116674e-28
4.71875 1.9999999999886406 4.419999999999924 2.000000001718826 4.419999996169899 6.863046828850996e-28
4.78125 1.9999999999886415 4.419999999999922 2.000000006826352 4.419999984757431 1.796412949920961e-27
4.84375 1.9999999999886424 4.419999999999918 2.0000000042528177 4.419999990856676 4.64700787456371e-27
4.90625 1.9999999999886433 4.419999999999916 1.9999999919977163 4.42000001701466 1.1879054274809626e-26
4.96875 1.9999999999886426 4.419999999999916 2.000000013324355 4.419999971147934 3.0004004484834847e-26
5.03125 1.9999999999886426 4.4199999999999156 2.000000219686061 4.419999514211771 7.486792811960278e-26
5.09375 1.9999999999886426 4.4199999999999156 2.000001054329285 4.419997661360791 1.8451945242224962e-25
5.15625 1.9999999999886429 4.419999999999914 2.0000048155099686 4.419989280917929 4.490611845317189e-25
5.21875 1.9999999999886433 4.419999999999911 2.0000173572387467 4.419961610299051 1.0788108353212093e-24
5.28125 1.9999999999886438 4.419999999999909 2.0000380409400256 4.419915395749502 2.557329998052712e-24
5.34375 1.9999999999886433 4.419999999999909 2.000057955685688 4.419871038319158 5.97877898615881e-24
5.40625 1.9999999999886426 4.419999999999909 2.0000695373055937 4.4198474828306304 1.3776866515677294e-23
5.46875 1.999999999988642 4.41999999999991 2.0000738884739526 4.419834520826533 3.1264914036512736e-23
5.53125 1.999999999988642 4.41999999999991 2.000075369873823 4.419832197979794 6.980618709954213e-23
5.59375 1.9999999999886426 4.4199999999999084 2.000075578702653 4.4198334685342555 1.5314050791412638e-22
5.65625 1.9999999999886433 4.419999999999906 2.000075212697868 4.419833209016959 3.2952537647922248e-22
5.71875 1.9999999999886433 4.419999999999906 2.000074791128869 4.419833079563722 6.938397225712931e-22
5.78125 1.9999999999886433 4.419999999999906 2.0000747421845557 4.419833884560551 1.4247827369012723e-21
5.84375 1.9999999999886438 4.419999999999904 2.000074911591545 4.419834339028826 2.839370569031387e-21
5.90625 1.9999999999886446 4.419999999999902 2.000074966660605 4.419833763212453 5.44950890910029e-21
5.96875 1.9999999999886446 4.4199999999999005 2.0000749358948045 4.419833209002807 9.944158298563714e-21
6.03125 1.9999999999886446 4.4199999999999 2.0000749562093816 4.419833455968419 1.683955802877859e-20
6.09375 1.9999999999886453 4.419999999999898 2.0000749885293425 4.419833824342116 2.5051785044004933e-20
6.15625 1.9999999999886453 4.419999999999898 2.0000749573812238 4.4198336975766 2.740528868930065e-20
6.21875 1.9999999999886453 4.419999999999897 2.0000749146117656 4.419833452414421 -1.9289258172990763e-21
6.28125 1.9999999999886453 4.419999999999895 2.000074930035992 4.419833537690052 -1.4017862304362418e-19
6.34375 1.9999999999886453 4.419999999999893 2.0000749652907475 4.419833742135099 -5.9727403593566045e-19
6.40625 1.9999999999886462 4.41999999999989 2.0000749596625753 4.419833706042698 -1.9104035673239254e-18
6.46875 1.9999999999886466 4.419999999999888 2.0000749324388045 4.4198335480889765 -5.395897040893431e-18
6.53125 1.9999999999886473 4.419999999999888 2.0000749322823643 4.419833561488837 -1.4172635144106045e-17
6.59375 1.9999999999886473 4.419999999999888 2.0000749523343337 4.419833682872422 -3.5429167569282213e-17
6.65625 1.9999999999886466 4.419999999999889 2.00007495571958 4.41983367553101 -8.534713940380537e-17
6.71875 1.9999999999886466 4.419999999999888 2.0000749431469433 4.419833556023594 -1.996000429606432e-16
6.78125 1.9999999999886466 4.419999999999888 2.000074945893571 4.419833521914377 -4.553629995606369e-16
6.84375 1.9999999999886464 4.419999999999887 2.0000749691096282 4.419833579383884 -1.0167180356264946e-15
6.90625 1.9999999999886446 4.4199999999998845 2.0000749864981344 4.41983356814974 -2.226894517287864e-15
6.96875 1.9999999999886406 4.4199999999998845 2.0000749470882857 4.419833607252075 -4.7928992723670935e-15
7.03125 1.999999999988634 4.419999999999883 2.0000747044680955 4.419834105019497 -1.0149798143363878e-14
7.09375 1.9999999999886202 4.419999999999879 2.000073837772609 4.419836056908155 -2.1169426434468405e-14
7.15625 1.9999999999885913 4.4199999999998765 2.0000700592507172 4.419844556976553 -4.352028380639294e-14
7.21875 1.9999999999885307 4.419999999999879 2.0000575326975354 4.419872269360463 -8.824162729183831e-14
7.28125 1.9999999999884135 4.419999999999879 2.0000368094564247 4.419918259948572 -1.765504987103273e-13
7.34375 1.9999999999881843 4.419999999999879 2.0000169193635897 4.4199629557418225 -3.4869878558211256e-13
7.40625 1.999999999987744 4.419999999999878 2.000005445125704 4.419985764888427 -6.800747887373828e-13
7.46875 1.9999999999869054 4.419999999999876 2.000001006607732 4.419999022043312 -1.3100830926616375e-12
7.53125 2.0000999999853306 4.419999999999874 1.9999997098502584 4.420001530154208 -2.4932458599455e-12
7.59375 2.000099999982407 4.419999999999874 1.9999994462133546 4.420000104093411 -4.688392804143842e-12
7.65625 2.0000999999770515 4.419999999999871 1.9999997437347112 4.4200000303942755 -8.71217953361179e-12
7.71875 2.0000999999673503 4.419999999999871 2.000000168565613 4.4200003972192015 -1.5999612188650176e-11
7.78125 2.0000999999499904 4.41999999999987 2.0000002298546535 4.419999920824793 -2.9039792611471703e-11
7.84375 2.0000999999192977 4.41999999999987 2.0000000285239388 4.4199993985318216 -5.2093915604236066e-11
7.90625 2.0000999998656885 4.4199999999998685 1.9999999507029809 4.419999765929558 -9.236014962645237e-11
7.96875 2.000099999773195 4.4199999999998685 2.0000000007496737 4.420000372130101 -1.6183318890323987e-10
8.03125 2.000099999615577 4.4199999999998685 1.9999999969511804 4.420000299964048 -2.8022250166414554e-10
8.09375 2.0000999993503346 4.4199999999998685 1.9999999462601474 4.419999864325877 -4.794494381885033e-10
8.15625 2.000099998909666 4.419999999999869 1.999999959443601 4.419999841961046 -8.10442429110603e-10
8.21875 2.000099998187086 4.419999999999872 2.0000000135694243 4.420000140057944 -1.3531848884076558e-09
8.28125 2.000099997018119 4.419999999999877 2.000000014403965 4.420000171928573 -2.2312156971162697e-09
8.34375 2.000099995153217 4.4199999999998845 1.9999999696975044 4.4199999569778345 -3.631974219148933e-09
8.40625 2.000099992221021 4.419999999999894 1.9999999552869554 4.4199999287096405 -5.834394601838469e-09
8.46875 2.0000999876806262 4.419999999999904 1.9999999774926835 4.420000107399727 -9.244758734380355e-09
8.53125 2.000099980763101 4.419999999999913 1.9999999797954198 4.420000167071777 -1.444062428085364e-08
8.59375 2.000099970405981 4.4199999999999235 1.9999999454252584 4.420000047047624 -2.2220023413817202e-08
8.65625 2.0000999551911844 4.419999999999936 1.999999911591193 4.419999988499318 -3.364810060345147e-08
8.71875 2.0000999333086 4.419999999999947 1.9999998966148786 4.420000085172122 -5.00844594839887e-08
8.78125 2.000099902587455 4.419999999999959 1.9999998715178688 4.420000162929461 -7.315960195901896e-08
8.84375 2.0000998606692866 4.419999999999969 1.999999811823386 4.420000123647598 -1.046450073705699e-07
8.90625 2.0000998054453096 4.419999999999978 1.9999997340344038 4.42000009012691 -1.461246173463636e-07
8.96875 2.000099735954124 4.419999999999987 1.9999996574341816 4.420000156980379 -1.9832055356516146e-07
9.03125 2.0000996540416955 4.419999999999996 1.9999995728119038 4.420000240788305 -2.598462797269504e-07
9.09375 2.000099567234779 4.420000000000005 1.999999470935983 4.420000246203954 -3.250483311046408e-07
9.15625 2.000099493483106 4.420000000000014 1.9999993749713518 4.4200002202957425 -3.8044437996817056e-07
9.21875 2.0000994686970137 4.420000000000024 1.9999993345044174 4.420000259048734 -3.990616064219827e-07
9.28125 2.000099558356914 4.4200000000000355 1.9999994120879714 4.42000034607612 -3.31716640591852e-07
9.34375 2.000099874907209 4.420000000000044 1.9999997087129142 4.420000401612195 -9.39506915416835e-08
9.40625 2.000100603171509 4.420000000000052 2.0000004104454203 4.420000417613231 4.530603240697041e-07
9.46875 2.000102036629164 4.42000000000006 2.0000018213069852 4.420000450804087 1.529753980297915e-06
9.53125 2.0000046280501858 4.42000000000007 2.000004396667669 4.420000515582437 3.4762149433038535e-06
9.59375 2.000009058649717 4.420000000000079 2.0000088101009554 4.420000568606169 6.804120370200431e-06
9.65625 2.0000163305196446 4.420000000000087 2.0000160595566037 4.420000591867573 1.2266172538001058e-05
9.71875 2.0000278875156563 4.420000000000096 2.0000275941204935 4.420000620580595 2.0946912307718176e-05
9.78125 2.0000457698784024 4.420000000000105 2.000045459081244 4.420000676399122 3.437888657929601e-05
9.84375 2.000072807466065 4.420000000000113 2.0000724822803226 4.4200007292592405 5.468784914051539e-05
9.90625 2.000112855359886 4.420000000000119 2.0001125162032833 4.420000748158598 8.47698499292316e-05
9.96875 2.000171073542729 4.420000000000122 2.000170724115611 4.420000746189801 0.00012850154243721726
10.03125 2.0002542491148896 4.420000000000119 2.0002538973219623 4.420000749060483 0.0001909826458667602
10.09375 2.0003711549070653 4.420000000000115 2.000370807127985 4.42000075074893 0.00027880609774585296
10.15625 2.000532932259988 4.42000000000011 2.0005325912992715 4.42000073197689 0.00040034694173355593
10.21875 2.0007534781737535 4.420000000000106 2.0007531485884065 4.420000698276454 0.0005660554261655719
10.28125 2.0010498081819383 4.420000000000093 2.001049499930483 4.420000668283947 0.0007887332867798587
10.34375 2.001442356612114 4.420000000000084 2.0014420809359033 4.420000635950814 0.001083765068175486
10.40625 2.0019551660813093 4.420000000000073 2.001954930202597 4.420000573797867 0.0014692691192730424
10.46875 2.002615909185463 4.420000000000056 2.0026157174295154 4.420000470800723 0.0019661263086395773
10.53125 2.003455678731449 4.42000000000003 2.0034555364928877 4.420000342303711 0.002597839480069819
10.59375 2.004508480138507 4.419999999999998 2.004508393670804 4.420000203296317 0.0033901743036548818
10.65625 2.0058103625479315 4.419999999999966 2.005810336568846 4.420000053962681 0.004370533653136037
10.71875 2.007398135409629 4.419999999999934 2.007398174335072 4.419999895597904 0.005567024104157814
10.78125 2.0093076362168762 4.4199999999999005 2.0093077467134717 4.419999738591025 0.007007185562588836
10.84375 2.0115715433379995 4.419999999999863 2.0115717317720936 4.419999585187764 0.008716373997397405
10.90625 2.0142167652539626 4.419999999999823 2.014217032184571 4.41999942022122 0.01071581282047236
10.96875 2.0172614823779274 4.419999999999785 2.0172618223993846 4.419999231944683 0.013020359959317548
11.03125 2.020711966988214 4.4199999999997495 2.02071237429847 4.41999903340921 0.01563607359493098
11.09375 2.024559356246556 4.41999999999971 2.0245598277271575 4.4199988534428245 0.01855769747427637
11.15625 2.0287765973434606 4.419999999999665 2.02877713017729 4.419998708681509 0.021766223390745052
11.21875 2.0333158166104144 4.4199999999996145 2.0333164061958544 4.419998594040197 0.02522671991030791
11.28125 2.0381063804216875 4.419999999999561 2.0381070214016006 4.419998497607529 0.028886638374096246
11.34375 2.043053910546452 4.419999999999512 2.04305459659665 4.419998415379949 0.03267481533066286
11.40625 2.048040487904534 4.419999999999474 2.048041208853954 4.41999834848608 0.036501381084238345
11.46875 2.052926226377819 4.419999999999453 2.052926968103076 4.419998296917999 0.04025875432072879
11.53125 2.0575523247834724 4.4199999999994555 2.0575530740835486 4.419998262656746 0.043823851741497465
11.59375 2.0617456147772266 4.419999999999483 2.0617463630957813 4.419998252432544 0.04706157029590306
11.65625 2.0653245213660725 4.41999999999954 2.06532526246687 4.4199982699703995 0.04982951126378543
11.71875 2.068106247918127 4.4199999999996225 2.0681069738902034 4.419998309921173 0.051983815731628635
11.78125 2.069914896584524 4.419999999999728 2.06991559816656 4.419998365035349 0.05338587762874967
11.84375 2.070590145433554 4.419999999999851 2.07059081463016 4.419998435988838 0.053909602651500035
11.90625 2.0699960324818623 4.41999999999998 2.0699966624308024 4.419998526083253 0.053448799007006796
11.96875 2.0680293504840894 4.420000000000109 2.0680299334445023 4.4199986309411186 0.05192422853819394
12.03125 2.0646271397305167 4.420000000000224 2.0646276676658433 4.419998743366107 0.04928982261350742
12.09375 2.05977278218131 4.420000000000319 2.0597732504109585 4.419998866548763 0.04553758186163458
12.15625 2.053500249576236 4.420000000000388 2.053500657998497 4.419999012388988 0.040700734725941205
12.21875 2.045896138538389 4.420000000000435 2.0458964882316963 4.4199991837909725 0.034854825297487284
12.28125 2.03709923241077 4.420000000000453 2.037099521803883 4.419999365870675 0.028116530264597768
12.34375 2.027297455960848 4.420000000000437 2.027297680375069 4.419999541521328 0.0206401586194423
12.40625 2.016722227650912 4.420000000000394 2.0167223830464724 4.419999704432746 0.012611953511883283
12.46875 2.0056403578738635 4.4200000000003365 2.0056404437430913 4.419999858133678 0.004242479026349397
12.53125 1.9943437849882386 4.420000000000275 1.994343802114191 4.4200000087107885 -0.004242479026349397
12.59375 1.9831375807273797 4.420000000000227 1.9831375324197125 4.4200001545165115 -0.012611953511883283
12.65625 1.972326790178298 4.420000000000202 1.9723266818366154 4.420000293246058 -0.0206401586194423
12.71875 1.9622027950401966 4.420000000000213 1.9622026311570815 4.420000429131667 -0.028116530264597768
12.78125 1.9530299931704684 4.4200000000002655 1.9530297808428805 4.4200005467043075 -0.034854825297487284
12.84375 1.9450336553602656 4.420000000000361 1.9450333976832617 4.420000641759602 -0.040700734725941205
12.90625 1.9383898269474396 4.420000000000495 1.9383895254544161 4.420000708302584 -0.04553758186163458
12.96875 1.9332180603019888 4.42000000000065 1.9332177246853475 4.420000734641863 -0.04928982261350742
13.03125 1.929577576457724 4.42000000000081 1.9295772068115629 4.4200007360898415 -0.05192422853819394
13.09375 1.9274671639841714 4.420000000000952 1.9274667725909973 4.420000695736826 -0.053448799007006796
13.15625 1.9268287636133854 4.4200000000010515 1.926828357439843 4.420000644653534 -0.053909602651500035
13.21875 1.9275543166363538 4.420000000001091 1.9275539015747007 4.420000633087579 -0.05338587762874967
13.28125 1.9294951416908575 4.420000000001055 1.9294947475659956 4.420000591443803 -0.051983815731628635
13.34375 1.9324729041907251 4.420000000000945 1.932472498547221 4.420000624097961 -0.04982951126378543
13.40625 1.936291181914017 4.420000000000758 1.936290821298062 4.4200004816402085 -0.04706157029590306
13.46875 1.94074670149389 4.420000000000508 1.9407462978394965 4.420000487531517 -0.043823851741497465
13.53125 1.9456394895765747 4.420000000000213 1.9456391595988862 4.420000158986296 -0.04025875432072879
13.59375 1.9507814034733935 4.419999999999901 1.9507809727738712 4.420000175966917 -0.036501381084238345
13.65625 1.9560027362692611 4.41999999999959 1.9560024443532034 4.419999622443129 -0.03267481533066286
13.71875 1.9611567991843906 4.419999999999307 1.961156318683924 4.419999975808382 -0.028886638374096246
13.78125 1.9661225520526626 4.419999999999074 1.9661223568990374 4.41999920294551 -0.02522671991030791
13.84375 1.9708054753026423 4.419999999998906 1.9708050377930055 4.4200003730313595 -0.021766223390745052
13.90625 1.975136955712558 4.419999999998811 1.9751370858364226 4.4200012977448795 -0.01855769747427637
13.96875 1.979072499294427 4.419999999998787 1.979073336514695 4.420007162156863 -0.01563607359493098
14.03125 1.9825890951103426 4.419999999998827 1.98259244497688 4.420023339113772 -0.013020359959317548
14.09375 1.9856820407288007 4.41999999999892 1.9856899562232648 4.420053555365161 -0.01071581282047236
14.15625 1.9883615098531269 4.419999999999047 1.9883754526680142 4.420093399741945 -0.008716373997397405
14.21875 1.9906491011083371 4.4199999999991855 1.9906687742223548 4.42013130437877 -0.007007185562588836
14.28125 1.9925745590447905 4.419999999999321 1.992597927672157 4.42015570201151 -0.005567024104157814
14.34375 1.994172808399862 4.4199999999994395 1.9941974445846269 4.420164017380879 -0.004370533653136037
14.40625 1.9954813941370613 4.419999999999535 1.995506304566652 4.420165753637518 -0.0033901743036548818
14.46875 1.996538375587168 4.4199999999996 1.99656337185472 4.420166235827459 -0.002597839480069819
14.53125 1.9973806851855096 4.419999999999633 1.9974057102909366 4.4201663594399925 -0.0019661263086395773
14.59375 1.9980429320669955 4.419999999999636 1.9980679691359124 4.420166382774455 -0.0014692691192730424
14.65625 1.9985566086139255 4.419999999999613 1.998581649859775 4.420166371848277 -0.001083765068175486
14.71875 1.9989496437441638 4.419999999999574 1.9989746845859035 4.420166339585125 -0.0007887332867798587
14.78125 1.9992462395305144 4.419999999999531 1.999271276256804 4.420166294803758 -0.0005660554261655719
14.84375 1.9994669265268412 4.419999999999495 1.9994919592685667 4.420166252209343 -0.00040034694173355593
14.90625 1.999628776600844 4.419999999999472 1.9996538088014957 4.420166242735272 -0.00027880609774585296
14.96875 1.9997457187412029 4.419999999999462 1.9997707555801394 4.420166279037042 -0.0001909826458667602
15.03125 1.9998289118992933 4.419999999999457 1.9998539630300884 4.420166340316727 -0.00012850154243721726
15.09375 1.9998871382987136 4.41999999999946 1.9999121980249082 4.420166410198188 -8.47698499292316e-05
15.15625 1.9999271898882685 4.419999999999464 1.9999522575687574 4.420166440359331 -5.468784914051539e-05
15.21875 1.9999542290693655 4.419999999999467 1.9999792964034497 4.420166426754036 -3.437888657929601e-05
15.28125 1.999972112086687 4.419999999999471 1.9999971680247814 4.420166428356979 -2.0946912307718176e-05
15.34375 1.9999836693366098 4.419999999999476 2.0000087450342807 4.4201663916138285 -1.2266172538001058e-05
15.40625 1.9999909412982402 4.4199999999994795 2.0000159942361577 4.420166532091922 -6.804120370200431e-06
15.46875 1.99999537192787 4.419999999999483 2.0000204888805095 4.42016652736941 -3.4762149433038535e-06
15.53125 1.9999979633574494 4.419999999999488 2.000023035258819 4.420166856382297 -1.529753980297915e-06
15.59375 1.9999993968169685 4.419999999999494 2.0000246032078213 4.420166806645041 -4.530603240697041e-07
15.65625 2.0000001250814305 4.419999999999497 2.0000252110843992 4.420167362690702 9.39506915416835e-08
15.71875 2.000000441631628 4.419999999999501 2.000025750894448 4.420166905113944 3.31716640591852e-07
15.78125 2.000000531291481 4.4199999999995025 2.000025552250374 4.420167682818333 3.990616064219827e-07
15.84375 2.0000005065054016 4.4199999999995025 2.0000258446140817 4.420166258722753 3.8044437996817056e-07
15.90625 2.0000004327537626 4.419999999999504 2.000025155897008 4.420165605755777 3.250483311046408e-07
15.96875 2.000000345946878 4.41999999999951 2.0000244704947727 4.420159778802506 2.598462797269504e-07
16.03125 2.0000002640344725 4.419999999999515 2.0000219301640874 4.420143953239682 1.9832055356516146e-07
16.09375 2.000000194543302 4.41999999999952 2.0000172717322533 4.420113372111474 1.461246173463636e-07
16.15625 2.0000001393193343 4.419999999999523 2.0000110761314422 4.420072623373252 1.046450073705699e-07
16.21875 2.0000000974011716 4.419999999999525 2.000005266736716 4.420034322883616 7.315960195901896e-08
16.28125 2.0000000666800295 4.419999999999527 2.0000016158021356 4.4200102828432275 5.00844594839887e-08
16.34375 2.0000000447974466 4.419999999999532 2.0000003943861318 4.4200023110555176 3.364810060345147e-08
16.40625 2.000000029582652 4.419999999999535 2.00000012120941 4.420000597349206 2.2220023413817202e-08
16.46875 2.0000000192255323 4.419999999999538 2.0000000381057217 4.420000124685736 1.444062428085364e-08
16.53125 2.000000012308006 4.41999999999954 2.0000000142322794 4.420000014120273 9.244758734380355e-09
16.59375 2.0000000077676106 4.419999999999543 2.000000007304694 4.419999996556545 5.834394601838469e-09
16.65625 2.0000000048354147 4.419999999999547 2.00000000499008 4.420000000966813 3.631974219148933e-09
16.71875 2.0000000029705127 4.419999999999551 2.000000003643063 4.420000004457188 2.2312156971162697e-09
16.78125 2.000000001801545 4.419999999999558 2.000000002300081 4.420000003309514 1.3531848884076558e-09
16.84375 2.000000001078965 4.419999999999563 2.0000000011549206 4.420000000503881 8.10442429110603e-10
16.90625 2.0000000006382983 4.419999999999568 2.000000000478682 4.419999998939742 4.794494381885033e-10
16.96875 2.0000000003730576 4.419999999999571 2.000000000233214 4.419999999071003 2.8022250166414554e-10
17.03125 2.000000000215441 4.419999999999569 2.0000000001904716 4.41999999983376 1.6183318890323987e-10
17.09375 2.000000000122949 4.419999999999569 2.000000000163938 4.42000000027173 9.236014962645237e-11
17.15625 2.000000000069339 4.419999999999574 2.000000000103394 4.420000000225673 5.2093915604236066e-11
17.21875 2.0000000000386473 4.4199999999995745 2.0000000000414966 4.420000000018488 2.9039792611471703e-11
17.28125 2.000000000021287 4.4199999999995745 2.0000000000092246 4.419999999919472 1.5999612188650176e-11
17.34375 2.0000000000115854 4.419999999999575 2.0000000000040314 4.419999999949395 8.71217953361179e-12
17.40625 2.0000000000062297 4.419999999999575 2.0000000000071507 4.4200000000056745 4.688392804143842e-12
17.46875 2.0000000000033067 4.419999999999575 2.000000000006834 4.4200000000229815 2.4932458599455e-12
17.53125 2.000000000001733 4.419999999999575 2.000000000003178 4.420000000009161 1.3100830926616375e-12
17.59375 2.000000000000895 4.419999999999576 2.000000000000261 4.419999999995363 6.800747887373828e-13
17.65625 2.0000000000004547 4.419999999999578 1.9999999999996394 4.4199999999941575 3.4869878558211256e-13
17.71875 2.0000000000002265 4.419999999999581 2.0000000000001448 4.419999999999032 1.765504987103273e-13
17.78125 2.00000000000011 4.419999999999583 2.000000000000434 4.42000000000173 8.824162729183831e-14
17.84375 2.0000000000000515 4.419999999999585 2.000000000000264 4.420000000000991 4.352028380639294e-14
17.90625 2.0000000000000226 4.4199999999995825 2.0000000000000226 4.419999999999579 2.1169426434468405e-14
17.96875 2.000000000000009 4.419999999999578 1.9999999999999538 4.419999999999234 1.0149798143363878e-14
18.03125 2.0000000000000027 4.419999999999574 1.9999999999999998 4.419999999999602 4.7928992723670935e-15
18.09375 1.9999999999999996 4.41999999999957 2.0000000000000364 4.419999999999847 2.226894517287864e-15
18.15625 1.9999999999999978 4.419999999999567 2.0000000000000258 4.419999999999769 1.0167180356264946e-15
18.21875 1.9999999999999971 4.419999999999565 2.0000000000000013 4.41999999999961 4.553629995606369e-16
18.28125 1.9999999999999976 4.419999999999563 1.9999999999999907 4.419999999999542 1.996000429606432e-16
18.34375 1.9999999999999973 4.419999999999563 1.9999999999999896 4.419999999999538 8.534713940380537e-17
18.40625 1.9999999999999976 4.419999999999562 1.9999999999999873 4.419999999999523 3.5429167569282213e-17
18.46875 1.9999999999999976 4.419999999999561 1.9999999999999813 4.419999999999478 1.4172635144106045e-17
18.53125 1.9999999999999978 4.419999999999559 1.9999999999999742 4.4199999999994315 5.395897040893431e-18
18.59375 1.999999999999999 4.419999999999557 1.9999999999999687 4.419999999999393 1.9104035673239254e-18
18.65625 1.999999999999999 4.419999999999556 1.999999999999964 4.419999999999362 5.9727403593566045e-19
18.71875 1.999999999999999 4.419999999999554 1.99999999999996 4.41999999999933 1.4017862304362418e-19
18.78125 2.0 4.419999999999551 1.9999999999999547 4.4199999999993 1.9289258172990763e-21
18.84375 1.9999999999999996 4.419999999999552 1.9999999999999494 4.41999999999927 -2.740528868930065e-20
18.90625 2.0 4.419999999999552 1.9999999999999456 4.4199999999992405 -2.5051785044004933e-20
18.96875 2.0 4.419999999999552 1.9999999999999423 4.419999999999211 -1.683955802877859e-20
19.03125 1.999999999999999 4.419999999999552 1.9999999999999387 4.419999999999186 -9.944158298563714e-21
19.09375 1.9999999999999982 4.419999999999552 1.9999999999999365 4.419999999999167 -5.44950890910029e-21
19.15625 1.9999999999999978 4.4199999999995505 1.9999999999999338 4.419999999999153 -2.839370569031387e-21
19.21875 1.9999999999999976 4.419999999999549 1.9999999999999316 4.419999999999135 -1.4247827369012723e-21
19.28125 1.9999999999999973 4.419999999999546 1.9999999999999294 4.419999999999119 -6.938397225712931e-22
19.34375 1.9999999999999976 4.419999999999546 1.9999999999999276 4.419999999999103 -3.2952537647922248e-22
19.40625 1.9999999999999976 4.419999999999546 1.9999999999999258 4.41999999999909 -1.5314050791412638e-22
19.46875 1.9999999999999976 4.419999999999546 1.9999999999999256 4.419999999999085 -6.980618709954213e-23
19.53125 1.9999999999999973 4.419999999999545 1.9999999999999254 4.419999999999085 -3.1264914036512736e-23
19.59375 1.9999999999999978 4.4199999999995425 1.9999999999999256 4.419999999999089 -1.3776866515677294e-23
19.65625 1.9999999999999987 4.419999999999542 1.9999999999999263 4.41999999999909 -5.97877898615881e-24
19.71875 1.9999999999999987 4.41999999999954 1.999999999999927 4.419999999999097 -2.557329998052712e-24
19.78125 1.9999999999999982 4.419999999999538 1.9999999999999276 4.419999999999099 -1.0788108353212093e-24
19.84375 1.999999999999999 4.419999999999536 1.9999999999999276 4.419999999999096 -4.490611845317189e-25
19.90625 1.999999999999999 4.419999999999538 1.9999999999999283 4.419999999999096 -1.8451945242224962e-25
19.96875 1.999999999999999 4.419999999999535 1.999999999999929 4.419999999999103 -7.486792811960278e-26
20.03125 1.999999999999999 4.419999999999533 1.9999999999999296 4.419999999999108 -3.0004004484834847e-26
20.09375 1.9999999999999987 4.419999999999531 1.9999999999999316 4.419999999999113 -1.1879054274809626e-26
20.15625 1.999999999999999 4.419999999999529 1.9999999999999336 4.419999999999118 -4.64700787456371e-27
20.21875 1.999999999999999 4.419999999999527 1.999999999999935 4.419999999999124 -1.796412949920961e-27
20.28125 1.999999999999999 4.419999999999526 1.9999999999999352 4.419999999999136 -6.863046828850996e-28
20.34375 1.999999999999999 4.419999999999524 1.9999999999999365 4.419999999999148 -2.5913628227116674e-28
20.40625 1.9999999999999987 4.419999999999524 1.999999999999939 4.419999999999156 -9.670497416647311e-29
20.46875 1.9999999999999987 4.419999999999522 1.9999999999999416 4.419999999999168 -3.5667630039506357e-29
20.53125 1.9999999999999987 4.419999999999521 1.9999999999999447 4.419999999999183 -1.3001294525565887e-29
20.59375 1.999999999999999 4.419999999999521 1.9999999999999478 4.4199999999992 -4.683320222460584e-30
20.65625 1.9999999999999987 4.41999999999952 1.9999999999999503 4.419999999999212 -1.666974471735266e-30
20.71875 1.9999999999999987 4.4199999999995185 1.9999999999999503 4.419999999999218 -5.862031322215626e-31
20.78125 1.999999999999999 4.419999999999515 1.9999999999999507 4.419999999999223 -2.0362389514835817e-31
20.84375 1.9999999999999987 4.419999999999513 1.9999999999999523 4.419999999999233 -6.984994830761698e-32
20.90625 1.9999999999999987 4.419999999999511 1.9999999999999543 4.419999999999248 -2.3655346031470872e-32
20.96875 1.9999999999999987 4.41999999999951 1.9999999999999563 4.4199999999992565 -7.905978888239404e-33
21.03125 1.9999999999999987 4.419999999999508 1.999999999999957 4.419999999999265 -2.6064103442825064e-33
21.09375 1.9999999999999982 4.419999999999508 1.9999999999999576 4.419999999999273 -8.471067439974588e-34
21.15625 1.9999999999999976 4.419999999999506 1.9999999999999591 4.419999999999276 -2.712213722730896e-34
21.21875 1.9999999999999973 4.419999999999504 1.9999999999999616 4.419999999999276 -8.54664587042569e-35
21.28125 1.9999999999999978 4.419999999999501 1.9999999999999636 4.419999999999275 -2.64747034316652e-35
21.34375 1.9999999999999976 4.419999999999499 1.9999999999999636 4.419999999999279 -8.049000674182709e-36
21.40625 1.9999999999999976 4.419999999999498 1.9999999999999636 4.419999999999287 -2.3966218722471593e-36
21.46875 1.9999999999999982 4.419999999999498 1.9999999999999654 4.419999999999292 -6.968045095399668e-37
21.53125 1.9999999999999982 4.419999999999499 1.999999999999967 4.419999999999297 -1.9697195541396117e-37
21.59375 1.9999999999999982 4.419999999999497 1.999999999999967 4.419999999999302 -5.378068716624702e-38
21.65625 1.9999999999999987 4.419999999999494 1.999999999999967 4.419999999999309 -1.403178566439546e-38
21.71875 1.9999999999999982 4.419999999999493 1.999999999999969 4.419999999999312 -3.4311887634935694e-39
21.78125 1.9999999999999976 4.419999999999492 1.9999999999999702 4.419999999999311 -7.548951878250107e-40
21.84375 1.9999999999999976 4.41999999999949 1.999999999999971 4.419999999999317 -1.333693151761316e-40
21.90625 1.9999999999999973 4.419999999999488 1.9999999999999716 4.419999999999324 -9.4571499118777e-42
21.96875 1.9999999999999973 4.419999999999485 1.9999999999999722 4.419999999999328 6.897034062129024e-42
22.03125 1.9999999999999973 4.419999999999482 1.999999999999973 4.419999999999329 5.085290221773357e-42
22.09375 1.9999999999999973 4.4199999999994795 1.9999999999999738 4.419999999999335 2.4351720591234945e-42
22.15625 1.9999999999999973 4.419999999999478 1.999999999999976 4.419999999999344 9.974387744360698e-43
22.21875 1.9999999999999982 4.419999999999474 1.9999999999999776 4.419999999999354 3.7532028244107754e-43
22.28125 1.9999999999999982 4.4199999999994715 1.9999999999999796 4.41999999999936 1.3361689566318357e-43
22.34375 1.9999999999999982 4.419999999999469 1.9999999999999796 4.419999999999364 4.568647830048834e-44
22.40625 1.9999999999999976 4.419999999999467 1.999999999999979 4.419999999999366 1.5134271734381545e-44
22.46875 1.9999999999999982 4.419999999999466 1.999999999999981 4.419999999999369 4.88392660333133e-45
22.53125 1.9999999999999982 4.419999999999467 1.999999999999983 4.419999999999376 1.541032557512438e-45
22.59375 1.9999999999999982 4.419999999999465 1.999999999999983 4.4199999999993835 4.766666883297355e-46
22.65625 1.9999999999999987 4.4199999999994635 1.999999999999984 4.4199999999993835 1.4480961508257759e-46
22.71875 1.9999999999999987 4.4199999999994635 1.999999999999984 4.419999999999387 4.3268626815565847e-47
22.78125 1.9999999999999987 4.419999999999461 1.999999999999985 4.419999999999392 1.2729509522619648e-47
22.84375 1.999999999999999 4.419999999999458 1.9999999999999867 4.419999999999397 3.6904479413849395e-48
22.90625 1.999999999999999 4.419999999999456 1.9999999999999882 4.419999999999401 1.0550291032482932e-48
22.96875 1.999999999999999 4.419999999999455 1.9999999999999882 4.419999999999405 2.9757630384972538e-49
23.03125 1.999999999999999 4.419999999999453 1.999999999999989 4.4199999999994075 8.284492655247021e-50
23.09375 1.999999999999999 4.419999999999449 1.9999999999999898 4.4199999999994155 2.277278377096913e-50
23.15625 1.999999999999999 4.4199999999994475 1.9999999999999907 4.419999999999421 6.182563431609285e-51
23.21875 1.9999999999999987 4.419999999999446 1.999999999999993 4.419999999999424 1.6581299923453183e-51
23.28125 1.9999999999999987 4.419999999999444 1.9999999999999936 4.419999999999428 4.393804720150234e-52
23.34375 1.9999999999999987 4.419999999999442 1.9999999999999936 4.4199999999994315 1.1505138179815468e-52
23.40625 1.9999999999999991 4.419999999999439 1.9999999999999942 4.419999999999435 2.977231559962374e-53
23.46875 1.999999999999999 4.419999999999437 1.999999999999995 4.41999999999944 7.614287154550369e-54
23.53125 1.9999999999999987 4.419999999999435 1.9999999999999962 4.419999999999444 1.9246606613016414e-54
23.59375 1.999999999999999 4.419999999999433 1.999999999999997 4.419999999999446 4.808243216412138e-55
23.65625 1.999999999999999 4.4199999999994315 1.9999999999999978 4.419999999999448 1.1871666588356863e-55
23.71875 1.9999999999999987 4.41999999999943 1.9999999999999996 4.419999999999457 2.896688398352563e-56
23.78125 1.9999999999999987 4.419999999999426 2.0 4.419999999999461 6.98415315449243e-57
23.84375 1.9999999999999987 4.419999999999424 2.0 4.419999999999458 1.6637515850317588e-57
23.90625 1.9999999999999987 4.419999999999423 2.0 4.419999999999455 3.9151515696813544e-58
23.96875 1.9999999999999991 4.419999999999419 2.0 4.419999999999453 9.099039886941364e-59
24.03125 1.999999999999999 4.4199999999994155 2.000000000000001 4.419999999999449 2.0878823025968615e-59
24.09375 1.999999999999999 4.4199999999994155 2.000000000000001 4.419999999999449 4.7285315304742537e-60
24.15625 1.9999999999999996 4.419999999999414 2.0 4.41999999999945 1.0564902049433007e-60
24.21875 1.999999999999999 4.419999999999412 2.0 4.419999999999449 2.3274779481577778e-61
24.28125 1.999999999999999 4.41999999999941 2.0 4.4199999999994475 5.052285490132954e-62
24.34375 1.9999999999999987 4.4199999999994075 2.000000000000001 4.419999999999445 1.0796763064909657e-62
24.40625 1.999999999999999 4.419999999999405 2.000000000000001 4.419999999999444 2.2689000963112057e-63
24.46875 1.9999999999999987 4.419999999999404 2.000000000000001 4.419999999999442 4.681823820360618e-64
24.53125 1.9999999999999991 4.419999999999401 2.000000000000001 4.4199999999994395 9.467542854033363e-65
24.59375 1.9999999999999991 4.4199999999993995 2.000000000000001 4.419999999999439 1.8711212490761638e-65
24.65625 1.9999999999999996 4.419999999999397 2.000000000000001 4.419999999999437 3.6001438242163e-66
24.71875 1.9999999999999996 4.419999999999394 2.000000000000001 4.419999999999435 6.704319663991951e-67
24.78125 2.0 4.419999999999392 2.000000000000001 4.419999999999433 1.1971437942926539e-67
24.84375 2.0 4.419999999999391 2.000000000000001 4.4199999999994315 2.0164329257222074e-68
24.90625 2.0 4.419999999999389 2.0000000000000013 4.41999999999943 3.10028924768748e-69
24.96875 2.0 4.419999999999385 2.000000000000001 4.4199999999994315 4.003793457677204e-70
