0.125 2.000004640144187 4.419999999999993 2.0000046401443576 4.420000000000296 -8.023378137447364e-69
0.375 2.0000046401441844 4.419999999999996 2.0000046401446046 4.419999999999455 -8.237583357394523e-66
0.625 2.0000046401441844 4.419999999999996 2.000004640143855 4.420000000000897 -4.960217038783217e-63
0.875 2.0000046401441836 4.419999999999998 2.0000046401396454 4.4200000000101145 -2.2389513277987053e-60
1.125 2.0000046401441836 4.419999999999999 2.0000046401341596 4.42000000002224 -8.083295968589929e-58
1.375 2.0000046401441836 4.419999999999999 2.000004640155085 4.419999999975773 -2.3927033740792414e-55
1.625 2.0000046401441844 4.419999999999996 2.0000046402608764 4.419999999740931 -5.861267598663116e-53
1.875 2.0000046401441853 4.419999999999995 2.0000046403950877 4.419999999443004 -1.1883943908134718e-50
2.125 2.000004640144186 4.41999999999999 2.000004639964727 4.420000000398369 -1.976589158084722e-48
2.375 2.000004640144188 4.419999999999985 2.000004637751352 4.42000000531186 -2.632942317395744e-46
2.625 2.0000046401441898 4.419999999999979 2.0000046344558715 4.420000012627527 -2.638888646042497e-44
2.875 2.0000046401441876 4.419999999999982 2.0000046397883855 4.420000000789828 -1.5796414191572262e-42
3.125 2.000004640144186 4.419999999999984 2.000004675656893 4.419999921165012 4.567817789604015e-41
3.375 2.0000046401441858 4.419999999999986 2.000004745585215 4.419999765930512 2.7652750956800404e-38
3.625 2.0000046401441858 4.419999999999986 2.0000047430549293 4.419999771547509 4.404258009248603e-36
3.875 2.000004640144186 4.419999999999983 2.000004371380422 4.420000596630825 4.802503147034089e-34
4.125 2.000004640144186 4.419999999999982 2.000003341795807 4.42000288221179 4.0714940949284585e-32
4.375 2.0000046401441858 4.419999999999983 2.0000021321758115 4.420005567450225 2.798298194819873e-30
4.625 2.000004640144186 4.419999999999984 2.000002991437076 4.4200036599743555 1.5853487713817023e-28
4.875 2.0000046401441858 4.419999999999986 2.000009835768008 4.419988466132928 7.44089836681967e-27
5.125 2.000004640144185 4.419999999999988 2.000025667318736 4.419953320820377 2.8831502816409013e-25
5.375 2.0000046401441853 4.419999999999988 2.0000486194361686 4.419902366736812 9.092577194644609e-24
5.625 2.0000046401441844 4.419999999999991 2.0000709568144117 4.4198527757367785 2.252142269674823e-22
5.875 2.0000046401441836 4.419999999999993 2.000084208738281 4.419823354461637 3.954656992153136e-21
6.125 2.000004640144183 4.419999999999993 2.000086517325523 4.419818228965793 2.789761923259548e-20
6.375 2.000004640144183 4.419999999999993 2.000083412499929 4.419825122228147 -1.0909101867037715e-18
6.625 2.0000046401441827 4.419999999999994 2.0000798898529624 4.419832943088634 -5.5213930824722155e-17
6.875 2.000004640144181 4.419999999999993 2.0000736275318016 4.419846846336403 -1.5081395283077498e-15
7.125 2.0000046401441427 4.419999999999991 2.0000588260363052 4.41987970730348 -3.0406459207729985e-14
7.375 2.0000046401435334 4.419999999999993 2.0000357402010627 4.419930959098073 -4.87731075149774e-13
7.625 2.0001046401356626 4.419999999999989 2.0000130659251094 4.419981295374367 -6.400550420574792e-12
7.875 2.000104640051702 4.419999999999984 2.000000236861813 4.42000977437387 -6.946621751012237e-11
8.125 2.0001046393130237 4.419999999999977 1.9999990426012646 4.420012424049032 -6.243021272063907e-10
8.375 2.0001046340052757 4.4199999999999715 2.0000033000194932 4.420002961966406 -4.611047172371882e-09
8.625 2.0001046036652483 4.419999999999966 2.0000059076702055 4.419997105247239 -2.7399979986059073e-08
8.875 2.000104474978228 4.419999999999958 2.0000051752411863 4.419998443162686 -1.240590773561188e-07
9.125 2.000104167172703 4.419999999999954 2.0000037439346556 4.420000938455212 -3.552572240524588e-07
9.375 2.0001048124482206 4.419999999999948 2.0000043869367463 4.420000951009537 1.2942058380315937e-07
9.625 2.000016901304006 4.419999999999943 2.000016742118944 4.420000360002751 9.209599773068e-06
9.875 2.0000955568319148 4.4199999999999395 2.0000952776016043 4.4200006044337705 6.829060285179713e-05
10.125 2.0004502757071534 4.4199999999999395 2.0004498967662836 4.420000808724431 0.00033476072351890226
10.375 2.0016867317571836 4.419999999999943 2.001686490352487 4.4200005527949635 0.0012639670514472895
10.625 2.0051306725162155 4.419999999999945 2.0051306493094305 4.420000165999074 0.003855097550723615
10.875 2.0128498508105968 4.419999999999947 2.0128500804450162 4.419999568059473 0.009678706501005496
11.125 2.0266287770968487 4.419999999999948 2.026629252790171 4.419998688801844 0.02012788497491368
11.375 2.0455546236250797 4.419999999999951 2.0455552504210432 4.419997984716279 0.03458962805843038
11.625 2.0636278440604316 4.41999999999995 2.0636285564897388 4.419998125954473 0.0485132950314933
11.875 2.0704652390447347 4.419999999999948 2.0704660199663527 4.419999405530554 0.053807929155783495
12.125 2.0568141465506224 4.419999999999945 2.0568148867450002 4.420000939306504 0.0432510018706274
12.375 2.022088609147996 4.419999999999943 2.022088969637668 4.420000737596155 0.01668234441309194
12.625 1.9776613262510994 4.419999999999945 1.9776608310491226 4.419997389413682 -0.01668234441309194
12.875 1.9415395811932434 4.419999999999945 1.9415380298951974 4.419992161890231 -0.0432510018706274
13.125 1.92697235012663 4.419999999999943 1.9269702867640146 4.419989601971321 -0.053807929155783495
13.375 1.9342804440524075 4.419999999999943 1.9342793120060118 4.419995677731532 -0.0485132950314933
13.625 1.9533865433446391 4.419999999999943 1.9533883299531463 4.420014343710701 -0.03458962805843038
13.875 1.9730197914198688 4.419999999999943 1.9730263149824436 4.420044906449658 -0.02012788497491368
14.125 1.9870721951472432 4.4199999999999395 1.9870844670970464 4.420082328092521 -0.009678706501005496
14.375 1.9948591880055426 4.419999999999938 1.9948771990701113 4.420119959548318 -0.003855097550723615
14.625 1.998315290327942 4.419999999999932 1.9983381757162895 4.420152087264958 -0.0012639670514472895
14.875 1.9995535313318402 4.419999999999932 1.9995798129755538 4.420174544565893 -0.00033476072351890226
15.125 1.9999083799472723 4.419999999999932 1.9999360974196225 4.420184049596287 -6.829060285179713e-05
15.375 1.9999869845210816 4.419999999999932 2.000013809958903 4.420178119983908 -9.209599773068e-06
15.625 1.9999990508583003 4.419999999999934 2.0000226006743853 4.420156369109764 -1.2942058380315937e-07
15.875 1.9999996919153764 4.419999999999932 2.0000180746767446 4.420122060136876 3.552572240524588e-07
16.125 1.999999383668663 4.419999999999931 2.0000117465033327 4.420082088210018 1.240590773561188e-07
16.375 1.9999992549554408 4.419999999999932 2.0000059960443206 4.420044760226535 2.7399979986059073e-08
16.625 1.9999992246146108 4.419999999999932 2.0000017230287166 4.4200165892295455 4.611047172371882e-09
16.875 1.9999992193068448 4.419999999999932 1.9999992334886068 4.420000094166231 6.243021272063907e-10
17.125 1.9999992185681623 4.419999999999932 1.9999982791927966 4.419993762644461 6.946621751012237e-11
17.375 1.9999992184842 4.419999999999931 1.9999982844713475 4.419993798250949 6.400550420574792e-12
17.625 1.9999992184763289 4.419999999999927 1.999998662564211 4.419996308800505 4.87731075149774e-13
17.875 1.999999218475719 4.419999999999927 1.999999026792197 4.419998727240889 3.0406459207729985e-14
18.125 1.9999992184756796 4.419999999999927 1.9999992303519385 4.420000078857127 1.5081395283077498e-15
18.375 1.9999992184756776 4.419999999999927 1.999999287971586 4.420000461446053 5.5213930824722155e-17
18.625 1.9999992184756776 4.419999999999927 1.999999271255135 4.420000350450924 1.0909101867037715e-18
18.875 1.9999992184756783 4.419999999999927 1.999999239685881 4.420000140832837 -2.789761923259548e-20
19.125 1.9999992184756783 4.419999999999925 1.9999992197561929 4.420000008494162 -3.954656992153136e-21
19.375 1.999999218475677 4.419999999999927 1.9999992136615563 4.419999968016298 -2.252142269674823e-22
19.625 1.9999992184756772 4.419999999999926 1.9999992147158252 4.41999997504597 -9.092577194644609e-24
19.875 1.9999992184756783 4.419999999999922 1.9999992170965586 4.419999991012343 -2.8831502816409013e-25
20.125 1.9999992184756763 4.419999999999925 1.9999992184521493 4.420000000260593 -7.44089836681967e-27
20.375 1.9999992184756756 4.419999999999925 1.9999992188121545 4.420000002301849 -1.5853487713817023e-28
20.625 1.999999218475675 4.419999999999925 1.9999992189686577 4.420000000785708 -2.798298194819873e-30
20.875 1.999999218475675 4.419999999999925 1.9999992193948228 4.419999998417582 -4.0714940949284585e-32
21.125 1.999999218475675 4.419999999999925 1.9999992193795713 4.41999999784708 -4.802503147034089e-34
21.375 1.999999218475675 4.419999999999925 1.9999992164532385 4.420000004303864 -4.404258009248603e-36
21.625 1.999999218475675 4.419999999999925 1.999999207952447 4.420000023285814 -2.7652750956800404e-38
21.875 1.9999992184756743 4.419999999999927 1.999999197159371 4.420000047317211 -4.567817789604015e-41
22.125 1.9999992184756743 4.419999999999927 1.999999202067213 4.420000036438779 1.5796414191572262e-42
22.375 1.9999992184756734 4.419999999999927 1.9999992562711681 4.419999916105617 2.638888646042497e-44
22.625 1.9999992184756736 4.419999999999926 1.9999993898890494 4.419999619481423 2.632942317395744e-46
22.875 1.9999992184756743 4.4199999999999235 1.9999995963053627 4.419999161255476 1.976589158084722e-48
23.125 1.9999992184756743 4.419999999999924 1.999999817178711 4.419998670941117 1.1883943908134718e-50
23.375 1.9999992184756743 4.419999999999925 1.9999999751693585 4.419998320213856 5.861267598663116e-53
23.625 1.9999992184756743 4.419999999999926 2.0000000342284716 4.419998189118611 2.3927033740792414e-55
23.875 1.9999992184756743 4.419999999999927 2.0000000244148675 4.419998210884352 8.083295968589929e-58
24.125 1.9999992184756736 4.419999999999927 2.0000000021070408 4.419998260439058 2.2389513277987053e-60
24.375 1.9999992184756736 4.419999999999927 1.9999999956483272 4.419998274731919 4.960217038783217e-63
24.625 1.999999218475673 4.419999999999927 1.9999999987098986 4.419998267954915 8.237583357394523e-66
24.875 1.999999218475673 4.419999999999927 2.0000000003450022 4.419998264476519 8.023378137447364e-69

