0.125 1.9999935094144028 4.420000000000352 1.9999935094138372 4.419999999999969 -8.023378137447364e-69
0.375 1.999993509414566 4.419999999999964 1.9999935094139119 4.419999999999586 -8.237583357394523e-66
0.625 1.9999935094144812 4.42000000000011 1.999993509413161 4.420000000001112 -4.960217038783217e-63
0.875 1.9999935094144494 4.42000000000012 1.9999935094089152 4.420000000010499 -2.2389513277987053e-60
1.125 1.999993509414343 4.420000000000279 1.9999935094034345 4.420000000022706 -8.083295968589929e-58
1.375 1.9999935094142325 4.420000000000428 1.99999350942437 4.419999999976319 -2.3927033740792414e-55
1.625 1.999993509414102 4.420000000000602 1.9999935095301808 4.419999999741543 -5.861267598663116e-53
1.875 1.9999935094139738 4.420000000000753 1.9999935096644488 4.419999999443599 -1.1883943908134718e-50
2.125 1.9999935094138503 4.420000000000875 1.99999350923428 4.420000000398645 -1.976589158084722e-48
2.375 1.9999935094137404 4.420000000000948 1.9999935070212334 4.420000005311469 -2.632942317395744e-46
2.625 1.9999935094136487 4.4200000000009645 1.999993503725618 4.420000012627477 -2.638888646042497e-44
2.875 1.999993509413577 4.42000000000092 1.9999935090559473 4.420000000794882 -1.5796414191572262e-42
3.125 1.999993509413525 4.420000000000815 1.9999935449195738 4.419999921181909 4.567817789604015e-41
3.375 1.9999935094134915 4.420000000000655 1.9999936148468533 4.419999765951565 2.7652750956800404e-38
3.625 1.9999935094134729 4.420000000000448 1.9999936123384814 4.419999771519972 4.404258009248603e-36
3.875 1.999993509413465 4.420000000000201 1.9999932407262677 4.420000596455969 4.802503147034089e-34
4.125 1.9999935094134633 4.419999999999927 1.9999922112093484 4.420002881861414 4.0714940949284585e-32
4.375 1.999993509413462 4.419999999999639 1.9999910015203295 4.420005567223388 2.798298194819873e-30
4.625 1.9999935094134593 4.419999999999346 1.999991860371857 4.420003660678346 1.5853487713817023e-28
4.875 1.9999935094134504 4.419999999999056 1.9999987039038398 4.419988468779156 7.44089836681967e-27
5.125 1.9999935094134353 4.4199999999987725 2.0000145346088223 4.419953325734135 2.8831502816409013e-25
5.375 1.9999935094134136 4.419999999998496 2.000037486458397 4.419902372810663 9.092577194644609e-24
5.625 1.9999935094133838 4.4199999999982325 2.000059824485992 4.419852780919305 2.252142269674823e-22
5.875 1.9999935094133487 4.419999999997976 2.000073077554354 4.419823357429681 3.954656992153136e-21
6.125 1.9999935094133086 4.41999999999773 2.000075386943959 4.419818230209348 2.789761923259548e-20
6.375 1.9999935094132653 4.419999999997489 2.0000722822764883 4.4198251230442045 -1.0909101867037715e-18
6.625 1.9999935094132217 4.419999999997248 2.000068759718387 4.419832943620658 -5.5213930824722155e-17
6.875 1.9999935094131769 4.41999999999701 2.0000624980334067 4.419846845301823 -1.5081395283077498e-15
7.125 1.9999935094130965 4.4199999999967705 2.0000476974600256 4.4198797038572755 -3.0406459207729985e-14
7.375 1.9999935094124475 4.419999999996527 2.000024611956622 4.419930954346783 -4.87731075149774e-13
7.625 2.000093509404537 4.419999999996286 2.0000019369859867 4.4199812916069465 -6.400550420574792e-12
7.875 2.0000935093205383 4.419999999996046 1.999989106694806 4.420009773016261 -6.946621751012237e-11
8.125 2.0000935085818194 4.419999999995808 1.9999879115537549 4.420012424616514 -6.243021272063907e-10
8.375 2.000093503274009 4.4199999999955715 1.9999921688398854 4.420002962931917 -4.611047172371882e-09
8.625 2.000093472933783 4.419999999995338 1.9999947767676862 4.419997105662107 -2.7399979986059073e-08
8.875 2.0000933442460207 4.41999999999511 1.9999940445375155 4.419998443119564 -1.240590773561188e-07
9.125 2.000093036438765 4.419999999994891 1.9999926133391646 4.420000938140363 -3.552572240524588e-07
9.375 2.000093681717813 4.419999999994684 1.9999932566223515 4.420000950078242 1.2942058380315937e-07
9.625 2.000005770639918 4.4199999999944914 2.000005612274363 4.420000358182068 9.209599773068e-06
9.875 2.0000844265987605 4.4199999999943165 2.000084148342288 4.420000602267377 6.829060285179713e-05
10.125 2.000439147550826 4.419999999994159 2.0004387691254215 4.420000807572567 0.00033476072351890226
10.375 2.0016756134869267 4.419999999994019 2.0016753714267597 4.420000554255879 0.0012639670514472895
10.625 2.005119604961856 4.419999999993895 2.0051195795809633 4.420000170874879 0.003855097550723615
10.875 2.012838995260716 4.419999999993796 2.0128392217652458 4.419999575092684 0.009678706501005496
11.125 2.0266184349587117 4.419999999993713 2.026618908022626 4.419998694722453 0.02012788497491368
11.375 2.0455446739669356 4.4199999999936495 2.0455453000853474 4.419997986509832 0.03458962805843038
11.625 2.063617421026403 4.419999999993605 2.0636181353503984 4.4199981222256195 0.0485132950314933
11.875 2.0704556662407727 4.4199999999935695 2.0704564507703895 4.419999396468397 0.053807929155783495
12.125 2.056811018998003 4.419999999993545 2.056811763049084 4.42000092948388 0.0432510018706274
12.375 2.02209282520675 4.4199999999935295 2.022093188776073 4.420000735031582 0.01668234441309194
12.625 1.9776611893518625 4.419999999993518 1.9776606944659152 4.419997393943321 -0.01668234441309194
12.875 1.941531444294987 4.419999999993504 1.941529889213016 4.419992165607212 -0.0432510018706274
13.125 1.92697585474923 4.419999999993475 1.9269737871808856 4.419989606977516 -0.053807929155783495
13.375 1.9342961920937647 4.419999999993417 1.9342950596544417 4.419995690262319 -0.0485132950314933
13.625 1.953392840447675 4.419999999993323 1.9533946285298425 4.420014355899222 -0.03458962805843038
13.875 1.9730180537179665 4.419999999993189 1.9730245773705173 4.420044908023739 -0.02012788497491368
14.125 1.9870728052368782 4.419999999993011 1.9870850765521975 4.420082322524557 -0.009678706501005496
14.375 1.9948615138895627 4.419999999992792 1.9948795250224767 4.420119954477071 -0.003855097550723615
14.625 1.9983167751994129 4.419999999992538 1.998339661053404 4.420152084268932 -0.0012639670514472895
14.875 1.9995543319949234 4.419999999992247 1.9995806138165828 4.420174542282606 -0.00033476072351890226
15.125 1.999909089027935 4.419999999991928 1.9999368063037661 4.4201840473156055 -6.829060285179713e-05
15.375 1.9999877396663401 4.419999999991592 2.0000145647552365 4.420178117738017 -9.209599773068e-06
15.625 1.999999827746033 4.419999999991253 2.0000233772510327 4.420156367226978 -1.2942058380315937e-07
15.875 2.0000004729734675 4.419999999990925 2.000018855544628 4.4201220589399774 3.552572240524588e-07
16.125 2.0000001651660924 4.419999999990617 2.0000125279396648 4.420082087804419 1.240590773561188e-07
16.375 2.000000036478905 4.419999999990344 2.000006777603848 4.420044760453625 2.7399979986059073e-08
16.625 2.000000006138911 4.419999999990116 2.000002504634881 4.420016589762273 4.611047172371882e-09
16.875 2.000000000831233 4.419999999989939 2.0000000150912394 4.420000094676563 6.243021272063907e-10
17.125 2.00000000009261 4.419999999989817 1.9999990607632843 4.419993762941762 6.946621751012237e-11
17.375 2.000000000008682 4.419999999989756 1.9999990660068119 4.419993798315941 6.400550420574792e-12
17.625 2.00000000000082 4.41999999998975 1.9999994440782045 4.419996308723103 4.87731075149774e-13
17.875 2.0000000000002016 4.419999999989786 1.9999998083009456 4.419998727128743 3.0406459207729985e-14
18.125 2.0000000000001386 4.419999999989857 2.000000011865369 4.4200000787760105 1.5081395283077498e-15
18.375 2.000000000000103 4.419999999989948 2.000000069491877 4.420000461410117 5.5213930824722155e-17
18.625 2.000000000000063 4.419999999990058 2.0000000527799235 4.420000350444338 1.0909101867037715e-18
18.875 2.0000000000000213 4.419999999990169 2.000000021211867 4.420000140835511 -2.789761923259548e-20
19.125 1.9999999999999836 4.419999999990276 2.000000001280882 4.420000008495656 -3.954656992153136e-21
19.375 1.9999999999999496 4.419999999990374 1.9999999951842777 4.419999968014696 -2.252142269674823e-22
19.625 1.9999999999999243 4.4199999999904485 1.99999999624136 4.419999975033502 -9.092577194644609e-24
19.875 1.9999999999999094 4.419999999990498 1.9999999986398591 4.419999990959207 -2.8831502816409013e-25
20.125 1.9999999999999036 4.419999999990527 2.000000000023414 4.4200000001458255 -7.44089836681967e-27
20.375 1.9999999999999063 4.419999999990534 2.0000000003440865 4.420000002275035 -1.5853487713817023e-28
20.625 1.9999999999999172 4.419999999990524 2.0000000002122063 4.420000001399365 -2.798298194819873e-30
20.875 1.999999999999932 4.419999999990502 2.000000000051693 4.420000000333601 -4.0714940949284585e-32
21.125 1.999999999999949 4.419999999990479 1.9999999999834652 4.419999999880609 -4.802503147034089e-34
21.375 1.999999999999966 4.419999999990452 1.9999999999790083 4.41999999985105 -4.404258009248603e-36
21.625 1.9999999999999818 4.419999999990429 1.9999999999915379 4.419999999934282 -2.7652750956800404e-38
21.875 1.9999999999999944 4.419999999990409 1.9999999999996454 4.419999999988143 -4.567817789604015e-41
22.125 2.0000000000000036 4.4199999999904005 2.000000000001502 4.420000000000486 1.5796414191572262e-42
22.375 2.0000000000000107 4.419999999990399 2.0000000000008304 4.419999999996044 2.638888646042497e-44
22.625 2.0000000000000138 4.419999999990402 2.0000000000000995 4.419999999991191 2.632942317395744e-46
22.875 2.000000000000014 4.419999999990409 1.999999999999855 4.419999999989557 1.976589158084722e-48
23.125 2.0000000000000124 4.419999999990424 1.9999999999998759 4.4199999999896695 1.1883943908134718e-50
23.375 2.0000000000000098 4.419999999990438 1.9999999999999352 4.419999999990036 5.861267598663116e-53
23.625 2.000000000000007 4.419999999990451 1.9999999999999636 4.419999999990193 2.3927033740792414e-55
23.875 2.000000000000004 4.419999999990465 1.9999999999999696 4.4199999999902015 8.083295968589929e-58
24.125 2.000000000000001 4.419999999990479 1.9999999999999707 4.419999999990179 2.2389513277987053e-60
24.375 1.9999999999999998 4.419999999990487 1.9999999999999758 4.419999999990168 4.960217038783217e-63
24.625 1.9999999999999984 4.419999999990495 1.999999999999983 4.419999999990164 8.237583357394523e-66
24.875 1.9999999999999987 4.419999999990498 1.9999999999999922 4.419999999990164 8.023378137447364e-69

