0.125 1.9999969431234779 4.420000000000458 1.9999969431244649 4.420000000000299 -8.023378137447364e-69
0.375 1.99999694312373 4.419999999999776 1.999996943124704 4.419999999999497 -8.237583357394523e-66
0.625 1.9999969431237794 4.419999999999537 1.9999969431239188 4.4200000000010355 -4.960217038783217e-63
0.875 1.9999969431238844 4.419999999999172 1.999996943119683 4.420000000010327 -2.2389513277987053e-60
1.125 1.9999969431239475 4.4199999999988995 1.9999969431141584 4.4200000000225454 -8.083295968589929e-58
1.375 1.9999969431239997 4.419999999998649 1.999996943135045 4.419999999976172 -2.3927033740792414e-55
1.625 1.9999969431240285 4.419999999998449 1.9999969432407936 4.4199999997414245 -5.861267598663116e-53
1.875 1.9999969431240388 4.41999999999829 1.9999969433749891 4.419999999443525 -1.1883943908134718e-50
2.125 1.9999969431240308 4.419999999998172 1.9999969429447075 4.4200000003986935 -1.976589158084722e-48
2.375 1.9999969431240077 4.419999999998088 1.9999969407315148 4.420000005311723 -2.632942317395744e-46
2.625 1.9999969431239726 4.419999999998032 1.9999969374359048 4.420000012627598 -2.638888646042497e-44
2.875 1.9999969431239288 4.419999999997998 1.9999969427668822 4.4200000007933715 -1.5796414191572262e-42
3.125 1.9999969431238807 4.419999999997975 1.9999969786319969 4.419999921176661 4.567817789604015e-41
3.375 1.9999969431238303 4.419999999997959 1.9999970485595862 4.419999765944931 2.7652750956800404e-38
3.625 1.9999969431237807 4.419999999997945 1.9999970460444458 4.419999771528211 4.404258009248603e-36
3.875 1.9999969431237343 4.419999999997925 1.9999966744130089 4.420000596509531 4.802503147034089e-34
4.125 1.9999969431236937 4.419999999997893 1.999995644875198 4.420002881968999 4.0714940949284585e-32
4.375 1.9999969431236613 4.419999999997847 1.999994435207459 4.4200055672927485 2.798298194819873e-30
4.625 1.9999969431236373 4.419999999997786 1.9999952941853678 4.420003660460452 1.5853487713817023e-28
4.875 1.999996943123622 4.419999999997714 2.0000021379638016 4.419988467961993 7.44089836681967e-27
5.125 1.9999969431236129 4.419999999997632 2.000017968929691 4.41995332421731 2.8831502816409013e-25
5.375 1.9999969431236084 4.419999999997543 2.000040920861929 4.419902370935747 9.092577194644609e-24
5.625 1.9999969431236062 4.419999999997453 2.000063258689222 4.419852779319169 2.252142269674823e-22
5.875 1.9999969431236047 4.4199999999973665 2.0000765114043753 4.419823356512861 3.954656992153136e-21
6.125 1.9999969431236027 4.419999999997286 2.0000788205459976 4.4198182298254025 2.789761923259548e-20
6.375 1.999996943123598 4.419999999997216 2.0000757158291202 4.419825122793401 -1.0909101867037715e-18
6.625 1.9999969431235924 4.419999999997154 2.000072193243703 4.419832943457133 -5.5213930824722155e-17
6.875 1.9999969431235838 4.419999999997097 2.000065931364762 4.4198468456163695 -1.5081395283077498e-15
7.125 1.9999969431235387 4.419999999997044 2.00005113051232 4.419879704903682 -3.0406459207729985e-14
7.375 1.9999969431229232 4.419999999996996 2.000028044914592 4.41993095577784 -4.87731075149774e-13
7.625 2.0000969431150457 4.419999999996951 2.000005370168994 4.4199812927105775 -6.400550420574792e-12
7.875 2.0000969430310773 4.419999999996908 1.999992540273873 4.420009773338087 -6.946621751012237e-11
8.125 2.0000969422923887 4.419999999996868 1.999991345432457 4.420012424282234 -6.243021272063907e-10
8.375 2.0000969369846153 4.4199999999968265 1.9999956027867625 4.420002962413913 -4.611047172371882e-09
8.625 2.000096906644467 4.419999999996789 1.9999982106138936 4.419997105347652 -2.7399979986059073e-08
8.875 2.00009677795695 4.4199999999967545 1.9999974782062133 4.419998443204232 -1.240590773561188e-07
9.125 2.0000964701502437 4.419999999996724 1.9999960467376101 4.42000093883463 -3.552572240524588e-07
9.375 2.000097115428233 4.419999999996696 1.9999966896592065 4.420000951573057 1.2942058380315937e-07
9.625 2.000009204330193 4.419999999996673 2.0000090450562205 4.420000360196033 9.209599773068e-06
9.875 2.000087860146662 4.419999999996655 2.000087581235691 4.420000603718519 6.829060285179713e-05
10.125 2.0004425800527734 4.419999999996637 2.000442201924927 4.420000806912138 0.00033476072351890226
10.375 2.0016790366585058 4.4199999999966195 2.0016787962873313 4.420000550482042 0.0012639670514472895
10.625 2.0051229617082624 4.419999999996607 2.005122939063787 4.420000164724328 0.003855097550723615
10.875 2.0128420709246813 4.419999999996596 2.0128422998894697 4.419999569599284 0.009678706501005496
11.125 2.0266209763999203 4.41999999999659 2.026621450071642 4.419998693424403 0.02012788497491368
11.375 2.0455472910745365 4.4199999999965955 2.045547915390565 4.4199979901884525 0.03458962805843038
11.625 2.0636210029857285 4.419999999996605 2.0636217137667563 4.4199981297641395 0.0485132950314933
11.875 2.0704565332533704 4.419999999996617 2.070457314535764 4.419999405727289 0.053807929155783495
12.125 2.056803323313062 4.419999999996631 2.056804065624584 4.42000093324867 0.0432510018706274
12.375 2.022084216278235 4.419999999996646 2.0220845796407536 4.4200007282168325 0.01668234441309194
12.625 1.9776668372281871 4.419999999996666 1.9776663451194514 4.419997387086631 -0.01668234441309194
12.875 1.9415374681221391 4.419999999996692 1.9415359173353652 4.419992166394605 -0.0432510018706274
13.125 1.9269590675995159 4.419999999996719 1.9269570001524405 4.419989602954088 -0.053807929155783495
13.375 1.9342852065821787 4.419999999996743 1.9342840709053024 4.419995680219622 -0.0485132950314933
13.625 1.9534036356542117 4.419999999996758 1.9534054232938058 4.420014355117686 -0.03458962805843038
13.875 1.9730203565139153 4.4199999999967545 1.9730268817368186 4.420044914631365 -0.02012788497491368
14.125 1.987067401227822 4.419999999996731 1.9870796726387805 4.420082324364169 -0.009678706501005496
14.375 1.9948613764698613 4.41999999999668 1.9948793872307453 4.420119953148807 -0.003855097550723615
14.625 1.998318013854437 4.419999999996604 1.9983409001121648 4.420152085101437 -0.0012639670514472895
14.875 1.9995542377501025 4.419999999996502 1.999580520024056 4.420174544216936 -0.00033476072351890226
15.125 1.999908767716719 4.419999999996373 1.999936485042257 4.420184048684103 -6.829060285179713e-05
15.375 1.9999876668036802 4.419999999996221 2.0000144918090768 4.420178118594797 -9.209599773068e-06
15.625 1.9999998464345567 4.419999999996049 2.0000233959068234 4.420156367678716 -1.2942058380315937e-07
15.875 2.0000004846411876 4.419999999995867 2.00001886718588 4.420122058870777 3.552572240524588e-07
16.125 2.0000001675631047 4.419999999995683 2.0000125302625844 4.420082087278487 1.240590773561188e-07
16.375 2.000000036744125 4.419999999995509 2.0000067777693395 4.420044759778749 2.7399979986059073e-08
16.625 2.0000000061554775 4.419999999995345 2.000002504577154 4.420016589275798 4.611047172371882e-09
16.875 2.0000000008317347 4.419999999995203 2.0000000150686494 4.420000094530948 6.243021272063907e-10
17.125 2.00000000009262 4.419999999995087 1.9999990607815068 4.419993763068083 6.946621751012237e-11
17.375 2.0000000000086944 4.419999999995007 1.9999990660395803 4.419993798538045 6.400550420574792e-12
17.625 2.0000000000008438 4.41999999999496 1.9999994441032827 4.419996308894133 4.87731075149774e-13
17.875 2.000000000000241 4.419999999994947 1.999999808310454 4.419998727196543 3.0406459207729985e-14
18.125 2.0000000000001945 4.419999999994966 2.000000011863235 4.420000078766642 1.5081395283077498e-15
18.375 2.0000000000001723 4.41999999999501 2.000000069485845 4.420000461374987 5.5213930824722155e-17
18.625 2.000000000000143 4.419999999995077 2.000000052775386 4.42000035041923 1.0909101867037715e-18
18.875 2.0000000000001084 4.419999999995152 2.0000000212102504 4.420000140829875 -2.789761923259548e-20
19.125 2.000000000000073 4.419999999995233 2.0000000012811676 4.420000008502701 -3.954656992153136e-21
19.375 2.0000000000000373 4.419999999995314 1.9999999951850447 4.419999968024951 -2.252142269674823e-22
19.625 2.0000000000000018 4.419999999995395 1.9999999962418389 4.419999975041851 -9.092577194644609e-24
19.875 1.999999999999972 4.419999999995463 1.9999999986399613 4.41999999096504 -2.8831502816409013e-25
20.125 1.9999999999999498 4.419999999995516 2.000000000023337 4.420000000150436 -7.44089836681967e-27
20.375 1.999999999999937 4.41999999999555 2.000000000344003 4.420000002279581 -1.5853487713817023e-28
20.625 1.9999999999999327 4.4199999999955635 2.000000000212177 4.420000001404247 -2.798298194819873e-30
20.875 1.9999999999999354 4.419999999995561 2.0000000000517097 4.420000000338741 -4.0714940949284585e-32
21.125 1.9999999999999427 4.419999999995547 1.9999999999835014 4.419999999885835 -4.802503147034089e-34
21.375 1.999999999999953 4.419999999995525 1.9999999999790492 4.419999999856268 -4.404258009248603e-36
21.625 1.9999999999999647 4.419999999995501 1.9999999999915807 4.419999999939474 -2.7652750956800404e-38
21.875 1.9999999999999774 4.4199999999954755 1.9999999999996907 4.419999999993328 -4.567817789604015e-41
22.125 1.9999999999999893 4.419999999995447 2.000000000001547 4.420000000005679 1.5796414191572262e-42
22.375 1.9999999999999982 4.419999999995425 2.000000000000877 4.420000000001243 2.638888646042497e-44
22.625 2.0000000000000036 4.4199999999954125 2.000000000000146 4.419999999996394 2.632942317395744e-46
22.875 2.0000000000000053 4.4199999999954045 1.9999999999999003 4.419999999994764 1.976589158084722e-48
23.125 2.0000000000000067 4.4199999999954 1.9999999999999185 4.4199999999948805 1.1883943908134718e-50
23.375 2.000000000000007 4.419999999995399 1.9999999999999738 4.419999999995249 5.861267598663116e-53
23.625 2.000000000000006 4.419999999995403 1.999999999999998 4.419999999995405 2.3927033740792414e-55
23.875 2.0000000000000053 4.4199999999954045 2.0000000000000004 4.419999999995413 8.083295968589929e-58
24.125 2.0000000000000044 4.419999999995406 1.9999999999999967 4.419999999995392 2.2389513277987053e-60
24.375 2.0000000000000027 4.41999999999541 1.9999999999999956 4.41999999999538 4.960217038783217e-63
24.625 2.000000000000001 4.419999999995408 1.9999999999999973 4.419999999995375 8.237583357394523e-66
24.875 2.000000000000001 4.419999999995403 1.999999999999999 4.419999999995373 8.023378137447364e-69

