0.125 2.0000046886717033 4.420000009125837 2.000004113920281 4.420000222343565 -8.023378137447364e-69
0.375 2.000004745236348 4.419999791034554 2.000004415183003 4.419999213313714 -8.237583357394523e-66
0.625 2.0000048314571472 4.41999950591692 2.0000047737286444 4.419998153609025 -4.960217038783217e-63
0.875 2.0000047285455977 4.419999731787356 2.0000049603239565 4.41999755497961 -2.2389513277987053e-60
1.125 2.0000046061725643 4.420000031333302 2.000004943892477 4.4199974899509655 -8.083295968589929e-58
1.375 2.000004518528568 4.420000306277501 2.0000047134403593 4.419997981603709 -2.3927033740792414e-55
1.625 2.0000043738072053 4.420000744423984 2.000004390678691 4.4199987530800495 -5.861267598663116e-53
1.875 2.000004130356756 4.420001426829912 2.000004091206866 4.419999536587762 -1.1883943908134718e-50
2.125 2.000003985168881 4.420001922410007 2.0000039138807777 4.420000098422476 -1.976589158084722e-48
2.375 2.000004239688375 4.420001479006483 2.000003904757164 4.420000320709843 -2.632942317395744e-46
2.625 2.000004812275875 4.420000318765372 2.000004014923684 4.420000296745108 -2.638888646042497e-44
2.875 2.0000052235577366 4.419999507989466 2.000004117915324 4.420000293824383 -1.5796414191572262e-42
3.125 2.0000052803066604 4.419999420560732 2.0000041253942915 4.4200004974899105 4.567817789604015e-41
3.375 2.000005182582285 4.41999964558509 2.0000040598961135 4.420000850500067 2.7652750956800404e-38
3.625 2.0000050290386646 4.419999929964408 2.0000039248820993 4.420001341141832 4.404258009248603e-36
3.875 2.0000047174227666 4.4200005502012285 2.000003505299147 4.42000244524542 4.802503147034089e-34
4.125 2.0000042068955337 4.420001533980125 2.000002536425413 4.420004750213224 4.0714940949284585e-32
4.375 2.000003877879048 4.420002111697212 2.000001523056131 4.4200071351847185 2.798298194819873e-30
4.625 2.000004063052059 4.420001520804586 2.0000027253850945 4.420004581339424 1.5853487713817023e-28
4.875 2.000004430246404 4.420000487196889 2.000009947600277 4.419988640481353 7.44089836681967e-27
5.125 2.000004367657829 4.420000412968923 2.0000259831814144 4.419953106038557 2.8831502816409013e-25
5.375 2.0000039023127263 4.420001184025836 2.0000488795564086 4.419902306365586 9.092577194644609e-24
5.625 2.000003691466416 4.420001362893685 2.0000710475116588 4.419853085237708 2.252142269674823e-22
5.875 2.000003925050903 4.420000661975126 2.000084214366799 4.419823809036147 3.954656992153136e-21
6.125 2.00000394097811 4.420000334085853 2.0000866339044343 4.4198183599323 2.789761923259548e-20
6.375 2.000003431539575 4.420001186035527 2.000084003480929 4.4198240984659165 -1.0909101867037715e-18
6.625 2.0000031833277676 4.420001473231581 2.0000813587567796 4.419829858467316 -5.5213930824722155e-17
6.875 2.0000043916854886 4.4199985956989725 2.0000750259956015 4.419843812973644 -1.5081395283077498e-15
7.125 2.0000054200832342 4.419996140208385 2.000054870174589 4.4198884795219335 -3.0406459207729985e-14
7.375 2.0000046202498005 4.419997774213735 2.0000144782252054 4.4199781064276324 -4.87731075149774e-13
7.625 2.000103509801431 4.420000188266567 1.9999589759561271 4.420101316305317 -6.400550420574792e-12
7.875 2.000104232596808 4.419998633395242 1.9999072687848254 4.420216140794075 -6.946621751012237e-11
8.125 2.000105773267553 4.419995290717416 1.9998920016649449 4.42025012081183 -6.243021272063907e-10
8.375 2.0001048906523518 4.419997491156523 1.9999526720858172 4.42011557129626 -4.611047172371882e-09
8.625 2.000102134678533 4.4200036204312685 2.0001089014339604 4.419768826983835 -2.7399979986059073e-08
8.875 2.000102635026976 4.420002648339662 2.0003161953710156 4.419308385821619 -1.240590773561188e-07
9.125 2.000106637185392 4.419992588443247 2.0004455953219593 4.419020274615564 -3.552572240524588e-07
9.375 2.0001063734576023 4.4199965868439905 2.000346551545792 4.4192403024306275 1.2942058380315937e-07
9.625 2.0000123338150377 4.420017197707149 1.9999941494121019 4.420041687159646 9.209599773068e-06
9.875 2.0000915910723798 4.4200238355428105 1.9996236349489824 4.421008953862339 6.829060285179713e-05
10.125 2.0004509397035823 4.4200208579726965 1.9997587439887463 4.4214170268652735 0.00033476072351890226
10.375 2.001686691687697 4.420022637172579 2.0011994828535666 4.4208152474107285 0.0012639670514472895
10.625 2.005139807861014 4.419987675631328 2.005132875390223 4.419566862991385 0.003855097550723615
10.875 2.012870370748672 4.419894339175997 2.013229318948525 4.418768033039625 0.009678706501005496
11.125 2.026600184674912 4.420044329062399 2.0269793371001477 4.419391684294331 0.02012788497491368
11.375 2.0455403767832907 4.420132389610955 2.045591692301705 4.42122386062334 0.03458962805843038
11.625 2.063649405947693 4.42003453777453 2.063495219915682 4.422583085304107 0.0485132950314933
11.875 2.070330885142316 4.420903954422124 2.0705730303711354 4.421559267187431 0.053807929155783495
12.125 2.056884741634108 4.419629529865941 2.0573586314764034 4.418267252788355 0.0432510018706274
12.375 2.0221095224675087 4.419669924564052 2.0227889666416092 4.415474181760121 0.01668234441309194
12.625 1.9777263983781304 4.419744764530993 1.9780159236509445 4.415746445428656 -0.01668234441309194
12.875 1.9416595026605277 4.419392000197762 1.941311222306083 4.418602537016218 -0.0432510018706274
13.125 1.9269637329370255 4.420328529455438 1.926380355915782 4.421606542212525 -0.053807929155783495
13.375 1.934255895137171 4.420187273085441 1.9337374383464667 4.422916358599476 -0.0485132950314933
13.625 1.953389589712372 4.420115922529746 1.9531363647705136 4.422295701470373 -0.03458962805843038
13.875 1.9730141930180691 4.42004998047575 1.9730355072345394 4.420842380731388 -0.02012788497491368
14.125 1.987105752203481 4.419931647521458 1.9871943748642655 4.419770965707173 -0.009678706501005496
14.375 1.9948305606814765 4.419985041311779 1.9949664820883108 4.41945262251184 -0.003855097550723615
14.625 1.9983178724872774 4.419930694597244 1.9983760716997558 4.419595141117348 -0.0012639670514472895
14.875 1.9995014544401835 4.420460475150184 1.9995830748124546 4.419832486606863 -0.00033476072351890226
15.125 1.9998989567377725 4.419886550262921 1.999925121789733 4.419989428923577 -6.829060285179713e-05
15.375 1.999968634453889 4.419873317582338 1.9999985695260416 4.420043753410184 -9.209599773068e-06
15.625 2.000013927539265 4.420091519419459 2.000005304499564 4.420030826600394 -1.2942058380315937e-07
15.875 2.0000205938979354 4.42013616649545 2.0000002224796156 4.4199975181732665 3.552572240524588e-07
16.125 1.9999945044725838 4.419964678481529 1.9999989456301743 4.4199916610693935 1.240590773561188e-07
16.375 1.9999816516394187 4.419879031574766 2.0000069729435985 4.420045372736226 2.7399979986059073e-08
16.625 1.9999975928238882 4.419984489298541 2.000021626524148 4.420142941142231 4.611047172371882e-09
16.875 2.0000132726742015 4.420087832140145 2.000031028424533 4.420205797866865 6.243021272063907e-10
17.125 2.000006981302918 4.420045937099042 2.0000194477730338 4.420129509664168 6.946621751012237e-11
17.375 1.9999925375939294 4.419950040339964 1.9999795612374445 4.4198654558318715 6.400550420574792e-12
17.625 1.9999928505623994 4.419952275066201 1.9999231278079186 4.419491352809982 4.87731075149774e-13
17.875 2.000004004598858 4.420026365193046 1.9998796384978046 4.419202881683271 3.0406459207729985e-14
18.125 2.0000075324249917 4.420049700134427 1.9998803878688436 4.419207776151615 1.5081395283077498e-15
18.375 1.999999776976131 4.419997985689328 1.9999370548152404 4.41958372932856 5.5213930824722155e-17
18.625 1.999993948686738 4.419959067626232 2.0000302783529205 4.420202389883789 1.0909101867037715e-18
18.875 1.999997453454605 4.419982328730718 2.0001178652730975 4.4207837184135705 -2.789761923259548e-20
19.125 2.0000033751735136 4.420022060599685 2.0001583863447125 4.421052595296079 -3.954656992153136e-21
19.375 2.0000025223485083 4.420017254606762 2.000134730869187 4.420895293239356 -2.252142269674823e-22
19.625 1.9999978260450668 4.4199869698883685 2.00006239473521 4.420414611797052 -9.092577194644609e-24
19.875 1.9999969827896042 4.419981939535473 1.99997828863662 4.4198556157876405 -2.8831502816409013e-25
20.125 2.0000003969080002 4.4200047208449575 1.999918912009714 4.419460731633283 -7.44089836681967e-27
20.375 2.0000023561718585 4.42001753012611 1.9999023282202737 4.419350065688224 -1.5853487713817023e-28
20.625 2.000000297194473 4.42000354782181 1.999923588996379 4.419490978774901 -2.798298194819873e-30
20.875 1.99999769400574 4.419985921688735 1.999963135581149 4.4197537892172365 -4.0714940949284585e-32
21.125 1.9999984007310267 4.419990342184122 2.0000001631860695 4.420000425275038 -4.802503147034089e-34
21.375 2.0000007707103973 4.4200059714741915 2.0000223287065673 4.420148786558018 -4.404258009248603e-36
21.625 2.000001256686622 4.420009117865709 2.0000279756985164 4.42018746564948 -2.7652750956800404e-38
21.875 2.0000000102882582 4.420000477180034 2.0000225134344687 4.420151859397874 -4.567817789604015e-41
22.125 1.9999994725870105 4.419996183887383 2.000013093693578 4.420089196346828 1.5796414191572262e-42
22.375 2.0000002853724412 4.4200008609107275 2.0000048936528776 4.420034092186334 2.638888646042497e-44
22.625 2.0000009337277462 4.420004740943728 2.0000000211985345 4.420001021657114 2.632942317395744e-46
22.875 2.0000003250959977 4.420000531837262 1.999998270145721 4.4199888380979 1.976589158084722e-48
23.125 1.9999992622330738 4.419993522685479 1.9999984301545046 4.419989421091151 1.1883943908134718e-50
23.375 1.9999991151685892 4.419993124146923 1.9999992813897978 4.419994708915398 5.861267598663116e-53
23.625 1.9999996457810518 4.419998137868105 2.0000000542543663 4.419999837604613 2.3927033740792414e-55
23.875 1.9999997351846184 4.420000765153514 2.000000483337504 4.420003005206078 8.083295968589929e-58
24.125 1.999999469758873 4.4199999505343 2.0000006125572845 4.420004041767637 2.2389513277987053e-60
24.375 1.9999996595666005 4.419999846355587 2.0000005655502386 4.420003365786197 4.960217038783217e-63
24.625 2.0000005951114215 4.420003250847689 2.000000465245411 4.420001673969701 8.237583357394523e-66
24.875 2.000000636633929 4.420004912157211 2.0000002260231056 4.419999132531819 8.023378137447364e-69

