0.125 1.9999999999999996 24.0 2.000000000000771 23.999999999999993 -8.023378137447364e-69
0.375 1.9999999999999996 24.0 2.00000000000077 23.999999999999993 -8.237583357394523e-66
0.625 1.9999999999999996 24.0 2.000000000000769 23.999999999999986 -4.960217038783217e-63
0.875 1.9999999999999996 24.0 2.0000000000007683 23.99999999999998 -2.2389513277987053e-60
1.125 1.9999999999999996 24.0 2.0000000000007674 23.99999999999997 -8.083295968589929e-58
1.375 1.9999999999999996 24.0 2.0000000000007674 23.999999999999975 -2.3927033740792414e-55
1.625 1.9999999999999996 24.0 2.000000000000765 23.999999999999957 -5.861267598663116e-53
1.875 1.9999999999999996 24.0 2.0000000000007585 23.999999999999904 -1.1883943908134718e-50
2.125 1.9999999999999996 24.0 2.000000000000759 23.999999999999908 -1.976589158084722e-48
2.375 1.9999999999999996 24.0 2.000000000000786 24.00000000000011 -2.632942317395744e-46
2.625 1.9999999999999996 24.0 2.0000000000008287 24.00000000000044 -2.638888646042497e-44
2.875 1.9999999999999996 24.0 2.00000000000084 24.000000000000522 -1.5796414191572262e-42
3.125 1.9999999999999996 24.0 2.0000000000007496 23.999999999999837 4.567817789604015e-41
3.375 1.9999999999999996 24.0 2.0000000000005014 23.99999999999795 2.7652750956800404e-38
3.625 1.9999999999999996 24.0 2.000000000000191 23.999999999995573 4.404258009248603e-36
3.875 1.9999999999999996 24.0 1.9999999999997136 23.99999999999199 4.802503147034089e-34
4.125 1.9999999999999996 24.0 1.9999999999997315 23.999999999992056 4.0714940949284585e-32
4.375 1.9999999999999996 24.0 1.9999999999988831 23.999999999985725 2.798298194819873e-30
4.625 1.9999999999999996 24.0 1.9999999999999625 23.999999999993975 1.5853487713817023e-28
4.875 1.9999999999999996 24.0 1.9999999999991782 23.999999999987285 7.44089836681967e-27
5.125 1.9999999999999996 24.0 1.999999999996364 23.999999999968544 2.8831502816409013e-25
5.375 1.9999999999999996 24.0 2.000000000009047 24.000000000058662 9.092577194644609e-24
5.625 1.9999999999999996 24.0 1.9999999999859681 23.999999999892758 2.252142269674823e-22
5.875 1.9999999999999996 24.0 1.9999999999864255 23.99999999989479 3.954656992153136e-21
6.125 1.9999999999999996 24.0 2.0000000000975002 24.000000000692037 2.789761923259548e-20
6.375 1.9999999999999996 24.0 1.999999999850841 23.999999999002355 -1.0909101867037715e-18
6.625 1.9999999999999996 24.0 1.9999999997751838 23.99999999798654 -5.5213930824722155e-17
6.875 2.0000000000000018 24.0 2.0000000012290364 24.000000009701953 -1.5081395283077498e-15
7.125 2.0000000000000053 24.0 1.9999999991269153 23.999999993561136 -3.0406459207729985e-14
7.375 2.0000000000000773 24.0 1.9999999946470173 23.999999956477787 -4.87731075149774e-13
7.625 2.0001000000010105 24.0 2.0000000116965193 24.000000100057537 -6.400550420574792e-12
7.875 2.0001000000109626 24.0 2.000000014385029 24.00000008638303 -6.946621751012237e-11
8.125 2.0001000000985023 24.0 1.999999938663699 23.999999526395783 -6.243021272063907e-10
8.375 2.0001000007275307 24.0 1.9999999499672794 23.99999975696965 -4.611047172371882e-09
8.625 2.0001000043231603 24.0 2.0000001755193466 24.00000139614888 -2.7399979986059073e-08
8.875 2.0001000195739977 24.0 2.000000258679006 24.00000143071262 -1.240590773561188e-07
9.125 2.000100056052359 24.0 1.9999999064665346 23.99999819888484 -3.552572240524588e-07
9.375 2.00009997958007 24.0 1.999999401015487 23.99999591234065 1.2942058380315937e-07
9.625 1.9999985469145345 24.0 1.999998200405142 23.999998019627064 9.209599773068e-06
9.875 1.9999892252343539 24.0 1.9999899371431855 24.000006011312696 6.829060285179713e-05
10.125 1.999947183997248 24.0 1.999950269917468 24.00002383271699 0.00033476072351890226
10.375 1.9998006062665017 24.0 1.999808565052534 24.000060554608513 0.0012639670514472895
10.625 1.9993920651653252 24.0 1.9994095508307115 24.000132564157834 0.003855097550723615
10.875 1.9984749189029762 24.0 1.9985097518645125 24.000264258792775 0.009678706501005496
11.125 1.9968329575959611 24.0 1.9968967595986435 24.000485489879175 0.02012788497491368
11.375 1.9945681741525068 24.0 1.9946747601871597 24.000814856611047 0.03458962805843038
11.625 1.9923960528264235 24.0 1.9925402776414898 24.001095165192304 0.0485132950314933
11.875 1.9915722283871957 24.0 1.991734856859511 24.00123273240516 0.053807929155783495
12.125 1.9932160170480222 24.0 1.993383178991029 24.001285930487754 0.0432510018706274
12.375 1.9973738648186663 24.0 1.997541553775052 24.00128641005513 0.01668234441309194
12.625 2.0026381671618303 24.0 2.0028073105858755 24.001257285016596 -0.01668234441309194
12.875 2.0068648622820344 24.0 2.0070213828626295 24.001166073960626 -0.0432510018706274
13.125 2.0085529565497833 24.0 2.008678922913851 24.00097673660031 -0.053807929155783495
13.375 2.007705706329197 24.0 2.00779415797066 24.000666647420374 -0.0485132950314933
13.625 2.005483554071176 24.0 2.0055360642080244 24.000365334654052 -0.03458962805843038
13.875 2.00318455784232 24.0 2.0032098016895956 24.000191463561457 -0.02012788497491368
14.125 2.0015291310969436 24.0 2.001538341768915 24.00008231639743 -0.009678706501005496
14.375 2.0006085773596554 24.0 2.0006105184071523 24.000000163656768 -0.003855097550723615
14.625 2.0001994628036814 24.0 2.0001954053884394 23.999924797688568 -0.0012639670514472895
14.875 2.000052820847689 24.0 2.0000424735521056 23.999839748118312 -0.00033476072351890226
15.125 2.000010774967268 24.0 1.9999936083981744 23.999724761662034 -6.829060285179713e-05
15.375 2.0000014530891326 24.0 1.999974558088732 23.999552330471072 -9.209599773068e-06
15.625 2.000000020419934 24.0 1.999958313720805 23.999300073056403 -1.2942058380315937e-07
15.875 1.999999943947647 24.0 1.999943436799301 23.999053991364057 3.552572240524588e-07
16.125 1.9999999804260038 24.0 1.999935291424257 23.998918959383616 1.240590773561188e-07
16.375 1.9999999956768408 24.0 1.9999319662993165 23.998866297194617 2.7399979986059073e-08
16.625 1.9999999992724706 24.0 1.9999311490393923 23.998856793448603 4.611047172371882e-09
16.875 1.9999999999014986 24.0 1.999931210387186 23.99886100659983 6.243021272063907e-10
17.125 1.999999999989039 24.0 1.9999328206178355 23.998895301381758 6.946621751012237e-11
17.375 1.9999999999989901 24.0 1.9999376836800078 23.998980397778663 6.400550420574792e-12
17.625 1.9999999999999238 24.0 1.9999475374253963 23.999143079022538 4.87731075149774e-13
17.875 1.9999999999999964 24.0 1.9999626738572576 23.999389942712675 3.0406459207729985e-14
18.125 1.9999999999999996 24.0 1.9999775273798148 23.999633133314983 1.5081395283077498e-15
18.375 1.9999999999999996 24.0 1.9999869620606252 23.9997875030068 5.5213930824722155e-17
18.625 1.9999999999999996 24.0 1.999992499890671 23.999877430331395 1.0909101867037715e-18
18.875 1.9999999999999996 24.0 1.9999956793387743 23.99992853104532 -2.789761923259548e-20
19.125 1.9999999999999996 24.0 1.9999973885702003 23.999955939119623 -3.954656992153136e-21
19.375 1.9999999999999996 24.0 1.999998193418385 23.9999690948778 -2.252142269674823e-22
19.625 1.9999999999999996 24.0 1.9999985414861263 23.999975271646893 -9.092577194644609e-24
19.875 1.9999999999999996 24.0 1.9999987314769936 23.99997912114012 -2.8831502816409013e-25
20.125 1.9999999999999996 24.0 1.9999989164289846 23.99998238322928 -7.44089836681967e-27
20.375 1.9999999999999996 24.0 1.9999991135627737 23.99998544317799 -1.5853487713817023e-28
20.625 1.9999999999999996 24.0 1.9999993054848137 23.99998842858711 -2.798298194819873e-30
20.875 1.9999999999999996 24.0 1.9999994871110318 23.999991426206996 -4.0714940949284585e-32
21.125 1.9999999999999996 24.0 1.9999996602711612 23.999994362613222 -4.802503147034089e-34
21.375 1.9999999999999996 24.0 1.9999998112363644 23.99999681133643 -4.404258009248603e-36
21.625 1.9999999999999996 24.0 1.9999999173615168 23.999998505427207 -2.7652750956800404e-38
21.875 1.9999999999999996 24.0 1.9999999818799519 23.999999592143368 -4.567817789604015e-41
22.125 1.9999999999999996 24.0 2.000000019699238 24.000000256600686 1.5796414191572262e-42
22.375 1.9999999999999996 24.0 2.00000003957557 24.000000616395027 2.638888646042497e-44
22.625 1.9999999999999996 24.0 2.0000000461279903 24.00000074748687 2.632942317395744e-46
22.875 1.9999999999999996 24.0 2.0000000425447286 24.00000070139189 1.976589158084722e-48
23.125 1.9999999999999996 24.0 2.0000000319439915 24.000000528743406 1.1883943908134718e-50
23.375 1.9999999999999996 24.0 2.000000018730786 24.00000030885404 5.861267598663116e-53
23.625 1.9999999999999996 24.0 2.000000007837598 24.000000130071133 2.3927033740792414e-55
23.875 1.9999999999999996 24.0 2.000000001611335 24.000000027651904 8.083295968589929e-58
24.125 1.9999999999999996 24.0 1.999999999248287 23.999999987971762 2.2389513277987053e-60
24.375 1.9999999999999996 24.0 1.999999999025257 23.999999983972486 4.960217038783217e-63
24.625 1.9999999999999996 24.0 1.9999999995691091 23.999999992901778 8.237583357394523e-66
24.875 1.9999999999999996 24.0 2.0000000000478333 24.00000000078487 8.023378137447364e-69

