0.125 1.9999999999999996 24.0 2.000000000000771 23.999999999999993 -8.023378137447364e-69
0.375 1.9999999999999996 24.0 2.00000000000077 23.999999999999993 -8.237583357394523e-66
0.625 1.9999999999999996 24.0 2.000000000000769 23.999999999999986 -4.960217038783217e-63
0.875 1.9999999999999996 24.0 2.0000000000007683 23.99999999999998 -2.2389513277987053e-60
1.125 1.9999999999999996 24.0 2.0000000000007674 23.99999999999997 -8.083295968589929e-58
1.375 1.9999999999999996 24.0 2.0000000000007674 23.999999999999975 -2.3927033740792414e-55
1.625 1.9999999999999996 24.0 2.000000000000765 23.999999999999957 -5.861267598663116e-53
1.875 1.9999999999999996 24.0 2.0000000000007594 23.999999999999915 -1.1883943908134718e-50
2.125 1.9999999999999996 24.0 2.0000000000007594 23.999999999999915 -1.976589158084722e-48
2.375 1.9999999999999996 24.0 2.000000000000785 24.00000000000011 -2.632942317395744e-46
2.625 1.9999999999999996 24.0 2.0000000000008304 24.000000000000448 -2.638888646042497e-44
2.875 1.9999999999999996 24.0 2.000000000000841 24.000000000000522 -1.5796414191572262e-42
3.125 1.9999999999999996 24.0 2.000000000000749 23.999999999999822 4.567817789604015e-41
3.375 1.9999999999999996 24.0 2.000000000000499 23.999999999997925 2.7652750956800404e-38
3.625 1.9999999999999996 24.0 2.00000000000019 23.999999999995566 4.404258009248603e-36
3.875 1.9999999999999996 24.0 1.9999999999997156 23.999999999992017 4.802503147034089e-34
4.125 1.9999999999999996 24.0 1.9999999999997329 23.999999999992074 4.0714940949284585e-32
4.375 1.9999999999999996 24.0 1.9999999999988822 23.99999999998571 2.798298194819873e-30
4.625 1.9999999999999996 24.0 1.999999999999959 23.99999999999394 1.5853487713817023e-28
4.875 1.9999999999999996 24.0 1.9999999999991762 23.999999999987267 7.44089836681967e-27
5.125 1.9999999999999996 24.0 1.999999999996363 23.999999999968537 2.8831502816409013e-25
5.375 1.9999999999999996 24.0 2.0000000000090465 24.00000000005867 9.092577194644609e-24
5.625 1.9999999999999996 24.0 1.9999999999859703 23.99999999989279 2.252142269674823e-22
5.875 1.9999999999999996 24.0 1.999999999986429 23.999999999894822 3.954656992153136e-21
6.125 1.9999999999999996 24.0 2.0000000000975016 24.000000000692033 2.789761923259548e-20
6.375 1.9999999999999996 24.0 1.9999999998508409 23.999999999002352 -1.0909101867037715e-18
6.625 1.9999999999999996 24.0 1.999999999775186 23.999999997986567 -5.5213930824722155e-17
6.875 2.0000000000000018 24.0 2.0000000012290395 24.000000009701978 -1.5081395283077498e-15
7.125 2.0000000000000053 24.0 1.999999999126914 23.999999993561126 -3.0406459207729985e-14
7.375 2.0000000000000773 24.0 1.9999999946470146 23.99999995647776 -4.87731075149774e-13
7.625 2.0001000000010105 24.0 2.0000000116965175 24.00000010005752 -6.400550420574792e-12
7.875 2.0001000000109626 24.0 2.0000000143850274 24.000000086383004 -6.946621751012237e-11
8.125 2.0001000000985023 24.0 1.9999999386636966 23.999999526395765 -6.243021272063907e-10
8.375 2.0001000007275307 24.0 1.999999949967275 23.999999756969657 -4.611047172371882e-09
8.625 2.0001000043231603 24.0 2.000000175519344 24.00000139614875 -2.7399979986059073e-08
8.875 2.0001000195739977 24.0 2.0000002586790053 24.000001430712732 -1.240590773561188e-07
9.125 2.000100056052359 24.0 1.9999999064665093 23.999998198884548 -3.552572240524588e-07
9.375 2.00009997958007 24.0 1.999999401015478 23.999995912340637 1.2942058380315937e-07
9.625 1.9999985469145345 24.0 1.999998200404991 23.99999801962759 9.209599773068e-06
9.875 1.9999892252343539 24.0 1.9999899371465177 24.000006011313936 6.829060285179713e-05
10.125 1.999947183997248 24.0 1.999950270102699 24.00002383271667 0.00033476072351890226
10.375 1.9998006062665017 24.0 1.9998085682289215 24.00006055457922 0.0012639670514472895
10.625 1.9993920651653252 24.0 1.99940957938171 24.000132564036317 0.003855097550723615
10.875 1.9984749189029762 24.0 1.9985098960697987 24.000264259437344 0.009678706501005496
11.125 1.9968329575959611 24.0 1.996897143531787 24.00048550686212 0.02012788497491368
11.375 1.9945681741525068 24.0 1.9946751365545938 24.00081486109195 0.03458962805843038
11.625 1.9923960528264235 24.0 1.992540131169276 24.00109511229136 0.0485132950314933
11.875 1.9915722283871957 24.0 1.99173590934136 24.001232783839285 0.053807929155783495
12.125 1.9932160170480222 24.0 1.9933885892696583 24.00128596605175 0.0432510018706274
12.375 1.9973738648186663 24.0 1.9975469912435289 24.00128641894313 0.01668234441309194
12.625 2.0026381671618303 24.0 2.0028060351356434 24.001257310878728 -0.01668234441309194
12.875 2.0068648622820344 24.0 2.0070220606081692 24.001166227781965 -0.0432510018706274
13.125 2.0085529565497833 24.0 2.008688022506126 24.00097706612648 -0.053807929155783495
13.375 2.007705706329197 24.0 2.007799237687144 24.000666407941942 -0.0485132950314933
13.625 2.005483554071176 24.0 2.00553452058121 24.000364483747553 -0.03458962805843038
13.875 2.00318455784232 24.0 2.0032113185886837 24.000191181658984 -0.02012788497491368
14.125 2.0015291310969436 24.0 2.001542343305713 24.000082505952832 -0.009678706501005496
14.375 2.0006085773596554 24.0 2.000612888156722 24.00000016084509 -0.003855097550723615
14.625 2.0001994628036814 24.0 2.0001969569589875 23.99992343069504 -0.0012639670514472895
14.875 2.000052820847689 24.0 2.000044096572352 23.999835422076394 -0.00033476072351890226
15.125 2.000010774967268 24.0 1.9999946834143414 23.999715368122366 -6.829060285179713e-05
15.375 2.0000014530891326 24.0 1.9999745995339997 23.999535802728253 -9.209599773068e-06
15.625 2.000000020419934 24.0 1.9999572802761532 23.99927598878577 -1.2942058380315937e-07
15.875 1.999999943947647 24.0 1.999941410215667 23.999022932729954 3.552572240524588e-07
16.125 1.9999999804260038 24.0 1.9999323392530695 23.998880771471377 1.240590773561188e-07
16.375 1.9999999956768408 24.0 1.9999283589029362 23.99882283682006 2.7399979986059073e-08
16.625 1.9999999992724706 24.0 1.9999272492121332 23.99881083052817 4.611047172371882e-09
16.875 1.9999999999014986 24.0 1.9999272711081333 23.99881433805558 6.243021272063907e-10
17.125 1.999999999989039 24.0 1.999929116525446 23.998850344425428 6.946621751012237e-11
17.375 1.9999999999989901 24.0 1.9999345816618206 23.998939946269267 6.400550420574792e-12
17.625 1.9999999999999238 24.0 1.9999450843346076 23.999107728313234 4.87731075149774e-13
17.875 1.9999999999999964 24.0 1.9999604744604298 23.999355922308215 3.0406459207729985e-14
18.125 1.9999999999999996 24.0 1.9999752943756608 23.999597515404588 1.5081395283077498e-15
18.375 1.9999999999999996 24.0 1.9999848725315725 23.999753414163024 5.5213930824722155e-17
18.625 1.9999999999999996 24.0 1.9999905339199893 23.99984525044587 1.0909101867037715e-18
18.875 1.9999999999999996 24.0 1.9999937810108332 23.999897793177926 -2.789761923259548e-20
19.125 1.9999999999999996 24.0 1.9999956561884686 23.999928218641433 -3.954656992153136e-21
19.375 1.9999999999999996 24.0 1.9999968067360456 23.99994714885291 -2.252142269674823e-22
19.625 1.9999999999999996 24.0 1.9999976292778912 23.999960985456173 -9.092577194644609e-24
19.875 1.9999999999999996 24.0 1.9999983578475757 23.999973202071384 -2.8831502816409013e-25
20.125 1.9999999999999996 24.0 1.9999990427477758 23.99998429468666 -7.44089836681967e-27
20.375 1.9999999999999996 24.0 1.9999995754335005 23.99999271377989 -1.5853487713817023e-28
20.625 1.9999999999999996 24.0 1.9999999200096625 23.999998282314692 -2.798298194819873e-30
20.875 1.9999999999999996 24.0 2.000000129134845 24.000001789836126 -4.0714940949284585e-32
21.125 1.9999999999999996 24.0 2.000000249532141 24.000003852246405 -4.802503147034089e-34
21.375 1.9999999999999996 24.0 2.0000003096579517 24.000004925360074 -4.404258009248603e-36
21.625 1.9999999999999996 24.0 2.00000033153046 24.000005373083308 -2.7652750956800404e-38
21.875 1.9999999999999996 24.0 2.000000330055109 24.00000542820159 -4.567817789604015e-41
22.125 1.9999999999999996 24.0 2.0000003110244275 24.000005175803896 1.5796414191572262e-42
22.375 1.9999999999999996 24.0 2.000000273975791 24.00000460192868 2.638888646042497e-44
22.625 1.9999999999999996 24.0 2.000000217393527 24.00000366596712 2.632942317395744e-46
22.875 1.9999999999999996 24.0 2.0000001476298777 24.000002459744792 1.976589158084722e-48
23.125 1.9999999999999996 24.0 2.000000086346728 24.00000146873139 1.1883943908134718e-50
23.375 1.9999999999999996 24.0 2.0000000478514477 24.000000828601774 5.861267598663116e-53
23.625 1.9999999999999996 24.0 2.000000023878523 24.0000004126611 2.3927033740792414e-55
23.875 1.9999999999999996 24.0 2.000000009090452 24.00000015815219 8.083295968589929e-58
24.125 1.9999999999999996 24.0 2.000000001288851 24.000000024047477 2.2389513277987053e-60
24.375 1.9999999999999996 24.0 1.9999999982594292 23.999999971851686 4.960217038783217e-63
24.625 1.9999999999999996 24.0 1.9999999979095833 23.999999965598906 8.237583357394523e-66
24.875 1.9999999999999996 24.0 1.9999999988731887 23.999999981460544 8.023378137447364e-69

