0.125 1.9999999999999996 24.0 2.000000000000771 23.999999999999993 -8.023378137447364e-69
0.375 1.9999999999999996 24.0 2.0000000000007656 23.99999999999995 -8.237583357394523e-66
0.625 1.9999999999999996 24.0 2.0000000000007727 24.000000000000007 -4.960217038783217e-63
0.875 1.9999999999999996 24.0 2.0000000000008127 24.0000000000003 -2.2389513277987053e-60
1.125 1.9999999999999996 24.0 2.000000000000826 24.0000000000004 -8.083295968589929e-58
1.375 1.9999999999999996 24.0 2.0000000000007003 23.999999999999446 -2.3927033740792414e-55
1.625 1.9999999999999996 24.0 2.000000000000376 23.999999999996987 -5.861267598663116e-53
1.875 1.9999999999999996 24.0 1.9999999999999465 23.99999999999374 -1.1883943908134718e-50
2.125 1.9999999999999996 24.0 1.9999999999995772 23.999999999990976 -1.976589158084722e-48
2.375 1.9999999999999996 24.0 1.999999999999365 23.999999999989377 -2.632942317395744e-46
2.625 1.9999999999999996 24.0 1.9999999999992906 23.99999999998873 -2.638888646042497e-44
2.875 1.9999999999999996 24.0 1.9999999999992795 23.999999999988486 -1.5796414191572262e-42
3.125 1.9999999999999996 24.0 1.9999999999992903 23.999999999988482 4.567817789604015e-41
3.375 1.9999999999999996 24.0 1.9999999999993312 23.999999999989058 2.7652750956800404e-38
3.625 1.9999999999999996 24.0 1.9999999999994205 23.999999999990496 4.404258009248603e-36
3.875 1.9999999999999996 24.0 1.9999999999995812 23.999999999993136 4.802503147034089e-34
4.125 1.9999999999999996 24.0 1.999999999999684 23.999999999994834 4.0714940949284585e-32
4.375 1.9999999999999996 24.0 2.0000000000000506 24.000000000000885 2.798298194819873e-30
4.625 1.9999999999999996 24.0 1.9999999999994023 23.999999999989914 1.5853487713817023e-28
4.875 1.9999999999999996 24.0 2.00000000000164 24.00000000002889 7.44089836681967e-27
5.125 1.9999999999999996 24.0 1.9999999999962599 23.99999999992607 2.8831502816409013e-25
5.375 1.9999999999999996 24.0 2.000000000004636 24.00000000015026 9.092577194644609e-24
5.625 1.9999999999999996 24.0 2.0000000000159783 23.999999999866315 2.252142269674823e-22
5.875 1.9999999999999996 24.0 1.9999999998427944 23.999999999288423 3.954656992153136e-21
6.125 1.9999999999999996 24.0 2.0000000007787238 24.000000005214464 2.789761923259548e-20
6.375 1.9999999999999996 24.0 1.9999999971930582 23.999999979025198 -1.0909101867037715e-18
6.625 1.9999999999999996 24.0 2.0000000073215354 24.00000005854099 -5.5213930824722155e-17
6.875 2.0000000000000018 24.0 1.9999999896393952 23.999999903232514 -1.5081395283077498e-15
7.125 2.0000000000000053 24.0 1.9999999876972467 23.999999965405777 -3.0406459207729985e-14
7.375 2.0000000000000773 24.0 2.000000087368343 24.000000555529084 -4.87731075149774e-13
7.625 2.0001000000010105 24.0 1.9999999544588483 23.999999386004852 -6.400550420574792e-12
7.875 2.0001000000109626 24.0 1.999999672571986 23.999998008637597 -6.946621751012237e-11
8.125 2.0001000000985023 24.0 2.0000000284360837 24.00000088782926 -6.243021272063907e-10
8.375 2.0001000007275307 24.0 2.000001610949873 24.000012606176163 -4.611047172371882e-09
8.625 2.0001000043231603 24.0 2.0000062348618215 24.00004737340611 -2.7399979986059073e-08
8.875 2.0001000195739977 24.0 2.0000182190562277 24.000137968287245 -1.240590773561188e-07
9.125 2.000100056052359 24.0 2.00004421301984 24.00033517489018 -3.552572240524588e-07
9.375 2.00009997958007 24.0 2.0000898308955932 24.00068403021793 1.2942058380315937e-07
9.625 1.9999985469145345 24.0 2.000137785685386 24.001079030672674 9.209599773068e-06
9.875 1.9999892252343539 24.0 2.0001541117559865 24.001267541695597 6.829060285179713e-05
10.125 1.999947183997248 24.0 2.0001219034407254 24.001318097973808 0.00033476072351890226
10.375 1.9998006062665017 24.0 1.9999781438964017 24.001326066422674 0.0012639670514472895
10.625 1.9993920651653252 24.0 1.999568760053308 24.001298249323202 0.003855097550723615
10.875 1.9984749189029762 24.0 1.998639033025055 24.001168746382486 0.009678706501005496
11.125 1.9968329575959611 24.0 1.9969630013049549 24.0008550414412 0.02012788497491368
11.375 1.9945681741525068 24.0 1.9946381545923157 24.000307566851582 0.03458962805843038
11.625 1.9923960528264235 24.0 1.99239934343065 23.999637302004686 0.0485132950314933
11.875 1.9915722283871957 24.0 1.9915299677434901 23.999098984308212 0.053807929155783495
12.125 1.9932160170480222 24.0 1.9931489867961543 23.998837735630698 0.0432510018706274
12.375 1.9973738648186663 24.0 1.997298091943104 23.998753908782774 0.01668234441309194
12.625 2.0026381671618303 24.0 2.0025644286942925 23.99873941398833 -0.01668234441309194
12.875 2.0068648622820344 24.0 2.0067896712919917 23.998753322182907 -0.0432510018706274
13.125 2.0085529565497833 24.0 2.008476932024009 23.998833546618975 -0.053807929155783495
13.375 2.007705706329197 24.0 2.0076454181863967 23.999011463516837 -0.0485132950314933
13.625 2.005483554071176 24.0 2.0054461524823104 23.999295649440228 -0.03458962805843038
13.875 2.00318455784232 24.0 2.0031616299367085 23.999597678931504 -0.02012788497491368
14.125 2.0015291310969436 24.0 2.0015160783240367 23.999795470898743 -0.009678706501005496
14.375 2.0006085773596554 24.0 2.000604157925328 23.999907870021616 -0.003855097550723615
14.625 2.0001994628036814 24.0 2.0001985567915916 23.999959198049417 -0.0012639670514472895
14.875 2.000052820847689 24.0 2.000051601920374 23.999972006081556 -0.00033476072351890226
15.125 2.000010774967268 24.0 2.000008935968509 23.99997266199494 -6.829060285179713e-05
15.375 2.0000014530891326 24.0 1.999999545303939 23.99997419084072 -9.209599773068e-06
15.625 2.000000020419934 24.0 1.9999984525819783 23.99997829209913 -1.2942058380315937e-07
15.875 1.999999943947647 24.0 1.9999987263014716 23.9999816202846 3.552572240524588e-07
16.125 1.9999999804260038 24.0 1.999998841611247 23.999982909459206 1.240590773561188e-07
16.375 1.9999999956768408 24.0 1.9999988936170672 23.99998419927507 2.7399979986059073e-08
16.625 1.9999999992724706 24.0 1.9999990973661217 23.999986874895345 4.611047172371882e-09
16.875 1.9999999999014986 24.0 1.9999994651033988 23.999991242794646 6.243021272063907e-10
17.125 1.999999999989039 24.0 1.999999853106914 23.999996603018268 6.946621751012237e-11
17.375 1.9999999999989901 24.0 2.0000000210696838 23.999998922491706 6.400550420574792e-12
17.625 1.9999999999999238 24.0 2.0000000108500258 23.999999737804174 4.87731075149774e-13
17.875 1.9999999999999964 24.0 2.000000022557845 24.00000053140959 3.0406459207729985e-14
18.125 1.9999999999999996 24.0 2.0000000563592666 24.00000104535839 1.5081395283077498e-15
18.375 1.9999999999999996 24.0 2.0000000691374167 24.000001174454685 5.5213930824722155e-17
18.625 1.9999999999999996 24.0 2.0000000612761073 24.00000101741083 1.0909101867037715e-18
18.875 1.9999999999999996 24.0 2.0000000412763517 24.000000674452487 -2.789761923259548e-20
19.125 1.9999999999999996 24.0 2.000000019837334 24.000000323922258 -3.954656992153136e-21
19.375 1.9999999999999996 24.0 2.0000000061270993 24.00000010635584 -2.252142269674823e-22
19.625 1.9999999999999996 24.0 2.0000000005033747 24.000000011476615 -9.092577194644609e-24
19.875 1.9999999999999996 24.0 1.999999999275165 23.999999988621447 -2.8831502816409013e-25
20.125 1.9999999999999996 24.0 1.9999999997809765 23.999999996340364 -7.44089836681967e-27
20.375 1.9999999999999996 24.0 2.0000000004311937 24.000000007041596 -1.5853487713817023e-28
20.625 1.9999999999999996 24.0 2.00000000059637 24.00000000978843 -2.798298194819873e-30
20.875 1.9999999999999996 24.0 2.000000000377984 24.000000006209547 -4.0714940949284585e-32
21.125 1.9999999999999996 24.0 2.000000000098932 24.000000001626134 -4.802503147034089e-34
21.375 1.9999999999999996 24.0 1.9999999999474352 23.999999999136772 -4.404258009248603e-36
21.625 1.9999999999999996 24.0 1.9999999999265388 23.999999998793136 -2.7652750956800404e-38
21.875 1.9999999999999996 24.0 1.9999999999612497 23.999999999363347 -4.567817789604015e-41
22.125 1.9999999999999996 24.0 1.9999999999932179 23.999999999888573 1.5796414191572262e-42
22.375 1.9999999999999996 24.0 2.000000000005583 24.000000000091752 2.638888646042497e-44
22.625 1.9999999999999996 24.0 2.000000000005229 24.000000000085926 2.632942317395744e-46
22.875 1.9999999999999996 24.0 2.0000000000018794 24.000000000030898 1.976589158084722e-48
23.125 1.9999999999999996 24.0 1.9999999999999298 23.999999999998867 1.1883943908134718e-50
23.375 1.9999999999999996 24.0 1.9999999999995566 23.999999999992745 5.861267598663116e-53
23.625 1.9999999999999996 24.0 1.9999999999997728 23.999999999996295 2.3927033740792414e-55
23.875 1.9999999999999996 24.0 1.9999999999999667 23.999999999999478 8.083295968589929e-58
24.125 1.9999999999999996 24.0 2.0000000000000258 24.00000000000043 2.2389513277987053e-60
24.375 1.9999999999999996 24.0 2.000000000000017 24.000000000000284 4.960217038783217e-63
24.625 1.9999999999999996 24.0 2.0000000000000018 24.00000000000005 8.237583357394523e-66
24.875 1.9999999999999996 24.0 1.9999999999999973 23.999999999999964 8.023378137447364e-69
