0.125 1.9999999999999996 24.0 2.000000000000771 23.999999999999993 -8.023378137447364e-69
0.375 1.9999999999999996 24.0 2.0000000000007656 23.99999999999995 -8.237583357394523e-66
0.625 1.9999999999999996 24.0 2.0000000000007727 24.000000000000007 -4.960217038783217e-63
0.875 1.9999999999999996 24.0 2.0000000000008127 24.0000000000003 -2.2389513277987053e-60
1.125 1.9999999999999996 24.0 2.000000000000826 24.0000000000004 -8.083295968589929e-58
1.375 1.9999999999999996 24.0 2.0000000000007003 23.999999999999446 -2.3927033740792414e-55
1.625 1.9999999999999996 24.0 2.000000000000376 23.999999999996987 -5.861267598663116e-53
1.875 1.9999999999999996 24.0 1.9999999999999465 23.99999999999374 -1.1883943908134718e-50
2.125 1.9999999999999996 24.0 1.9999999999995772 23.999999999990976 -1.976589158084722e-48
2.375 1.9999999999999996 24.0 1.999999999999365 23.999999999989377 -2.632942317395744e-46
2.625 1.9999999999999996 24.0 1.9999999999992906 23.99999999998873 -2.638888646042497e-44
2.875 1.9999999999999996 24.0 1.9999999999992795 23.999999999988486 -1.5796414191572262e-42
3.125 1.9999999999999996 24.0 1.9999999999992903 23.999999999988482 4.567817789604015e-41
3.375 1.9999999999999996 24.0 1.9999999999993312 23.999999999989058 2.7652750956800404e-38
3.625 1.9999999999999996 24.0 1.9999999999994205 23.999999999990496 4.404258009248603e-36
3.875 1.9999999999999996 24.0 1.9999999999995812 23.999999999993136 4.802503147034089e-34
4.125 1.9999999999999996 24.0 1.9999999999996843 23.999999999994834 4.0714940949284585e-32
4.375 1.9999999999999996 24.0 2.0000000000000506 24.000000000000878 2.798298194819873e-30
4.625 1.9999999999999996 24.0 1.9999999999994014 23.999999999989903 1.5853487713817023e-28
4.875 1.9999999999999996 24.0 2.0000000000016396 24.00000000002889 7.44089836681967e-27
5.125 1.9999999999999996 24.0 1.9999999999962592 23.999999999926064 2.8831502816409013e-25
5.375 1.9999999999999996 24.0 2.000000000004635 24.00000000015026 9.092577194644609e-24
5.625 1.9999999999999996 24.0 2.0000000000159788 23.99999999986632 2.252142269674823e-22
5.875 1.9999999999999996 24.0 1.9999999998427949 23.999999999288427 3.954656992153136e-21
6.125 1.9999999999999996 24.0 2.000000000778723 24.000000005214456 2.789761923259548e-20
6.375 1.9999999999999996 24.0 1.9999999971930584 23.999999979025198 -1.0909101867037715e-18
6.625 1.9999999999999996 24.0 2.0000000073215363 24.000000058540998 -5.5213930824722155e-17
6.875 2.0000000000000018 24.0 1.9999999896393938 23.999999903232496 -1.5081395283077498e-15
7.125 2.0000000000000053 24.0 1.9999999876972467 23.999999965405777 -3.0406459207729985e-14
7.375 2.0000000000000773 24.0 2.000000087368345 24.0000005555291 -4.87731075149774e-13
7.625 2.0001000000010105 24.0 1.999999954458848 23.99999938600485 -6.400550420574792e-12
7.875 2.0001000000109626 24.0 1.9999996725719855 23.99999800863756 -6.946621751012237e-11
8.125 2.0001000000985023 24.0 2.0000000284360926 24.000000887829387 -6.243021272063907e-10
8.375 2.0001000007275307 24.0 2.000001610949898 24.000012606176345 -4.611047172371882e-09
8.625 2.0001000043231603 24.0 2.0000062348618597 24.000047373406318 -2.7399979986059073e-08
8.875 2.0001000195739977 24.0 2.0000182190561335 24.000137968286396 -1.240590773561188e-07
9.125 2.000100056052359 24.0 2.0000442130184797 24.000335174878195 -3.552572240524588e-07
9.375 2.00009997958007 24.0 2.0000898308897486 24.00068403016384 1.2942058380315937e-07
9.625 1.9999985469145345 24.0 2.0001377856840827 24.00107903064243 9.209599773068e-06
9.875 1.9999892252343539 24.0 2.0001541117662995 24.001267541726254 6.829060285179713e-05
10.125 1.999947183997248 24.0 2.0001219035866136 24.00131809798177 0.00033476072351890226
10.375 1.9998006062665017 24.0 1.9999781458008683 24.001326066546497 0.0012639670514472895
10.625 1.9993920651653252 24.0 1.999568774143994 24.001298249890603 0.003855097550723615
10.875 1.9984749189029762 24.0 1.998639088931483 24.001168740707765 0.009678706501005496
11.125 1.9968329575959611 24.0 1.996963089453598 24.00085500386414 0.02012788497491368
11.375 1.9945681741525068 24.0 1.9946380780595183 24.00030764593309 0.03458962805843038
11.625 1.9923960528264235 24.0 1.992399057783974 23.999637711646592 0.0485132950314933
11.875 1.9915722283871957 24.0 1.9915304873324953 23.99909859940704 0.053807929155783495
12.125 1.9932160170480222 24.0 1.9931505777985496 23.998837091133268 0.0432510018706274
12.375 1.9973738648186663 24.0 1.9972964705835414 23.998753938229655 0.01668234441309194
12.625 2.0026381671618303 24.0 2.0025586161167057 23.998739942100286 -0.01668234441309194
12.875 2.0068648622820344 24.0 2.006788197393085 23.998754012700154 -0.0432510018706274
13.125 2.0085529565497833 24.0 2.0084783995945608 23.998831959327674 -0.053807929155783495
13.375 2.007705706329197 24.0 2.0076385425093974 23.999004695442004 -0.0485132950314933
13.625 2.005483554071176 24.0 2.0054366221325832 23.99929111857703 -0.03458962805843038
13.875 2.00318455784232 24.0 2.0031603441647894 23.99961352568183 -0.02012788497491368
14.125 2.0015291310969436 24.0 2.001516419998466 23.999809459951315 -0.009678706501005496
14.375 2.0006085773596554 24.0 2.0006021782305767 23.99991938117256 -0.003855097550723615
14.625 2.0001994628036814 24.0 2.000198088711551 23.999987168914778 -0.0012639670514472895
14.875 2.000052820847689 24.0 2.0000544597982466 24.000022407200262 -0.00033476072351890226
15.125 2.000010774967268 24.0 2.0000134656617723 24.000034033489264 -6.829060285179713e-05
15.375 2.0000014530891326 24.0 2.000004153678776 24.00003420938534 -9.209599773068e-06
15.625 2.000000020419934 24.0 2.000002306612931 24.000031383153978 -1.2942058380315937e-07
15.875 1.999999943947647 24.0 2.000001849992706 24.00002805095496 3.552572240524588e-07
16.125 1.9999999804260038 24.0 2.0000016223932287 24.000024577672157 1.240590773561188e-07
16.375 1.9999999956768408 24.0 2.0000013342009813 24.000019959307338 2.7399979986059073e-08
16.625 1.9999999992724706 24.0 2.000000847364282 24.000012775867642 4.611047172371882e-09
16.875 1.9999999999014986 24.0 2.0000002382968685 24.000003836738994 6.243021272063907e-10
17.125 1.999999999989039 24.0 1.9999998835859722 23.999999166274208 6.946621751012237e-11
17.375 1.9999999999989901 24.0 1.999999806041151 23.99999766372897 6.400550420574792e-12
17.625 1.9999999999999238 24.0 1.9999998089866575 23.999997075550045 4.87731075149774e-13
17.875 1.9999999999999964 24.0 1.999999812043822 23.99999686917806 3.0406459207729985e-14
18.125 1.9999999999999996 24.0 1.9999998223986943 23.99999697155104 1.5081395283077498e-15
18.375 1.9999999999999996 24.0 1.9999998474865053 23.99999738723583 5.5213930824722155e-17
18.625 1.9999999999999996 24.0 1.9999998894518474 23.999998129963522 1.0909101867037715e-18
18.875 1.9999999999999996 24.0 1.9999999376085322 23.999998959282774 -2.789761923259548e-20
19.125 1.9999999999999996 24.0 1.9999999720928234 23.99999950744235 -3.954656992153136e-21
19.375 1.9999999999999996 24.0 1.999999989980091 23.99999981666231 -2.252142269674823e-22
19.625 1.9999999999999996 24.0 1.999999998907933 23.999999976381684 -9.092577194644609e-24
19.875 1.9999999999999996 24.0 2.00000000218967 24.00000003515676 -2.8831502816409013e-25
20.125 1.9999999999999996 24.0 2.0000000022003097 24.000000036286234 -7.44089836681967e-27
20.375 1.9999999999999996 24.0 2.000000001088465 24.000000017947038 -1.5853487713817023e-28
20.625 1.9999999999999996 24.0 2.0000000001753584 24.000000002883276 -2.798298194819873e-30
20.875 1.9999999999999996 24.0 1.9999999998177584 23.999999997003876 -4.0714940949284585e-32
21.125 1.9999999999999996 24.0 1.9999999998239542 23.99999999710733 -4.802503147034089e-34
21.375 1.9999999999999996 24.0 1.999999999928376 23.999999998823277 -4.404258009248603e-36
21.625 1.9999999999999996 24.0 1.9999999999973908 23.999999999957165 -2.7652750956800404e-38
21.875 1.9999999999999996 24.0 2.0000000000156035 24.000000000256403 -4.567817789604015e-41
22.125 1.9999999999999996 24.0 2.0000000000100755 24.000000000165578 1.5796414191572262e-42
22.375 1.9999999999999996 24.0 2.0000000000024283 24.00000000003992 2.638888646042497e-44
22.625 1.9999999999999996 24.0 1.9999999999992115 23.999999999987065 2.632942317395744e-46
22.875 1.9999999999999996 24.0 1.9999999999990654 23.999999999984666 1.976589158084722e-48
23.125 1.9999999999999996 24.0 1.9999999999996623 23.999999999994472 1.1883943908134718e-50
23.375 1.9999999999999996 24.0 2.000000000000006 24.00000000000012 5.861267598663116e-53
23.625 1.9999999999999996 24.0 2.0000000000000635 24.000000000001062 2.3927033740792414e-55
23.875 1.9999999999999996 24.0 2.000000000000027 24.000000000000462 8.083295968589929e-58
24.125 1.9999999999999996 24.0 1.9999999999999991 24.00000000000001 2.2389513277987053e-60
24.375 1.9999999999999996 24.0 1.9999999999999938 23.999999999999915 4.960217038783217e-63
24.625 1.9999999999999996 24.0 1.9999999999999964 23.999999999999954 8.237583357394523e-66
24.875 1.9999999999999996 24.0 1.9999999999999987 23.999999999999993 8.023378137447364e-69
