0.125 1.9999999999999996 24.0 2.00000000000077 23.999999999999993 -8.023378137447364e-69
0.375 1.9999999999999996 24.0 2.00000000000077 23.999999999999993 -8.237583357394523e-66
0.625 1.9999999999999996 24.0 2.00000000000077 23.999999999999993 -4.960217038783217e-63
0.875 1.9999999999999996 24.0 2.000000000000771 23.999999999999993 -2.2389513277987053e-60
1.125 1.9999999999999996 24.0 2.000000000000771 23.999999999999993 -8.083295968589929e-58
1.375 1.9999999999999996 24.0 2.000000000000772 23.999999999999993 -2.3927033740792414e-55
1.625 1.9999999999999996 24.0 2.0000000000007687 23.999999999999968 -5.861267598663116e-53
1.875 1.9999999999999996 24.0 2.0000000000007594 23.999999999999893 -1.1883943908134718e-50
2.125 1.9999999999999996 24.0 2.000000000000757 23.99999999999988 -1.976589158084722e-48
2.375 1.9999999999999996 24.0 2.0000000000007807 24.00000000000006 -2.632942317395744e-46
2.625 1.9999999999999996 24.0 2.000000000000826 24.000000000000405 -2.638888646042497e-44
2.875 1.9999999999999996 24.0 2.0000000000008376 24.000000000000483 -1.5796414191572262e-42
3.125 1.9999999999999996 24.0 2.000000000000746 23.999999999999783 4.567817789604015e-41
3.375 1.9999999999999996 24.0 2.0000000000004983 23.999999999997925 2.7652750956800404e-38
3.625 1.9999999999999996 24.0 2.000000000000191 23.999999999995588 4.404258009248603e-36
3.875 1.9999999999999996 24.0 1.9999999999997145 23.999999999992028 4.802503147034089e-34
4.125 1.9999999999999996 24.0 1.9999999999997333 23.999999999992095 4.0714940949284585e-32
4.375 1.9999999999999996 24.0 1.9999999999988844 23.999999999985747 2.798298194819873e-30
4.625 1.9999999999999996 24.0 1.999999999999963 23.999999999993975 1.5853487713817023e-28
4.875 1.9999999999999996 24.0 1.9999999999991778 23.999999999987274 7.44089836681967e-27
5.125 1.9999999999999996 24.0 1.9999999999963638 23.999999999968537 2.8831502816409013e-25
5.375 1.9999999999999996 24.0 2.000000000009048 24.00000000005867 9.092577194644609e-24
5.625 1.9999999999999996 24.0 1.999999999985966 23.99999999989273 2.252142269674823e-22
5.875 1.9999999999999996 24.0 1.9999999999864255 23.999999999894758 3.954656992153136e-21
6.125 1.9999999999999996 24.0 2.000000000097539 24.00000000069263 2.789761923259548e-20
6.375 1.9999999999999996 24.0 1.9999999998506315 23.99999999899955 -1.0909101867037715e-18
6.625 1.9999999999999996 24.0 1.9999999997759295 23.999999997995953 -5.5213930824722155e-17
6.875 2.0000000000000018 24.0 2.000000001227787 24.000000009684626 -1.5081395283077498e-15
7.125 2.0000000000000053 24.0 1.9999999991234216 23.999999993539802 -3.0406459207729985e-14
7.375 2.0000000000000773 24.0 1.9999999946784213 23.99999995676322 -4.87731075149774e-13
7.625 2.0001000000010105 24.0 2.000000011617691 24.000000099149965 -6.400550420574792e-12
7.875 2.0001000000109626 24.0 2.0000000142818712 24.000000086590166 -6.946621751012237e-11
8.125 2.0001000000985023 24.0 1.9999999393826258 23.999999530428447 -6.243021272063907e-10
8.375 2.0001000007275307 24.0 1.9999999498717247 23.999999759971768 -4.611047172371882e-09
8.625 2.0001000043231603 24.0 2.0000001733453896 24.000001344972056 -2.7399979986059073e-08
8.875 2.0001000195739977 24.0 2.000000262279605 24.00000142555942 -1.240590773561188e-07
9.125 2.000100056052359 24.0 1.9999999087556728 23.99999810303263 -3.552572240524588e-07
9.375 2.00009997958007 24.0 1.9999992618461673 23.99999610309282 1.2942058380315937e-07
9.625 1.9999985469145345 24.0 1.9999971375510577 23.999998092863386 9.209599773068e-06
9.875 1.9999892252343539 24.0 1.9999848904084305 24.00000584368526 6.829060285179713e-05
10.125 1.999947183997248 24.0 1.9999325216072403 24.00002365371627 0.00033476072351890226
10.375 1.9998006062665017 24.0 1.9997607475172157 24.000061588263392 0.0012639670514472895
10.625 1.9993920651653252 24.0 1.9993122217409298 24.000139586876095 0.003855097550723615
10.875 1.9984749189029762 24.0 1.998368428037439 24.000293520378513 0.009678706501005496
11.125 1.9968329575959611 24.0 1.9967641517560812 24.000574381338023 0.02012788497491368
11.375 1.9945681741525068 24.0 1.9946999356508632 24.000906287394503 0.03458962805843038
11.625 1.9923960528264235 24.0 1.9916515227254892 24.001103274470594 0.0485132950314933
11.875 1.9915722283871957 24.0 1.991944599050401 24.001164388395406 0.053807929155783495
12.125 1.9932160170480222 24.0 1.9939747042149036 24.00117057356789 0.0432510018706274
12.375 1.9973738648186663 24.0 1.9979708236930576 24.00115383160299 0.01668234441309194
12.625 2.0026381671618303 24.0 2.0026729719278196 24.00107185919745 -0.01668234441309194
12.875 2.0068648622820344 24.0 2.008161871554951 24.00092776263357 -0.0432510018706274
13.125 2.0085529565497833 24.0 2.0084544595246765 24.000876566837885 -0.053807929155783495
13.375 2.007705706329197 24.0 2.0074092515966315 24.000879782446003 -0.0485132950314933
13.625 2.005483554071176 24.0 2.0054466267516533 24.000698669290983 -0.03458962805843038
13.875 2.00318455784232 24.0 2.0030904629200195 24.00206824262996 -0.02012788497491368
14.125 2.0015291310969436 24.0 2.0018195023895213 24.003461601690688 -0.009678706501005496
14.375 2.0006085773596554 24.0 2.000593813371401 23.998341267820315 -0.003855097550723615
14.625 2.0001994628036814 24.0 2.0000756151289796 23.999047575894863 -0.0012639670514472895
14.875 2.000052820847689 24.0 2.0003271430034966 24.003601226555013 -0.00033476072351890226
15.125 2.000010774967268 24.0 2.000314780097219 24.003199834557805 -6.829060285179713e-05
15.375 2.0000014530891326 24.0 2.000125598932492 24.000807624775113 -9.209599773068e-06
15.625 2.000000020419934 24.0 1.9999399412814003 23.998856741838537 -1.2942058380315937e-07
15.875 1.999999943947647 24.0 1.9998390873603862 23.998121671315396 3.552572240524588e-07
16.125 1.9999999804260038 24.0 1.9997378185527623 23.997488974051382 1.240590773561188e-07
16.375 1.9999999956768408 24.0 1.9996629468181695 23.99696379310036 2.7399979986059073e-08
16.625 1.9999999992724706 24.0 1.9996434997935304 23.996541955435557 4.611047172371882e-09
16.875 1.9999999999014986 24.0 1.9996685430256278 23.99622152788705 6.243021272063907e-10
17.125 1.999999999989039 24.0 1.9997251982819044 23.996616475619817 6.946621751012237e-11
17.375 1.9999999999989901 24.0 1.999861994005406 23.997613923365176 6.400550420574792e-12
17.625 1.9999999999999238 24.0 1.9999945631433458 23.998855049315438 4.87731075149774e-13
17.875 1.9999999999999964 24.0 2.0000521690505773 23.99958852810366 3.0406459207729985e-14
18.125 1.9999999999999996 24.0 2.0000581985694983 23.999724709989714 1.5081395283077498e-15
18.375 1.9999999999999996 24.0 2.0000410913731455 23.9995794879283 5.5213930824722155e-17
18.625 1.9999999999999996 24.0 1.999990004570918 23.999145287016383 1.0909101867037715e-18
18.875 1.9999999999999996 24.0 1.9999515680690585 23.998879919141373 -2.789761923259548e-20
19.125 1.9999999999999996 24.0 1.9999370035150226 23.998812657929356 -3.954656992153136e-21
19.375 1.9999999999999996 24.0 1.9999302784107305 23.99883968121631 -2.252142269674823e-22
19.625 1.9999999999999996 24.0 1.9999426762283048 23.999146413446837 -9.092577194644609e-24
19.875 1.9999999999999996 24.0 1.9999905587855182 23.99993117607277 -2.8831502816409013e-25
20.125 1.9999999999999996 24.0 2.0000694048057044 24.001172143211235 -7.44089836681967e-27
20.375 1.9999999999999996 24.0 2.0001145547038464 24.001893972067037 -1.5853487713817023e-28
20.625 1.9999999999999996 24.0 2.000124430466858 24.00204943505335 -2.798298194819873e-30
20.875 1.9999999999999996 24.0 2.0001214834837597 24.001998400423428 -4.0714940949284585e-32
21.125 1.9999999999999996 24.0 2.000106946845653 24.001755600727357 -4.802503147034089e-34
21.375 1.9999999999999996 24.0 2.000071374875698 24.00117134097725 -4.404258009248603e-36
21.625 1.9999999999999996 24.0 2.000015707796189 24.00025777668145 -2.7652750956800404e-38
21.875 1.9999999999999996 24.0 1.9999768434339393 23.99961916699542 -4.567817789604015e-41
22.125 1.9999999999999996 24.0 1.999961055821466 23.999359902588623 1.5796414191572262e-42
22.375 1.9999999999999996 24.0 1.9999575328245844 23.999302396651647 2.638888646042497e-44
22.625 1.9999999999999996 24.0 1.9999583396598322 23.999315680752986 2.632942317395744e-46
22.875 1.9999999999999996 24.0 1.999961760329084 23.9993714763065 1.976589158084722e-48
23.125 1.9999999999999996 24.0 1.9999700299549312 23.999507445771847 1.1883943908134718e-50
23.375 1.9999999999999996 24.0 1.9999821794835846 23.99970720367523 5.861267598663116e-53
23.625 1.9999999999999996 24.0 1.9999908273842548 23.99984926451038 2.3927033740792414e-55
23.875 1.9999999999999996 24.0 1.9999954101775923 23.99992455288368 8.083295968589929e-58
24.125 1.9999999999999996 24.0 1.9999977255608472 23.99996238157904 2.2389513277987053e-60
24.375 1.9999999999999996 24.0 1.9999989040315755 23.999982003494818 4.960217038783217e-63
24.625 1.9999999999999996 24.0 1.999999463851351 23.999990112792865 8.237583357394523e-66
24.875 1.9999999999999996 24.0 1.99999971917982 23.99999564910704 8.023378137447364e-69

