0.125 1.9999999999999996 24.0 2.000000000000771 23.999999999999993 -8.023378137447364e-69
0.375 1.9999999999999996 24.0 2.0000000000007656 23.99999999999995 -8.237583357394523e-66
0.625 1.9999999999999996 24.0 2.0000000000007727 24.000000000000007 -4.960217038783217e-63
0.875 1.9999999999999996 24.0 2.0000000000008127 24.0000000000003 -2.2389513277987053e-60
1.125 1.9999999999999996 24.0 2.000000000000826 24.0000000000004 -8.083295968589929e-58
1.375 1.9999999999999996 24.0 2.0000000000007003 23.999999999999446 -2.3927033740792414e-55
1.625 1.9999999999999996 24.0 2.000000000000376 23.999999999996987 -5.861267598663116e-53
1.875 1.9999999999999996 24.0 1.9999999999999465 23.99999999999374 -1.1883943908134718e-50
2.125 1.9999999999999996 24.0 1.9999999999995772 23.999999999990976 -1.976589158084722e-48
2.375 1.9999999999999996 24.0 1.999999999999365 23.999999999989377 -2.632942317395744e-46
2.625 1.9999999999999996 24.0 1.9999999999992906 23.99999999998873 -2.638888646042497e-44
2.875 1.9999999999999996 24.0 1.9999999999992795 23.999999999988486 -1.5796414191572262e-42
3.125 1.9999999999999996 24.0 1.9999999999992903 23.999999999988482 4.567817789604015e-41
3.375 1.9999999999999996 24.0 1.9999999999993312 23.999999999989058 2.7652750956800404e-38
3.625 1.9999999999999996 24.0 1.9999999999994205 23.999999999990496 4.404258009248603e-36
3.875 1.9999999999999996 24.0 1.9999999999995812 23.999999999993136 4.802503147034089e-34
4.125 1.9999999999999996 24.0 1.9999999999996843 23.999999999994827 4.0714940949284585e-32
4.375 1.9999999999999996 24.0 2.0000000000000493 24.00000000000087 2.798298194819873e-30
4.625 1.9999999999999996 24.0 1.9999999999994023 23.999999999989917 1.5853487713817023e-28
4.875 1.9999999999999996 24.0 2.0000000000016414 24.000000000028898 7.44089836681967e-27
5.125 1.9999999999999996 24.0 1.9999999999962608 23.999999999926068 2.8831502816409013e-25
5.375 1.9999999999999996 24.0 2.0000000000046345 24.000000000150244 9.092577194644609e-24
5.625 1.9999999999999996 24.0 2.0000000000159766 23.999999999866304 2.252142269674823e-22
5.875 1.9999999999999996 24.0 1.999999999842794 23.999999999288423 3.954656992153136e-21
6.125 1.9999999999999996 24.0 2.000000000778722 24.000000005214446 2.789761923259548e-20
6.375 1.9999999999999996 24.0 1.9999999971930553 23.99999997902517 -1.0909101867037715e-18
6.625 1.9999999999999996 24.0 2.0000000073215345 24.00000005854099 -5.5213930824722155e-17
6.875 2.0000000000000018 24.0 1.999999989639396 23.99999990323253 -1.5081395283077498e-15
7.125 2.0000000000000053 24.0 1.9999999876972498 23.99999996540582 -3.0406459207729985e-14
7.375 2.0000000000000773 24.0 2.0000000873683446 24.000000555529102 -4.87731075149774e-13
7.625 2.0001000000010105 24.0 1.9999999544588452 23.99999938600483 -6.400550420574792e-12
7.875 2.0001000000109626 24.0 1.9999996725719853 23.999998008637533 -6.946621751012237e-11
8.125 2.0001000000985023 24.0 2.0000000284361 24.000000887829493 -6.243021272063907e-10
8.375 2.0001000007275307 24.0 2.0000016109499175 24.000012606176483 -4.611047172371882e-09
8.625 2.0001000043231603 24.0 2.000006234861885 24.000047373406446 -2.7399979986059073e-08
8.875 2.0001000195739977 24.0 2.00001821905607 24.000137968285824 -1.240590773561188e-07
9.125 2.000100056052359 24.0 2.0000442130177594 24.000335174871548 -3.552572240524588e-07
9.375 2.00009997958007 24.0 2.0000898308841215 24.00068403011995 1.2942058380315937e-07
9.625 1.9999985469145345 24.0 2.000137785689309 24.001079030654537 9.209599773068e-06
9.875 1.9999892252343539 24.0 2.00015411176717 24.001267541715904 6.829060285179713e-05
10.125 1.999947183997248 24.0 2.0001219036345277 24.001318097900594 0.00033476072351890226
10.375 1.9998006062665017 24.0 1.99997814710492 24.00132606628471 0.0012639670514472895
10.625 1.9993920651653252 24.0 1.99956878896296 24.001298250285004 0.003855097550723615
10.875 1.9984749189029762 24.0 1.9986391772894994 24.00116873884069 0.009678706501005496
11.125 1.9968329575959611 24.0 1.9969633737108263 24.00085494780879 0.02012788497491368
11.375 1.9945681741525068 24.0 1.9946385034868475 24.00030743782367 0.03458962805843038
11.625 1.9923960528264235 24.0 1.9923993007175107 23.99963820697953 0.0485132950314933
11.875 1.9915722283871957 24.0 1.9915310650754803 23.999099030158984 0.053807929155783495
12.125 1.9932160170480222 24.0 1.993154248474212 23.99883644598231 0.0432510018706274
12.375 1.9973738648186663 24.0 1.9973033521230659 23.99875277545302 0.01668234441309194
12.625 2.0026381671618303 24.0 2.0025630869614988 23.998738871333018 -0.01668234441309194
12.875 2.0068648622820344 24.0 2.0067903749827325 23.998753610155436 -0.0432510018706274
13.125 2.0085529565497833 24.0 2.008485750630926 23.998831823780982 -0.053807929155783495
13.375 2.007705706329197 24.0 2.007648683032043 23.998997799989326 -0.0485132950314933
13.625 2.005483554071176 24.0 2.005440897350578 23.999266917589633 -0.03458962805843038
13.875 2.00318455784232 24.0 2.003159351312231 23.999568951836658 -0.02012788497491368
14.125 2.0015291310969436 24.0 2.0015157104387518 23.999763374265058 -0.009678706501005496
14.375 2.0006085773596554 24.0 2.000600696690195 23.999862288285232 -0.003855097550723615
14.625 2.0001994628036814 24.0 2.0001935192784908 23.999906110871475 -0.0012639670514472895
14.875 2.000052820847689 24.0 2.0000474811320967 23.999924741048908 -0.00033476072351890226
15.125 2.000010774967268 24.0 2.000005906372259 23.99993622816939 -6.829060285179713e-05
15.375 2.0000014530891326 24.0 1.999997368146508 23.999947985955732 -9.209599773068e-06
15.625 2.000000020419934 24.0 1.9999969761305725 23.999960096225852 -1.2942058380315937e-07
15.875 1.999999943947647 24.0 1.9999978029909222 23.999970594965497 3.552572240524588e-07
16.125 1.9999999804260038 24.0 1.9999985591261114 23.999980172171018 1.240590773561188e-07
16.375 1.9999999956768408 24.0 1.9999992603781176 23.99999038251628 2.7399979986059073e-08
16.625 1.9999999992724706 24.0 1.9999999196133642 23.999999921425363 4.611047172371882e-09
16.875 1.9999999999014986 24.0 2.0000003290577517 24.000005179153597 6.243021272063907e-10
17.125 1.999999999989039 24.0 2.0000004678620624 24.00000695348074 6.946621751012237e-11
17.375 1.9999999999989901 24.0 2.000000462974567 24.000007240150218 6.400550420574792e-12
17.625 1.9999999999999238 24.0 2.0000004273492564 24.000007058882325 4.87731075149774e-13
17.875 1.9999999999999964 24.0 2.0000003853675272 24.000006566264084 3.0406459207729985e-14
18.125 1.9999999999999996 24.0 2.0000003268603543 24.00000563283737 1.5081395283077498e-15
18.375 1.9999999999999996 24.0 2.0000002422660756 24.000004131573533 5.5213930824722155e-17
18.625 1.9999999999999996 24.0 2.0000001467267907 24.000002464572823 1.0909101867037715e-18
18.875 1.9999999999999996 24.0 2.0000000783715497 24.00000138183105 -2.789761923259548e-20
19.125 1.9999999999999996 24.0 2.0000000409299052 24.000000727551072 -3.954656992153136e-21
19.375 1.9999999999999996 24.0 2.000000018490702 24.00000032858723 -2.252142269674823e-22
19.625 1.9999999999999996 24.0 2.000000005912243 24.000000106137175 -9.092577194644609e-24
19.875 1.9999999999999996 24.0 2.0000000001094045 24.000000003768236 -2.8831502816409013e-25
20.125 1.9999999999999996 24.0 1.999999998447343 23.999999974521874 -7.44089836681967e-27
20.375 1.9999999999999996 24.0 1.9999999987370582 23.999999979160247 -1.5853487713817023e-28
20.625 1.9999999999999996 24.0 1.9999999994572732 23.999999991073594 -2.798298194819873e-30
20.875 1.9999999999999996 24.0 1.9999999999263527 23.99999999879369 -4.0714940949284585e-32
21.125 1.9999999999999996 24.0 2.0000000000781206 24.000000001284242 -4.802503147034089e-34
21.375 1.9999999999999996 24.0 2.000000000067614 24.00000000111077 -4.404258009248603e-36
21.625 1.9999999999999996 24.0 2.0000000000252802 24.000000000415334 -2.7652750956800404e-38
21.875 1.9999999999999996 24.0 2.0000000000009606 24.000000000015817 -4.567817789604015e-41
22.125 1.9999999999999996 24.0 1.9999999999953868 23.999999999924256 1.5796414191572262e-42
22.375 1.9999999999999996 24.0 1.9999999999972211 23.999999999954376 2.638888646042497e-44
22.625 1.9999999999999996 24.0 1.999999999999378 23.999999999989797 2.632942317395744e-46
22.875 1.9999999999999996 24.0 2.0000000000001887 24.000000000003116 1.976589158084722e-48
23.125 1.9999999999999996 24.0 2.0000000000002065 24.0000000000034 1.1883943908134718e-50
23.375 1.9999999999999996 24.0 2.000000000000066 24.000000000001098 5.861267598663116e-53
23.625 1.9999999999999996 24.0 1.9999999999999938 23.999999999999922 2.3927033740792414e-55
23.875 1.9999999999999996 24.0 1.999999999999985 23.999999999999776 8.083295968589929e-58
24.125 1.9999999999999996 24.0 1.9999999999999931 23.999999999999904 2.2389513277987053e-60
24.375 1.9999999999999996 24.0 1.9999999999999987 23.999999999999986 4.960217038783217e-63
24.625 1.9999999999999996 24.0 1.9999999999999996 24.0 8.237583357394523e-66
24.875 1.9999999999999996 24.0 1.9999999999999996 24.0 8.023378137447364e-69
