0.125 1.9999999999999996 24.0 2.00000000000077 23.999999999999986 -8.023378137447364e-69
0.375 1.9999999999999996 24.0 2.0000000000007647 23.99999999999995 -8.237583357394523e-66
0.625 1.9999999999999996 24.0 2.0000000000007736 24.000000000000007 -4.960217038783217e-63
0.875 1.9999999999999996 24.0 2.000000000000811 24.00000000000029 -2.2389513277987053e-60
1.125 1.9999999999999996 24.0 2.000000000000826 24.000000000000405 -8.083295968589929e-58
1.375 1.9999999999999996 24.0 2.0000000000007003 23.999999999999446 -2.3927033740792414e-55
1.625 1.9999999999999996 24.0 2.0000000000003757 23.999999999996987 -5.861267598663116e-53
1.875 1.9999999999999996 24.0 1.9999999999999463 23.999999999993747 -1.1883943908134718e-50
2.125 1.9999999999999996 24.0 1.9999999999995768 23.99999999999098 -1.976589158084722e-48
2.375 1.9999999999999996 24.0 1.9999999999993643 23.999999999989384 -2.632942317395744e-46
2.625 1.9999999999999996 24.0 1.9999999999992903 23.99999999998875 -2.638888646042497e-44
2.875 1.9999999999999996 24.0 1.9999999999992808 23.999999999988503 -1.5796414191572262e-42
3.125 1.9999999999999996 24.0 1.9999999999992912 23.999999999988496 4.567817789604015e-41
3.375 1.9999999999999996 24.0 1.999999999999333 23.99999999998908 2.7652750956800404e-38
3.625 1.9999999999999996 24.0 1.9999999999994216 23.999999999990507 4.404258009248603e-36
3.875 1.9999999999999996 24.0 1.9999999999995806 23.999999999993122 4.802503147034089e-34
4.125 1.9999999999999996 24.0 1.999999999999683 23.999999999994813 4.0714940949284585e-32
4.375 1.9999999999999996 24.0 2.0000000000000484 24.00000000000087 2.798298194819873e-30
4.625 1.9999999999999996 24.0 1.9999999999994007 23.999999999989907 1.5853487713817023e-28
4.875 1.9999999999999996 24.0 2.0000000000016387 24.000000000028876 7.44089836681967e-27
5.125 1.9999999999999996 24.0 1.9999999999962597 23.99999999992607 2.8831502816409013e-25
5.375 1.9999999999999996 24.0 2.0000000000046323 24.00000000015024 9.092577194644609e-24
5.625 1.9999999999999996 24.0 2.000000000015987 23.9999999998664 2.252142269674823e-22
5.875 1.9999999999999996 24.0 1.9999999998427824 23.99999999928835 3.954656992153136e-21
6.125 1.9999999999999996 24.0 2.00000000077873 24.00000000521451 2.789761923259548e-20
6.375 1.9999999999999996 24.0 1.9999999971930813 23.999999979025397 -1.0909101867037715e-18
6.625 1.9999999999999996 24.0 2.0000000073214625 24.00000005854037 -5.5213930824722155e-17
6.875 2.0000000000000018 24.0 1.999999989639357 23.999999903232474 -1.5081395283077498e-15
7.125 2.0000000000000053 24.0 1.9999999876976604 23.99999996540892 -3.0406459207729985e-14
7.375 2.0000000000000773 24.0 2.000000087368035 24.000000555525588 -4.87731075149774e-13
7.625 2.0001000000010105 24.0 1.9999999544598466 23.999999386022914 -6.400550420574792e-12
7.875 2.0001000000109626 24.0 1.9999996725817115 23.999998008610557 -6.946621751012237e-11
8.125 2.0001000000985023 24.0 2.0000000284984347 24.00000088778416 -6.243021272063907e-10
8.375 2.0001000007275307 24.0 2.0000016113226753 24.000012605905667 -4.611047172371882e-09
8.625 2.0001000043231603 24.0 2.0000062363559703 24.00004737197794 -2.7399979986059073e-08
8.875 2.0001000195739977 24.0 2.000018216081359 24.00013795215915 -1.240590773561188e-07
9.125 2.000100056052359 24.0 2.00004424930678 24.000335895290842 -3.552572240524588e-07
9.375 2.00009997958007 24.0 2.0000941965976105 24.000713733393468 1.2942058380315937e-07
9.625 1.9999985469145345 24.0 2.0001307595778934 24.00100654770098 9.209599773068e-06
9.875 1.9999892252343539 24.0 2.000148368363849 24.00123867399658 6.829060285179713e-05
10.125 1.999947183997248 24.0 2.0001137704878054 24.001384494245205 0.00033476072351890226
10.375 1.9998006062665017 24.0 1.9999405234581833 24.001414620103002 0.0012639670514472895
10.625 1.9993920651653252 24.0 1.9994755338015624 24.001346603692667 0.003855097550723615
10.875 1.9984749189029762 24.0 1.9984773165541356 24.00104961649032 0.009678706501005496
11.125 1.9968329575959611 24.0 1.996778037497971 24.00056984468893 0.02012788497491368
11.375 1.9945681741525068 24.0 1.994622997264373 24.00018255934217 0.03458962805843038
11.625 1.9923960528264235 24.0 1.9915534403086101 24.00001262700803 0.0485132950314933
11.875 1.9915722283871957 24.0 1.9918378842122144 23.999907080453486 0.053807929155783495
12.125 1.9932160170480222 24.0 1.993878866453103 23.999870086667965 0.0432510018706274
12.375 1.9973738648186663 24.0 1.9979044702225512 23.999836628333345 0.01668234441309194
12.625 2.0026381671618303 24.0 2.0027704364086816 24.00082536772334 -0.01668234441309194
12.875 2.0068648622820344 24.0 2.0082428076787435 24.001510567692414 -0.0432510018706274
13.125 2.0085529565497833 24.0 2.0084457190685177 23.998853171992707 -0.053807929155783495
13.375 2.007705706329197 24.0 2.00738435022859 23.998749601964278 -0.0485132950314933
13.625 2.005483554071176 24.0 2.00527345806154 23.997516990651267 -0.03458962805843038
13.875 2.00318455784232 24.0 2.0026529157109505 23.998349217820767 -0.02012788497491368
14.125 2.0015291310969436 24.0 2.0012660344622533 24.000178095897567 -0.009678706501005496
14.375 2.0006085773596554 24.0 2.000079275801796 23.994880804855715 -0.003855097550723615
14.625 2.0001994628036814 24.0 1.9995620791906157 23.994224189115155 -0.0012639670514472895
14.875 2.000052820847689 24.0 1.999693113405623 23.997446178028117 -0.00033476072351890226
15.125 2.000010774967268 24.0 1.9997953021915507 23.997553988177074 -6.829060285179713e-05
15.375 2.0000014530891326 24.0 1.999837710348014 23.997582741204806 -9.209599773068e-06
15.625 2.000000020419934 24.0 1.9999642999174057 23.99858341347983 -1.2942058380315937e-07
15.875 1.999999943947647 24.0 2.0001899225260376 24.001105613453966 3.552572240524588e-07
16.125 1.9999999804260038 24.0 2.000356970546591 24.004107208348024 1.240590773561188e-07
16.375 1.9999999956768408 24.0 2.000367276122512 24.004912643863108 2.7399979986059073e-08
16.625 1.9999999992724706 24.0 2.0003151827252816 24.00449669036697 4.611047172371882e-09
16.875 1.9999999999014986 24.0 2.0002263254699124 24.003573412573374 6.243021272063907e-10
17.125 1.999999999989039 24.0 2.000108961139631 24.00181371715619 6.946621751012237e-11
17.375 1.9999999999989901 24.0 1.9999984092024559 23.99996665137328 6.400550420574792e-12
17.625 1.9999999999999238 24.0 1.9999470707135916 23.99913365568262 4.87731075149774e-13
17.875 1.9999999999999964 24.0 1.9999316480163878 23.99888455585454 3.0406459207729985e-14
18.125 1.9999999999999996 24.0 1.9999310492949751 23.99887394966889 1.5081395283077498e-15
18.375 1.9999999999999996 24.0 1.9999357591429936 23.998948808228675 5.5213930824722155e-17
18.625 1.9999999999999996 24.0 1.9999491064659776 23.999164707375297 1.0909101867037715e-18
18.875 1.9999999999999996 24.0 1.9999697108970962 23.99950215462397 -2.789761923259548e-20
19.125 1.9999999999999996 24.0 1.999985197459338 23.999756825899567 -3.954656992153136e-21
19.375 1.9999999999999996 24.0 1.9999930557433532 23.999885909433427 -2.252142269674823e-22
19.625 1.9999999999999996 24.0 1.9999968746814205 23.999948597534054 -9.092577194644609e-24
19.875 1.9999999999999996 24.0 1.9999986436253825 23.99997755247112 -2.8831502816409013e-25
20.125 1.9999999999999996 24.0 1.9999994236729188 23.99999015604297 -7.44089836681967e-27
20.375 1.9999999999999996 24.0 1.9999997559880247 23.999995449348745 -1.5853487713817023e-28
20.625 1.9999999999999996 24.0 1.9999998896531597 23.999997814637002 -2.798298194819873e-30
20.875 1.9999999999999996 24.0 1.9999999493989948 23.999998992261386 -4.0714940949284585e-32
21.125 1.9999999999999996 24.0 1.9999999798385977 23.99999959450199 -4.802503147034089e-34
21.375 1.9999999999999996 24.0 1.9999999946307947 23.99999988803944 -4.404258009248603e-36
21.625 1.9999999999999996 24.0 2.0000000005337704 24.000000004753332 -2.7652750956800404e-38
21.875 1.9999999999999996 24.0 2.000000001609231 24.000000026676624 -4.567817789604015e-41
22.125 1.9999999999999996 24.0 2.0000000008849117 24.000000014723785 1.5796414191572262e-42
22.375 1.9999999999999996 24.0 2.000000000164154 24.000000002698208 2.638888646042497e-44
22.625 1.9999999999999996 24.0 1.9999999999109341 23.999999998529006 2.632942317395744e-46
22.875 1.9999999999999996 24.0 1.9999999999232234 23.999999998738176 1.976589158084722e-48
23.125 1.9999999999999996 24.0 1.9999999999785063 23.999999999647194 1.1883943908134718e-50
23.375 1.9999999999999996 24.0 2.0000000000033706 24.000000000055422 5.861267598663116e-53
23.625 1.9999999999999996 24.0 2.000000000005249 24.000000000086242 2.3927033740792414e-55
23.875 1.9999999999999996 24.0 2.0000000000017844 24.00000000002933 8.083295968589929e-58
24.125 1.9999999999999996 24.0 1.99999999999992 23.999999999998703 2.2389513277987053e-60
24.375 1.9999999999999996 24.0 1.9999999999996825 23.9999999999948 4.960217038783217e-63
24.625 1.9999999999999996 24.0 1.9999999999998814 23.999999999998067 8.237583357394523e-66
24.875 1.9999999999999996 24.0 1.999999999999997 23.99999999999998 8.023378137447364e-69
