0.125 1.9999999999999996 24.0 2.000000000000771 23.999999999999993 -8.023378137447364e-69
0.375 1.9999999999999996 24.0 2.00000000000077 23.999999999999993 -8.237583357394523e-66
0.625 1.9999999999999996 24.0 2.000000000000769 23.999999999999986 -4.960217038783217e-63
0.875 1.9999999999999996 24.0 2.0000000000007683 23.99999999999998 -2.2389513277987053e-60
1.125 1.9999999999999996 24.0 2.0000000000007674 23.99999999999997 -8.083295968589929e-58
1.375 1.9999999999999996 24.0 2.0000000000007674 23.999999999999975 -2.3927033740792414e-55
1.625 1.9999999999999996 24.0 2.000000000000765 23.999999999999957 -5.861267598663116e-53
1.875 1.9999999999999996 24.0 2.0000000000007594 23.999999999999915 -1.1883943908134718e-50
2.125 1.9999999999999996 24.0 2.0000000000007594 23.999999999999915 -1.976589158084722e-48
2.375 1.9999999999999996 24.0 2.000000000000785 24.00000000000011 -2.632942317395744e-46
2.625 1.9999999999999996 24.0 2.0000000000008313 24.000000000000455 -2.638888646042497e-44
2.875 1.9999999999999996 24.0 2.0000000000008415 24.00000000000052 -1.5796414191572262e-42
3.125 1.9999999999999996 24.0 2.0000000000007487 23.999999999999815 4.567817789604015e-41
3.375 1.9999999999999996 24.0 2.0000000000005 23.999999999997932 2.7652750956800404e-38
3.625 1.9999999999999996 24.0 2.0000000000001914 23.999999999995573 4.404258009248603e-36
3.875 1.9999999999999996 24.0 1.9999999999997142 23.999999999991996 4.802503147034089e-34
4.125 1.9999999999999996 24.0 1.9999999999997313 23.999999999992063 4.0714940949284585e-32
4.375 1.9999999999999996 24.0 1.999999999998884 23.999999999985732 2.798298194819873e-30
4.625 1.9999999999999996 24.0 1.9999999999999636 23.999999999993975 1.5853487713817023e-28
4.875 1.9999999999999996 24.0 1.9999999999991789 23.999999999987285 7.44089836681967e-27
5.125 1.9999999999999996 24.0 1.999999999996365 23.999999999968548 2.8831502816409013e-25
5.375 1.9999999999999996 24.0 2.000000000009048 24.000000000058666 9.092577194644609e-24
5.625 1.9999999999999996 24.0 1.9999999999859697 23.999999999892765 2.252142269674823e-22
5.875 1.9999999999999996 24.0 1.9999999999864273 23.999999999894808 3.954656992153136e-21
6.125 1.9999999999999996 24.0 2.0000000000975025 24.000000000692037 2.789761923259548e-20
6.375 1.9999999999999996 24.0 1.9999999998508402 23.99999999900234 -1.0909101867037715e-18
6.625 1.9999999999999996 24.0 1.9999999997751812 23.999999997986517 -5.5213930824722155e-17
6.875 2.0000000000000018 24.0 2.0000000012290355 24.000000009701928 -1.5081395283077498e-15
7.125 2.0000000000000053 24.0 1.9999999991269144 23.999999993561126 -3.0406459207729985e-14
7.375 2.0000000000000773 24.0 1.999999994647018 23.999999956477794 -4.87731075149774e-13
7.625 2.0001000000010105 24.0 2.00000001169652 24.00000010005754 -6.400550420574792e-12
7.875 2.0001000000109626 24.0 2.0000000143850287 24.000000086383018 -6.946621751012237e-11
8.125 2.0001000000985023 24.0 1.9999999386636977 23.99999952639577 -6.243021272063907e-10
8.375 2.0001000007275307 24.0 1.9999999499672758 23.999999756969643 -4.611047172371882e-09
8.625 2.0001000043231603 24.0 2.0000001755193444 24.00000139614881 -2.7399979986059073e-08
8.875 2.0001000195739977 24.0 2.000000258679007 24.00000143071269 -1.240590773561188e-07
9.125 2.000100056052359 24.0 1.9999999064665246 23.99999819888471 -3.552572240524588e-07
9.375 2.00009997958007 24.0 1.9999994010154878 23.999995912340662 1.2942058380315937e-07
9.625 1.9999985469145345 24.0 1.9999982004051733 23.999998019627238 9.209599773068e-06
9.875 1.9999892252343539 24.0 1.9999899371481795 24.00000601131249 6.829060285179713e-05
10.125 1.999947183997248 24.0 1.999950270055743 24.00002383271208 0.00033476072351890226
10.375 1.9998006062665017 24.0 1.999808566909628 24.000060554574006 0.0012639670514472895
10.625 1.9993920651653252 24.0 1.9994095647217 24.00013256405601 0.003855097550723615
10.875 1.9984749189029762 24.0 1.9985098081282877 24.00026425921198 0.009678706501005496
11.125 1.9968329575959611 24.0 1.9968968533600049 24.000485498932278 0.02012788497491368
11.375 1.9945681741525068 24.0 1.9946746768891115 24.000814825383614 0.03458962805843038
11.625 1.9923960528264235 24.0 1.9925399394679173 24.0010951359698 0.0485132950314933
11.875 1.9915722283871957 24.0 1.9917354018967148 24.001232779834325 0.053807929155783495
12.125 1.9932160170480222 24.0 1.9933848681078177 24.00128595085813 0.0432510018706274
12.375 1.9973738648186663 24.0 1.9975399559503255 24.001286411364518 0.01668234441309194
12.625 2.0026381671618303 24.0 2.002801419651682 24.00125730342187 -0.01668234441309194
12.875 2.0068648622820344 24.0 2.007019818782734 24.0011661415472 -0.0432510018706274
13.125 2.0085529565497833 24.0 2.008680626591548 24.0009767246117 -0.053807929155783495
13.375 2.007705706329197 24.0 2.007788123840702 24.000666020220176 -0.0485132950314933
13.625 2.005483554071176 24.0 2.0055269774594926 24.000365117300476 -0.03458962805843038
13.875 2.00318455784232 24.0 2.003206597561083 24.000191836157775 -0.02012788497491368
14.125 2.0015291310969436 24.0 2.0015368639867637 24.00008272411494 -0.009678706501005496
14.375 2.0006085773596554 24.0 2.000606712398041 24.00000017476288 -0.003855097550723615
14.625 2.0001994628036814 24.0 2.000191151621685 23.999924086625537 -0.0012639670514472895
14.875 2.000052820847689 24.0 2.000038870811204 23.999838345741743 -0.00033476072351890226
15.125 2.000010774967268 24.0 1.9999901592645886 23.999723328178508 -6.829060285179713e-05
15.375 2.0000014530891326 24.0 1.9999711844356656 23.999552469590142 -9.209599773068e-06
15.625 2.000000020419934 24.0 1.9999553432965231 23.999303717638014 -1.2942058380315937e-07
15.875 1.999999943947647 24.0 1.9999410550832852 23.999060962287267 3.552572240524588e-07
16.125 1.9999999804260038 24.0 1.999933806041737 23.998932057387613 1.240590773561188e-07
16.375 1.9999999956768408 24.0 1.999931792159681 23.99889022328118 2.7399979986059073e-08
16.625 1.9999999992724706 24.0 1.9999323026948241 23.998892328991726 4.611047172371882e-09
16.875 1.9999999999014986 24.0 1.9999339411706891 23.998909552940308 6.243021272063907e-10
17.125 1.999999999989039 24.0 1.9999368577101946 23.998951793835943 6.946621751012237e-11
17.375 1.9999999999989901 24.0 1.9999421852893917 23.99903994346828 6.400550420574792e-12
17.625 1.9999999999999238 24.0 1.999951607737808 23.99919841174175 4.87731075149774e-13
17.875 1.9999999999999964 24.0 1.9999661847003436 23.999440517978293 3.0406459207729985e-14
18.125 1.9999999999999996 24.0 1.9999810523176893 23.99968557014308 1.5081395283077498e-15
18.375 1.9999999999999996 24.0 1.9999905258188897 23.99984238272038 5.5213930824722155e-17
18.625 1.9999999999999996 24.0 1.9999958920334564 23.999931836911994 1.0909101867037715e-18
18.875 1.9999999999999996 24.0 1.9999987596138615 23.99997979684401 -2.789761923259548e-20
19.125 1.9999999999999996 24.0 2.0000002201134386 24.00000390359538 -3.954656992153136e-21
19.375 1.9999999999999996 24.0 2.0000008971373173 24.000014553583306 -2.252142269674823e-22
19.625 1.9999999999999996 24.0 2.0000011369712043 24.000017971057595 -9.092577194644609e-24
19.875 1.9999999999999996 24.0 2.0000011426654645 24.000018308070455 -2.8831502816409013e-25
20.125 1.9999999999999996 24.0 2.0000010715270595 24.000017769215017 -7.44089836681967e-27
20.375 1.9999999999999996 24.0 2.0000009690814777 24.000016518738658 -1.5853487713817023e-28
20.625 1.9999999999999996 24.0 2.0000008062889436 24.00001400668106 -2.798298194819873e-30
20.875 1.9999999999999996 24.0 2.0000005573940256 24.00000976890757 -4.0714940949284585e-32
21.125 1.9999999999999996 24.0 2.000000257220007 24.000004439029226 -4.802503147034089e-34
21.375 1.9999999999999996 24.0 2.0000000431543246 24.000001064671018 -4.404258009248603e-36
21.625 1.9999999999999996 24.0 1.9999999404095723 23.999999277013004 -2.7652750956800404e-38
21.875 1.9999999999999996 24.0 1.9999998907933494 23.99999834875007 -4.567817789604015e-41
22.125 1.9999999999999996 24.0 1.9999998706423796 23.999997939547484 1.5796414191572262e-42
22.375 1.9999999999999996 24.0 1.9999998693508292 23.999997861628813 2.638888646042497e-44
22.625 1.9999999999999996 24.0 1.9999998821145315 23.999998038023456 2.632942317395744e-46
22.875 1.9999999999999996 24.0 1.999999906965475 23.999998440936437 1.976589158084722e-48
23.125 1.9999999999999996 24.0 1.9999999392489705 23.999998990750328 1.1883943908134718e-50
23.375 1.9999999999999996 24.0 1.9999999685007488 23.999999470559246 5.861267598663116e-53
23.625 1.9999999999999996 24.0 1.9999999869794418 23.999999773906993 2.3927033740792414e-55
23.875 1.9999999999999996 24.0 1.9999999968208275 23.99999994297608 8.083295968589929e-58
24.125 1.9999999999999996 24.0 2.000000001339459 24.000000021063475 2.2389513277987053e-60
24.375 1.9999999999999996 24.0 2.000000002447611 24.00000004021936 4.960217038783217e-63
24.625 1.9999999999999996 24.0 2.000000001847061 24.000000030395135 8.237583357394523e-66
24.875 1.9999999999999996 24.0 2.0000000006969816 24.000000011454343 8.023378137447364e-69

