-1.0 0.9048374180401259 0.904837418032266 -0.1
-0.98 0.9066489039477639 0.9066489037410352 -0.098
-0.96 0.9084640226175795 0.9084640160460862 -0.096
-0.94 0.910282922901201 0.9102827622076152 -0.094
-0.92 0.9121080115939523 0.9121051495029007 -0.09200000000000001
-0.9 0.9139682082124542 0.9139311852223265 -0.09000000000000001
-0.88 0.916108645475497 0.9157608766609515 -0.08800000000000001
-0.86 0.919966347435629 0.9175942311378094 -0.08600000000000001
-0.84 0.9311804246248208 0.9194312560176932 -0.084
-0.8200000000000001 0.9635294849726619 0.921271958638863 -0.08200000000000002
-0.8 1.0334801787380683 0.9231163462625938 -0.08000000000000002
-0.78 1.1342673243648485 0.924964426319768 -0.07800000000000001
-0.76 1.2150530383050793 0.9268162065299775 -0.07600000000000001
-0.74 1.2169085255869843 0.928671694100907 -0.074
-0.72 1.139833793632515 0.9305308953744342 -0.072
-0.7 1.0427576522573807 0.932393818330542 -0.06999999999999999
-0.6799999999999999 0.9765179998535269 0.9342604740232163 -0.06799999999999999
-0.6599999999999999 0.9478800328213149 0.9361308691739272 -0.06599999999999999
-0.64 0.9403771157462075 0.9380049996230715 -0.064
-0.62 0.9402306555432602 0.9398828700937014 -0.062
-0.6 0.9418015565254747 0.9417645224233253 -0.06
-0.5800000000000001 0.9436528094856604 0.9436499928243466 -0.05800000000000001
-0.56 0.9455392965508304 0.945539205358201 -0.05600000000000001
-0.54 0.9474321130506717 0.9474320211673108 -0.054000000000000006
-0.52 0.9493288670367325 0.9493285711028664 -0.052000000000000005
-0.5 0.9512294245048803 0.9512293916832845 -0.05
-0.48 0.9531337870775698 0.9531346512340408 -0.048
-0.45999999999999996 0.9550419621907155 0.955043054623488 -0.046
-0.43999999999999995 0.9569539574730467 0.9569527323675561 -0.044
-0.42000000000000004 0.9588697805724845 0.9588649868866327 -0.04200000000000001
-0.4 0.9607894391523232 0.9607863830227052 -0.04000000000000001
-0.38 0.9627129408911995 0.9627221630445827 -0.038000000000000006
-0.36 0.9646402934831231 0.9646629070949341 -0.036
-0.33999999999999997 0.9665715046375066 0.9665820695084105 -0.033999999999999996
-0.31999999999999995 0.9685065820791976 0.968462659504383 -0.031999999999999994
-0.29999999999999993 0.9704455335485082 0.9703409565526954 -0.029999999999999995
-0.28 0.9723883668012469 0.9723148079114929 -0.028000000000000004
-0.26 0.9743350896087494 0.9744669509291147 -0.026000000000000002
-0.24 0.9762857097579093 0.9767281818844253 -0.024
-0.21999999999999997 0.97824023505121 0.9788030348933394 -0.022
-0.19999999999999996 0.9801986733067553 0.9802942545229826 -0.019999999999999997
-0.17999999999999994 0.9821610323583008 0.9810341480487688 -0.017999999999999995
-0.16000000000000003 0.9841273200552851 0.9814093746551044 -0.016000000000000004
-0.14 0.9860975442628619 0.9824155616810647 -0.014000000000000002
-0.12 0.9880717128619305 0.9852728529401475 -0.012
-0.09999999999999998 0.9900498337491681 0.9910392575252354 -0.009999999999999998
-0.07999999999999996 0.9920319148370607 0.9999759803537662 -0.007999999999999997
-0.05999999999999994 0.9940179640539353 1.012350601366029 -0.005999999999999995
-0.040000000000000036 0.9960079893439915 1.0265953966699357 -0.0040000000000000036
-0.020000000000000018 0.9980019986673331 1.0446754234247653 -0.0020000000000000018
0.0 1.0 1.059107975155253 0.0
0.020000000000000018 1.6820276496988864 1.093308737633967 0.52
0.040000000000000036 1.7160068621848585 1.13254720023233 0.54
0.06000000000000005 1.7506725002961012 1.1754657643228243 0.56
0.08000000000000007 1.7860384307500734 1.2242123432054837 0.5800000000000001
0.10000000000000009 1.822118800390509 1.2816768290290317 0.6000000000000001
0.1200000000000001 1.8589280418463423 1.347684365516363 0.6200000000000001
0.14000000000000012 1.8964808793049517 1.4110478055431792 0.6400000000000001
0.15999999999999992 1.9347923344020315 1.4433152493768246 0.6599999999999999
0.17999999999999994 1.9738777322304475 1.4158967227965782 0.6799999999999999
0.19999999999999996 2.0137527074704766 1.340879620157847 0.7
0.21999999999999997 2.0544332106438876 1.2725521879073445 0.72
0.24 2.0959355144943643 1.2489962573981472 0.74
0.26 2.1382762204968184 1.2644884069358908 0.76
0.28 2.181472265498201 1.2973377282550216 0.78
0.30000000000000004 2.225540928492468 1.3330081441237729 0.8
0.32000000000000006 2.270499837532406 1.366202960581435 0.8200000000000001
0.3400000000000001 2.316366976781092 1.3965305974214512 0.8400000000000001
0.3600000000000001 2.363160693705795 1.4252061254020172 0.8600000000000001
0.3800000000000001 2.41089970641721 1.4534885342876185 0.8800000000000001
0.40000000000000013 2.45960311115695 1.4821811710216324 0.9000000000000001
0.41999999999999993 2.5092903899362975 1.5116353358690562 0.9199999999999999
0.43999999999999995 2.5599814183292713 1.5419194854158573 0.94
0.45999999999999996 2.611696473423118 1.5729828669046104 0.96
0.48 2.664456241929417 1.6047630972004812 0.98
0.5 2.718281828459045 1.6372239700298898 1.0
0.52 4.137120440251392 1.6699104695018974 1.42
0.54 4.220695816996552 1.7074986897570863 1.44
0.56 4.305959528345206 1.7555731092920757 1.46
0.5800000000000001 4.392945680918757 0.7860884043215848 1.48
0.6000000000000001 4.4816890703380645 -4.7981252146700175 1.5
0.6200000000000001 4.572225195142159 -4.71542968483711 1.52
0.6400000000000001 4.664590270988126 -4.496997900111208 1.54
0.6600000000000001 4.758821245137854 -4.841772598095167 1.56
0.6799999999999999 4.854955811237434 -4.825720222839091 1.58
0.7 4.953032424395115 -4.958996302539548 1.6
0.72 5.053090316563868 -5.053944888332564 1.62
0.74 5.155169512234682 -5.153679150078262 1.6400000000000001
0.76 5.259310844446899 -5.260289602285391 1.6600000000000001
0.78 5.365555971121975 -5.36521836385821 1.6800000000000002
0.8 5.473947391727201 -5.4741209299188345 1.7000000000000002
0.8200000000000001 5.5845284642760555 -5.584564218015233 1.7200000000000002
0.8400000000000001 5.697343422671993 -5.697395074671789 1.7400000000000002
0.8600000000000001 5.81243739440259 -5.812503292491639 1.7600000000000002
0.8800000000000001 5.9298564185911475 -5.9299129674750075 1.7800000000000002
0.9000000000000001 6.049647464412947 -6.049711804990968 1.8000000000000003
0.9199999999999999 6.171858449883552 -6.1719224097480065 1.8199999999999998
0.94 6.296538261026656 -6.296604929472597 1.8399999999999999
0.96 6.423736771429133 -6.423804935167549 1.8599999999999999
0.98 6.553504862191148 -6.5535728923053505 1.88
