-1.0 0.9048374180401259 0.9048374180401185 -0.1
-0.98 0.9066489039477639 0.9066489037582162 -0.098
-0.96 0.9084640226175795 0.9084640160729203 -0.096
-0.94 0.910282922901201 0.9102827622442532 -0.094
-0.92 0.9121080115939523 0.9121051495492736 -0.09200000000000001
-0.9 0.9139682082124542 0.9139311852782684 -0.09000000000000001
-0.88 0.916108645475497 0.9157608767270022 -0.08800000000000001
-0.86 0.919966347435629 0.9175942312145691 -0.08600000000000001
-0.84 0.9311804246248208 0.9194312561034141 -0.084
-0.8200000000000001 0.9635294849726619 0.9212719587322453 -0.08200000000000002
-0.8 1.0334801787380683 0.9231163463696385 -0.08000000000000002
-0.78 1.1342673243648485 0.9249644264436216 -0.07800000000000001
-0.76 1.2150530383050793 0.9268162066513292 -0.07600000000000001
-0.74 1.2169085255869843 0.9286716942109158 -0.074
-0.72 1.139833793632515 0.9305308955343116 -0.072
-0.7 1.0427576522573807 0.9323938185761355 -0.06999999999999999
-0.6799999999999999 0.9765179998535269 0.9342604741718501 -0.06799999999999999
-0.6599999999999999 0.9478800328213149 0.9361308690606039 -0.06599999999999999
-0.64 0.9403771157462075 0.9380049997364236 -0.064
-0.62 0.9402306555432602 0.9398828711482152 -0.062
-0.6 0.9418015565254747 0.9417645233709026 -0.06
-0.5800000000000001 0.9436528094856604 0.9436499909723522 -0.05800000000000001
-0.56 0.9455392965508304 0.9455392018510126 -0.05600000000000001
-0.54 0.9474321130506717 0.9474320243797003 -0.054000000000000006
-0.52 0.9493288670367325 0.9493285847812254 -0.052000000000000005
-0.5 0.9512294245048803 0.9512293965694192 -0.05
-0.48 0.9531337870775698 0.9531346188543162 -0.048
-0.45999999999999996 0.9550419621907155 0.9550430057136453 -0.046
-0.43999999999999995 0.9569539574730467 0.9569527623125434 -0.044
-0.42000000000000004 0.9588697805724845 0.9588651548960803 -0.04200000000000001
-0.4 0.9607894391523232 0.9607865288813137 -0.04000000000000001
-0.38 0.9627129408911995 0.9627219388872259 -0.038000000000000006
-0.36 0.9646402934831231 0.9646622160268901 -0.036
-0.33999999999999997 0.9665715046375066 0.9665815615384896 -0.033999999999999996
-0.31999999999999995 0.9685065820791976 0.9684634992380285 -0.031999999999999994
-0.29999999999999993 0.9704455335485082 0.9703435230757753 -0.029999999999999995
-0.28 0.9723883668012469 0.9723173210558851 -0.028000000000000004
-0.26 0.9743350896087494 0.9744657579888748 -0.026000000000000002
-0.24 0.9762857097579093 0.9767207934675897 -0.024
-0.21999999999999997 0.97824023505121 0.9787912355527253 -0.022
-0.19999999999999996 0.9801986733067553 0.9802871284813892 -0.019999999999999997
-0.17999999999999994 0.9821610323583008 0.9810389130173605 -0.017999999999999995
-0.16000000000000003 0.9841273200552851 0.9814386705225068 -0.016000000000000004
-0.14 0.9860975442628619 0.9824558140053156 -0.014000000000000002
-0.12 0.9880717128619305 0.985321964156026 -0.012
-0.09999999999999998 0.9900498337491681 0.9911131788185344 -0.009999999999999998
-0.07999999999999996 0.9920319148370607 0.9999436397255586 -0.007999999999999997
-0.05999999999999994 0.9940179640539353 1.0124963959660458 -0.005999999999999995
-0.040000000000000036 0.9960079893439915 1.0264729531247947 -0.0040000000000000036
-0.020000000000000018 0.9980019986673331 1.0448882057875368 -0.0020000000000000018
0.0 1.0 1.0586682761803194 0.0
0.020000000000000018 1.6820276496988864 1.8071007665107706 0.52
0.040000000000000036 1.7160068621848585 1.8599736263475275 0.54
0.06000000000000005 1.7506725002961012 1.9154825600742273 0.56
0.08000000000000007 1.7860384307500734 1.973375703844127 0.5800000000000001
0.10000000000000009 1.822118800390509 2.034242887015181 0.6000000000000001
0.1200000000000001 1.8589280418463423 2.098887126934351 0.6200000000000001
0.14000000000000012 1.8964808793049517 2.1679549218746166 0.6400000000000001
0.15999999999999992 1.9347923344020315 2.2416175937761285 0.6599999999999999
0.17999999999999994 1.9738777322304475 2.3194162727822336 0.6799999999999999
0.19999999999999996 2.0137527074704766 2.4004313942442908 0.7
0.21999999999999997 2.0544332106438876 2.483844852239934 0.72
0.24 2.0959355144943643 2.569442698689155 0.74
0.26 2.1382762204968184 2.656198294309043 0.76
0.28 2.181472265498201 2.7359030254775405 0.78
0.30000000000000004 2.225540928492468 2.7837842855225903 0.8
0.32000000000000006 2.270499837532406 2.7635907960036254 0.8200000000000001
0.3400000000000001 2.316366976781092 2.6646500700899542 0.8400000000000001
0.3600000000000001 2.363160693705795 2.5344809305953255 0.8600000000000001
0.3800000000000001 2.41089970641721 2.44339018412432 0.8800000000000001
0.40000000000000013 2.45960311115695 2.420625544996686 0.9000000000000001
0.41999999999999993 2.5092903899362975 2.4500128557291077 0.9199999999999999
0.43999999999999995 2.5599814183292713 2.5052154703755614 0.94
0.45999999999999996 2.611696473423118 2.5690825809103712 0.96
0.48 2.664456241929417 2.6348735140540156 0.98
0.5 2.718281828459045 2.698065516154805 1.0
0.52 4.137120440251392 4.119151511221048 1.42
0.54 4.220695816996552 4.209170894241084 1.44
0.56 4.305959528345206 4.29984073089396 1.46
0.5800000000000001 4.392945680918757 4.391081523148553 1.48
0.6000000000000001 4.4816890703380645 4.483021382225754 1.5
0.6200000000000001 4.572225195142159 4.575830818172284 1.52
0.6400000000000001 4.664590270988126 4.669689062380446 1.54
0.6600000000000001 4.758821245137854 4.7647742874679 1.56
0.6799999999999999 4.854955811237434 4.861258035103764 1.58
0.7 4.953032424395115 4.959300960848639 1.6
0.72 5.053090316563868 5.059049826150686 1.62
0.74 5.155169512234682 5.160635862742888 1.6400000000000001
0.76 5.259310844446899 5.2641744347175115 1.6600000000000001
0.78 5.365555971121975 5.369765777211136 1.6800000000000002
0.8 5.473947391727201 5.47749646407136 1.7000000000000002
0.8200000000000001 5.5845284642760555 5.587441418168645 1.7200000000000002
0.8400000000000001 5.697343422671993 5.699665819439294 1.7400000000000002
0.8600000000000001 5.81243739440259 5.81422783697006 1.7600000000000002
0.8800000000000001 5.9298564185911475 5.931178723120736 1.7800000000000002
0.9000000000000001 6.049647464412947 6.050569795452357 1.8000000000000003
0.9199999999999999 6.171858449883552 6.17243901799692 1.8199999999999998
0.94 6.296538261026656 6.296853099943931 1.8399999999999999
0.96 6.423736771429133 6.423797857260353 1.8599999999999999
0.98 6.553504862191148 6.55347035131123 1.88
