-1.0 0.9048374180401259 0.9048374180401255 -0.1
-0.998 0.9050184036237272 0.9050184036216872 -0.0998
-0.996 0.9051994254090333 0.9051994254039849 -0.09960000000000001
-0.994 0.9053804834037306 0.9053804833942597 -0.0994
-0.992 0.905561577615705 0.9055615775997534 -0.09920000000000001
-0.99 0.9057427080531271 0.9057427080277106 -0.099
-0.988 0.9059238747245711 0.9059238746853766 -0.0988
-0.986 0.9061050776391851 0.9061050775799975 -0.09860000000000001
-0.984 0.9062863168069251 0.906286316718822 -0.0984
-0.982 0.906467592238887 0.9064675921090994 -0.09820000000000001
-0.98 0.9066489039477639 0.9066489037580794 -0.098
-0.978 0.9068302519484833 0.9068302516730149 -0.0978
-0.976 0.9070116362590857 0.9070116358611613 -0.0976
-0.974 0.9071930569019317 0.9071930563297739 -0.0974
-0.972 0.9073745139053612 0.9073745130861086 -0.09720000000000001
-0.97 0.9075560073059542 0.9075560061374244 -0.097
-0.968 0.9077375371516097 0.9077375354909804 -0.0968
-0.966 0.9079191035057179 0.9079191011540381 -0.0966
-0.964 0.9081007064527938 0.90810070313386 -0.0964
-0.962 0.9082823461060557 0.9082823414377106 -0.09620000000000001
-0.96 0.9084640226175795 0.9084640160728545 -0.096
-0.958 0.9086457361918548 0.9086457270465594 -0.0958
-0.956 0.9088274871038112 0.908827474366094 -0.0956
-0.954 0.9090092757226964 0.9090092580387275 -0.0954
-0.952 0.9091911025435837 0.9091910780717312 -0.0952
-0.95 0.9093729682287839 0.9093729344723783 -0.095
-0.948 0.9095548736620618 0.9095548272479425 -0.0948
-0.946 0.909736820019337 0.9097367564057008 -0.0946
-0.944 0.9099188088605152 0.9099187219529287 -0.0944
-0.942 0.9101008422482871 0.9101007238969054 -0.0942
-0.94 0.910282922901201 0.9102827622449107 -0.094
-0.938 0.9104650543900965 0.9104648370042274 -0.0938
-0.9359999999999999 0.910647241389155 0.9106469481821378 -0.0936
-0.9339999999999999 0.9108294899954382 0.9108290957859251 -0.0934
-0.9319999999999999 0.9110118081339139 0.9110112798228767 -0.0932
-0.9299999999999999 0.9111942060687005 0.9111935003002798 -0.093
-0.9279999999999999 0.9113766970456691 0.9113757572254227 -0.0928
-0.926 0.9115592980967252 0.9115580506055964 -0.09260000000000002
-0.924 0.911742031042133 0.9117403804480921 -0.09240000000000001
-0.922 0.9119249237342362 0.9119227467602036 -0.0922
-0.92 0.9121080115939523 0.9121051495492245 -0.09200000000000001
-0.918 0.9122913395005569 0.9122875888224518 -0.0918
-0.916 0.9124749641055615 0.9124700645871832 -0.09160000000000001
-0.914 0.9126589566529951 0.9126525768507175 -0.09140000000000001
-0.912 0.9128434064010819 0.9128351256203557 -0.0912
-0.91 0.9130284247541582 0.9130177109033979 -0.09100000000000001
-0.908 0.9132141502285647 0.9132003327071492 -0.0908
-0.906 0.913400754392025 0.9133829910389134 -0.09060000000000001
-0.904 0.9135884489324347 0.9135656859059971 -0.09040000000000001
-0.902 0.9137774940286607 0.9137484173157087 -0.0902
-0.9 0.9139682082124542 0.913931185275357 -0.09000000000000001
-0.898 0.9141609799263002 0.9141139897922536 -0.0898
-0.896 0.9143562809962394 0.9142968308737098 -0.08960000000000001
-0.894 0.9145546822505211 0.9144797085270393 -0.08940000000000001
-0.892 0.914756871523336 0.9146626227595571 -0.0892
-0.89 0.9149636742866485 0.9148455735785802 -0.08900000000000001
-0.888 0.915176077150918 0.9150285609914257 -0.0888
-0.886 0.9153952544657975 0.9152115850054141 -0.08860000000000001
-0.884 0.9156225982330931 0.9153946456278654 -0.0884
-0.882 0.9158597515146317 0.9155777428661032 -0.0882
-0.88 0.916108645475497 0.9157608767274508 -0.08800000000000001
-0.878 0.9163715401465666 0.9159440472192331 -0.0878
-0.876 0.9166510689177925 0.9161272543487775 -0.08760000000000001
-0.874 0.9169502866836854 0.9163104981234126 -0.0874
-0.872 0.9172727214537886 0.9164937785504681 -0.0872
-0.87 0.9176224291126855 0.9166770956372747 -0.08700000000000001
-0.868 0.9180040508659364 0.916860449391165 -0.0868
-0.866 0.9184228727405355 0.9170438398194736 -0.08660000000000001
-0.864 0.9188848863220559 0.9172272669295358 -0.0864
-0.862 0.9193968497074722 0.9174107307286888 -0.0862
-0.86 0.919966347435629 0.9175942312242711 -0.08600000000000001
-0.858 0.9206018479304137 0.917777768423623 -0.0858
-0.856 0.9213127567600254 0.9179613423340854 -0.08560000000000001
-0.854 0.9221094637856534 0.9181449529630021 -0.0854
-0.852 0.9230033820518985 0.9183286003177166 -0.0852
-0.85 0.9240069760680777 0.9185122844055751 -0.085
-0.848 0.9251337769538323 0.9186960052339255 -0.0848
-0.846 0.9263983817847667 0.9188797628101163 -0.08460000000000001
-0.844 0.927816434385346 0.9190635571414972 -0.0844
-0.842 0.9294045847884119 0.9192473882354207 -0.0842
-0.84 0.9311804246248208 0.9194312560992405 -0.084
-0.838 0.933162395833653 0.9196151607403105 -0.0838
-0.836 0.9353696703030131 0.9197991021659875 -0.08360000000000001
-0.834 0.9378219983718034 0.919983080383628 -0.0834
-0.832 0.9405395245500895 0.9201670954005916 -0.0832
-0.83 0.9435425693531146 0.9203511472242392 -0.083
-0.828 0.9468513767917566 0.920535235861933 -0.0828
-0.826 0.9504858278165816 0.9207193613210365 -0.0826
-0.8240000000000001 0.9544651208658091 0.9209035236089145 -0.08240000000000001
-0.8220000000000001 0.9588074216071485 0.9210877227329335 -0.08220000000000001
-0.8200000000000001 0.9635294849726619 0.9212719587004617 -0.08200000000000002
-0.8180000000000001 0.9686462536429965 0.9214562315188684 -0.08180000000000001
-0.8160000000000001 0.9741704382164457 0.9216405411955244 -0.0816
-0.8140000000000001 0.980112085369336 0.9218248877378018 -0.08140000000000001
-0.812 0.9864781413436249 0.9220092711530743 -0.08120000000000001
-0.81 0.9932720190492443 0.9221936914487183 -0.08100000000000002
-0.808 1.000493177904909 0.9223781486321099 -0.08080000000000001
-0.806 1.0081367262237102 0.9225626427106284 -0.0806
-0.804 1.0161930564417652 0.9227471736916522 -0.08040000000000001
-0.802 1.024647523754787 0.922931741582564 -0.08020000000000001
-0.8 1.0334801787380683 0.9231163463907442 -0.08000000000000002
-0.798 1.0426655642548321 0.9233009881235792 -0.07980000000000001
-0.796 1.0521725863880675 0.9234856667884532 -0.0796
-0.794 1.0619644682518972 0.9236703823927548 -0.07940000000000001
-0.792 1.071998794349768 0.9238551349438713 -0.0792
-0.79 1.0822276516580012 0.9240399244491928 -0.07900000000000001
-0.788 1.0925978718449767 0.9242247509161118 -0.07880000000000001
-0.786 1.103051377019697 0.924409614352022 -0.0786
-0.784 1.1135256291805116 0.9245945147643162 -0.07840000000000001
-0.782 1.1239541811569278 0.9247794521603909 -0.0782
-0.78 1.1342673243648485 0.9249644265476435 -0.07800000000000001
-0.778 1.1443928261953709 0.9251494379334737 -0.07780000000000001
-0.776 1.1542567474015788 0.9253344863252821 -0.0776
-0.774 1.1637843275113298 0.9255195717304696 -0.07740000000000001
-0.772 1.1729009241518475 0.9257046941564399 -0.0772
-0.77 1.1815329902963587 0.925889853610598 -0.07700000000000001
-0.768 1.1896090719012276 0.926075050100351 -0.07680000000000001
-0.766 1.197060807253286 0.9262602836331055 -0.0766
-0.764 1.2038239086402331 0.9264455542162707 -0.07640000000000001
-0.762 1.2098391067285095 0.9266308618572586 -0.0762
-0.76 1.2150530383050793 0.9268162065634814 -0.07600000000000001
-0.758 1.2194190588187923 0.9270015883423528 -0.0758
-0.756 1.2228979624339225 0.9271870072012878 -0.0756
-0.754 1.2254585940573501 0.9273724631477028 -0.07540000000000001
-0.752 1.2270783399802019 0.927557956189017 -0.0752
-0.75 1.2277434863285528 0.9277434863326492 -0.07500000000000001
-0.748 1.2274494373772074 0.9279290535860211 -0.0748
-0.746 1.2262007888662048 0.9281146579565562 -0.0746
-0.744 1.224011254684314 0.9283002994516768 -0.07440000000000001
-0.742 1.2209034485552528 0.9284859780788098 -0.0742
-0.74 1.2169085255869843 0.9286716938453821 -0.074
-0.738 1.2120656916300783 0.9288574467588222 -0.0738
-0.736 1.2064215912505292 0.9290432368265606 -0.0736
-0.734 1.2000295876762166 0.9292290640560288 -0.0734
-0.732 1.192948950255544 0.9294149284546591 -0.0732
-0.73 1.185243966715656 0.9296008300298867 -0.073
-0.728 1.1769829987845648 0.9297867687891479 -0.0728
-0.726 1.1682375005207501 0.9299727447398803 -0.0726
-0.724 1.159081018965829 0.9301587578895227 -0.0724
-0.722 1.1495881965074217 0.9303448082455148 -0.0722
-0.72 1.139833793632515 0.9305308958152999 -0.072
-0.718 1.1298917496028684 0.9307170206063211 -0.0718
-0.716 1.1198342970422293 0.9309031826260225 -0.0716
-0.714 1.1097311445495386 0.9310893818818506 -0.0714
-0.712 1.0996487393101329 0.9312756183812544 -0.0712
-0.71 1.0896496193405065 0.9314618921316834 -0.071
-0.708 1.079791862546501 0.9316482031405887 -0.0708
-0.706 1.070128637274581 0.931834551415422 -0.0706
-0.704 1.0607078565632686 0.9320209369636374 -0.0704
-0.702 1.0515719359239615 0.9322073597926908 -0.0702
-0.7 1.0427576522573807 0.9323938199100388 -0.06999999999999999
-0.698 1.0342960994953816 0.9325803173231395 -0.0698
-0.696 1.0262127347895846 0.9327668520394528 -0.0696
-0.694 1.018527507579542 0.9329534240664406 -0.0694
-0.692 1.0112550626843841 0.9331400334115649 -0.0692
-0.69 1.0044050076828384 0.9333266800822915 -0.06899999999999999
-0.688 0.9979822342766571 0.9335133640860849 -0.0688
-0.6859999999999999 0.9919872830619704 0.9337000854304134 -0.0686
-0.6839999999999999 0.9864167411436899 0.9338868441227457 -0.0684
-0.6819999999999999 0.981263662294703 0.9340736401705518 -0.0682
-0.6799999999999999 0.9765179998535269 0.9342604735813036 -0.06799999999999999
-0.6779999999999999 0.9721670432367124 0.9344473443624741 -0.0678
-0.6759999999999999 0.9681958497784571 0.9346342525215383 -0.0676
-0.6739999999999999 0.9645876645615424 0.9348211980659729 -0.0674
-0.6719999999999999 0.961324321933104 0.9350081810032554 -0.0672
-0.6699999999999999 0.9583866234697664 0.9351952013408655 -0.06699999999999999
-0.6679999999999999 0.9557546882358077 0.9353822590862841 -0.0668
-0.6659999999999999 0.9534082722351946 0.9355693542469925 -0.06659999999999999
-0.6639999999999999 0.9513270549675285 0.9357564868304755 -0.0664
-0.6619999999999999 0.9494908919375878 0.9359436568442185 -0.0662
-0.6599999999999999 0.9478800328213149 0.9361308642957074 -0.06599999999999999
-0.6579999999999999 0.9464753057454496 0.9363181091924311 -0.0658
-0.6559999999999999 0.945258268785756 0.9365053915418797 -0.06559999999999999
-0.6539999999999999 0.9442113303262227 0.9366927113515433 -0.0654
-0.6519999999999999 0.9433178403488519 0.9368800686289158 -0.0652
-0.6499999999999999 0.9425621550440236 0.9370674633814908 -0.06499999999999999
-0.648 0.941929677350978 0.937254895616765 -0.06480000000000001
-0.646 0.9414068761649182 0.937442365342235 -0.0646
-0.644 0.9409812869913721 0.9376298725653993 -0.0644
-0.642 0.9406414968005832 0.9378174172937599 -0.06420000000000001
-0.64 0.9403771157462075 0.9380049995348161 -0.064
-0.638 0.9401787382748904 0.9381926192960726 -0.06380000000000001
-0.636 0.9400378959775894 0.938380276585034 -0.0636
-0.634 0.9399470043303044 0.9385679714092067 -0.0634
-0.632 0.9398993052509063 0.9387557037760983 -0.0632
-0.63 0.9398888071686665 0.9389434736932185 -0.063
-0.628 0.9399102240714357 0.9391312811680779 -0.06280000000000001
-0.626 0.9399589147684988 0.9393191262081887 -0.0626
-0.624 0.9400308233901173 0.9395070088210646 -0.062400000000000004
-0.622 0.940122421941593 0.9396949290142205 -0.062200000000000005
-0.62 0.9402306555432602 0.9398828867951732 -0.062
-0.618 0.9403528908200123 0.9400708821714419 -0.0618
-0.616 0.9404868677558166 0.9402589151505462 -0.0616
-0.614 0.9406306552004347 0.9404469857400071 -0.0614
-0.612 0.9407826101068847 0.9406350939473471 -0.061200000000000004
-0.61 0.9409413404882062 0.9408232397800913 -0.061
-0.608 0.9411056720095913 0.9410114232457656 -0.0608
-0.606 0.9412746180754261 0.9411996443518968 -0.0606
-0.604 0.9414473532285916 0.9413879031060141 -0.0604
-0.602 0.9416231896497423 0.9415761995156475 -0.060200000000000004
-0.6 0.9418015565254747 0.9417645335883287 -0.06
-0.598 0.9419819820445936 0.9419529053315912 -0.0598
-0.596 0.9421640777794594 0.9421413147529702 -0.0596
-0.594 0.9423475252131667 0.9423297618600023 -0.0594
-0.592 0.9425320641816942 0.9425182466602249 -0.0592
-0.59 0.9427174830119922 0.9427067691611773 -0.059
-0.588 0.9429036101511826 0.9428953293704012 -0.0588
-0.586 0.9430903070977708 0.9430839272954388 -0.0586
-0.584 0.9432774624622661 0.9432725629438332 -0.0584
-0.5820000000000001 0.9434649870012902 0.94346123632313 -0.05820000000000001
-0.5800000000000001 0.9436528094856604 0.9436499474408766 -0.05800000000000001
-0.5780000000000001 0.9438408732787109 0.9438386963046215 -0.05780000000000001
-0.5760000000000001 0.9440291335160125 0.9440274829219139 -0.05760000000000001
-0.5740000000000001 0.9442175547914934 0.944216307300306 -0.05740000000000001
-0.5720000000000001 0.9444061092676563 0.944405169447351 -0.05720000000000001
-0.5700000000000001 0.9445947751390833 0.944594069370603 -0.05700000000000001
-0.5680000000000001 0.9447835353887151 0.9447830070776173 -0.05680000000000001
-0.5660000000000001 0.9449723767855267 0.9449719825759524 -0.05660000000000001
-0.5640000000000001 0.9451612890802463 0.9451609958731662 -0.056400000000000006
-0.562 0.9453502643627527 0.9453500469768206 -0.05620000000000001
-0.56 0.9455392965508304 0.9455391358944762 -0.05600000000000001
-0.558 0.9457283809851446 0.9457282626336978 -0.05580000000000001
-0.556 0.9459175141097024 0.9459174272020499 -0.05560000000000001
-0.554 0.9461066932208021 0.9461066296070987 -0.055400000000000005
-0.552 0.9462959162705996 0.9462958698564132 -0.055200000000000006
-0.55 0.9464851817140363 0.9464851479575621 -0.05500000000000001
-0.548 0.9466744883900392 0.9466744639181175 -0.05480000000000001
-0.546 0.9468638354296904 0.9468638177456516 -0.05460000000000001
-0.544 0.9470532221855261 0.9470532094477382 -0.054400000000000004
-0.542 0.9472426481773202 0.9472426390319542 -0.054200000000000005
-0.54 0.9474321130506717 0.9474321065058751 -0.054000000000000006
-0.538 0.9476216165454984 0.9476216118770808 -0.05380000000000001
-0.536 0.9478111584721577 0.9478111551531504 -0.05360000000000001
-0.534 0.948000738693421 0.948000736341666 -0.0534
-0.532 0.9481903571109176 0.9481903554502114 -0.053200000000000004
-0.53 0.9483800136549797 0.9483800124863713 -0.053000000000000005
-0.528 0.9485697082770645 0.9485697074577318 -0.05280000000000001
-0.526 0.9487594409441207 0.9487594403718806 -0.05260000000000001
-0.524 0.9489492116344156 0.9489492112364073 -0.0524
-0.522 0.9491390203344573 0.9491390200589027 -0.0522
-0.52 0.9493288670367325 0.9493288668469595 -0.052000000000000005
-0.518 0.9495187517380489 0.9495187516081711 -0.051800000000000006
-0.516 0.9497086744383267 0.9497086743501328 -0.05160000000000001
-0.514 0.9498986351397206 0.9498986350804413 -0.0514
-0.512 0.950088633845983 0.9500886338066947 -0.0512
-0.51 0.9502786705620055 0.9502786705364948 -0.051000000000000004
-0.508 0.9504687452934886 0.9504687452774419 -0.050800000000000005
-0.506 0.9506588580467059 0.9506588580371383 -0.050600000000000006
-0.504 0.9508490088283356 0.9508490088231896 -0.0504
-0.502 0.9510391976453397 0.9510391976432011 -0.0502
-0.5 0.9512294245048803 0.9512294245047808 -0.05
-0.498 0.9514196894142594 0.9514196894155371 -0.049800000000000004
-0.496 0.9516099923808758 0.9516099923830814 -0.049600000000000005
-0.494 0.9518003334121972 0.951800333415026 -0.0494
-0.492 0.9519907125157381 0.9519907125189842 -0.0492
-0.49 0.9521811296990467 0.9521811297025704 -0.049
-0.488 0.9523715849696937 0.9523715849734022 -0.0488
-0.486 0.9525620783352665 0.9525620783390978 -0.048600000000000004
-0.484 0.9527526098033643 0.9527526098072766 -0.0484
-0.482 0.9529431793815942 0.9529431793855601 -0.0482
-0.48 0.9531337870775698 0.9531337870815705 -0.048
-0.478 0.9533244328989091 0.9533244329029328 -0.0478
-0.476 0.9535151168532336 0.9535151168572725 -0.0476
-0.474 0.9537058389481684 0.9537058389522169 -0.0474
-0.472 0.9538965991913402 0.9538965991953947 -0.0472
-0.47 0.9540873975903783 0.9540873975944364 -0.047
-0.46799999999999997 0.9542782341529139 0.954278234156974 -0.0468
-0.46599999999999997 0.9544691088865799 0.9544691088906413 -0.0466
-0.46399999999999997 0.9546600217990111 0.9546600218030735 -0.0464
-0.46199999999999997 0.9548509728978436 0.9548509729019065 -0.0462
-0.45999999999999996 0.9550419621907155 0.955041962194779 -0.046
-0.45799999999999996 0.9552329896852659 0.9552329896893297 -0.0458
-0.45599999999999996 0.9554240553891363 0.9554240553931997 -0.0456
-0.45399999999999996 0.9556151593099691 0.955615159314033 -0.045399999999999996
-0.45199999999999996 0.9558063014554085 0.9558063014594724 -0.0452
-0.44999999999999996 0.9559974818331001 0.9559974818371634 -0.045
-0.44799999999999995 0.9561887004506909 0.9561887004547541 -0.0448
-0.44599999999999995 0.95637995731583 0.9563799573198927 -0.0446
-0.44399999999999995 0.9565712524361676 0.9565712524402297 -0.044399999999999995
-0.44199999999999995 0.9567625858193554 0.9567625858234173 -0.044199999999999996
-0.43999999999999995 0.9569539574730467 0.9569539574771085 -0.044
-0.43799999999999994 0.9571453674048964 0.9571453674089581 -0.0438
-0.43599999999999994 0.957336815622561 0.9573368156266228 -0.0436
-0.43399999999999994 0.9575283021336983 0.9575283021377605 -0.043399999999999994
-0.43199999999999994 0.9577198269459679 0.9577198269500298 -0.043199999999999995
-0.42999999999999994 0.9579113900670306 0.957911390071092 -0.043
-0.42799999999999994 0.9581029915045491 0.9581029915086102 -0.0428
-0.42599999999999993 0.9582946312661874 0.9582946312702485 -0.0426
-0.42399999999999993 0.9584863093596111 0.9584863093636726 -0.04239999999999999
-0.42200000000000004 0.9586780257924872 0.9586780257965488 -0.04220000000000001
-0.42000000000000004 0.9588697805724845 0.958869780576546 -0.04200000000000001
-0.41800000000000004 0.9590615737072732 0.9590615737113346 -0.041800000000000004
-0.41600000000000004 0.959253405204525 0.959253405208586 -0.041600000000000005
-0.41400000000000003 0.959445275071913 0.9594452750759735 -0.041400000000000006
-0.41200000000000003 0.9596371833171122 0.9596371833211723 -0.04120000000000001
-0.41000000000000003 0.9598291299477989 0.9598291299518584 -0.04100000000000001
-0.40800000000000003 0.9600211149716509 0.9600211149757107 -0.0408
-0.406 0.9602131383963476 0.9602131384004078 -0.040600000000000004
-0.404 0.96040520022957 0.9604052002336302 -0.040400000000000005
-0.402 0.9605973004790005 0.9605973004830608 -0.04020000000000001
-0.4 0.9607894391523232 0.9607894391563834 -0.04000000000000001
-0.398 0.9609816162572236 0.9609816162612838 -0.0398
-0.396 0.9611738318013887 0.9611738318054485 -0.0396
-0.394 0.9613660857925073 0.9613660857965668 -0.039400000000000004
-0.392 0.9615583782382694 0.9615583782423291 -0.039200000000000006
-0.39 0.9617507091463667 0.9617507091504264 -0.03900000000000001
-0.388 0.9619430785244926 0.9619430785285523 -0.0388
-0.386 0.9621354863803417 0.9621354863844016 -0.0386
-0.384 0.9623279327216104 0.9623279327256701 -0.038400000000000004
-0.382 0.9625204175559966 0.9625204175600562 -0.038200000000000005
-0.38 0.9627129408911995 0.9627129408952593 -0.038000000000000006
-0.378 0.9629055027349203 0.96290550273898 -0.0378
-0.376 0.9630981030948612 0.9630981030989213 -0.0376
-0.374 0.9632907419787264 0.963290741982787 -0.0374
-0.372 0.9634834193942216 0.9634834193982825 -0.037200000000000004
-0.37 0.9636761353490535 0.9636761353531147 -0.037
-0.368 0.9638688898509309 0.963868889854993 -0.0368
-0.366 0.9640616829075641 0.9640616829116282 -0.0366
-0.364 0.9642545145266648 0.9642545145307284 -0.0364
-0.362 0.9644473847159462 0.9644473847200098 -0.0362
-0.36 0.9646402934831231 0.9646402934871872 -0.036
-0.358 0.9648332408359118 0.9648332408399756 -0.0358
-0.356 0.9650262267820303 0.9650262267860938 -0.0356
-0.354 0.965219251329198 0.9652192513332611 -0.0354
-0.352 0.9654123144851359 0.965412314489199 -0.0352
-0.35 0.9656054162575665 0.9656054162616301 -0.034999999999999996
-0.348 0.9657985566542139 0.9657985566582771 -0.0348
-0.346 0.9659917356828036 0.965991735686867 -0.0346
-0.344 0.9661849533510629 0.9661849533551263 -0.0344
-0.34199999999999997 0.9663782096667205 0.966378209670784 -0.0342
-0.33999999999999997 0.9665715046375066 0.9665715046415699 -0.033999999999999996
-0.33799999999999997 0.9667648382711531 0.9667648382752163 -0.0338
-0.33599999999999997 0.9669582105753931 0.9669582105794561 -0.0336
-0.33399999999999996 0.9671516215579617 0.9671516215620244 -0.0334
-0.33199999999999996 0.9673450712265954 0.9673450712306577 -0.0332
-0.32999999999999996 0.967538559589032 0.9675385595930939 -0.032999999999999995
-0.32799999999999996 0.9677320866530111 0.9677320866570727 -0.032799999999999996
-0.32599999999999996 0.9679256524262738 0.9679256524303352 -0.0326
-0.32399999999999995 0.9681192569165628 0.9681192569206241 -0.0324
-0.32199999999999995 0.9683129001316221 0.9683129001356833 -0.0322
-0.31999999999999995 0.9685065820791976 0.9685065820832587 -0.031999999999999994
-0.31799999999999995 0.9687003027670364 0.9687003027710981 -0.031799999999999995
-0.31599999999999995 0.9688940622028877 0.968894062206949 -0.031599999999999996
-0.31399999999999995 0.9690878603945013 0.9690878603985621 -0.0314
-0.31199999999999994 0.9692816973496297 0.96928169735369 -0.031199999999999995
-0.30999999999999994 0.9694755730760259 0.9694755730800859 -0.030999999999999996
-0.30799999999999994 0.9696694875814453 0.969669487585505 -0.030799999999999994
-0.30599999999999994 0.9698634408736443 0.9698634408777036 -0.030599999999999995
-0.30399999999999994 0.970057432960381 0.9700574329644404 -0.030399999999999996
-0.30199999999999994 0.9702514638494153 0.9702514638534745 -0.030199999999999994
-0.29999999999999993 0.9704455335485082 0.970445533552567 -0.029999999999999995
-0.29799999999999993 0.9706396420654225 0.9706396420694811 -0.029799999999999993
-0.29600000000000004 0.9708337894079228 0.9708337894119814 -0.029600000000000005
-0.29400000000000004 0.9710279755837746 0.9710279755878329 -0.029400000000000006
-0.29200000000000004 0.9712222006007456 0.9712222006048038 -0.029200000000000004
-0.29000000000000004 0.9714164644666048 0.9714164644706627 -0.029000000000000005
-0.28800000000000003 0.9716107671891228 0.9716107671931806 -0.028800000000000006
-0.28600000000000003 0.9718051087760714 0.9718051087801292 -0.028600000000000004
-0.28400000000000003 0.9719994892352246 0.9719994892392818 -0.028400000000000005
-0.28200000000000003 0.9721939085743575 0.9721939085784146 -0.028200000000000003
-0.28 0.9723883668012469 0.9723883668053039 -0.028000000000000004
-0.278 0.9725828639236711 0.972582863927728 -0.027800000000000005
-0.276 0.9727773999494099 0.9727773999534669 -0.027600000000000003
-0.274 0.9729719748862449 0.9729719748903106 -0.027400000000000004
-0.272 0.973166588741959 0.9731665887460503 -0.027200000000000002
-0.27 0.9733612415243368 0.9733612415284502 -0.027000000000000003
-0.268 0.9735559332411644 0.9735559332452643 -0.026800000000000004
-0.266 0.9737506639002294 0.9737506639042803 -0.026600000000000002
-0.264 0.9739454335093212 0.973945433513332 -0.026400000000000003
-0.262 0.9741402420762303 0.9741402420802647 -0.0262
-0.26 0.9743350896087494 0.9743350896128756 -0.026000000000000002
-0.258 0.9745299761146721 0.9745299761188775 -0.025800000000000003
-0.256 0.9747249016017939 0.9747249016059507 -0.0256
-0.254 0.974919866077912 0.9749198660818672 -0.025400000000000002
-0.252 0.9751148695508249 0.975114869554593 -0.0252
-0.25 0.9753099120283326 0.9753099120322634 -0.025
-0.248 0.975504993518237 0.9755049935230619 -0.024800000000000003
-0.246 0.9757001140283413 0.9757001140350952 -0.0246
-0.244 0.9758952735664502 0.9758952735763815 -0.0244
-0.242 0.9760904721403703 0.9760904721549734 -0.0242
-0.24 0.9762857097579093 0.976285709779114 -0.024
-0.238 0.9764809864268769 0.9764809864573664 -0.0238
-0.236 0.976676302155084 0.9766763021986873 -0.0236
-0.23399999999999999 0.9768716569503434 0.976871657012496 -0.0234
-0.23199999999999998 0.9770670508204692 0.9770670509087983 -0.0232
-0.22999999999999998 0.9772624837732771 0.9772624838984068 -0.023
-0.22799999999999998 0.9774579558165845 0.9774579559932733 -0.0228
-0.22599999999999998 0.9776534669582103 0.9776534672069278 -0.0226
-0.22399999999999998 0.9778490172059748 0.9778490175550498 -0.0224
-0.22199999999999998 0.9780446065677002 0.9780446070562182 -0.022199999999999998
-0.21999999999999997 0.97824023505121 0.9782402357329326 -0.022
-0.21799999999999997 0.9784359026643293 0.9784359036129815 -0.0218
-0.21599999999999997 0.9786316094148849 0.9786316107312781 -0.021599999999999998
-0.21399999999999997 0.978827355310705 0.9788273571323021 -0.0214
-0.21199999999999997 0.9790231403596195 0.9790231428733146 -0.021199999999999997
-0.20999999999999996 0.9792189645694596 0.9792189680286095 -0.020999999999999998
-0.20799999999999996 0.9794148279480585 0.9794148326951069 -0.0208
-0.20599999999999996 0.9796107305032505 0.97961073699971 -0.020599999999999997
-0.20399999999999996 0.9798066722428721 0.9798066811089079 -0.020399999999999998
-0.20199999999999996 0.9800026531747605 0.9800026652413116 -0.020199999999999996
-0.19999999999999996 0.9801986733067553 0.9801986896839142 -0.019999999999999997
-0.19799999999999995 0.9803947326466971 0.9803947548131423 -0.019799999999999998
-0.19599999999999995 0.9805908312024284 0.9805908611220353 -0.019599999999999996
-0.19399999999999995 0.980786968981793 0.9807870092551885 -0.019399999999999997
-0.19199999999999995 0.9809831459926365 0.9809832000535395 -0.019199999999999995
-0.18999999999999995 0.981179362242806 0.981179434611566 -0.018999999999999996
-0.18799999999999994 0.9813756177401501 0.9813757143500937 -0.018799999999999997
-0.18599999999999994 0.9815719124925191 0.9815720411086459 -0.018599999999999995
-0.18399999999999994 0.9817682465077646 0.9817684172621683 -0.018399999999999996
-0.18199999999999994 0.9819646197937403 0.9819648458680671 -0.018199999999999994
-0.17999999999999994 0.9821610323583008 0.9821613308507273 -0.017999999999999995
-0.17799999999999994 0.9823574842093027 0.9823578772322936 -0.017799999999999993
-0.17599999999999993 0.9825539753546041 0.9825544914202242 -0.017599999999999994
-0.17399999999999993 0.9827505058020646 0.9827511815643409 -0.017399999999999995
-0.17199999999999993 0.9829470755595455 0.9829479579984574 -0.017199999999999993
-0.16999999999999993 0.9831436846349096 0.9831448337845925 -0.016999999999999994
-0.16799999999999993 0.9833403330360212 0.9833418253809347 -0.016799999999999992
-0.16600000000000004 0.9835370207707462 0.9835389534586605 -0.016600000000000004
-0.16400000000000003 0.9837337478469523 0.9837362438965731 -0.016400000000000005
-0.16200000000000003 0.9839305142725083 0.9839337289875634 -0.016200000000000003
-0.16000000000000003 0.9841273200552851 0.9841314488954682 -0.016000000000000004
-0.15800000000000003 0.9843241652031548 0.984329453407017 -0.015800000000000005
-0.15600000000000003 0.9845210497239912 0.9845278040284428 -0.015600000000000003
-0.15400000000000003 0.9847179736256698 0.9847265764833184 -0.015400000000000004
-0.15200000000000002 0.9849149369160675 0.9849258636724285 -0.015200000000000003
-0.15000000000000002 0.9851119396030626 0.9851257791637108 -0.015000000000000003
-0.14800000000000002 0.9853089816945356 0.9853264612819461 -0.014800000000000002
-0.14600000000000002 0.985506063198368 0.9855280778739268 -0.014600000000000002
-0.14400000000000002 0.985703184122443 0.9857308318203551 -0.014400000000000003
-0.14200000000000002 0.9859003444746455 0.9859349673681572 -0.014200000000000003
-0.14 0.9860975442628619 0.9861407773404158 -0.014000000000000002
-0.138 0.9862947834949802 0.9863486112760722 -0.013800000000000002
-0.136 0.98649206217889 0.9865588845136037 -0.013600000000000001
-0.134 0.9866893803224824 0.9867720882159099 -0.013400000000000002
-0.132 0.9868867379336502 0.9869888002610938 -0.013200000000000002
-0.13 0.9870841350202876 0.9872096968911765 -0.013000000000000001
-0.128 0.9872815715902905 0.9874355648872446 -0.0128
-0.126 0.9874790476515565 0.9876673139946968 -0.0126
-0.124 0.9876765632119844 0.9879059891320346 -0.012400000000000001
-0.122 0.987874118279475 0.988152781881294 -0.0122
-0.12 0.9880717128619305 0.9884090404925445 -0.012
-0.118 0.9882693469672547 0.9886762776682726 -0.0118
-0.11599999999999999 0.9884670206033528 0.9889561750588081 -0.0116
-0.11399999999999999 0.9886647337781319 0.9892505836202811 -0.0114
-0.11199999999999999 0.9888624864995005 0.9895615185961443 -0.0112
-0.10999999999999999 0.9890602787753687 0.9898911484793463 -0.011
-0.10799999999999998 0.9892581106136482 0.9902417768428511 -0.010799999999999999
-0.10599999999999998 0.9894559820222522 0.9906158171407233 -0.010599999999999998
-0.10399999999999998 0.9896538930090956 0.9910157598633835 -0.0104
-0.10199999999999998 0.9898518435820949 0.9914441335223038 -0.010199999999999999
-0.09999999999999998 0.9900498337491681 0.9919034595001908 -0.009999999999999998
-0.09799999999999998 0.9902478635182347 0.992396204068221 -0.009799999999999998
-0.09599999999999997 0.990445932897216 0.9929247278015422 -0.009599999999999997
-0.09399999999999997 0.9906440418940348 0.9934912376024649 -0.009399999999999999
-0.09199999999999997 0.9908421905166154 0.9940977404262485 -0.009199999999999998
-0.08999999999999997 0.9910403787728836 0.9947460057544601 -0.008999999999999998
-0.08799999999999997 0.9912386066707672 0.9954375326668494 -0.008799999999999997
-0.08599999999999997 0.9914368742181953 0.9961735309181154 -0.008599999999999997
-0.08399999999999996 0.9916351814230984 0.9969549059794349 -0.008399999999999996
-0.08199999999999996 0.9918335282934089 0.9977822619564111 -0.008199999999999997
-0.07999999999999996 0.9920319148370607 0.9986559030739719 -0.007999999999999997
-0.07799999999999996 0.9922303410619892 0.9995758568764054 -0.007799999999999996
-0.07599999999999996 0.9924288069761313 1.0005418853019314 -0.007599999999999996
-0.07399999999999995 0.9926273125874261 1.0015535243990747 -0.007399999999999996
-0.07199999999999995 0.9928258579038134 1.0026100949007601 -0.0071999999999999955
-0.06999999999999995 0.9930244429332351 1.0037107560411318 -0.006999999999999996
-0.06799999999999995 0.9932230676836347 1.004854503780559 -0.006799999999999995
-0.06599999999999995 0.9934217321629571 1.0060402409890075 -0.006599999999999995
-0.06399999999999995 0.993620436379149 1.0072667492619503 -0.006399999999999995
-0.061999999999999944 0.9938191803401585 1.0085327854523958 -0.006199999999999995
-0.05999999999999994 0.9940179640539353 1.0098370078458356 -0.005999999999999995
-0.05799999999999994 0.9942167875284308 1.0111781205617247 -0.005799999999999994
-0.05599999999999994 0.9944156507715979 1.0125547238042323 -0.005599999999999994
-0.05399999999999994 0.9946145537913912 1.0139655456563168 -0.005399999999999994
-0.051999999999999935 0.9948134965957668 1.0154091650679216 -0.005199999999999994
-0.04999999999999993 0.9950124791926823 1.016884400228818 -0.004999999999999994
-0.04799999999999993 0.9952115015900972 1.018389815118487 -0.0047999999999999935
-0.04599999999999993 0.9954105637959723 1.0199243842130286 -0.004599999999999993
-0.04399999999999993 0.99560966581827 1.021486627115494 -0.004399999999999993
-0.041999999999999926 0.9958088076649545 1.0230757567760107 -0.004199999999999993
-0.040000000000000036 0.9960079893439915 1.0246901714022623 -0.0040000000000000036
-0.038000000000000034 0.9962072108633482 1.02632944500576 -0.0038000000000000035
-0.03600000000000003 0.9964064722309933 1.0279917055959826 -0.0036000000000000034
-0.03400000000000003 0.9966057734548976 1.029677090129431 -0.0034000000000000033
-0.03200000000000003 0.9968051145430329 1.031383190716535 -0.003200000000000003
-0.030000000000000027 0.997004495503373 1.033111053209634 -0.0030000000000000027
-0.028000000000000025 0.9972039163438929 1.03485727059237 -0.0028000000000000026
-0.026000000000000023 0.9974033770725698 1.0366243980723286 -0.0026000000000000025
-0.02400000000000002 0.9976028776973818 1.0384072267341877 -0.0024000000000000024
-0.02200000000000002 0.997802418226309 1.0402108664636438 -0.002200000000000002
-0.020000000000000018 0.9980019986673331 1.0420269150514174 -0.0020000000000000018
-0.018000000000000016 0.9982016190284373 1.0438648592875293 -0.0018000000000000017
-0.016000000000000014 0.9984012793176064 1.0457106848905304 -0.0016000000000000016
-0.014000000000000012 0.9986009795428267 1.0475814450016616 -0.0014000000000000013
-0.01200000000000001 0.9988007197120864 1.0494532734897128 -0.0012000000000000012
-0.010000000000000009 0.999000499833375 1.0513564461540432 -0.0010000000000000009
-0.008000000000000007 0.9992003199146837 1.0532496370528295 -0.0008000000000000008
-0.006000000000000005 0.9994001799640054 1.0551868172819232 -0.0006000000000000006
-0.0040000000000000036 0.9996000799893344 1.057094983735492 -0.0004000000000000004
-0.0020000000000000018 0.9998000199986667 1.059080728564496 -0.0002000000000000002
0.0 1.0 1.0608693193127903 0.0
0.0020000000000000018 1.6520220128834644 1.7554620826641711 0.502
0.0040000000000000036 1.655329363157055 1.7605901006081306 0.504
0.006000000000000005 1.6586433347503051 1.765885875387093 0.506
0.008000000000000007 1.6619639409191058 1.771196416999647 0.508
0.010000000000000009 1.6652911949458864 1.7765203473137645 0.51
0.01200000000000001 1.668625110139667 1.7818615588700115 0.512
0.014000000000000012 1.6719656998361128 1.7872193145286366 0.514
0.016000000000000014 1.6753129773975874 1.792593130600749 0.516
0.018000000000000016 1.6786669562132053 1.7979829223107813 0.518
0.020000000000000018 1.6820276496988864 1.8033886203332135 0.52
0.02200000000000002 1.6853950712974088 1.8088101374210217 0.522
0.02400000000000002 1.6887692344784637 1.8142473882950996 0.524
0.026000000000000023 1.6921501527387082 1.8197002919806375 0.526
0.028000000000000025 1.69553783960182 1.8251687706307342 0.528
0.030000000000000027 1.6989323086185506 1.8306527492524656 0.53
0.03200000000000003 1.7023335733667813 1.8361521556497542 0.532
0.03400000000000003 1.705741647451575 1.8416669203177458 0.534
0.03600000000000003 1.7091565445052328 1.847196976327278 0.536
0.038000000000000034 1.7125782781873475 1.8527422592201712 0.538
0.040000000000000036 1.7160068621848585 1.858302706917013 0.54
0.04200000000000004 1.7194423102121061 1.8638782596381271 0.542
0.04400000000000004 1.7228846360108874 1.8694688598373177 0.544
0.04600000000000004 1.7263338533505097 1.8750744521452642 0.546
0.04800000000000004 1.7297899760278472 1.880694983317155 0.548
0.050000000000000044 1.7332530178673953 1.8863304021784046 0.55
0.052000000000000046 1.736722992721326 1.8919806595634798 0.552
0.05400000000000005 1.7401999144695428 1.8976457082457974 0.554
0.05600000000000005 1.743683797019738 1.90332550285985 0.556
0.05800000000000005 1.7471746543074462 1.9090199998190538 0.558
0.06000000000000005 1.7506725002961012 1.9147291572336889 0.56
0.062000000000000055 1.7541773489770915 1.9204529348332673 0.562
0.06400000000000006 1.7576892143698168 1.926191293897183 0.5640000000000001
0.06600000000000006 1.761208110521743 1.9319441971970548 0.5660000000000001
0.06800000000000006 1.7647340515084595 1.9377116089529953 0.5680000000000001
0.07000000000000006 1.7682670514337353 1.943493494803654 0.5700000000000001
0.07200000000000006 1.7718071244295743 1.9492898217863202 0.5720000000000001
0.07400000000000007 1.7753542846562735 1.9551005583202627 0.5740000000000001
0.07600000000000007 1.7789085463024785 1.9609256741856456 0.5760000000000001
0.07800000000000007 1.7824699235852406 1.9667651404925939 0.5780000000000001
0.08000000000000007 1.7860384307500734 1.9726189296393033 0.5800000000000001
0.08200000000000007 1.789614082071011 1.9784870152620133 0.5820000000000001
0.08400000000000007 1.7931968918506627 1.9843693721811162 0.5840000000000001
0.08600000000000008 1.7967868744202729 1.9902659763464194 0.5860000000000001
0.08800000000000008 1.8003840441397765 1.9961768047826973 0.5880000000000001
0.09000000000000008 1.8039884153978571 2.002101835536294 0.5900000000000001
0.09200000000000008 1.8076000026120047 2.008041047625575 0.5920000000000001
0.09400000000000008 1.8112188202285728 2.0139944210003136 0.5940000000000001
0.09600000000000009 1.8148448827228367 2.019961936514966 0.5960000000000001
0.09800000000000009 1.8184782045990515 2.025943575916613 0.5980000000000001
0.10000000000000009 1.822118800390509 2.0319393218421844 0.6000000000000001
0.10200000000000009 1.825766684659598 2.0379491578155884 0.6020000000000001
0.10400000000000009 1.8294218719978597 2.043973068236916 0.6040000000000001
0.1060000000000001 1.8330843770260488 2.050011038362726 0.6060000000000001
0.1080000000000001 1.83675421439419 2.056063054283613 0.6080000000000001
0.1100000000000001 1.8404313987816376 2.062129102907294 0.6100000000000001
0.1120000000000001 1.8441159448971345 2.06820917194977 0.6120000000000001
0.1140000000000001 1.8478078674788696 2.0743032499273757 0.6140000000000001
0.1160000000000001 1.8515071812945385 2.0804113261362405 0.6160000000000001
0.1180000000000001 1.8552139011414013 2.0865333906087873 0.6180000000000001
0.1200000000000001 1.8589280418463423 2.092669434049329 0.6200000000000001
0.12200000000000011 1.8626496182659291 2.098819447765111 0.6220000000000001
0.12400000000000011 1.8663786452864726 2.1049834236152813 0.6240000000000001
0.1260000000000001 1.8701151378240857 2.1111613539924172 0.6260000000000001
0.1280000000000001 1.8738591108247435 2.1173532318329547 0.6280000000000001
0.13000000000000012 1.8776105792643434 2.123559050634925 0.6300000000000001
0.13200000000000012 1.8813695581487635 2.1297788044553645 0.6320000000000001
0.13400000000000012 1.8851360625139248 2.1360124878708624 0.6340000000000001
0.13600000000000012 1.8889101074258499 2.142260095908907 0.6360000000000001
0.13800000000000012 1.8926917079807228 2.148521623982764 0.6380000000000001
0.14000000000000012 1.8964808793049517 2.1547970678757404 0.6400000000000001
0.14200000000000013 1.900277636555226 2.161086423813231 0.6420000000000001
0.14400000000000013 1.9040819949185805 2.1673896886320607 0.6440000000000001
0.14600000000000013 1.9078939696124535 2.1737068600123055 0.6460000000000001
0.14800000000000013 1.9117135758847486 2.180037936687743 0.6480000000000001
0.15000000000000013 1.9155408290138962 2.186382918515598 0.6500000000000001
0.15200000000000014 1.9193757443089141 2.192741806289372 0.6520000000000001
0.15399999999999991 1.923218337109468 2.1991146012439193 0.6539999999999999
0.15599999999999992 1.9270686227859348 2.2055013043324956 0.6559999999999999
0.15799999999999992 1.9309266167394623 2.2119019155151287 0.6579999999999999
0.15999999999999992 1.9347923344020315 2.2183164334108696 0.6599999999999999
0.16199999999999992 1.9386657912365177 2.2247448556419838 0.6619999999999999
0.16399999999999992 1.942547002736754 2.2311871799779097 0.6639999999999999
0.16599999999999993 1.9464359844275911 2.2376434060022623 0.6659999999999999
0.16799999999999993 1.9503327518649614 2.244113536627029 0.6679999999999999
0.16999999999999993 1.9542373206359394 2.2505975785946726 0.6699999999999999
0.17199999999999993 1.9581497063588056 2.2570955413360654 0.6719999999999999
0.17399999999999993 1.9620699246831081 2.263607434213018 0.6739999999999999
0.17599999999999993 1.9659979912897256 2.2701332630489164 0.6759999999999999
0.17799999999999994 1.9699339218909295 2.276673027527891 0.6779999999999999
0.17999999999999994 1.9738777322304475 2.283226721088021 0.6799999999999999
0.18199999999999994 1.9778294380835262 2.289794334122554 0.6819999999999999
0.18399999999999994 1.9817890552569946 2.2963758598175277 0.6839999999999999
0.18599999999999994 1.985756599589326 2.3029713004113126 0.6859999999999999
0.18799999999999994 1.9897320869507038 2.3095806708797717 0.688
0.18999999999999995 1.9937155332430823 2.316203997622898 0.69
0.19199999999999995 1.997706954400252 2.322841311646115 0.692
0.19399999999999995 2.0017063663879027 2.329492638291967 0.694
0.19599999999999995 2.0057137852036884 2.3361579876441247 0.696
0.19799999999999995 2.0097292268772886 2.3428373501814734 0.698
0.19999999999999996 2.0137527074704766 2.349530700557014 0.7
0.20199999999999996 2.017784243077179 2.3562380089548816 0.702
0.20399999999999996 2.0218238498235444 2.3629592557888177 0.704
0.20599999999999996 2.0258715438680044 2.369694443405105 0.706
0.20799999999999996 2.0299273414013412 2.3764435991971276 0.708
0.20999999999999996 2.0339912586467506 2.3832067680165565 0.71
0.21199999999999997 2.038063311859906 2.389983996529627 0.712
0.21399999999999997 2.0421435173290265 2.3967753161264858 0.714
0.21599999999999997 2.0462318913749393 2.4035807322663127 0.716
0.21799999999999997 2.050328450351146 2.410400225785672 0.718
0.21999999999999997 2.0544332106438876 2.417233766313236 0.72
0.22199999999999998 2.0585461886722114 2.4240813318515615 0.722
0.22399999999999998 2.062667400888034 2.43094292500924 0.724
0.22599999999999998 2.0667968637762106 2.4378185775037204 0.726
0.22799999999999998 2.070934593854598 2.444708340043525 0.728
0.22999999999999998 2.0750806076741224 2.4516122617541063 0.73
0.23199999999999998 2.0792349218188444 2.4585303685186193 0.732
0.23399999999999999 2.0833975529060256 2.465462650742666 0.734
0.236 2.087568517586196 2.472409067653361 0.736
0.238 2.091747832543221 2.4793695682285346 0.738
0.24 2.0959355144943643 2.4863441204461587 0.74
0.242 2.100131580190361 2.4933327345549747 0.742
0.244 2.104336046415478 2.500335466916834 0.744
0.246 2.108548929987587 2.50735240033029 0.746
0.248 2.1127702477582266 2.514383610064496 0.748
0.25 2.117000016612675 2.5214291328529272 0.75
0.252 2.121238253470012 2.5284889529610575 0.752
0.254 2.1254849752831912 2.5355630096608968 0.754
0.256 2.1297401990391056 2.5426512237570504 0.756
0.258 2.134003941758656 2.549753538294763 0.758
0.26 2.1382762204968184 2.5568699607971523 0.76
0.262 2.142557052342714 2.564000580848883 0.762
0.264 2.146846454419676 2.571145538739776 0.764
0.266 2.1511444438853182 2.5783049548341817 0.766
0.268 2.155451037931604 2.585478869061857 0.768
0.27 2.159766253784915 2.592667234407998 0.77
0.272 2.1640901087061213 2.5998699540261994 0.772
0.274 2.168422619990648 2.6070869150467333 0.774
0.276 2.1727638049685454 2.614318004558363 0.776
0.278 2.1771136810045597 2.6215631480705115 0.778
0.28 2.181472265498201 2.6288223939617317 0.78
0.28200000000000003 2.185839575883813 2.6360959704609312 0.782
0.28400000000000003 2.190215629630643 2.6433841882646347 0.784
0.28600000000000003 2.194600444242912 2.6506871904876714 0.786
0.28800000000000003 2.198994037259884 2.658004797789814 0.788
0.29000000000000004 2.203396426255937 2.6653367131711603 0.79
0.29200000000000004 2.2078076288406328 2.6726829014481606 0.792
0.29400000000000004 2.2122276626587873 2.680043545871916 0.794
0.29600000000000004 2.2166565453905425 2.687418503152036 0.796
0.29800000000000004 2.221094294751435 2.6948072367333697 0.798
0.30000000000000004 2.225540928492468 2.7022098174295706 0.8
0.30200000000000005 2.2299964644001817 2.709627481213443 0.802
0.30400000000000005 2.2344609202967267 2.7170610967394877 0.804
0.30600000000000005 2.2389343140399323 2.724509575562565 0.806
0.30800000000000005 2.243416663523379 2.731971614468979 0.808
0.31000000000000005 2.2479079866764717 2.739448290605886 0.81
0.31200000000000006 2.2524083014645075 2.7469408112288516 0.812
0.31400000000000006 2.256917625888753 2.7544468585276762 0.8140000000000001
0.31600000000000006 2.261435977986511 2.761964354792524 0.8160000000000001
0.31800000000000006 2.265963375831196 2.7694967965683306 0.8180000000000001
0.32000000000000006 2.270499837532406 2.7770470671921483 0.8200000000000001
0.32200000000000006 2.275045381235993 2.784610569611264 0.8220000000000001
0.32400000000000007 2.2796000251241386 2.79218544593133 0.8240000000000001
0.32600000000000007 2.2841637874154244 2.7997794082982774 0.8260000000000001
0.32800000000000007 2.288736686364905 2.807392647318631 0.8280000000000001
0.33000000000000007 2.293318740264183 2.8150140777433785 0.8300000000000001
0.3320000000000001 2.2979099674414796 2.822647120515396 0.8320000000000001
0.3340000000000001 2.30251038626171 2.8303033384394536 0.8340000000000001
0.3360000000000001 2.3071200151265554 2.8379692595164787 0.8360000000000001
0.3380000000000001 2.3117388724745376 2.8456356393174174 0.8380000000000001
0.3400000000000001 2.316366976781092 2.8533313019934896 0.8400000000000001
0.3420000000000001 2.3210043465586416 2.861057620828953 0.8420000000000001
0.3440000000000001 2.3256510003566726 2.8687736102865298 0.8440000000000001
0.3460000000000001 2.330306956761806 2.8765009576005913 0.8460000000000001
0.3480000000000001 2.334972234397873 2.884281156502043 0.8480000000000001
0.3500000000000001 2.339646851925991 2.8920530590781692 0.8500000000000001
0.3520000000000001 2.3443308280446367 2.8998022273008353 0.8520000000000001
0.3540000000000001 2.3490241814897197 2.9076318074399445 0.8540000000000001
0.3560000000000001 2.3537269310346614 2.9154825562465327 0.8560000000000001
0.3580000000000001 2.358439095490465 2.9232385639912137 0.8580000000000001
0.3600000000000001 2.363160693705795 2.9310803921208417 0.8600000000000001
0.3620000000000001 2.3678917445670513 2.93900001726179 0.8620000000000001
0.3640000000000001 2.3726322669984428 2.945588425177902 0.8640000000000001
0.3660000000000001 2.3773822799620654 2.9425635568840924 0.8660000000000001
0.3680000000000001 2.382141802457978 2.8316682935207727 0.8680000000000001
0.3700000000000001 2.386910853524277 2.5577043875556695 0.8700000000000001
0.3720000000000001 2.391689452237172 2.410279815122927 0.8720000000000001
0.3740000000000001 2.3964776177110654 2.3982893691721907 0.8740000000000001
0.3760000000000001 2.4012753690986246 2.4015496203006634 0.8760000000000001
0.3780000000000001 2.406082725590862 2.406146638937373 0.8780000000000001
0.3800000000000001 2.41089970641721 2.4109318579129897 0.8800000000000001
0.3820000000000001 2.4157263308455983 2.415751931109982 0.8820000000000001
0.3840000000000001 2.420562618182531 2.4205855114856756 0.8840000000000001
0.3860000000000001 2.4254085877731635 2.4254293771117994 0.8860000000000001
0.3880000000000001 2.430264259001381 2.4302830617101767 0.8880000000000001
0.3900000000000001 2.435129651289875 2.4351466475696024 0.8900000000000001
0.3920000000000001 2.440004784100221 2.4400201763019727 0.8920000000000001
0.39400000000000013 2.4448896769329567 2.444903611980883 0.8940000000000001
0.39600000000000013 2.44978434932766 2.4497969529091996 0.8960000000000001
0.39800000000000013 2.454688820863027 2.4547002191289526 0.8980000000000001
0.40000000000000013 2.45960311115695 2.459613418694774 0.9000000000000001
0.40200000000000014 2.4645272398665976 2.4645365570800104 0.9020000000000001
0.40400000000000014 2.4694612266884906 2.46946964584429 0.9040000000000001
0.40600000000000014 2.4744050913585824 2.4744126977337872 0.9060000000000001
0.4079999999999999 2.479358853652339 2.479365724374391 0.9079999999999999
0.4099999999999999 2.4843225333848165 2.4843287380851335 0.9099999999999999
0.4119999999999999 2.48929615041074 2.4893017523554652 0.9119999999999999
0.4139999999999999 2.4942797246245836 2.4942847812244273 0.9139999999999999
0.4159999999999999 2.499273275960652 2.4992778392136827 0.9159999999999999
0.4179999999999999 2.5042768243931564 2.5042809414762304 0.9179999999999999
0.41999999999999993 2.5092903899362975 2.509294103690511 0.9199999999999999
0.42199999999999993 2.514313992644344 2.514317341918103 0.9219999999999999
0.42399999999999993 2.5193476526117133 2.5193506725830783 0.9239999999999999
0.42599999999999993 2.5243913899730526 2.5243941124812284 0.9259999999999999
0.42799999999999994 2.5294452249033177 2.5294476787602544 0.9279999999999999
0.42999999999999994 2.5345091776178545 2.5345113888917847 0.9299999999999999
0.43199999999999994 2.5395832683724815 2.5395852606479754 0.9319999999999999
0.43399999999999994 2.544667517463568 2.5446693120756416 0.9339999999999999
0.43599999999999994 2.5497619452281173 2.549763561471217 0.9359999999999999
0.43799999999999994 2.554866572043847 2.554868027359935 0.938
0.43999999999999995 2.5599814183292713 2.559982728481632 0.94
0.44199999999999995 2.5651065045437824 2.565107683775623 0.942
0.44399999999999995 2.570241851187732 2.570242912368751 0.944
0.44599999999999995 2.575387478802513 2.575388433559071 0.946
0.44799999999999995 2.580543407970643 2.5805442668061795 0.948
0.44999999999999996 2.585709659315846 2.5857104317140824 0.95
0.45199999999999996 2.590886253503134 2.5908869480269487 0.952
0.45399999999999996 2.59607321123889 2.596073835610846 0.954
0.45599999999999996 2.6012705532709526 2.6012711144584904 0.956
0.45799999999999996 2.6064783003886967 2.6064788046659157 0.958
0.45999999999999996 2.611696473423118 2.6116969264501364 0.96
0.46199999999999997 2.6169250932469144 2.6169255001126235 0.962
0.46399999999999997 2.6221641807745737 2.6221645460778054 0.964
0.46599999999999997 2.627413756962452 2.6274140848296907 0.966
0.46799999999999997 2.6326738428088614 2.6326741369873803 0.968
0.47 2.6379444593541526 2.6379447231911755 0.97
0.472 2.643225627680798 2.6432258642465194 0.972
0.474 2.648517368913479 2.6485175809173165 0.974
0.476 2.6538197042191665 2.653819894196908 0.976
0.478 2.6591326548072094 2.6591328249307797 0.978
0.48 2.664456241929417 2.664456394321504 0.98
0.482 2.669790486880145 2.6697906232367954 0.982
0.484 2.6751354109963805 2.6751355331436653 0.984
0.486 2.6804910356578264 2.6804911448368056 0.986
0.488 2.685857382286989 2.685857480160608 0.988
0.49 2.691234472349262 2.6912345596691964 0.99
0.492 2.696622327353013 2.696622405803585 0.992
0.494 2.7020209688496686 2.702021038564477 0.994
0.496 2.7074304184338023 2.7074304814415067 0.996
0.498 2.7128506977432196 2.712850753128122 0.998
0.5 2.718281828459045 2.7182818791828627 1.0
0.502 4.063318482587936 4.063318550693767 1.4020000000000001
0.504 4.071453251610544 4.07145331526438 1.404
0.506 4.079604306451589 4.079604365437247 1.4060000000000001
0.508 4.087771679715297 4.08777173445287 1.408
0.51 4.0959554040711765 4.095955454882624 1.4100000000000001
0.512 4.104155512254132 4.104155559416391 1.412
0.514 4.112372037064611 4.112372080838744 1.4140000000000001
0.516 4.120605011368718 4.120605051998154 1.416
0.518 4.128854468098368 4.128854505808755 1.4180000000000001
0.52 4.137120440251392 4.137120475252097 1.42
0.522 4.145402960891697 4.145402993377066 1.4220000000000002
0.524 4.153702063149369 4.1537020932998265 1.424
0.526 4.162017780220835 4.162017808203871 1.4260000000000002
0.528 4.170350145368969 4.1703501713400595 1.428
0.53 4.178699191923247 4.178699216026732 1.4300000000000002
0.532 4.1870649532798625 4.1870649756497516 1.432
0.534 4.195447462901875 4.195447483662571 1.4340000000000002
0.536 4.203846754319332 4.203846773586331 1.436
0.538 4.212262861129413 4.212262879009953 1.4380000000000002
0.54 4.220695816996552 4.2206958335901925 1.44
0.542 4.22914565565259 4.229145671051757 1.4420000000000002
0.544 4.237612410896887 4.2376124251873915 1.444
0.546 4.24609611659648 4.24609612985799 1.4460000000000002
0.548 4.254596806686198 4.254596818992665 1.448
0.55 4.263114515168819 4.263114526588895 1.4500000000000002
0.552 4.271649276115181 4.2716492867126075 1.452
0.554 4.280201123664346 4.28020113349829 1.4540000000000002
0.556 4.288770092023711 4.288770101149101 1.456
0.558 4.297356215469163 4.297356223936984 1.4580000000000002
0.56 4.305959528345206 4.305959536202776 1.46
0.562 4.314580065065106 4.314580072356355 1.4620000000000002
0.5640000000000001 4.323217860111016 4.3232178668767185 1.464
0.5660000000000001 4.331872948034133 4.331872954312136 1.4660000000000002
0.5680000000000001 4.340545363454815 4.340545369280245 1.468
0.5700000000000001 4.349235141062742 4.349235146468193 1.4700000000000002
0.5720000000000001 4.357942315617029 4.357942320632768 1.472
0.5740000000000001 4.366666921946392 4.366666926600506 1.4740000000000002
0.5760000000000001 4.375408994949263 4.3754089992678065 1.476
0.5780000000000001 4.384168569593949 4.3841685736011 1.4780000000000002
0.5800000000000001 4.392945680918757 4.392945684636961 1.48
0.5820000000000001 4.401740364032148 4.401740367482241 1.4820000000000002
0.5840000000000001 4.410552654112862 4.410552657314181 1.484
0.5860000000000001 4.419382586410075 4.4193825893805565 1.4860000000000002
0.5880000000000001 4.428230196243525 4.428230198999812 1.488
0.5900000000000001 4.437095519003665 4.43709552156119 1.4900000000000002
0.5920000000000001 4.445978590151796 4.445978592524879 1.492
0.5940000000000001 4.454879445220218 4.454879447422149 1.4940000000000002
0.5960000000000001 4.463798119812358 4.463798121855477 1.496
0.5980000000000001 4.472734649602931 4.472734651498694 1.4980000000000002
0.6000000000000001 4.4816890703380645 4.481689072097115 1.5
0.6020000000000001 4.490661417835457 4.4906614194676715 1.5020000000000002
0.6040000000000001 4.4996517279845065 4.499651729499037 1.504
0.6060000000000001 4.508660036746469 4.508660038151809 1.5060000000000002
0.6080000000000001 4.517686380154588 4.517686381458612 1.508
0.6100000000000001 4.526730794314253 4.5267307955242675 1.5100000000000002
0.6120000000000001 4.535793315403129 4.535793316525904 1.512
0.6140000000000001 4.544873979671317 4.544873980713132 1.5140000000000002
0.6160000000000001 4.553972823441481 4.553972824408165 1.516
0.6180000000000001 4.563089883109013 4.563089884005979 1.5180000000000002
0.6200000000000001 4.572225195142159 4.572225195974439 1.52
0.6220000000000001 4.581378796082184 4.581378796854438 1.5220000000000002
0.6240000000000001 4.590550722543501 4.590550723260057 1.524
0.6260000000000001 4.59974101121383 4.5997410118787 1.5260000000000002
0.6280000000000001 4.608949698854334 4.608949699471244 1.528
0.6300000000000001 4.618176822299782 4.618176822872188 1.5300000000000002
0.6320000000000001 4.627422418458674 4.627422418989786 1.532
0.6340000000000001 4.636686524313412 4.636686524806216 1.5340000000000003
0.6360000000000001 4.645969176920428 4.6459691773776886 1.536
0.6380000000000001 4.6552704134103475 4.655270413834623 1.5380000000000003
0.6400000000000001 4.664590270988126 4.664590271381787 1.54
0.6420000000000001 4.67392878693321 4.673928787298461 1.5420000000000003
0.6440000000000001 4.683285998599671 4.68328599893856 1.544
0.6460000000000001 4.692661943416374 4.692661943730795 1.5460000000000003
0.6480000000000001 4.702056658887105 4.702056659178828 1.548
0.6500000000000001 4.711470182590743 4.711470182861396 1.5500000000000003
0.6520000000000001 4.720902552181391 4.72090255243249 1.552
0.6540000000000001 4.730353805388544 4.730353805621496 1.5540000000000003
0.6560000000000001 4.739823980017224 4.739823980233342 1.556
0.6580000000000001 4.749313113948146 4.749313114148649 1.5580000000000003
0.6600000000000001 4.758821245137854 4.758821245323869 1.56
0.6620000000000001 4.768348411618891 4.768348411791463 1.5620000000000003
0.6640000000000001 4.7778946514999285 4.777894651660024 1.564
0.6659999999999999 4.787460002965942 4.787460003114447 1.5659999999999998
0.6679999999999999 4.797044504278355 4.797044504416089 1.568
0.6699999999999999 4.806648193775177 4.806648193902914 1.5699999999999998
0.6719999999999999 4.816271109871186 4.816271109989639 1.572
0.6739999999999999 4.825913291058054 4.825913291167889 1.5739999999999998
0.6759999999999999 4.835574775904523 4.835574776006367 1.576
0.6779999999999999 4.8452556030565415 4.845255603150974 1.5779999999999998
0.6799999999999999 4.854955811237434 4.854955811324989 1.58
0.6819999999999999 4.8646754392480425 4.864675439329217 1.5819999999999999
0.6839999999999999 4.8744145259668965 4.87441452604215 1.584
0.6859999999999999 4.884173110350352 4.884173110420109 1.5859999999999999
0.688 4.893951231432762 4.893951231497422 1.588
0.69 4.903748928326621 4.903748928386542 1.5899999999999999
0.692 4.9135662402227345 4.91356624027825 1.592
0.694 4.9234032063903586 4.923403206441784 1.5939999999999999
0.696 4.933259866177374 4.933259866225004 1.596
0.698 4.94313625901043 4.943136259054537 1.5979999999999999
0.7 4.953032424395115 4.953032424435944 1.6
0.702 4.962948401916099 4.962948401953877 1.6019999999999999
0.704 4.972884231237312 4.972884231272257 1.604
0.706 4.9828399521020765 4.982839952134394 1.6059999999999999
0.708 4.992815604333296 4.99281560436318 1.608
0.71 5.002811227833587 5.00281122786121 1.6099999999999999
0.712 5.012826862585462 5.012826862610977 1.612
0.714 5.02286254865147 5.022862548675024 1.6139999999999999
0.716 5.0329183261743715 5.032918326196102 1.616
0.718 5.042994235377286 5.042994235397325 1.6179999999999999
0.72 5.053090316563868 5.053090316582348 1.62
0.722 5.063206610118451 5.063206610135493 1.6219999999999999
0.724 5.073343156506229 5.073343156521933 1.624
0.726 5.083499996273394 5.08349999628785 1.626
0.728 5.093677170047325 5.093677170060618 1.6280000000000001
0.73 5.1038747185367255 5.103874718548935 1.63
0.732 5.114092682531807 5.114092682543017 1.6320000000000001
0.734 5.124331102904436 5.124331102914718 1.634
0.736 5.134590020608311 5.1345900206177255 1.6360000000000001
0.738 5.144869476679112 5.144869476687717 1.638
0.74 5.155169512234682 5.155169512242532 1.6400000000000001
0.742 5.165490168475172 5.165490168482316 1.642
0.744 5.175831486683226 5.175831486689713 1.6440000000000001
0.746 5.186193508224125 5.18619350823 1.646
0.748 5.196576274545974 5.19657627455128 1.6480000000000001
0.75 5.206979827179849 5.20697982718463 1.65
0.752 5.217404207739976 5.217404207744275 1.6520000000000001
0.754 5.227849457923889 5.227849457927748 1.654
0.756 5.238315619512607 5.238315619516072 1.6560000000000001
0.758 5.248802734370784 5.248802734373898 1.658
0.76 5.259310844446899 5.259310844449693 1.6600000000000001
0.762 5.269839991773403 5.269839991775891 1.662
0.764 5.280390218466903 5.2803902184690985 1.6640000000000001
0.766 5.290961566728314 5.290961566730234 1.666
0.768 5.30155407884305 5.301554078844708 1.6680000000000001
0.77 5.312167797181167 5.312167797182575 1.67
0.772 5.322802764197558 5.322802764198729 1.6720000000000002
0.774 5.3334590224321 5.333459022433051 1.674
0.776 5.344136614509846 5.344136614510587 1.6760000000000002
0.778 5.354835583141174 5.354835583141712 1.678
0.78 5.365555971121975 5.365555971122325 1.6800000000000002
0.782 5.3762978213338135 5.376297821333986 1.682
0.784 5.387061176744108 5.387061176744112 1.6840000000000002
0.786 5.397846080406289 5.3978460804061354 1.686
0.788 5.408652575459993 5.408652575459694 1.6880000000000002
0.79 5.419480705131206 5.419480705130773 1.69
0.792 5.430330512732469 5.430330512731905 1.6920000000000002
0.794 5.44120204166302 5.441202041662336 1.694
0.796 5.452095335408996 5.4520953354082025 1.6960000000000002
0.798 5.46301043754358 5.463010437542683 1.698
0.8 5.473947391727201 5.47394739172621 1.7000000000000002
0.802 5.484906241707685 5.4849062417066055 1.702
0.804 5.495887031320451 5.495887031319285 1.7040000000000002
0.806 5.506889804488668 5.5068898044874235 1.706
0.808 5.5179146052234485 5.5179146052221295 1.7080000000000002
0.81 5.528961477624004 5.528961477622612 1.71
0.812 5.5400304658778445 5.540030465876386 1.7120000000000002
0.8140000000000001 5.551121614260933 5.551121614259413 1.714
0.8160000000000001 5.562234967137882 5.562234967136316 1.7160000000000002
0.8180000000000001 5.573370568962114 5.573370568960506 1.718
0.8200000000000001 5.5845284642760555 5.584528464274405 1.7200000000000002
0.8220000000000001 5.595708697711297 5.595708697709604 1.722
0.8240000000000001 5.606911313988793 5.606911313987064 1.7240000000000002
0.8260000000000001 5.618136357919019 5.618136357917269 1.726
0.8280000000000001 5.629383874402169 5.629383874400412 1.7280000000000002
0.8300000000000001 5.6406539084283205 5.640653908426559 1.73
0.8320000000000001 5.651946505077629 5.6519465050758635 1.7320000000000002
0.8340000000000001 5.663261709520492 5.663261709518723 1.734
0.8360000000000001 5.674599567017745 5.6745995670159814 1.7360000000000002
0.8380000000000001 5.685960122920831 5.68596012291908 1.738
0.8400000000000001 5.697343422671993 5.697343422670245 1.7400000000000002
0.8420000000000001 5.708749511804438 5.708749511802689 1.742
0.8440000000000001 5.720178435942545 5.720178435940797 1.7440000000000002
0.8460000000000001 5.73163024080202 5.731630240800269 1.746
0.8480000000000001 5.743104972190103 5.743104972188354 1.7480000000000002
0.8500000000000001 5.754602676005731 5.75460267600398 1.75
0.8520000000000001 5.766123398239737 5.766123398237983 1.7520000000000002
0.8540000000000001 5.777667184975021 5.7776671849732635 1.754
0.8560000000000001 5.789234082386752 5.78923408238499 1.7560000000000002
0.8580000000000001 5.800824136742529 5.8008241367407765 1.758
0.8600000000000001 5.81243739440259 5.812437394400852 1.7600000000000002
0.8620000000000001 5.824073901819975 5.824073901818244 1.762
0.8640000000000001 5.835733705540736 5.835733705539003 1.7640000000000002
0.8660000000000001 5.847416852204098 5.847416852202359 1.766
0.8680000000000001 5.859123388542668 5.859123388540926 1.7680000000000002
0.8700000000000001 5.8708533613826015 5.870853361380861 1.77
0.8720000000000001 5.88260681764381 5.882606817642074 1.7720000000000002
0.8740000000000001 5.894383804340131 5.894383804338402 1.774
0.8760000000000001 5.906184368579531 5.906184368577804 1.7760000000000002
0.8780000000000001 5.918008557564278 5.918008557562557 1.778
0.8800000000000001 5.9298564185911475 5.9298564185894325 1.7800000000000002
0.8820000000000001 5.941727999051595 5.941727999049883 1.782
0.8840000000000001 5.953623346431965 5.953623346430248 1.7840000000000003
0.8860000000000001 5.965542508313655 5.965542508311936 1.786
0.8880000000000001 5.977485532373336 5.977485532371611 1.7880000000000003
0.8900000000000001 5.9894524663831135 5.989452466381387 1.79
0.8920000000000001 6.001443358210745 6.00144335820902 1.7920000000000003
0.8940000000000001 6.013458255819809 6.013458255818093 1.794
0.8960000000000001 6.0254972072699164 6.025497207268209 1.7960000000000003
0.8980000000000001 6.037560260716885 6.037560260715184 1.798
0.9000000000000001 6.049647464412947 6.049647464411256 1.8000000000000003
0.9020000000000001 6.061758866706932 6.061758866705251 1.802
0.9040000000000001 6.073894516044469 6.073894516042792 1.8040000000000003
0.9060000000000001 6.086054460968166 6.086054460966487 1.806
0.9080000000000001 6.098238750117823 6.098238750116147 1.8080000000000003
0.9100000000000001 6.11044743223061 6.110447432228931 1.81
0.9120000000000001 6.122680556141276 6.12268055613959 1.8120000000000003
0.9140000000000001 6.134938170782327 6.134938170780636 1.814
0.9160000000000001 6.147220325184243 6.14722032518255 1.8160000000000003
0.9180000000000001 6.159527068475654 6.159527068473968 1.818
0.9199999999999999 6.171858449883552 6.1718584498818725 1.8199999999999998
0.9219999999999999 6.184214518733481 6.184214518731807 1.822
0.9239999999999999 6.196595324449728 6.196595324448059 1.8239999999999998
0.9259999999999999 6.209000916555538 6.209000916553871 1.826
0.9279999999999999 6.221431344673289 6.221431344671622 1.8279999999999998
0.9299999999999999 6.2338866585247175 6.233886658523055 1.83
0.9319999999999999 6.2463669079310895 6.246366907929422 1.8319999999999999
0.9339999999999999 6.2588721428134235 6.258872142811748 1.834
0.9359999999999999 6.271402413192672 6.271402413190991 1.8359999999999999
0.938 6.2839577691899375 6.283957769188252 1.838
0.94 6.296538261026656 6.296538261024964 1.8399999999999999
0.942 6.309143939024817 6.309143939023126 1.842
0.944 6.321774853607143 6.32177485360546 1.8439999999999999
0.946 6.334431055297315 6.33443105529564 1.846
0.948 6.347112594720151 6.347112594718474 1.8479999999999999
0.95 6.359819522601832 6.359819522600153 1.85
0.952 6.37255188977008 6.372551889768394 1.8519999999999999
0.954 6.385309747154388 6.385309747152698 1.854
0.956 6.398093145786194 6.398093145784498 1.8559999999999999
0.958 6.410902136799118 6.410902136797421 1.858
0.96 6.423736771429133 6.423736771427422 1.8599999999999999
0.962 6.436597101014803 6.4365971010130885 1.862
0.964 6.449483176997455 6.449483176995722 1.8639999999999999
0.966 6.462395050921417 6.462395050919687 1.866
0.968 6.4753327744341975 6.475332774432448 1.8679999999999999
0.97 6.488296399286712 6.488296399284986 1.87
0.972 6.501285977333471 6.501285977331717 1.8719999999999999
0.974 6.514301560532812 6.514301560531097 1.874
0.976 6.527343200947077 6.527343200945316 1.876
0.978 6.540410950742852 6.540410950741153 1.8780000000000001
0.98 6.553504862191148 6.553504862189358 1.88
0.982 6.566624987667633 6.566624987665955 1.8820000000000001
0.984 6.579771379652822 6.579771379650987 1.884
0.986 6.592944090732305 6.592944090730658 1.8860000000000001
0.988 6.606143173596939 6.606143173595022 1.888
0.99 6.6193686810430785 6.619368681041514 1.8900000000000001
0.992 6.632620665972764 6.632620665970748 1.892
0.994 6.645899181393961 6.645899181392563 1.8940000000000001
0.996 6.659204280420742 6.659204280418537 1.896
0.998 6.672536016273526 6.672536016272387 1.8980000000000001
