0.015625 1.9999999999999996 24.0 1.9999999999999996 24.0 -2.27822078484169e-70
0.046875 1.9999999999999996 24.0 1.9999999999999996 24.0 -6.85218368134225e-70
0.078125 1.9999999999999996 24.0 1.9999999999999996 24.0 -1.8996549218085223e-69
0.109375 1.9999999999999996 24.0 1.9999999999999996 24.0 -5.008720464462768e-69
0.140625 1.9999999999999996 24.0 1.9999999999999996 24.0 -1.275954546258792e-68
0.171875 1.9999999999999996 24.0 1.9999999999999996 24.0 -3.1691289287035775e-68
0.203125 1.9999999999999996 24.0 1.9999999999999996 24.0 -7.718206623049324e-68
0.234375 1.9999999999999996 24.0 1.9999999999999996 24.0 -1.8502142513491473e-67
0.265625 1.9999999999999996 24.0 1.9999999999999996 24.0 -4.377446861968469e-67
0.296875 1.9999999999999996 24.0 1.9999999999999996 24.0 -1.0241461876918614e-66
0.328125 1.9999999999999996 24.0 1.9999999999999996 24.0 -2.372921497325267e-66
0.359375 1.9999999999999996 24.0 1.9999999999999996 24.0 -5.451008665905134e-66
0.390625 1.9999999999999996 24.0 1.9999999999999996 24.0 -1.2425942366207413e-65
0.421875 1.9999999999999996 24.0 1.9999999999999996 24.0 -2.8128757645194546e-65
0.453125 1.9999999999999996 24.0 1.9999999999999996 24.0 -6.326920398120275e-65
0.484375 1.9999999999999996 24.0 1.9999999999999996 24.0 -1.414693107295441e-64
0.515625 1.9999999999999996 24.0 1.9999999999999996 24.0 -3.145813634902412e-64
0.546875 1.9999999999999996 24.0 1.9999999999999996 24.0 -6.959052145299416e-64
0.578125 1.9999999999999996 24.0 1.9999999999999996 24.0 -1.5319234162033377e-63
0.609375 1.9999999999999996 24.0 1.9999999999999996 24.0 -3.356600044717967e-63
0.640625 1.9999999999999996 24.0 1.9999999999999996 24.0 -7.321984942534789e-63
0.671875 1.9999999999999996 24.0 1.9999999999999996 24.0 -1.5903905636321816e-62
0.703125 1.9999999999999996 24.0 1.9999999999999996 24.0 -3.4402769321153487e-62
0.734375 1.9999999999999996 24.0 1.9999999999999996 24.0 -7.4123871613528855e-62
0.765625 1.9999999999999996 24.0 1.9999999999999996 24.0 -1.590929990931295e-61
0.796875 1.9999999999999996 24.0 1.9999999999999996 24.0 -3.401882857024736e-61
0.828125 1.9999999999999996 24.0 1.9999999999999996 24.0 -7.247774453020917e-61
0.859375 1.9999999999999996 24.0 1.9999999999999996 24.0 -1.5386651948267813e-60
0.890625 1.9999999999999996 24.0 1.9999999999999996 24.0 -3.2551487659220895e-60
0.921875 1.9999999999999996 24.0 1.9999999999999996 24.0 -6.863006283915339e-60
0.953125 1.9999999999999996 24.0 1.9999999999999996 24.0 -1.442119640701555e-59
0.984375 1.9999999999999996 24.0 1.9999999999999996 24.0 -3.0203361416968546e-59
1.015625 1.9999999999999996 24.0 1.9999999999999996 24.0 -6.305182608170241e-59
1.046875 1.9999999999999996 24.0 1.9999999999999996 24.0 -1.3120415267055653e-58
1.078125 1.9999999999999996 24.0 1.9999999999999996 24.0 -2.7215866533612825e-58
1.109375 1.9999999999999996 24.0 1.9999999999999996 24.0 -5.6277758939184945e-58
1.140625 1.9999999999999996 24.0 1.9999999999999996 24.0 -1.1601261438237894e-57
1.171875 1.9999999999999996 24.0 1.9999999999999996 24.0 -2.3841835575636754e-57
1.203125 1.9999999999999996 24.0 1.9999999999999996 24.0 -4.884848740431868e-57
1.234375 1.9999999999999996 24.0 1.9999999999999996 24.0 -9.978129800561989e-57
1.265625 1.9999999999999996 24.0 1.9999999999999996 24.0 -2.0320867377757505e-56
1.296875 1.9999999999999996 24.0 1.9999999999999996 24.0 -4.126081146814488e-56
1.328125 1.9999999999999996 24.0 1.9999999999999996 24.0 -8.352991740634592e-56
1.359375 1.9999999999999996 24.0 1.9999999999999996 24.0 -1.686011193240446e-55
1.390625 1.9999999999999996 24.0 1.9999999999999996 24.0 -3.3931056550831865e-55
1.421875 1.9999999999999996 24.0 1.9999999999999996 24.0 -6.808576983337657e-55
1.453125 1.9999999999999996 24.0 1.9999999999999996 24.0 -1.3621972531801136e-54
1.484375 1.9999999999999996 24.0 1.9999999999999996 24.0 -2.71737836329482e-54
1.515625 1.9999999999999996 24.0 1.9999999999999996 24.0 -5.404899700758321e-54
1.546875 1.9999999999999996 24.0 1.9999999999999996 24.0 -1.07189611230049e-53
1.578125 1.9999999999999996 24.0 1.9999999999999996 24.0 -2.119554414886232e-53
1.609375 1.9999999999999996 24.0 1.9999999999999996 24.0 -4.178897469918695e-53
1.640625 1.9999999999999996 24.0 1.9999999999999996 24.0 -8.214889684997225e-53
1.671875 1.9999999999999996 24.0 1.9999999999999996 24.0 -1.6101315822779676e-52
1.703125 1.9999999999999996 24.0 1.9999999999999996 24.0 -3.1465632025112256e-52
1.734375 1.9999999999999996 24.0 1.9999999999999996 24.0 -6.1308674558564455e-52
1.765625 1.9999999999999996 24.0 1.9999999999999996 24.0 -1.1909998921582205e-51
1.796875 1.9999999999999996 24.0 1.9999999999999996 24.0 -2.3067406877601848e-51
1.828125 1.9999999999999996 24.0 1.9999999999999996 24.0 -4.454253611117328e-51
1.859375 1.9999999999999996 24.0 1.9999999999999996 24.0 -8.574936586047256e-51
1.890625 1.9999999999999996 24.0 1.9999999999999996 24.0 -1.645720846417934e-50
1.921875 1.9999999999999996 24.0 1.9999999999999996 24.0 -3.1487547339947423e-50
1.953125 1.9999999999999996 24.0 1.9999999999999996 24.0 -6.005727064687491e-50
1.984375 1.9999999999999996 24.0 1.9999999999999996 24.0 -1.1418828486624206e-49
2.015625 1.9999999999999996 24.0 1.9999999999999996 24.0 -2.164163558795051e-49
2.046875 1.9999999999999996 24.0 1.9999999999999996 24.0 -4.0883930329748965e-49
2.078125 1.9999999999999996 24.0 1.9999999999999996 24.0 -7.698188899911537e-49
2.109375 1.9999999999999996 24.0 1.9999999999999996 24.0 -1.4446905109718582e-48
2.140625 1.9999999999999996 24.0 1.9999999999999996 24.0 -2.702002356417873e-48
2.171875 1.9999999999999996 24.0 1.9999999999999996 24.0 -5.0360797287801475e-48
2.203125 1.9999999999999996 24.0 1.9999999999999996 24.0 -9.353267962350299e-48
2.234375 1.9999999999999996 24.0 1.9999999999999996 24.0 -1.7308607822853055e-47
2.265625 1.9999999999999996 24.0 1.9999999999999996 24.0 -3.1911596593010844e-47
2.296875 1.9999999999999996 24.0 1.9999999999999996 24.0 -5.8610728285051535e-47
2.328125 1.9999999999999996 24.0 1.9999999999999996 24.0 -1.0722511834554478e-46
2.359375 1.9999999999999996 24.0 1.9999999999999996 24.0 -1.9536579209753196e-46
2.390625 1.9999999999999996 24.0 1.9999999999999996 24.0 -3.544595714090166e-46
2.421875 1.9999999999999996 24.0 1.9999999999999996 24.0 -6.402876193520721e-46
2.453125 1.9999999999999996 24.0 1.9999999999999996 24.0 -1.1512940178789018e-45
2.484375 1.9999999999999996 24.0 1.9999999999999996 24.0 -2.060150041016556e-45
2.515625 1.9999999999999996 24.0 1.9999999999999996 24.0 -3.6677085226756304e-45
2.546875 1.9999999999999996 24.0 1.9999999999999996 24.0 -6.494345351696857e-45
2.578125 1.9999999999999996 24.0 1.9999999999999996 24.0 -1.1432892156771465e-44
2.609375 1.9999999999999996 24.0 1.9999999999999996 24.0 -2.0001391905388715e-44
2.640625 1.9999999999999996 24.0 1.9999999999999996 24.0 -3.4754386748737267e-44
2.671875 1.9999999999999996 24.0 1.9999999999999996 24.0 -5.993943055649722e-44
2.703125 1.9999999999999996 24.0 1.9999999999999996 24.0 -1.025195040406753e-43
2.734375 1.9999999999999996 24.0 1.9999999999999996 24.0 -1.7371316768754017e-43
2.765625 1.9999999999999996 24.0 1.9999999999999996 24.0 -2.91205779188509e-43
2.796875 1.9999999999999996 24.0 1.9999999999999996 24.0 -4.8208921257584945e-43
2.828125 1.9999999999999996 24.0 1.9999999999999996 24.0 -7.862381985663504e-43
2.859375 1.9999999999999996 24.0 1.9999999999999996 24.0 -1.258888113997978e-42
2.890625 1.9999999999999996 24.0 1.9999999999999996 24.0 -1.9689254483153933e-42
2.921875 1.9999999999999996 24.0 1.9999999999999996 24.0 -2.984371359915005e-42
2.953125 1.9999999999999996 24.0 1.9999999999999996 24.0 -4.325788212120148e-42
2.984375 1.9999999999999996 24.0 1.9999999999999996 24.0 -5.846063377957028e-42
3.015625 1.9999999999999996 24.0 1.9999999999999996 24.0 -6.949926403797957e-42
3.046875 1.9999999999999996 24.0 1.9999999999999996 24.0 -5.97690423008472e-42
3.078125 1.9999999999999996 24.0 1.9999999999999996 24.0 1.1041630246284527e-42
3.109375 1.9999999999999996 24.0 1.9999999999999996 24.0 2.3380523158598155e-41
3.140625 1.9999999999999996 24.0 1.9999999999999996 24.0 8.040211368904828e-41
3.171875 1.9999999999999996 24.0 1.9999999999999996 24.0 2.128823627925937e-40
3.203125 1.9999999999999996 24.0 1.9999999999999996 24.0 5.035814308975148e-40
3.234375 1.9999999999999996 24.0 1.9999999999999996 24.0 1.1175793032213454e-39
3.265625 1.9999999999999996 24.0 1.9999999999999996 24.0 2.379148315477548e-39
3.296875 1.9999999999999996 24.0 1.9999999999999996 24.0 4.9171664344323987e-39
3.328125 1.9999999999999996 24.0 1.9999999999999996 24.0 9.937973385277114e-39
3.359375 1.9999999999999996 24.0 1.9999999999999996 24.0 1.9733640409492698e-38
3.390625 1.9999999999999996 24.0 1.9999999999999996 24.0 3.862246412839405e-38
3.421875 1.9999999999999996 24.0 1.9999999999999996 24.0 7.467854512244359e-38
3.453125 1.9999999999999996 24.0 1.9999999999999996 24.0 1.4289429136809048e-37
3.484375 1.9999999999999996 24.0 1.9999999999999996 24.0 2.709319313161419e-37
3.515625 1.9999999999999996 24.0 1.9999999999999996 24.0 5.095304745953352e-37
3.546875 1.9999999999999996 24.0 1.9999999999999996 24.0 9.512456240138327e-37
3.578125 1.9999999999999996 24.0 1.9999999999999996 24.0 1.764039657518716e-36
3.609375 1.9999999999999996 24.0 1.9999999999999996 24.0 3.251223154159321e-36
3.640625 1.9999999999999996 24.0 1.9999999999999996 24.0 5.957967746992783e-36
3.671875 1.9999999999999996 24.0 1.9999999999999996 24.0 1.0859796109704051e-35
3.703125 1.9999999999999996 24.0 1.9999999999999996 24.0 1.969481613251063e-35
3.734375 1.9999999999999996 24.0 1.9999999999999996 24.0 3.554705609886775e-35
3.765625 1.9999999999999996 24.0 1.9999999999999996 24.0 6.386682306426079e-35
3.796875 1.9999999999999996 24.0 1.9999999999999996 24.0 1.142489249897584e-34
3.828125 1.9999999999999996 24.0 1.9999999999999996 24.0 2.0352048920353324e-34
3.859375 1.9999999999999996 24.0 1.9999999999999996 24.0 3.610838991254936e-34
3.890625 1.9999999999999996 24.0 1.9999999999999996 24.0 6.381297208125961e-34
3.921875 1.9999999999999996 24.0 1.9999999999999996 24.0 1.123468433039923e-33
3.953125 1.9999999999999996 24.0 1.9999999999999996 24.0 1.9706444301768363e-33
3.984375 1.9999999999999996 24.0 1.9999999999999996 24.0 3.444218049896123e-33
4.015625 1.9999999999999996 24.0 1.9999999999999996 24.0 5.998506676741735e-33
4.046875 1.9999999999999996 24.0 1.9999999999999996 24.0 1.04111138669265e-32
4.078125 1.9999999999999996 24.0 1.9999999999999996 24.0 1.8008638503315503e-32
4.109375 1.9999999999999996 24.0 1.9999999999999996 24.0 3.104698038737646e-32
4.140625 1.9999999999999996 24.0 1.9999999999999996 24.0 5.335009896503985e-32
4.171875 1.9999999999999996 24.0 1.9999999999999996 24.0 9.137948787512768e-32
4.203125 1.9999999999999996 24.0 1.9999999999999996 24.0 1.5601918693651058e-31
4.234375 1.9999999999999996 24.0 1.9999999999999996 24.0 2.65545774288298e-31
4.265625 1.9999999999999996 24.0 1.9999999999999996 24.0 4.505546363689017e-31
4.296875 1.9999999999999996 24.0 1.9999999999999996 24.0 7.621057735477044e-31
4.328125 1.9999999999999996 24.0 1.9999999999999996 24.0 1.2851516331372023e-30
4.359375 1.9999999999999996 24.0 1.9999999999999996 24.0 2.1606037380466126e-30
4.390625 1.9999999999999996 24.0 1.9999999999999996 24.0 3.621484103504994e-30
4.421875 1.9999999999999996 24.0 1.9999999999999996 24.0 6.0519690049571036e-30
4.453125 1.9999999999999996 24.0 1.9999999999999996 24.0 1.0083523940785047e-29
4.484375 1.9999999999999996 24.0 1.9999999999999996 24.0 1.6750947021985322e-29
4.515625 1.9999999999999996 24.0 1.9999999999999996 24.0 2.774487006777097e-29
4.546875 1.9999999999999996 24.0 1.9999999999999996 24.0 4.5819074330769235e-29
4.578125 1.9999999999999996 24.0 1.9999999999999996 24.0 7.544549486732463e-29
4.609375 1.9999999999999996 24.0 1.9999999999999996 24.0 1.238642375332453e-28
4.640625 1.9999999999999996 24.0 1.9999999999999996 24.0 2.027615344466844e-28
4.671875 1.9999999999999996 24.0 1.9999999999999996 24.0 3.3094267750190695e-28
4.703125 1.9999999999999996 24.0 1.9999999999999996 24.0 5.38576355657764e-28
4.734375 1.9999999999999996 24.0 1.9999999999999996 24.0 8.73912572067705e-28
4.765625 1.9999999999999996 24.0 1.9999999999999996 24.0 1.4138812796945444e-27
4.796875 1.9999999999999996 24.0 1.9999999999999996 24.0 2.2807587812770227e-27
4.828125 1.9999999999999996 24.0 1.9999999999999996 24.0 3.668289004728993e-27
4.859375 1.9999999999999996 24.0 1.9999999999999996 24.0 5.882486307471667e-27
4.890625 1.9999999999999996 24.0 1.9999999999999996 24.0 9.405155247393542e-27
4.921875 1.9999999999999996 24.0 1.9999999999999996 24.0 1.49924343140427e-26
4.953125 1.9999999999999996 24.0 1.9999999999999996 24.0 2.3827139994964814e-26
4.984375 1.9999999999999996 24.0 1.9999999999999996 24.0 3.775344399229274e-26
5.015625 1.9999999999999996 24.0 1.9999999999999996 24.0 5.963706537766583e-26
5.046875 1.9999999999999996 24.0 1.9999999999999996 24.0 9.391605402168255e-26
5.078125 1.9999999999999996 24.0 1.9999999999999996 24.0 1.474398097469421e-25
5.109375 1.9999999999999996 24.0 1.9999999999999996 24.0 2.3074218514254646e-25
5.140625 1.9999999999999996 24.0 1.9999999999999996 24.0 3.599654906553355e-25
5.171875 1.9999999999999996 24.0 1.9999999999999996 24.0 5.5975613110885925e-25
5.203125 1.9999999999999996 24.0 1.9999999999999996 24.0 8.676038409735593e-25
5.234375 1.9999999999999996 24.0 1.9999999999999996 24.0 1.3403152088627167e-24
5.265625 1.9999999999999996 24.0 1.9999999999999996 24.0 2.063626327147327e-24
5.296875 1.9999999999999996 24.0 1.9999999999999996 24.0 3.1664072085467803e-24
5.328125 1.9999999999999996 24.0 1.9999999999999996 24.0 4.8415436441065506e-24
5.359375 1.9999999999999996 24.0 1.9999999999999996 24.0 7.376468727502132e-24
5.390625 1.9999999999999996 24.0 1.9999999999999996 24.0 1.1197544736359961e-23
5.421875 1.9999999999999996 24.0 1.9999999999999996 24.0 1.6934177460038927e-23
5.453125 1.9999999999999996 24.0 1.9999999999999996 24.0 2.5510813027808987e-23
5.484375 1.9999999999999996 24.0 1.9999999999999996 24.0 3.8277972523577195e-23
5.515625 1.9999999999999996 24.0 1.9999999999999996 24.0 5.719737357640802e-23
5.546875 1.9999999999999996 24.0 1.9999999999999996 24.0 8.510108664216983e-23
5.578125 1.9999999999999996 24.0 1.9999999999999996 24.0 1.2605058654817386e-22
5.609375 1.9999999999999996 24.0 1.9999999999999996 24.0 1.8582826090560647e-22
5.640625 1.9999999999999996 24.0 1.999999999999999 23.999999999999993 2.7260073698019643e-22
5.671875 1.9999999999999996 24.0 1.9999999999999987 23.999999999999993 3.977987490968176e-22
5.703125 1.9999999999999996 24.0 1.9999999999999982 23.999999999999986 5.77259160798956e-22
5.734375 1.9999999999999996 24.0 1.9999999999999982 23.999999999999986 8.326656155385357e-22
5.765625 1.9999999999999996 24.0 1.9999999999999982 23.999999999999986 1.193295339358929e-21
5.796875 1.9999999999999996 24.0 1.9999999999999987 23.999999999999986 1.698014209741317e-21
5.828125 1.9999999999999996 24.0 1.9999999999999987 23.999999999999982 2.397332648142728e-21
5.859375 1.9999999999999996 24.0 1.9999999999999982 23.999999999999982 3.3550959936201877e-21
5.890625 1.9999999999999996 24.0 1.9999999999999973 23.99999999999997 4.648962114637106e-21
5.921875 1.9999999999999996 24.0 1.999999999999996 23.999999999999964 6.368100805829833e-21
5.953125 1.9999999999999996 24.0 1.9999999999999956 23.99999999999996 8.605353010410987e-21
5.984375 1.9999999999999996 24.0 1.999999999999995 23.999999999999957 1.143913179228943e-20
6.015625 1.9999999999999996 24.0 1.999999999999995 23.999999999999957 1.489719778190366e-20
6.046875 1.9999999999999996 24.0 1.9999999999999947 23.999999999999957 1.8889436847287846e-20
6.078125 1.9999999999999996 24.0 1.9999999999999947 23.999999999999957 2.3088901174160298e-20
6.109375 1.9999999999999996 24.0 1.9999999999999947 23.999999999999957 2.672813031849725e-20
6.140625 1.9999999999999996 24.0 1.9999999999999942 23.99999999999995 2.8258874022225216e-20
6.171875 1.9999999999999996 24.0 1.9999999999999933 23.99999999999995 2.4794409328619503e-20
6.203125 1.9999999999999996 24.0 1.9999999999999922 23.999999999999943 1.120966778113034e-20
6.234375 1.9999999999999996 24.0 1.999999999999992 23.99999999999994 -2.1292021952213176e-20
6.265625 1.9999999999999996 24.0 1.9999999999999916 23.999999999999936 -8.743644241968582e-20
6.296875 1.9999999999999996 24.0 1.9999999999999902 23.99999999999993 -2.1139984100659238e-19
6.328125 1.9999999999999996 24.0 1.9999999999999902 23.99999999999993 -4.3225443940309184e-19
6.359375 1.9999999999999996 24.0 1.9999999999999902 23.99999999999993 -8.123242558628094e-19
6.390625 1.9999999999999996 24.0 1.9999999999999893 23.999999999999922 -1.449916056694189e-18
6.421875 1.9999999999999996 24.0 1.999999999999989 23.99999999999992 -2.498590031010466e-18
6.453125 1.9999999999999996 24.0 1.9999999999999882 23.999999999999915 -4.1961531058258706e-18
6.484375 1.9999999999999996 24.0 1.999999999999988 23.999999999999915 -6.908033070364404e-18
6.515625 1.9999999999999996 24.0 1.9999999999999882 23.999999999999915 -1.1191819602844879e-17
6.546875 1.9999999999999996 24.0 1.999999999999988 23.999999999999908 -1.7892814642745072e-17
6.578125 1.9999999999999996 24.0 1.999999999999988 23.999999999999908 -2.828480622676629e-17
6.609375 1.9999999999999996 24.0 1.999999999999988 23.999999999999904 -4.427650759039602e-17
6.640625 1.9999999999999996 24.0 1.9999999999999882 23.999999999999904 -6.871293963104205e-17
6.671875 1.9999999999999996 24.0 1.9999999999999876 23.9999999999999 -1.0581352319837788e-16
6.703125 1.9999999999999996 24.0 1.9999999999999882 23.9999999999999 -1.6180622920595578e-16
6.734375 1.9999999999999996 24.0 1.9999999999999882 23.9999999999999 -2.4584179170539287e-16
6.765625 1.9999999999999996 24.0 1.9999999999999876 23.999999999999897 -3.7130643844254734e-16
6.796875 1.9999999999999996 24.0 1.9999999999999876 23.999999999999897 -5.576995431938721e-16
6.828125 1.9999999999999996 24.0 1.9999999999999882 23.999999999999897 -8.333090963179003e-16
6.859375 2.0000000000000018 24.0 1.999999999999988 23.999999999999897 -1.2390097532254693e-15
6.890625 2.0000000000000018 24.0 1.999999999999988 23.999999999999897 -1.833634667520214e-15
6.921875 2.0000000000000018 24.0 1.999999999999988 23.999999999999897 -2.7015457262591083e-15
6.953125 1.9999999999999991 24.0 1.999999999999988 23.999999999999893 -3.963263749308563e-15
6.984375 2.0000000000000004 24.0 1.999999999999988 23.999999999999893 -5.790342783568785e-15
7.015625 2.0000000000000018 24.0 1.999999999999988 23.999999999999886 -8.426110147273168e-15
7.046875 2.0000000000000036 24.0 1.999999999999988 23.999999999999883 -1.2214485147172358e-14
7.078125 2.0000000000000027 24.0 1.999999999999989 23.99999999999988 -1.7639885483553146e-14
7.109375 2.0000000000000053 24.0 1.9999999999999893 23.999999999999876 -2.53822982660602e-14
7.140625 2.000000000000008 24.0 1.9999999999999907 23.999999999999872 -3.63930197719041e-14
7.171875 2.000000000000011 24.0 1.9999999999999922 23.999999999999865 -5.1998468342356297e-14
7.203125 2.0000000000000133 24.0 1.9999999999999956 23.999999999999865 -7.404199539793786e-14
7.234375 2.0000000000000218 24.0 1.9999999999999996 23.999999999999858 -1.050769502468153e-13
7.265625 2.0000000000000275 24.0 2.0000000000000067 23.999999999999858 -1.4862863863463673e-13
7.296875 2.00000000000004 24.0 2.000000000000015 23.99999999999985 -2.0954856369736308e-13
7.328125 2.000000000000054 24.0 2.0000000000000293 23.99999999999985 -2.9449184610589434e-13
7.359375 2.0000000000000773 24.0 2.000000000000047 23.999999999999844 -4.1255848706260836e-13
7.390625 2.000000000000107 24.0 2.000000000000073 23.999999999999844 -5.761517913992377e-13
7.421875 2.0000000000001497 24.0 2.000000000000108 23.99999999999984 -8.021235938183894e-13
7.453125 2.000000000000207 24.0 2.0000000000001554 23.999999999999833 -1.113296906264696e-12
7.484375 2.0000000000002847 24.0 2.000000000000222 23.99999999999983 -1.5404834363647938e-12
7.515625 2.0000000000003926 24.0 2.0000000000003135 23.999999999999822 -2.1251475998174054e-12
7.546875 2.000000000000539 24.0 2.0000000000004383 23.999999999999815 -2.922911974610753e-12
7.578125 2.0000000000007403 24.0 2.000000000000609 23.999999999999808 -4.008153816462366e-12
7.609375 2.0000000000010103 24.0 2.0000000000008393 23.9999999999998 -5.480010911465506e-12
7.640625 2.0000000000013767 24.0 2.000000000001152 23.99999999999979 -7.470200829441743e-12
7.671875 2.0000000000018665 24.0 2.0000000000015756 23.99999999999979 -1.0153164275917284e-11
7.703125 2.0000000000025255 24.0 2.000000000002143 23.999999999999787 -1.3759175065993107e-11
7.734375 2.0000000000034057 24.0 2.0000000000029057 23.999999999999787 -1.8591221278310382e-11
7.765625 2.0000000000045817 24.0 2.000000000003925 23.999999999999787 -2.5046660111161175e-11
7.796875 2.000000000006146 24.0 2.000000000005281 23.99999999999978 -3.364488926874075e-11
7.828125 2.0000000000082188 24.0 2.0000000000070814 23.99999999999978 -4.506256740414861e-11
7.859375 2.0000000000109623 24.0 2.0000000000094658 23.999999999999773 -6.017826279695694e-11
7.890625 2.0000000000145706 24.0 2.0000000000126135 23.99999999999977 -8.012882088826562e-11
7.921875 2.000000000019319 24.0 2.0000000000167546 23.999999999999766 -1.0638022529341046e-10
7.953125 2.0000000000255342 24.0 2.0000000000221876 23.999999999999766 -1.4081629059050188e-10
7.984375 2.0000000000336504 24.0 2.000000000029292 23.99999999999976 -1.8584917425466984e-10
8.015625 2.000000000044214 24.0 2.000000000038555 23.99999999999976 -2.445564327745659e-10
8.046875 2.000000000057919 24.0 2.0000000000505924 23.99999999999975 -3.2085017244722926e-10
8.078125 2.0000000000756475 24.0 2.000000000066187 23.99999999999976 -4.196847518033573e-10
8.109375 2.000000000098502 24.0 2.000000000086323 23.99999999999975 -5.473104646628257e-10
8.140625 2.0000000001278706 24.0 2.0000000001122418 23.99999999999975 -7.115816430660233e-10
8.171875 2.0000000001654876 24.0 2.0000000001454925 23.999999999999748 -9.22328624068492e-10
8.203125 2.0000000002135057 24.0 2.0000000001880087 23.999999999999737 -1.191803958165589e-09
8.234375 2.000000000274591 24.0 2.000000000242192 23.999999999999737 -1.5352140059132596e-09
8.265625 2.000000000352041 24.0 2.0000000003110054 23.999999999999737 -1.971347542156692e-09
8.296875 2.0000000004498846 24.0 2.000000000398094 23.999999999999734 -2.523312985973188e-09
8.328125 2.0000000005730527 24.0 2.0000000005079217 23.999999999999734 -3.219395161131922e-09
8.359375 2.0000000007275305 24.0 2.0000000006459215 23.99999999999973 -4.094040754180995e-09
8.390625 2.0000000009205494 24.0 2.0000000008186802 23.999999999999726 -5.1889784705830064e-09
8.421875 2.000000001160797 24.0 2.0000000010341275 23.999999999999723 -6.554474776039984e-09
8.453125 2.0000000014586345 24.0 2.00000000130176 23.999999999999723 -8.250718395545009e-09
8.484375 2.0000000018263617 24.0 2.000000001632875 23.999999999999716 -1.0349315607112637e-08
8.515625 2.000000002278438 24.0 2.0000000020408217 23.999999999999716 -1.2934862794373492e-08
8.546875 2.000000002831756 24.0 2.000000002541247 23.99999999999971 -1.610654146399652e-08
8.578125 2.000000003505867 24.0 2.000000003152345 23.999999999999705 -1.9979652470463198e-08
8.609375 2.00000000432316 24.0 2.000000003895064 23.999999999999705 -2.4686968687730042e-08
8.640625 2.000000005308984 24.0 2.0000000047932662 23.999999999999705 -3.037973662956737e-08
8.671875 2.0000000064916637 24.0 2.0000000058737974 23.999999999999705 -3.722809494294276e-08
8.703125 2.0000000079023086 24.0 2.000000007166407 23.9999999999997 -4.542059821685135e-08
8.734375 2.0000000095744124 24.0 2.000000008703471 23.9999999999997 -5.5162434587404565e-08
8.765625 2.0000000115430976 24.0 2.000000010519414 23.999999999999694 -6.667180104523568e-08
8.796875 2.000000013843881 24.0 2.0000000126497453 23.999999999999694 -8.017374642759501e-08
8.828125 2.000000016510853 24.0 2.0000000151295456 23.999999999999694 -9.589060343071351e-08
8.859375 2.0000000195739975 24.0 2.0000000179912414 23.999999999999694 -1.1402790157076528e-07
8.890625 2.0000000230554904 24.0 2.000000021261455 23.99999999999968 -1.3475437614470108e-07
8.921875 2.0000000269646145 24.0 2.00000002495665 23.999999999999673 -1.581743565263702e-07
8.953125 2.0000000312909463 24.0 2.000000029077234 23.999999999999673 -1.842904225897277e-07
8.984375 2.0000000359953884 24.0 2.000000033599724 23.999999999999673 -2.129537521443204e-07
9.015625 2.000000040998452 24.0 2.0000000384664816 23.99999999999967 -2.4379903603245343e-07
9.046875 2.0000000461651943 24.0 2.000000043572414 23.999999999999666 -2.7616020174017365e-07
9.078125 2.000000051286009 24.0 2.0000000487479417 23.999999999999666 -3.089624517400078e-07
9.109375 2.0000000560523588 24.0 2.00000005373738 23.999999999999662 -3.405852802832484e-07
9.140625 2.0000000600263803 24.0 2.00000005817176 23.99999999999966 -3.686901735755997e-07
9.171875 2.0000000626030965 24.0 2.0000000615349025 23.99999999999966 -3.900056158431509e-07
9.203125 2.000000062963799 24.0 2.0000000631214077 23.99999999999966 -4.00060811963365e-07
9.234375 2.000000060018857 24.0 2.00000006198498 23.999999999999652 -3.92858192564735e-07
9.265625 2.000000052338133 24.0 2.000000056875302 23.999999999999652 -3.6047328921586107e-07
9.296875 2.000000038066707 24.0 2.0000000461613796 23.999999999999652 -2.9256895874623466e-07
9.328125 2.000000014823507 24.0 2.000000027739067 23.99999999999965 -1.75809204796358e-07
9.359375 1.99999997958007 24.0 1.99999999892011 23.99999999999965 6.84399496390746e-09
9.390625 1.9999999285163117 24.0 1.9999999562998272 23.999999999999645 2.769693754259723e-07
9.421875 1.9999998568499835 24.0 1.9999998956001606 23.999999999999645 6.6168109169794e-07
9.453125 1.9999997586360239 24.0 1.9999998114845634 23.999999999999638 1.1948019652308614e-06
9.484375 1.9999996265318678 24.0 1.9999996973408571 23.99999999999963 1.91823977061019e-06
9.515625 1.9999994515243338 24.0 1.9999995450278822 23.99999999999963 2.8835929655655025e-06
9.546875 1.9999992226135865 24.0 1.9999993445815059 23.99999999999963 4.154014011294916e-06
9.578125 1.9999989264493645 24.0 1.9999990838753225 23.999999999999623 5.806359934410772e-06
9.609375 1.9999985469145345 24.0 1.999998748231174 23.999999999999616 7.933660947464523e-06
9.640625 1.9999980646510156 24.0 1.9999983199745135 23.99999999999961 1.0647938659910819e-05
9.671875 1.99999745652309 24.0 1.9999977779296345 23.999999999999602 1.4083405549510238e-05
9.703125 1.9999966950132855 24.0 1.9999970968498493 23.9999999999996 1.8400076786345152e-05
9.734375 1.9999957475463594 24.0 1.9999962467779597 23.999999999999595 2.3787824056655596e-05
9.765625 1.999994575737341 24.0 1.9999951923327366 23.999999999999595 3.047089856032277e-05
9.796875 1.9999931345603434 24.0 1.9999938919177103 23.999999999999588 3.871294668531413e-05
9.828125 1.9999913714357194 24.0 1.9999922968493893 23.999999999999595 4.882253682205016e-05
9.859375 1.9999892252343539 24.0 1.999990350403042 23.999999999999588 6.115920919813026e-05
9.890625 1.9999866251992728 24.0 1.9999879867755268 23.999999999999563 7.614005232250465e-05
9.921875 1.9999834897866702 24.0 1.9999851299662406 23.999999999999556 9.424679947325484e-05
9.953125 1.9999797254303564 24.0 1.9999816925791898 23.999999999999574 0.00011603342650898227
9.984375 1.9999752252362357 24.0 1.999977574551466 23.999999999999588 0.00014213421802187232
10.015625 1.9999698676160949 24.0 1.9999726618160287 23.999999999999588 0.00017327225240822825
10.046875 1.9999635148731965 24.0 1.999966824909638 23.999999999999588 0.00021026823778249598
10.078125 1.9999560117556454 24.0 1.999959917540103 23.999999999999584 0.00025404960983168684
10.109375 1.999947183997248 24.0 1.9999517751306657 23.999999999999567 0.0003056597797921633
10.140625 1.9999368368697208 24.0 1.999942213363301 23.999999999999574 0.0003662673958988225
10.171875 1.9999247537744853 24.0 1.999931026746916 23.999999999999584 0.00043717545516134556
10.203125 1.9999106949066663 24.0 1.999917987240858 23.99999999999957 0.0005198300745101878
10.234375 1.9998943960286535 24.0 1.9999028429687589 23.999999999999545 0.0006158287016735327
10.265625 1.9998755673951087 24.0 1.999885317062293 23.999999999999506 0.0007269275171483163
10.296875 1.9998538928758636 24.0 1.999865106679055 23.999999999999496 0.0008550477499748933
10.328125 1.9998290293272576 24.0 1.9998418822430897 23.999999999999527 0.0010022806024855794
10.359375 1.9998006062665017 24.0 1.99981528696072 23.999999999999567 0.0011708904536466504
10.390625 1.999768225906742 24.0 1.9997849366678653 23.9999999999996 0.00136331598802327
10.421875 1.9997314636131214 24.0 1.9997504200679437 23.999999999999606 0.0015821688788247121
10.453125 1.9996898688416709 24.0 1.999711299421561 23.99999999999957 0.001830229640059798
10.484375 1.9996429666233557 24.0 1.9996671117502256 23.999999999999524 0.0021104402557239545
10.515625 1.9995902596546722 24.0 1.999617370616089 23.99999999999948 0.0024258931943456344
10.546875 1.9995312310537827 24.0 1.999561568538161 23.999999999999453 0.002779816426326757
10.578125 1.999465347837121 24.0 1.999499180102148 23.999999999999464 0.0031755540804596885
10.609375 1.9993920651653252 24.0 1.999429665816054 23.999999999999474 0.003616542405846326
10.640625 1.9993108313993964 24.0 1.999352476756699 23.999999999999492 0.004106280747108303
10.671875 1.9992210939978836 24.0 1.999267060043266 23.999999999999503 0.004648297295010989
10.703125 1.9991223062736054 24.0 1.9991728651627851 23.999999999999503 0.005246109441955015
10.734375 1.9990139350139449 24.0 1.9990693511591278 23.99999999999951 0.00590317865247471
10.765625 1.9988954689522282 24.0 1.9989559946815172 23.999999999999517 0.006622859852864577
10.796875 1.998766428059115 24.0 1.9988322988710316 23.999999999999524 0.007408345450915949
10.828125 1.998626373602549 24.0 1.9986978030440377 23.9999999999995 0.008262604215674192
10.859375 1.9984749189029762 24.0 1.9985520931103646 23.99999999999946 0.009188315376884767
10.890625 1.9983117406874429 24.0 1.9983948126414783 23.99999999999946 0.01018779844269984
10.921875 1.998136590922492 24.0 1.9982256744804945 23.999999999999485 0.01126293938012599
10.953125 1.9979493089816849 24.0 1.9980444727618836 23.9999999999995 0.012415113953013106
10.984375 1.997749833979997 24.0 1.9978510951848616 23.99999999999947 0.013645109164084353
11.015625 1.997538217084751 24.0 1.9976455353612048 23.9999999999994 0.014953043897151557
11.046875 1.997314633591705 24.0 1.9974279050364072 23.999999999999385 0.016338289999458067
11.078125 1.997079394536469 24.0 1.9971984459631993 23.999999999999456 0.017799395177961152
11.109375 1.9968329575959611 24.0 1.9969575411894551 23.999999999999524 0.019334009203016627
11.140625 1.9965759370229155 24.0 1.996705725508871 23.99999999999951 0.020938815013958157
11.171875 1.996309112349528 24.0 1.9964436948133064 23.999999999999446 0.022609466399069394
11.203125 1.9960334355940061 24.0 1.9961723140810506 23.9999999999994 0.02434053397314911
11.234375 1.9957500367075387 24.0 1.995892623735946 23.9999999999994 0.026125461195244212
11.265625 1.9954602270085378 24.0 1.995605844118803 23.999999999999428 0.027956532153544326
11.296875 1.9951655003668594 24.0 1.9953133778250662 23.999999999999424 0.02982485279080091
11.328125 1.9948675319225997 24.0 1.9950168096816268 23.99999999999942 0.031720347149536324
11.359375 1.9945681741525068 24.0 1.9947179041607885 23.999999999999446 0.033631770080131254
11.390625 1.9942694501313294 24.0 1.9944186000608575 23.99999999999946 0.03554673767593849
11.421875 1.9939735438753277 24.0 1.9941210023199654 23.999999999999446 0.037451776478212004
11.453125 1.993682787700136 24.0 1.993827370872257 23.99999999999944 0.039332392231319985
11.484375 1.993399646574463 24.0 1.9935401065027647 23.999999999999464 0.041173158668053204
11.515625 1.9931266995036017 24.0 1.9932617337083562 23.999999999999474 0.04295782646966331
11.546875 1.992866618031946 24.0 1.992994880626118 23.99999999999946 0.04466945218057142
11.578125 1.9926221420097896 24.0 1.9927422561462889 23.999999999999446 0.04629054646961692
11.609375 1.9923960528264235 24.0 1.9925066243834748 23.99999999999943 0.04780324072547297
11.640625 1.9921911443667955 24.0 1.9922907767359563 23.99999999999941 0.04918947056157731
11.671875 1.99201019200249 24.0 1.992097501817466 23.99999999999939 0.05043117439454236
11.703125 1.9918559199774992 24.0 1.9919295535975223 23.9999999999994 0.051510504859034176
11.734375 1.9917309675950727 24.0 1.9917896181343224 23.999999999999396 0.052410050441439045
11.765625 1.9916378546518405 24.0 1.9916802793271755 23.999999999999368 0.05311306436428788
11.796875 1.9915789465994957 24.0 1.991603984152531 23.999999999999343 0.05360369744326279
11.828125 1.9915564199409557 24.0 1.9915630078781321 23.999999999999346 0.05386723137812902
11.859375 1.9915722283871957 24.0 1.991559419772876 23.999999999999375 0.05389030873688286
11.890625 1.9916280703116893 24.0 1.9915950498449706 23.99999999999939 0.05366115575656725
11.921875 1.9917253580417686 24.0 1.9916714571476433 23.999999999999375 0.05316979402112389
11.953125 1.9918651895195483 24.0 1.9917899001894637 23.99999999999934 0.05240823709138409
11.984375 1.9920483228493788 24.0 1.9919513099752422 23.99999999999931 0.05137066825821273
12.015625 1.992275154224112 24.0 1.9921562661832533 23.999999999999332 0.05005359576840977
12.046875 1.9925456996887094 24.0 1.9924049769553067 23.999999999999364 0.048455982133748285
12.078125 1.9928595811572143 24.0 1.9926972627380244 23.999999999999353 0.046579344473933665
12.109375 1.9932160170480222 24.0 1.9930325445668755 23.999999999999368 0.04442782325967287
12.140625 1.9936138178433769 24.0 1.9934098371293094 23.999999999999385 0.04200821730578457
12.171875 1.9940513868122034 24.0 1.9938277468804664 23.999999999999403 0.03932998340777328
12.203125 1.9945267260619293 24.0 1.9942844754146507 23.999999999999428 0.03640519960818808
12.234375 1.9950374480053366 24.0 1.9947778282190973 23.99999999999944 0.033248491709506556
12.265625 1.9955807922437934 24.0 1.9953052288542983 23.9999999999994 0.02987692330508533
12.296875 1.9961536477796722 24.0 1.9958637385183833 23.999999999999368 0.026309850264809496
12.328125 1.9967525803796664 24.0 1.9964500808630294 23.999999999999325 0.022568741272777516
12.359375 1.9973738648186663 24.0 1.9970606718366004 23.9999999999993 0.018676966655785724
12.390625 1.998013521642256 24.0 1.9976916542381886 23.999999999999282 0.014659558348819613
12.421875 1.998667357997329 24.0 1.998338936575902 23.999999999999257 0.01054294440308875
12.453125 1.9993310119959429 24.0 1.99899823573599 23.999999999999297 0.006354661940193942
12.484375 1.9999999999999996 24.0 1.99966512288816 23.999999999999346 0.002123052880951984
12.515625 2.000669766145818 24.0 2.0003350719792268 23.99999999999934 -0.002123052880951984
12.546875 2.0013357333697948 24.0 2.0010035101037067 23.999999999999346 -0.006354661940193942
12.578125 2.001993355151661 24.0 2.001665868988437 23.999999999999318 -0.01054294440308875
12.609375 2.0026381671618303 24.0 2.002317636790849 23.999999999999304 -0.014659558348819613
12.640625 2.0032658379854444 24.0 2.0029544093882623 23.999999999999332 -0.018676966655785724
12.671875 2.003872218099441 24.0 2.0035719403304775 23.999999999999353 -0.022568741272777516
12.703125 2.0044533863004075 24.0 2.0041661886404576 23.999999999999318 -0.026309850264809496
12.734375 2.005005692820967 24.0 2.0047333636785547 23.999999999999254 -0.02987692330508533
12.765625 2.005525798429853 24.0 2.005269966334564 23.99999999999926 -0.033248491709506556
12.796875 2.006010708885205 24.0 2.005772825877947 23.999999999999282 -0.03640519960818808
12.828125 2.0064578042001333 24.0 2.006239131878764 23.999999999999254 -0.03932998340777328
12.859375 2.0068648622820344 24.0 2.0066664607080895 23.999999999999233 -0.04200821730578457
12.890625 2.0072300766200724 24.0 2.007052796234726 23.999999999999254 -0.04442782325967287
12.921875 2.0075520678154595 24.0 2.0073965444520256 23.999999999999254 -0.046579344473933665
12.953125 2.007829888873526 24.0 2.007696541891378 23.99999999999923 -0.048455982133748285
12.984375 2.0080630243013196 24.0 2.007952057803844 23.99999999999921 -0.05005359576840977
13.015625 2.0082513831765967 24.0 2.008162790215299 23.999999999999243 -0.05137066825821273
13.046875 2.008395286469621 24.0 2.00832885607974 23.999999999999282 -0.05240823709138409
13.078125 2.008495449005603 24.0 2.008450775866738 23.999999999999247 -0.05316979402112389
13.109375 2.0085529565497833 24.0 2.0085294530196105 23.999999999999204 -0.05366115575656725
13.140625 2.008569238577031 24.0 2.0085661488081343 23.999999999999215 -0.05389030873688286
13.171875 2.0085460373516018 24.0 2.0085624531716793 23.999999999999265 -0.05386723137812902
13.203125 2.0084853739893846 24.0 2.0085202522039616 23.9999999999993 -0.05360369744326279
13.234375 2.0083895122038564 24.0 2.008441692968364 23.999999999999254 -0.05311306436428788
13.265625 2.0082609204483695 24.0 2.008329146352957 23.999999999999204 -0.052410050441439045
13.296875 2.0081022331618894 24.0 2.008185168677084 23.99999999999919 -0.051510504859034176
13.328125 2.007916211803962 24.0 2.0080124627478964 23.999999999999186 -0.05043117439454236
13.359375 2.007705706329197 24.0 2.007813839036519 23.999999999999183 -0.04918947056157731
13.390625 2.0074736177037313 24.0 2.0075921776016443 23.99999999999922 -0.04780324072547297
13.421875 2.00722286200814 24.0 2.007350391335105 23.999999999999265 -0.04629054646961692
13.453125 2.0069563366052674 24.0 2.0070913910418033 23.999999999999265 -0.04466945218057142
13.484375 2.0066768887798587 24.0 2.0068180527972337 23.999999999999226 -0.04295782646966331
13.515625 2.006387287181946 24.0 2.0065331879522623 23.999999999999233 -0.041173158668053204
13.546875 2.006090196329485 24.0 2.0062395160789253 23.999999999999243 -0.039332392231319985
13.578125 2.0057881543504377 24.0 2.0059396410749466 23.99999999999921 -0.037451776478212004
13.609375 2.005483554071176 24.0 2.0056360305700376 23.99999999999916 -0.03554673767593849
13.640625 2.0051786274890864 24.0 2.005330998705812 23.999999999999197 -0.033631770080131254
13.671875 2.004875433603247 24.0 2.0050266922944235 23.999999999999257 -0.031720347149536324
13.703125 2.0045758495192922 24.0 2.00472508030019 23.999999999999268 -0.02982485279080091
13.734375 2.0042815646937573 24.0 2.0044279465339434 23.999999999999197 -0.027956532153544326
13.765625 2.003994078139513 24.0 2.0041368854026347 23.99999999999909 -0.026125461195244212
13.796875 2.0037146983780856 24.0 2.0038533005169574 23.999999999999062 -0.02434053397314911
13.828125 2.0034445458961168 24.0 2.0035784059275388 23.99999999999917 -0.022609466399069394
13.859375 2.00318455784232 24.0 2.0033132297356175 23.999999999999226 -0.020938815013958157
13.890625 2.0029354946873217 24.0 2.0030586198067737 23.999999999999186 -0.019334009203016627
13.921875 2.0026979485616576 24.0 2.002815251305658 23.9999999999991 -0.017799395177961152
13.953125 2.0024723529859534 24.0 2.002583635765659 23.999999999999076 -0.016338289999458067
13.984375 2.0022589937118487 24.0 2.0023641314091516 23.999999999999094 -0.014953043897151557
14.015625 2.0020580204012908 24.0 2.0021569544409092 23.999999999999105 -0.013645109164084353
14.046875 2.001869458885275 24.0 2.0019621910485186 23.999999999999144 -0.012415113953013106
14.078125 2.0016932237598835 24.0 2.0017798098588795 23.999999999999158 -0.01126293938012599
14.109375 2.0015291310969436 24.0 2.0016096746180665 23.99999999999909 -0.01018779844269984
14.140625 2.001376911068173 24.0 2.001451556882483 23.999999999999076 -0.009188315376884767
14.171875 2.0012362203047003 24.0 2.0013051485314635 23.999999999999094 -0.008262604215674192
14.203125 2.0011066538375526 24.0 2.0011700739350933 23.99999999999914 -0.007408345450915949
14.234375 2.0009877564886773 24.0 2.0010459016347566 23.99999999999914 -0.006622859852864577
14.265625 2.000879033605768 24.0 2.000932155417961 23.999999999999126 -0.00590317865247471
14.296875 2.0007799610573245 24.0 2.0008283246923275 23.999999999999112 -0.005246109441955015
14.328125 2.000689994426066 24.0 2.0007338740862206 23.999999999999098 -0.004648297295010989
14.359375 2.0006085773596554 24.0 2.0006482522247504 23.999999999999083 -0.004106280747108303
14.390625 2.00053514905634 24.0 2.0005708996496114 23.999999999999062 -0.003616542405846326
14.421875 2.000469150880423 24.0 2.000501255869313 23.999999999999034 -0.0031755540804596885
14.453125 2.0004100321174434 24.0 2.0004387655423828 23.999999999999037 -0.002779816426326757
14.484375 2.000357254892171 24.0 2.000382883810337 23.999999999999055 -0.0024258931943456344
14.515625 2.0003102982835324 24.0 2.0003330808092517 23.99999999999907 -0.0021104402557239545
14.546875 2.000268661679659 24.0 2.000288845398872 23.999999999999105 -0.001830229640059798
14.578125 2.000231867423374 24.0 2.0002496881562175 23.999999999999115 -0.0015821688788247121
14.609375 2.0001994628036814 24.0 2.00021514368686 23.999999999999115 -0.00136331598802327
14.640625 2.0001710214523563 24.0 2.0001847723114263 23.999999999999147 -0.0011708904536466504
14.671875 2.000146144206738 24.0 2.000158161187567 23.999999999999126 -0.0010022806024855794
14.703125 2.0001244595003778 24.0 2.0001349249290046 23.99999999999906 -0.0008550477499748933
14.734375 2.0001056233425842 24.0 2.0001147057830932 23.999999999999016 -0.0007269275171483163
14.765625 2.0000893189461166 24.0 2.0000971734271373 23.999999999999012 -0.0006158287016735327
14.796875 2.0000752560598136 24.0 2.000082024441668 23.999999999999044 -0.0005198300745101878
14.828125 2.0000631700596236 24.0 2.0000689815158195 23.999999999999112 -0.00043717545516134556
14.859375 2.000052820847689 24.0 2.0000577924364102 23.99999999999917 -0.0003662673958988225
14.890625 2.0000439916050072 24.0 2.0000482289084145 23.999999999999176 -0.0003056597797921633
14.921875 2.0000364874387433 24.0 2.0000400852501032 23.99999999999914 -0.00025404960983168684
14.953125 2.000030133960817 24.0 2.0000331770016975 23.999999999999126 -0.00021026823778249598
14.984375 2.0000247758297576 24.0 2.0000273394818504 23.999999999999137 -0.00017327225240822825
15.015625 2.000020275283539 24.0 2.0000224263218147 23.99999999999915 -0.00014213421802187232
15.046875 2.0000165106867387 24.0 2.0000183080027685 23.999999999999176 -0.00011603342650898227
15.078125 2.0000133751113984 24.0 2.000014870417653 23.999999999999183 -9.424679947325484e-05
15.109375 2.000010774967268 24.0 2.000012013474983 23.99999999999917 -7.614005232250465e-05
15.140625 2.0000086286935783 24.0 2.000009649758539 23.999999999999115 -6.115920919813026e-05
15.171875 2.000006865521515 24.0 2.0000077032535266 23.999999999999048 -4.882253682205016e-05
15.203125 2.0000054243137564 24.0 2.0000061081469394 23.999999999998977 -3.871294668531413e-05
15.234375 2.000004252485046 24.0 2.000004807707262 23.999999999998984 -3.047089856032277e-05
15.265625 2.000003305005682 24.0 2.000003753246367 23.99999999999904 -2.3787824056655596e-05
15.296875 2.0000025434881463 24.0 2.0000029031646553 23.999999999999083 -1.8400076786345152e-05
15.328125 2.00000193535549 24.0 2.000002222078809 23.999999999999083 -1.4083405549510238e-05
15.359375 2.0000014530891326 24.0 2.0000016800302545 23.999999999999062 -1.0647938659910819e-05
15.390625 2.0000010735526357 24.0 2.0000012517714083 23.999999999999005 -7.933660947464523e-06
15.421875 2.00000077738746 24.0 2.000000916125992 23.999999999998977 -5.806359934410772e-06
15.453125 2.00000054847619 24.0 2.0000006554190985 23.99999999999897 -4.154014011294916e-06
15.484375 2.0000003734683762 24.0 2.0000004549723376 23.999999999998995 -2.8835929655655025e-06
15.515625 2.0000002413640776 24.0 2.0000003026591666 23.999999999999034 -1.91823977061019e-06
15.546875 2.000000143150053 24.0 2.0000001885153615 23.999999999999 -1.1948019652308614e-06
15.578125 2.0000000714836967 24.0 2.0000001043997164 23.99999999999894 -6.6168109169794e-07
15.609375 2.000000020419934 24.0 2.0000000437000343 23.999999999998934 -2.769693754259723e-07
15.640625 1.9999999851764942 24.0 2.0000000010797567 23.999999999999 -6.84399496390746e-09
15.671875 1.9999999619332995 24.0 1.9999999722608066 23.999999999999048 1.75809204796358e-07
15.703125 1.9999999476618735 24.0 1.999999953838489 23.999999999999012 2.9256895874623466e-07
15.734375 1.9999999399811483 24.0 1.99999994312456 23.99999999999896 3.6047328921586107e-07
15.765625 1.999999937036209 24.0 1.9999999380148852 23.999999999998973 3.92858192564735e-07
15.796875 1.9999999373969073 24.0 1.999999936878466 23.999999999999027 4.00060811963365e-07
15.828125 1.9999999399736268 24.0 1.9999999384649745 23.99999999999905 3.900056158431509e-07
15.859375 1.999999943947647 24.0 1.999999941828117 23.99999999999905 3.686901735755997e-07
15.890625 1.9999999487139977 24.0 1.999999946262494 23.999999999999048 3.405852802832484e-07
15.921875 1.9999999538348094 24.0 1.9999999512519318 23.99999999999905 3.089624517400078e-07
15.953125 1.9999999590015503 24.0 1.9999999564274606 23.999999999999062 2.7616020174017365e-07
15.984375 1.9999999640046155 24.0 1.9999999615333968 23.999999999999083 2.4379903603245343e-07
16.015625 1.9999999687090562 24.0 1.9999999664001518 23.999999999999055 2.129537521443204e-07
16.046875 1.9999999730353897 24.0 1.9999999709226364 23.99999999999902 1.842904225897277e-07
16.078125 1.999999976944513 24.0 1.999999975043218 23.999999999999012 1.581743565263702e-07
16.109375 1.9999999804260038 24.0 1.999999978738412 23.99999999999899 1.3475437614470108e-07
16.140625 1.9999999834891504 24.0 1.9999999820086234 23.99999999999894 1.1402790157076528e-07
16.171875 1.9999999861561206 24.0 1.9999999848703152 23.999999999998884 9.589060343071351e-08
16.203125 1.9999999884569069 24.0 1.9999999873501126 23.99999999999888 8.017374642759501e-08
16.234375 1.9999999904255894 24.0 1.999999989480448 23.999999999998927 6.667180104523568e-08
16.265625 1.9999999920976914 24.0 1.9999999912964004 23.999999999999005 5.5162434587404565e-08
16.296875 1.9999999935083348 24.0 1.9999999928334713 23.99999999999908 4.542059821685135e-08
16.328125 1.9999999946910147 24.0 1.9999999941260849 23.999999999999115 3.722809494294276e-08
16.359375 1.9999999956768408 24.0 1.999999995206614 23.99999999999907 3.037973662956737e-08
16.390625 1.9999999964941326 24.0 1.9999999961048132 23.999999999999016 2.4686968687730042e-08
16.421875 1.9999999971682425 24.0 1.999999996847528 23.999999999998987 1.9979652470463198e-08
16.453125 1.999999997721563 24.0 1.9999999974586191 23.999999999998934 1.610654146399652e-08
16.484375 1.9999999981736396 24.0 1.9999999979590362 23.999999999998852 1.2934862794373492e-08
16.515625 1.9999999985413641 24.0 1.9999999983669796 23.99999999999882 1.0349315607112637e-08
16.546875 1.9999999988392057 24.0 1.9999999986980996 23.999999999998845 8.250718395545009e-09
16.578125 1.9999999990794535 24.0 1.9999999989657398 23.9999999999989 6.554474776039984e-09
16.609375 1.9999999992724706 24.0 1.9999999991811914 23.99999999999895 5.1889784705830064e-09
16.640625 1.9999999994269466 24.0 1.999999999353948 23.999999999998934 4.094040754180995e-09
16.671875 1.9999999995501154 24.0 1.9999999994919444 23.999999999998877 3.219395161131922e-09
16.703125 1.999999999647959 24.0 1.99999999960177 23.999999999998863 2.523312985973188e-09
16.734375 1.999999999725407 24.0 1.9999999996888593 23.999999999998863 1.971347542156692e-09
16.765625 1.9999999997864955 24.0 1.9999999997576685 23.999999999998828 1.5352140059132596e-09
16.796875 1.9999999998345113 24.0 1.9999999998118523 23.999999999998835 1.191803958165589e-09
16.828125 1.999999999872129 24.0 1.999999999854373 23.999999999998877 9.22328624068492e-10
16.859375 1.9999999999014986 24.0 1.9999999998876246 23.999999999998888 7.115816430660233e-10
16.890625 1.9999999999243536 24.0 1.9999999999135414 23.99999999999889 5.473104646628257e-10
16.921875 1.9999999999420819 24.0 1.9999999999336762 23.999999999998884 4.196847518033573e-10
16.953125 1.9999999999557878 24.0 1.9999999999492695 23.999999999998867 3.2085017244722926e-10
16.984375 1.9999999999663503 24.0 1.9999999999613078 23.999999999998856 2.445564327745659e-10
17.015625 1.9999999999744664 24.0 1.999999999970571 23.99999999999885 1.8584917425466984e-10
17.046875 1.9999999999806826 24.0 1.9999999999776783 23.99999999999887 1.4081629059050188e-10
17.078125 1.999999999985427 24.0 1.999999999983118 23.999999999998927 1.0638022529341046e-10
17.109375 1.999999999989039 24.0 1.9999999999872626 23.99999999999895 8.012882088826562e-11
17.140625 1.999999999991783 24.0 1.9999999999904077 23.999999999998913 6.017826279695694e-11
17.171875 1.9999999999938554 24.0 1.999999999992787 23.999999999998877 4.506256740414861e-11
17.203125 1.9999999999954179 24.0 1.999999999994586 23.99999999999885 3.364488926874075e-11
17.234375 1.9999999999965936 24.0 1.9999999999959412 23.99999999999885 2.5046660111161175e-11
17.265625 1.9999999999974742 24.0 1.9999999999969598 23.999999999998856 1.8591221278310382e-11
17.296875 1.9999999999981335 24.0 1.99999999999772 23.999999999998842 1.3759175065993107e-11
17.328125 1.999999999998626 24.0 1.9999999999982883 23.99999999999884 1.0153164275917284e-11
17.359375 1.9999999999989901 24.0 1.9999999999987146 23.99999999999885 7.470200829441743e-12
17.390625 1.999999999999261 24.0 1.9999999999990319 23.999999999998863 5.480010911465506e-12
17.421875 1.9999999999994613 24.0 1.9999999999992628 23.999999999998856 4.008153816462366e-12
17.453125 1.9999999999996065 24.0 1.9999999999994311 23.99999999999883 2.922911974610753e-12
17.484375 1.9999999999997142 24.0 1.9999999999995517 23.999999999998792 2.1251475998174054e-12
17.515625 1.9999999999997953 24.0 1.9999999999996423 23.999999999998764 1.5404834363647938e-12
17.546875 1.999999999999851 24.0 1.9999999999997062 23.99999999999873 1.113296906264696e-12
17.578125 1.9999999999998939 24.0 1.9999999999997506 23.999999999998693 8.021235938183894e-13
17.609375 1.9999999999999238 24.0 1.999999999999785 23.999999999998696 5.761517913992377e-13
17.640625 1.9999999999999432 24.0 1.9999999999998135 23.999999999998742 4.1255848706260836e-13
17.671875 1.9999999999999618 24.0 1.9999999999998388 23.999999999998792 2.9449184610589434e-13
17.703125 1.9999999999999722 24.0 1.999999999999858 23.999999999998842 2.0954856369736308e-13
17.734375 1.9999999999999798 24.0 1.999999999999871 23.999999999998877 1.4862863863463673e-13
17.765625 1.9999999999999867 24.0 1.9999999999998757 23.999999999998845 1.050769502468153e-13
17.796875 1.999999999999991 24.0 1.9999999999998757 23.99999999999881 7.404199539793786e-14
17.828125 1.9999999999999931 24.0 1.99999999999988 23.99999999999882 5.1998468342356297e-14
17.859375 1.9999999999999964 24.0 1.9999999999998843 23.999999999998828 3.63930197719041e-14
17.890625 1.9999999999999956 24.0 1.999999999999884 23.99999999999882 2.53822982660602e-14
17.921875 1.9999999999999987 24.0 1.9999999999998792 23.99999999999878 1.7639885483553146e-14
17.953125 1.9999999999999982 24.0 1.9999999999998752 23.999999999998735 1.2214485147172358e-14
17.984375 1.9999999999999991 24.0 1.9999999999998785 23.999999999998735 8.426110147273168e-15
18.015625 1.9999999999999987 24.0 1.9999999999998836 23.999999999998746 5.790342783568785e-15
18.046875 1.9999999999999987 24.0 1.9999999999998834 23.999999999998735 3.963263749308563e-15
18.078125 2.000000000000001 24.0 1.9999999999998805 23.999999999998714 2.7015457262591083e-15
18.109375 1.9999999999999996 24.0 1.9999999999998812 23.999999999998728 1.833634667520214e-15
18.140625 1.9999999999999996 24.0 1.9999999999998836 23.999999999998757 1.2390097532254693e-15
18.171875 1.9999999999999996 24.0 1.999999999999881 23.999999999998746 8.333090963179003e-16
18.203125 1.9999999999999996 24.0 1.9999999999998788 23.99999999999873 5.576995431938721e-16
18.234375 1.9999999999999996 24.0 1.9999999999998788 23.999999999998707 3.7130643844254734e-16
18.265625 1.9999999999999996 24.0 1.9999999999998792 23.9999999999987 2.4584179170539287e-16
18.296875 1.9999999999999996 24.0 1.9999999999998788 23.999999999998685 1.6180622920595578e-16
18.328125 1.9999999999999996 24.0 1.9999999999998734 23.99999999999865 1.0581352319837788e-16
18.359375 1.9999999999999996 24.0 1.999999999999868 23.99999999999863 6.871293963104205e-17
18.390625 1.9999999999999996 24.0 1.9999999999998672 23.999999999998636 4.427650759039602e-17
18.421875 1.9999999999999996 24.0 1.9999999999998748 23.999999999998696 2.828480622676629e-17
18.453125 1.9999999999999996 24.0 1.9999999999998834 23.999999999998774 1.7892814642745072e-17
18.484375 1.9999999999999996 24.0 1.9999999999998845 23.99999999999881 1.1191819602844879e-17
18.515625 1.9999999999999996 24.0 1.9999999999998808 23.999999999998792 6.908033070364404e-18
18.546875 1.9999999999999996 24.0 1.9999999999998754 23.999999999998764 4.1961531058258706e-18
18.578125 1.9999999999999996 24.0 1.9999999999998719 23.999999999998714 2.498590031010466e-18
18.609375 1.9999999999999996 24.0 1.9999999999998685 23.999999999998654 1.449916056694189e-18
18.640625 1.9999999999999996 24.0 1.9999999999998672 23.99999999999862 8.123242558628094e-19
18.671875 1.9999999999999996 24.0 1.999999999999864 23.999999999998593 4.3225443940309184e-19
18.703125 1.9999999999999996 24.0 1.9999999999998612 23.999999999998558 2.1139984100659238e-19
18.734375 1.9999999999999996 24.0 1.9999999999998586 23.99999999999853 8.743644241968582e-20
18.765625 1.9999999999999996 24.0 1.9999999999998574 23.999999999998533 2.1292021952213176e-20
18.796875 1.9999999999999996 24.0 1.999999999999858 23.999999999998558 -1.120966778113034e-20
18.828125 1.9999999999999996 24.0 1.9999999999998603 23.999999999998586 -2.4794409328619503e-20
18.859375 1.9999999999999996 24.0 1.999999999999862 23.999999999998604 -2.8258874022225216e-20
18.890625 1.9999999999999996 24.0 1.9999999999998619 23.999999999998607 -2.672813031849725e-20
18.921875 1.9999999999999996 24.0 1.9999999999998614 23.999999999998607 -2.3088901174160298e-20
18.953125 1.9999999999999996 24.0 1.9999999999998685 23.999999999998664 -1.8889436847287846e-20
18.984375 1.9999999999999996 24.0 1.9999999999998788 23.99999999999875 -1.489719778190366e-20
19.015625 1.9999999999999996 24.0 1.9999999999998843 23.999999999998796 -1.143913179228943e-20
19.046875 1.9999999999999996 24.0 1.9999999999998825 23.99999999999878 -8.605353010410987e-21
19.078125 1.9999999999999996 24.0 1.9999999999998743 23.999999999998714 -6.368100805829833e-21
19.109375 1.9999999999999996 24.0 1.9999999999998612 23.99999999999859 -4.648962114637106e-21
19.140625 1.9999999999999996 24.0 1.9999999999998543 23.999999999998508 -3.3550959936201877e-21
19.171875 1.9999999999999996 24.0 1.9999999999998614 23.999999999998558 -2.397332648142728e-21
19.203125 1.9999999999999996 24.0 1.9999999999998748 23.999999999998668 -1.698014209741317e-21
19.234375 1.9999999999999996 24.0 1.999999999999879 23.999999999998714 -1.193295339358929e-21
19.265625 1.9999999999999996 24.0 1.9999999999998737 23.999999999998675 -8.326656155385357e-22
19.296875 1.9999999999999996 24.0 1.9999999999998634 23.99999999999858 -5.77259160798956e-22
19.328125 1.9999999999999996 24.0 1.9999999999998577 23.999999999998526 -3.977987490968176e-22
19.359375 1.9999999999999996 24.0 1.9999999999998606 23.999999999998565 -2.7260073698019643e-22
19.390625 1.9999999999999996 24.0 1.999999999999865 23.999999999998586 -1.8582826090560647e-22
19.421875 1.9999999999999996 24.0 1.9999999999998672 23.999999999998607 -1.2605058654817386e-22
19.453125 1.9999999999999996 24.0 1.9999999999998679 23.99999999999862 -8.510108664216983e-23
19.484375 1.9999999999999996 24.0 1.9999999999998634 23.999999999998593 -5.719737357640802e-23
19.515625 1.9999999999999996 24.0 1.9999999999998592 23.999999999998565 -3.8277972523577195e-23
19.546875 1.9999999999999996 24.0 1.9999999999998583 23.999999999998565 -2.5510813027808987e-23
19.578125 1.9999999999999996 24.0 1.9999999999998583 23.999999999998572 -1.6934177460038927e-23
19.609375 1.9999999999999996 24.0 1.9999999999998583 23.999999999998558 -1.1197544736359961e-23
19.640625 1.9999999999999996 24.0 1.999999999999857 23.999999999998543 -7.376468727502132e-24
19.671875 1.9999999999999996 24.0 1.9999999999998548 23.999999999998522 -4.8415436441065506e-24
19.703125 1.9999999999999996 24.0 1.9999999999998517 23.9999999999985 -3.1664072085467803e-24
19.734375 1.9999999999999996 24.0 1.9999999999998546 23.999999999998522 -2.063626327147327e-24
19.765625 1.9999999999999996 24.0 1.9999999999998597 23.999999999998536 -1.3403152088627167e-24
19.796875 1.9999999999999996 24.0 1.9999999999998632 23.999999999998558 -8.676038409735593e-25
19.828125 1.9999999999999996 24.0 1.999999999999865 23.999999999998593 -5.5975613110885925e-25
19.859375 1.9999999999999996 24.0 1.9999999999998652 23.99999999999863 -3.599654906553355e-25
19.890625 1.9999999999999996 24.0 1.9999999999998626 23.99999999999863 -2.3074218514254646e-25
19.921875 1.9999999999999996 24.0 1.999999999999857 23.999999999998558 -1.474398097469421e-25
19.953125 1.9999999999999996 24.0 1.999999999999853 23.999999999998497 -9.391605402168255e-26
19.984375 1.9999999999999996 24.0 1.9999999999998552 23.999999999998504 -5.963706537766583e-26
20.015625 1.9999999999999996 24.0 1.9999999999998574 23.999999999998526 -3.775344399229274e-26
20.046875 1.9999999999999996 24.0 1.9999999999998583 23.999999999998554 -2.3827139994964814e-26
20.078125 1.9999999999999996 24.0 1.9999999999998588 23.99999999999857 -1.49924343140427e-26
20.109375 1.9999999999999996 24.0 1.9999999999998568 23.999999999998565 -9.405155247393542e-27
20.140625 1.9999999999999996 24.0 1.999999999999854 23.999999999998522 -5.882486307471667e-27
20.171875 1.9999999999999996 24.0 1.9999999999998521 23.999999999998476 -3.668289004728993e-27
20.203125 1.9999999999999996 24.0 1.9999999999998503 23.999999999998447 -2.2807587812770227e-27
20.234375 1.9999999999999996 24.0 1.9999999999998472 23.99999999999843 -1.4138812796945444e-27
20.265625 1.9999999999999996 24.0 1.9999999999998463 23.999999999998455 -8.73912572067705e-28
20.296875 1.9999999999999996 24.0 1.9999999999998488 23.999999999998515 -5.38576355657764e-28
20.328125 1.9999999999999996 24.0 1.9999999999998543 23.999999999998572 -3.3094267750190695e-28
20.359375 1.9999999999999996 24.0 1.9999999999998606 23.99999999999862 -2.027615344466844e-28
20.390625 1.9999999999999996 24.0 1.9999999999998659 23.999999999998664 -1.238642375332453e-28
20.421875 1.9999999999999996 24.0 1.9999999999998637 23.999999999998636 -7.544549486732463e-29
20.453125 1.9999999999999996 24.0 1.9999999999998535 23.999999999998536 -4.5819074330769235e-29
20.484375 1.9999999999999996 24.0 1.9999999999998437 23.999999999998444 -2.774487006777097e-29
20.515625 1.9999999999999996 24.0 1.9999999999998415 23.999999999998423 -1.6750947021985322e-29
20.546875 1.9999999999999996 24.0 1.9999999999998428 23.999999999998423 -1.0083523940785047e-29
20.578125 1.9999999999999996 24.0 1.9999999999998441 23.999999999998426 -6.0519690049571036e-30
20.609375 1.9999999999999996 24.0 1.9999999999998441 23.999999999998423 -3.621484103504994e-30
20.640625 1.9999999999999996 24.0 1.999999999999844 23.999999999998423 -2.1606037380466126e-30
20.671875 1.9999999999999996 24.0 1.9999999999998477 23.99999999999845 -1.2851516331372023e-30
20.703125 1.9999999999999996 24.0 1.9999999999998526 23.999999999998487 -7.621057735477044e-31
20.734375 1.9999999999999996 24.0 1.9999999999998521 23.999999999998487 -4.505546363689017e-31
20.765625 1.9999999999999996 24.0 1.9999999999998455 23.999999999998437 -2.65545774288298e-31
20.796875 1.9999999999999996 24.0 1.9999999999998392 23.99999999999841 -1.5601918693651058e-31
20.828125 1.9999999999999996 24.0 1.9999999999998368 23.999999999998398 -9.137948787512768e-32
20.859375 1.9999999999999996 24.0 1.9999999999998412 23.99999999999845 -5.335009896503985e-32
20.890625 1.9999999999999996 24.0 1.9999999999998508 23.99999999999854 -3.104698038737646e-32
20.921875 1.9999999999999996 24.0 1.9999999999998557 23.99999999999858 -1.8008638503315503e-32
20.953125 1.9999999999999996 24.0 1.9999999999998537 23.999999999998558 -1.04111138669265e-32
20.984375 1.9999999999999996 24.0 1.9999999999998486 23.9999999999985 -5.998506676741735e-33
21.015625 1.9999999999999996 24.0 1.9999999999998441 23.99999999999844 -3.444218049896123e-33
21.046875 1.9999999999999996 24.0 1.9999999999998437 23.99999999999844 -1.9706444301768363e-33
21.078125 1.9999999999999996 24.0 1.9999999999998486 23.999999999998483 -1.123468433039923e-33
21.109375 1.9999999999999996 24.0 1.999999999999854 23.999999999998547 -6.381297208125961e-34
21.140625 1.9999999999999996 24.0 1.9999999999998574 23.99999999999858 -3.610838991254936e-34
21.171875 1.9999999999999996 24.0 1.999999999999856 23.999999999998558 -2.0352048920353324e-34
21.203125 1.9999999999999996 24.0 1.9999999999998546 23.999999999998533 -1.142489249897584e-34
21.234375 1.9999999999999996 24.0 1.99999999999985 23.9999999999985 -6.386682306426079e-35
21.265625 1.9999999999999996 24.0 1.9999999999998457 23.999999999998483 -3.554705609886775e-35
21.296875 1.9999999999999996 24.0 1.999999999999846 23.9999999999985 -1.969481613251063e-35
21.328125 1.9999999999999996 24.0 1.9999999999998463 23.99999999999849 -1.0859796109704051e-35
21.359375 1.9999999999999996 24.0 1.9999999999998423 23.999999999998437 -5.957967746992783e-36
21.390625 1.9999999999999996 24.0 1.9999999999998372 23.999999999998376 -3.251223154159321e-36
21.421875 1.9999999999999996 24.0 1.999999999999833 23.999999999998348 -1.764039657518716e-36
21.453125 1.9999999999999996 24.0 1.9999999999998308 23.999999999998344 -9.512456240138327e-37
21.484375 1.9999999999999996 24.0 1.999999999999831 23.999999999998362 -5.095304745953352e-37
21.515625 1.9999999999999996 24.0 1.9999999999998375 23.99999999999842 -2.709319313161419e-37
21.546875 1.9999999999999996 24.0 1.9999999999998423 23.99999999999846 -1.4289429136809048e-37
21.578125 1.9999999999999996 24.0 1.9999999999998437 23.99999999999846 -7.467854512244359e-38
21.609375 1.9999999999999996 24.0 1.9999999999998364 23.999999999998387 -3.862246412839405e-38
21.640625 1.9999999999999996 24.0 1.9999999999998277 23.999999999998305 -1.9733640409492698e-38
21.671875 1.9999999999999996 24.0 1.9999999999998248 23.999999999998266 -9.937973385277114e-39
21.703125 1.9999999999999996 24.0 1.9999999999998266 23.99999999999827 -4.9171664344323987e-39
21.734375 1.9999999999999996 24.0 1.999999999999833 23.99999999999832 -2.379148315477548e-39
21.765625 1.9999999999999996 24.0 1.9999999999998384 23.999999999998355 -1.1175793032213454e-39
21.796875 1.9999999999999996 24.0 1.9999999999998384 23.999999999998362 -5.035814308975148e-40
21.828125 1.9999999999999996 24.0 1.99999999999983 23.99999999999832 -2.128823627925937e-40
21.859375 1.9999999999999996 24.0 1.999999999999823 23.999999999998284 -8.040211368904828e-41
21.890625 1.9999999999999996 24.0 1.9999999999998255 23.99999999999831 -2.3380523158598155e-41
21.921875 1.9999999999999996 24.0 1.9999999999998357 23.9999999999984 -1.1041630246284527e-42
21.953125 1.9999999999999996 24.0 1.999999999999842 23.999999999998465 5.97690423008472e-42
21.984375 1.9999999999999996 24.0 1.9999999999998408 23.999999999998444 6.949926403797957e-42
22.015625 1.9999999999999996 24.0 1.9999999999998392 23.99999999999844 5.846063377957028e-42
22.046875 1.9999999999999996 24.0 1.9999999999998388 23.999999999998447 4.325788212120148e-42
22.078125 1.9999999999999996 24.0 1.999999999999834 23.9999999999984 2.984371359915005e-42
22.109375 1.9999999999999996 24.0 1.999999999999831 23.999999999998373 1.9689254483153933e-42
22.140625 1.9999999999999996 24.0 1.9999999999998328 23.999999999998384 1.258888113997978e-42
22.171875 1.9999999999999996 24.0 1.9999999999998348 23.9999999999984 7.862381985663504e-43
22.203125 1.9999999999999996 24.0 1.9999999999998335 23.99999999999838 4.8208921257584945e-43
22.234375 1.9999999999999996 24.0 1.9999999999998324 23.999999999998366 2.91205779188509e-43
22.265625 1.9999999999999996 24.0 1.999999999999832 23.999999999998362 1.7371316768754017e-43
22.296875 1.9999999999999996 24.0 1.9999999999998272 23.999999999998323 1.025195040406753e-43
22.328125 1.9999999999999996 24.0 1.999999999999821 23.999999999998263 5.993943055649722e-44
22.359375 1.9999999999999996 24.0 1.9999999999998184 23.99999999999822 3.4754386748737267e-44
22.390625 1.9999999999999996 24.0 1.9999999999998197 23.999999999998217 2.0001391905388715e-44
22.421875 1.9999999999999996 24.0 1.999999999999822 23.999999999998238 1.1432892156771465e-44
22.453125 1.9999999999999996 24.0 1.9999999999998215 23.999999999998252 6.494345351696857e-45
22.484375 1.9999999999999996 24.0 1.9999999999998193 23.999999999998234 3.6677085226756304e-45
22.515625 1.9999999999999996 24.0 1.9999999999998184 23.999999999998224 2.060150041016556e-45
22.546875 1.9999999999999996 24.0 1.9999999999998197 23.999999999998238 1.1512940178789018e-45
22.578125 1.9999999999999996 24.0 1.9999999999998213 23.99999999999823 6.402876193520721e-46
22.609375 1.9999999999999996 24.0 1.9999999999998221 23.99999999999823 3.544595714090166e-46
22.640625 1.9999999999999996 24.0 1.9999999999998257 23.99999999999826 1.9536579209753196e-46
22.671875 1.9999999999999996 24.0 1.9999999999998272 23.99999999999829 1.0722511834554478e-46
22.703125 1.9999999999999996 24.0 1.999999999999825 23.999999999998273 5.8610728285051535e-47
22.734375 1.9999999999999996 24.0 1.9999999999998224 23.999999999998252 3.1911596593010844e-47
22.765625 1.9999999999999996 24.0 1.9999999999998275 23.99999999999831 1.7308607822853055e-47
22.796875 1.9999999999999996 24.0 1.9999999999998326 23.999999999998344 9.353267962350299e-48
22.828125 1.9999999999999996 24.0 1.9999999999998292 23.999999999998302 5.0360797287801475e-48
22.859375 1.9999999999999996 24.0 1.999999999999821 23.999999999998217 2.702002356417873e-48
22.890625 1.9999999999999996 24.0 1.9999999999998128 23.999999999998153 1.4446905109718582e-48
22.921875 1.9999999999999996 24.0 1.9999999999998128 23.99999999999816 7.698188899911537e-49
22.953125 1.9999999999999996 24.0 1.9999999999998228 23.999999999998252 4.0883930329748965e-49
22.984375 1.9999999999999996 24.0 1.9999999999998348 23.999999999998355 2.164163558795051e-49
23.015625 1.9999999999999996 24.0 1.9999999999998368 23.999999999998362 1.1418828486624206e-49
23.046875 1.9999999999999996 24.0 1.9999999999998312 23.99999999999832 6.005727064687491e-50
23.078125 1.9999999999999996 24.0 1.9999999999998233 23.999999999998256 3.1487547339947423e-50
23.109375 1.9999999999999996 24.0 1.999999999999814 23.999999999998177 1.645720846417934e-50
23.140625 1.9999999999999996 24.0 1.9999999999998104 23.999999999998163 8.574936586047256e-51
23.171875 1.9999999999999996 24.0 1.9999999999998135 23.99999999999821 4.454253611117328e-51
23.203125 1.9999999999999996 24.0 1.9999999999998217 23.999999999998288 2.3067406877601848e-51
23.234375 1.9999999999999996 24.0 1.9999999999998312 23.999999999998373 1.1909998921582205e-51
23.265625 1.9999999999999996 24.0 1.999999999999834 23.99999999999838 6.1308674558564455e-52
23.296875 1.9999999999999996 24.0 1.9999999999998286 23.999999999998327 3.1465632025112256e-52
23.328125 1.9999999999999996 24.0 1.9999999999998206 23.99999999999826 1.6101315822779676e-52
23.359375 1.9999999999999996 24.0 1.9999999999998106 23.999999999998188 8.214889684997225e-53
23.390625 1.9999999999999996 24.0 1.9999999999998053 23.99999999999816 4.178897469918695e-53
23.421875 1.9999999999999996 24.0 1.9999999999998062 23.99999999999816 2.119554414886232e-53
23.453125 1.9999999999999996 24.0 1.9999999999998086 23.99999999999818 1.07189611230049e-53
23.484375 1.9999999999999996 24.0 1.999999999999815 23.999999999998227 5.404899700758321e-54
23.515625 1.9999999999999996 24.0 1.9999999999998197 23.999999999998263 2.71737836329482e-54
23.546875 1.9999999999999996 24.0 1.9999999999998181 23.99999999999824 1.3621972531801136e-54
23.578125 1.9999999999999996 24.0 1.999999999999814 23.99999999999821 6.808576983337657e-55
23.609375 1.9999999999999996 24.0 1.9999999999998097 23.999999999998177 3.3931056550831865e-55
23.640625 1.9999999999999996 24.0 1.9999999999998026 23.99999999999811 1.686011193240446e-55
23.671875 1.9999999999999996 24.0 1.999999999999799 23.999999999998067 8.352991740634592e-56
23.703125 1.9999999999999996 24.0 1.9999999999998028 23.99999999999809 4.126081146814488e-56
23.734375 1.9999999999999996 24.0 1.9999999999998082 23.999999999998124 2.0320867377757505e-56
23.765625 1.9999999999999996 24.0 1.9999999999998135 23.999999999998174 9.978129800561989e-57
23.796875 1.9999999999999996 24.0 1.999999999999817 23.999999999998213 4.884848740431868e-57
23.828125 1.9999999999999996 24.0 1.9999999999998228 23.999999999998273 2.3841835575636754e-57
23.859375 1.9999999999999996 24.0 1.99999999999983 23.999999999998344 1.1601261438237894e-57
23.890625 1.9999999999999996 24.0 1.9999999999998295 23.999999999998344 5.6277758939184945e-58
23.921875 1.9999999999999996 24.0 1.9999999999998221 23.999999999998273 2.7215866533612825e-58
23.953125 1.9999999999999996 24.0 1.9999999999998144 23.9999999999982 1.3120415267055653e-58
23.984375 1.9999999999999996 24.0 1.99999999999981 23.999999999998153 6.305182608170241e-59
24.015625 1.9999999999999996 24.0 1.999999999999811 23.999999999998156 3.0203361416968546e-59
24.046875 1.9999999999999996 24.0 1.9999999999998057 23.999999999998135 1.442119640701555e-59
24.078125 1.9999999999999996 24.0 1.999999999999797 23.99999999999808 6.863006283915339e-60
24.109375 1.9999999999999996 24.0 1.9999999999997915 23.999999999998032 3.2551487659220895e-60
24.140625 1.9999999999999996 24.0 1.9999999999997906 23.99999999999802 1.5386651948267813e-60
24.171875 1.9999999999999996 24.0 1.9999999999997948 23.99999999999807 7.247774453020917e-61
24.203125 1.9999999999999996 24.0 1.9999999999998026 23.999999999998145 3.401882857024736e-61
24.234375 1.9999999999999996 24.0 1.9999999999998133 23.99999999999823 1.590929990931295e-61
24.265625 1.9999999999999996 24.0 1.9999999999998206 23.9999999999983 7.4123871613528855e-62
24.296875 1.9999999999999996 24.0 1.9999999999998235 23.999999999998302 3.4402769321153487e-62
24.328125 1.9999999999999996 24.0 1.9999999999998233 23.999999999998263 1.5903905636321816e-62
24.359375 1.9999999999999996 24.0 1.999999999999818 23.9999999999982 7.321984942534789e-63
24.390625 1.9999999999999996 24.0 1.99999999999981 23.999999999998128 3.356600044717967e-63
24.421875 1.9999999999999996 24.0 1.9999999999998037 23.9999999999981 1.5319234162033377e-63
24.453125 1.9999999999999996 24.0 1.9999999999998033 23.999999999998103 6.959052145299416e-64
24.484375 1.9999999999999996 24.0 1.9999999999997988 23.99999999999808 3.145813634902412e-64
24.515625 1.9999999999999996 24.0 1.9999999999998002 23.999999999998053 1.414693107295441e-64
24.546875 1.9999999999999996 24.0 1.9999999999997964 23.99999999999805 6.326920398120275e-65
24.578125 1.9999999999999996 24.0 1.999999999999805 23.999999999998046 2.8128757645194546e-65
24.609375 1.9999999999999996 24.0 1.9999999999997977 23.99999999999804 1.2425942366207413e-65
24.640625 1.9999999999999996 24.0 1.9999999999998124 23.99999999999805 5.451008665905134e-66
24.671875 1.9999999999999996 24.0 1.9999999999997948 23.99999999999806 2.372921497325267e-66
24.703125 1.9999999999999996 24.0 1.9999999999998233 23.9999999999981 1.0241461876918614e-66
24.734375 1.9999999999999996 24.0 1.9999999999997866 23.99999999999816 4.377446861968469e-67
24.765625 1.9999999999999996 24.0 1.9999999999998463 23.9999999999982 1.8502142513491473e-67
24.796875 1.9999999999999996 24.0 1.999999999999763 23.999999999998188 7.718206623049324e-68
24.828125 1.9999999999999996 24.0 1.9999999999998788 23.999999999998135 3.1691289287035775e-68
24.859375 1.9999999999999996 24.0 1.9999999999997042 23.999999999998117 1.275954546258792e-68
24.890625 1.9999999999999996 24.0 1.9999999999999525 23.999999999998067 5.008720464462768e-69
24.921875 1.9999999999999996 24.0 1.9999999999995857 23.99999999999806 1.8996549218085223e-69
24.953125 1.9999999999999996 24.0 2.00000000000011 23.999999999998025 6.85218368134225e-70
24.984375 1.9999999999999996 24.0 1.9999999999993652 23.999999999998025 2.27822078484169e-70
