0.0 2.0 0.0 2.0 -2.8658970488341345e-38 -1.2485577391691675e-70
0.025 2.0 0.0 2.0 -1.1913808534083223e-38 -3.207128725903494e-70
0.05 2.0 0.0 2.0 -1.1241237075557082e-66 -7.61021152254107e-70
0.07500000000000001 2.0 0.0 2.0 1.1913808534083223e-38 -1.7199764743941343e-69
0.1 2.0 0.0 2.0 2.8658970488341345e-38 -3.760245770446665e-69
0.125 2.0 0.0 2.0 -3.267212919607494e-37 -8.023378137447364e-69
0.15000000000000002 2.0 0.0 2.0 1.3935742596727619e-36 -1.6803071359948142e-68
0.17500000000000002 2.0 0.0 2.0 -3.430384167257745e-36 -3.466961123203379e-68
0.2 2.0 0.0 2.0 1.2575953927368396e-36 -7.066277007771242e-68
0.225 2.0 0.0 2.0 3.516677387322035e-35 -1.4254606042637545e-67
0.25 2.0 0.0 2.0 -2.0269539502340616e-34 -2.850203213424424e-67
0.275 2.0 0.0 2.0 6.510774533714438e-34 -5.6551073145168206e-67
0.30000000000000004 2.0 0.0 2.0 -9.987516180836267e-34 -1.1143840376281877e-66
0.325 2.0 0.0 2.0 -2.6027815018047086e-33 -2.182559875779752e-66
0.35000000000000003 2.0 0.0 2.0 2.59592952591422e-32 -4.250945511354934e-66
0.375 2.0 0.0 2.0 -1.06200140995606e-31 -8.237583357394523e-66
0.4 2.0 0.0 2.0 2.480153144683634e-31 -1.5888450293899902e-65
0.42500000000000004 2.0 0.0 2.0 -2.289829008448471e-32 -3.05123791520653e-65
0.45 2.0 0.0 2.0 -2.9102034055133285e-30 -5.83588937011854e-65
0.47500000000000003 2.0 0.0 2.0 1.579941369010859e-29 -1.1119377206531254e-64
0.5 2.0 0.0 2.0 -4.8720148232844177e-29 -2.1109980944259782e-64
0.525 2.0 0.0 2.0 6.700427326923643e-29 -3.99400634946599e-64
0.55 2.0 0.0 2.0 2.3690189738382187e-28 -7.532042663427859e-64
0.5750000000000001 2.0 0.0 2.0 -2.0801863567685253e-27 -1.415992906768477e-63
0.6000000000000001 2.0 0.0 2.0 8.212112989823704e-27 -2.6540415818424765e-63
0.625 2.0 0.0 2.0 -1.8543403007579608e-26 -4.960217038783217e-63
0.65 2.0 0.0 2.0 -3.677842829911645e-28 -9.244484572660568e-63
0.675 2.0 0.0 2.0 2.2313739680673664e-25 -1.718272474634892e-62
0.7000000000000001 2.0 0.0 2.0 -1.1618979913294292e-24 -3.1853928444269616e-62
0.7250000000000001 2.0 0.0 2.0 3.379830021294405e-24 -5.890152117734197e-62
0.75 2.0 0.0 2.0 -3.505848700394632e-24 -1.0864518245663961e-61
0.775 2.0 0.0 2.0 -2.38585364693707e-23 -1.999125932595272e-61
0.8 2.0 0.0 2.0 1.7444342905857682e-22 -3.6697668525828435e-61
0.8250000000000001 2.0 0.0 2.0 -6.50392757775521e-22 -6.720882163419382e-61
0.8500000000000001 2.0 0.0 2.0 1.395690168783518e-21 -1.2280684238163775e-60
0.875 2.0 0.0 2.0 3.186604937670859e-22 -2.2389513277987053e-60
0.9 2.0 0.0 2.0 -1.8286174577004616e-20 -4.0729434217744756e-60
0.925 2.0 0.0 2.0 8.873848563613097e-20 -7.393127966516549e-60
0.9500000000000001 2.0 0.0 2.0 -2.348003849838535e-19 -1.3391137051841452e-59
0.9750000000000001 2.0 0.0 2.0 2.7097593274098415e-19 -2.420406029382249e-59
1.0 2.0 0.0 2.0 2.1871273279353127e-18 -4.36567780080435e-59
1.0250000000000001 2.0 0.0 2.0 -1.5316982067956674e-17 -7.8581087712697095e-59
1.05 2.0 0.0 2.0 4.738596533664347e-17 -1.411551286346563e-58
1.075 2.0 0.0 2.0 -1.0352896345224125e-16 -2.530440596163147e-58
1.1 2.0 0.0 2.0 3.350487342605379e-16 -4.527144471640695e-58
1.125 2.0 0.0 1.9999999999999991 2.4594828371319622e-15 -8.083295968589929e-58
1.1500000000000001 2.0 0.0 1.9999999999999984 5.0271013816183676e-15 -1.4404397548971597e-57
1.175 2.0 0.0 1.9999999999999982 6.258797705446468e-15 -2.5618293684040885e-57
1.2000000000000002 2.0 0.0 1.9999999999999982 6.345273429174498e-15 -4.5473588753179857e-57
1.225 2.0 0.0 1.9999999999999982 6.323087738599603e-15 -8.056142177712438e-57
1.25 2.0 0.0 1.9999999999999982 6.330613573907805e-15 -1.4244864646060943e-56
1.2750000000000001 2.0 0.0 1.9999999999999982 6.328957438164772e-15 -2.5139511568903604e-56
1.3 2.0 0.0 1.9999999999999982 6.328927920476001e-15 -4.428189557266659e-56
1.3250000000000002 2.0 0.0 1.9999999999999982 6.328864497012147e-15 -7.785196324389693e-56
1.35 2.0 0.0 1.9999999999999982 6.3288404461317855e-15 -1.3661225834023005e-55
1.375 2.0 0.0 1.9999999999999982 6.328840987173406e-15 -2.3927033740792414e-55
1.4000000000000001 2.0 0.0 1.9999999999999982 6.32883798615855e-15 -4.1828194890858076e-55
1.425 2.0 0.0 1.9999999999999982 6.32883867610868e-15 -7.298474087965946e-55
1.4500000000000002 2.0 0.0 1.9999999999999982 6.3288252216031e-15 -1.2710978009256623e-54
1.475 2.0 0.0 1.9999999999999982 6.328879442982131e-15 -2.209585075711625e-54
1.5 2.0 0.0 1.9999999999999982 6.3287641706043905e-15 -3.833786490499683e-54
1.5250000000000001 2.0 0.0 1.9999999999999982 6.328739893606998e-15 -6.639429774965276e-54
1.55 2.0 0.0 1.9999999999999982 6.330706379976328e-15 -1.1476757239728728e-53
1.5750000000000002 2.0 0.0 1.9999999999999982 6.320229775524847e-15 -1.9801254871404934e-53
1.6 2.0 0.0 1.9999999999999982 6.348880266589247e-15 -3.4099698947990406e-53
1.625 2.0 0.0 1.9999999999999982 6.296160830984668e-15 -5.861267598663116e-53
1.6500000000000001 2.0 0.0 1.9999999999999982 6.44909805928034e-15 -1.0055744678944166e-52
1.675 2.0 0.0 1.9999999999999978 7.700781217704179e-15 -1.7219350198428513e-52
1.7000000000000002 2.0 0.0 1.999999999999997 1.0241313889319995e-14 -2.943044929141196e-52
1.725 2.0 0.0 1.9999999999999964 1.2358862874445094e-14 -5.020558570927434e-52
1.75 2.0 0.0 1.9999999999999958 1.4353396940571906e-14 -8.548289091174405e-52
1.7750000000000001 2.0 0.0 1.9999999999999956 1.540759305293659e-14 -1.452696785103895e-51
1.8 2.0 0.0 1.9999999999999956 1.5132419369737744e-14 -2.4639706292681554e-51
1.8250000000000002 2.0 0.0 1.9999999999999956 1.520118842363928e-14 -4.1711573187998824e-51
1.85 2.0 0.0 1.9999999999999956 1.5187351471137015e-14 -7.047471785717218e-51
1.875 2.0 0.0 1.9999999999999956 1.519295220303338e-14 -1.1883943908134718e-50
1.9000000000000001 2.0 0.0 1.9999999999999956 1.5181707850690618e-14 -2.000011615982941e-50
1.925 2.0 0.0 1.9999999999999956 1.5184039646689487e-14 -3.359253341841682e-50
1.9500000000000002 2.0 0.0 1.9999999999999956 1.5252366131725576e-14 -5.630984641584324e-50
1.975 2.0 0.0 1.9999999999999956 1.506500084372263e-14 -9.41997283432247e-50
2.0 2.0 0.0 1.9999999999999951 1.7041359863715043e-14 -1.5726437566102247e-49
2.025 2.0 0.0 1.9999999999999936 2.2340081809029555e-14 -2.620097012181645e-49
2.0500000000000003 2.0 0.0 1.9999999999999925 2.9037467246136533e-14 -4.356129591028779e-49
2.075 2.0 0.0 1.9999999999999911 3.242779859750419e-14 -7.227195561827664e-49
2.1 2.0 0.0 1.999999999999989 4.119161610885974e-14 -1.1964998047712175e-48
2.125 2.0 0.0 1.999999999999983 6.604122913231261e-14 -1.976589158084722e-48
2.15 2.0 0.0 1.9999999999999776 8.994152676814858e-14 -3.2581201677903115e-48
2.1750000000000003 2.0 0.0 1.9999999999999818 7.205125099828299e-14 -5.358575572987094e-48
2.2 2.0 0.0 1.9999999999999898 3.3593591380204566e-14 -8.793189124986368e-48
2.225 2.0 0.0 1.9999999999999774 8.962703145154277e-14 -1.4395935097033357e-47
2.25 2.0 0.0 1.999999999999941 2.4685024785832534e-13 -2.351308388844086e-47
2.275 2.0 0.0 1.9999999999999445 2.3379525951487204e-13 -3.831187377468307e-47
2.3000000000000003 2.0 0.0 2.0000000000000364 -1.712837187700401e-13 -6.227114849281717e-47
2.325 2.0 0.0 2.0000000000000924 -4.201926233629056e-13 -1.0095855044541322e-46
2.35 2.0 0.0 1.9999999999999005 4.262378879487884e-13 -1.632571775631622e-46
2.375 2.0 0.0 1.9999999999996165 1.6815212017002659e-12 -2.632942317395744e-46
2.4000000000000004 2.0 0.0 1.9999999999998757 5.341749126731143e-13 -4.23461073102761e-46
2.4250000000000003 2.0 0.0 2.000000000000786 -3.5012967898549555e-12 -6.791217650451203e-46
2.45 2.0 0.0 2.000000000000888 -3.954172630733514e-12 -1.0859198604467562e-45
2.475 2.0 0.0 1.9999999999987206 5.650815425569297e-12 -1.73105984679808e-45
2.5 2.0 0.0 1.9999999999965807 1.5132184313538392e-11 -2.7506291988257142e-45
2.5250000000000004 2.0 0.0 2.00000000000001 -6.110079188339997e-14 -4.356033735763538e-45
2.5500000000000003 2.0 0.0 2.0000000000084652 -3.751538984710156e-11 -6.874067827199131e-45
2.575 2.0 0.0 2.0000000000080718 -3.577107662674634e-11 -1.0807188965707083e-44
2.6 2.0 0.0 1.9999999999867897 5.850302246185184e-11 -1.6923394763152405e-44
2.625 2.0 0.0 1.9999999999662599 1.4944485364186104e-10 -2.638888646042497e-44
2.6500000000000004 2.0 0.0 1.9999999999983125 7.450443641361288e-12 -4.0961546419023566e-44
2.6750000000000003 2.0 0.0 2.00000000008592 -3.806825402530414e-10 -6.326902277480685e-44
2.7 2.0 0.0 2.000000000103318 -4.5749437463444447e-10 -9.72012144562803e-44
2.725 2.0 0.0 1.9999999998873734 4.983702382284208e-10 -1.4845133099631818e-43
2.75 2.0 0.0 1.999999999535346 2.0597844050495293e-09 -2.2523830569655327e-43
2.7750000000000004 2.0 0.0 1.999999999571689 1.8926546404586316e-09 -3.392276304524222e-43
2.8000000000000003 2.0 0.0 2.000000000557756 -2.4864394563635457e-09 -5.066210362384411e-43
2.825 2.0 0.0 2.0000000024064155 -1.0529875782897524e-08 -7.49276645961125e-43
2.85 2.0 0.0 2.000000004607399 -2.0692103186356116e-08 -1.0954931288719216e-42
2.875 2.0 0.0 2.0000000100293396 -4.348699606037383e-08 -1.5796414191572262e-42
2.9000000000000004 2.0 0.0 2.000000036232599 -1.5976207592735084e-07 -2.2389744900556132e-42
2.9250000000000003 2.0 0.0 2.0000001595052623 -7.061712865787301e-07 -3.104373336154678e-42
2.95 2.0 0.0 2.000000704243135 -3.119697781013775e-06 -4.1789500664144645e-42
2.975 2.0 0.0 2.0000027762512063 -1.2296499815201006e-05 -5.393393793276109e-42
3.0 2.0 0.0 2.0000193318636064 -8.552628824976013e-05 -6.518129048276597e-42
3.0250000000000004 2.0 0.0 2.0000823434397335 -0.00036545541347509465 -6.997093868289248e-42
3.0500000000000003 2.0 0.0 2.0001963162107685 -0.000867669195802623 -5.6417737497315465e-42
3.075 2.0 0.0 2.0003257000218646 -0.0014479233489807586 -7.962398971434832e-44
3.1 2.0 0.0 2.00043267247107 -0.0019079600798640336 1.422411275693031e-41
3.125 2.0 0.0 2.000491514244833 -0.002192095210798827 4.567817789604015e-41
3.1500000000000004 2.0 0.0 2.0005174620634194 -0.0022724579200457933 1.0952769302849172e-40
3.1750000000000003 2.0 0.0 2.00051858833353 -0.002313395765739558 2.329325329794819e-40
3.2 2.0 0.0 2.000515945367722 -0.002288350801262736 4.636017683509511e-40
3.225 2.0 0.0 2.0005106913013666 -0.0022502221194012407 8.843682806708304e-40
3.25 2.0 0.0 2.000503234553043 -0.0022358929141625154 1.637631564719423e-39
3.2750000000000004 2.0 0.0 2.000499996512662 -0.0022185034760483675 2.966111642178372e-39
3.3000000000000003 2.0 0.0 2.0004996362275644 -0.002208498426703104 5.2804380857322505e-39
3.325 2.0 0.0 2.000498435434541 -0.002210255311299567 9.270696934396925e-39
3.35 2.0 0.0 2.0004988756711155 -0.0022114280711190613 1.6089691475392133e-38
3.375 2.0 0.0 2.0004996950668352 -0.0022117182247755494 2.7652750956800404e-38
3.4000000000000004 2.0 0.0 2.000499645870227 -0.0022150921193512126 4.712626436385147e-38
3.4250000000000003 2.0 0.0 2.000499836645045 -0.0022160537249467202 7.972076175243819e-38
3.45 2.0 0.0 2.0005002827170557 -0.0022147180035417147 1.3397382911216649e-37
3.475 2.0 0.0 2.0005000931106656 -0.0022154503529341224 2.2381838356032733e-37
3.5 2.0 0.0 2.000499868194261 -0.0022162220438819514 3.7190631002266737e-37
3.5250000000000004 2.0 0.0 2.000500042871746 -0.002215322945415953 6.149328554848944e-37
3.5500000000000003 2.0 0.0 2.0005000918679903 -0.0022154422149648295 1.0121407319873481e-36
3.575 2.0 0.0 2.0005000507115165 -0.002215743197219573 1.6588636843696637e-36
3.6 2.0 0.0 2.000500071051534 -0.002215607574033032 2.708035664796088e-36
3.625 2.0 0.0 2.0005000165123787 -0.002215374069442609 4.404258009248603e-36
3.6500000000000004 2.0 0.0 2.0004999118576525 -0.0022151194368996473 7.137614307672968e-36
3.6750000000000003 2.0 0.0 2.000499856578986 -0.002214729103376332 1.1528461656909949e-35
3.7 2.0 0.0 2.0004998533615668 -0.0022145883649666766 1.8560693312315038e-35
3.725 2.0 0.0 2.0004998692296208 -0.0022149042566269304 2.979066736622274e-35
3.75 2.0 0.0 2.0004999491901687 -0.00221534103077003 4.767397604445987e-35
3.7750000000000004 2.0 0.0 2.000500061189359 -0.0022154815704613262 7.607531331130017e-35
3.8000000000000003 2.0 0.0 2.0005000781880398 -0.0022154862811830426 1.2106218924007303e-34
3.825 2.0 0.0 2.000499991943421 -0.002215357520413149 1.921376879200274e-34
3.85 2.0 0.0 2.000499905093962 -0.002215027169221254 3.0415081655923462e-34
3.875 2.0 0.0 2.0004998819228295 -0.0022148128138864917 4.802503147034089e-34
3.9000000000000004 2.0 0.0 2.0004999190292865 -0.002215036592038572 7.564418649237672e-34
3.9250000000000003 2.0 0.0 2.000500008834281 -0.002215514627145264 1.1886038390279906e-33
3.95 2.0 0.0 2.000500100914216 -0.0022158309339883452 1.8632647696966683e-33
3.975 2.0 0.0 2.0005001169279284 -0.0022157948834393114 2.9141243919621215e-33
4.0 2.0 0.0 2.0005000416828373 -0.0022154297362075776 4.547325892745335e-33
4.025 2.0 0.0 2.00049993109904 -0.002214940934489961 7.08003429138678e-33
4.05 2.0 0.0 2.000499844343612 -0.0022146777577663956 1.0999204945488797e-32
4.075 2.0 0.0 2.0004998183929374 -0.002214773019706845 1.7050924828732827e-32
4.1000000000000005 2.0 0.0 2.0004998780748435 -0.0022150034037481297 2.6375954000813244e-32
4.125 2.0 0.0 2.0004999770763696 -0.0022151780303500453 4.0714940949284585e-32
4.15 2.0 0.0 2.0005000265301875 -0.002215300658048789 6.271849961695167e-32
4.175 2.0 0.0 2.000500006236605 -0.002215368220564497 9.641478893875457e-32
4.2 2.0 0.0 2.00049996406613 -0.0022152866332033646 1.4791318609840628e-31
4.2250000000000005 2.0 0.0 2.0004999375433017 -0.002215164375274343 2.2646115092850218e-31
4.25 2.0 0.0 2.0004999403975097 -0.0022151718851167903 3.4602839938301873e-31
4.275 2.0 0.0 2.00049997896153 -0.0022153146309911607 5.2767676836075284e-31
4.3 2.0 0.0 2.0005000357735487 -0.002215469186582227 8.0309842467275e-31
4.325 2.0 0.0 2.00050006619309 -0.002215543151282557 1.219887966077023e-30
4.3500000000000005 2.0 0.0 2.0005000445764614 -0.0022154781370102225 1.8493825857628825e-30
4.375 2.0 0.0 2.0004999869792797 -0.002215290480235152 2.798298194819873e-30
4.4 2.0 0.0 2.000499932266428 -0.0022150836193529705 4.225965288071211e-30
4.425 2.0 0.0 2.0004999128401195 -0.0022149787380768143 6.369808936104075e-30
4.45 2.0 0.0 2.0004999323619463 -0.0022150157540449245 9.582941706884708e-30
4.4750000000000005 2.0 0.0 2.0004999582440997 -0.002215176498340189 1.4389518087574973e-29
4.5 2.0 0.0 2.000499961406677 -0.0022153346925212532 2.1566080528120858e-29
4.525 2.0 0.0 2.000499945451748 -0.002215318403227412 3.2260863834562185e-29
4.55 2.0 0.0 2.0004999337295994 -0.0022151234629760397 4.8168421569564733e-29
4.575 2.0 0.0 2.000499929644074 -0.0022149695268092948 7.178471636680691e-29
4.6000000000000005 2.0 0.0 2.0004999410103137 -0.00221505241407079 1.0677900206662695e-28
4.625 2.0 0.0 2.000499977076518 -0.0022153143316510646 1.5853487713817023e-28
4.65 2.0 0.0 2.0005000317659705 -0.0022155120020850238 2.349358714699909e-28
4.675 2.0 0.0 2.0005000650472855 -0.002215524866007721 3.4750376167468296e-28
4.7 2.0 0.0 2.0005000418760677 -0.0022153884473728493 5.130446096074551e-28
4.7250000000000005 2.0 0.0 2.000499973693267 -0.0022152370548031326 7.560240733947868e-28
4.75 2.0 0.0 2.0004999154088625 -0.0022151299863632373 1.111987969600823e-27
4.775 2.0 0.0 2.0004999101055994 -0.0022150894768807527 1.6324777288682076e-27
4.800000000000001 2.0 0.0 2.0004999493087574 -0.0022151029166000108 2.3920791350568763e-27
4.825 2.0 0.0 2.0004999851713414 -0.0022151756724509194 3.498508622723132e-27
4.8500000000000005 2.0 0.0 2.000499981904323 -0.002215234653011275 5.107015027443151e-27
4.875 2.0 0.0 2.0004999456164163 -0.002215153316919107 7.44089836681967e-27
4.9 2.0 0.0 2.0004998970823733 -0.0022148913712147313 1.0820679358050657e-26
4.925000000000001 2.0 0.0 2.0004998194198107 -0.0022144593050601705 1.5705474219976266e-26
4.95 2.0 0.0 2.000499637550025 -0.002213656687737573 2.2751548869943728e-26
4.9750000000000005 2.0 0.0 2.000499068298829 -0.002211257112868261 3.2894995160088094e-26
5.0 2.0 0.0 2.000496989509293 -0.0022021739956640494 4.7468193800184217e-26
5.025 2.0 0.0 2.000479935890146 -0.0021269642676468217 6.836348138133838e-26
5.050000000000001 2.0 0.0 2.0004167576142944 -0.0018443522793532429 9.826259699366093e-26
5.075 2.0 0.0 2.000302687316687 -0.0013451711760485011 1.4095755114034432e-25
5.1000000000000005 2.0 0.0 2.000174772684664 -0.0007680966685462322 2.017982107211274e-25
5.125 2.0 0.0 2.0000692085295397 -0.0003153618327358512 2.8831502816409013e-25
5.15 2.0 0.0 2.000010574881902 -3.729875852057782e-05 4.1108315305850485e-25
5.175000000000001 2.0 0.0 1.9999843426365527 6.449446726156102e-05 5.849182239504409e-25
5.2 2.0 0.0 1.9999796852347922 8.410146999238922e-05 8.305265084697836e-25
5.2250000000000005 2.0 0.0 1.999985535597669 7.647063766441067e-05 1.1767754269319202e-24
5.25 2.0 0.0 1.9999898026518403 3.936401494314336e-05 1.6638083285143045e-24
5.275 2.0 0.0 1.9999958146049956 1.319469837053032e-05 2.3473041374023936e-24
5.300000000000001 2.0 0.0 2.0000002772976373 7.462100382001172e-06 3.3042837924156444e-24
5.325 2.0 0.0 2.0000005543682753 -5.485489809161798e-06 4.64099834688132e-24
5.3500000000000005 2.0 0.0 2.000000763383247 -6.691133274856153e-06 6.503606934487226e-24
5.375 2.0 0.0 2.0000013511412664 -2.470885538783416e-06 9.092577194644609e-24
5.4 2.0 0.0 2.000000517165988 -2.1444139926474492e-06 1.2682028866634167e-23
5.425000000000001 2.0 0.0 1.9999999755434876 -1.319406527286273e-06 1.7645607765431595e-23
5.45 2.0 0.0 2.000000086467524 5.294427370166331e-07 2.4490938514206842e-23
5.4750000000000005 2.0 0.0 1.9999999040308793 2.049301884002449e-07 3.390527718294937e-23
5.5 2.0 0.0 1.9999998435095097 -3.5532934062755145e-07 4.6815685166807494e-23
5.525 2.0 0.0 2.0000000771299646 5.483679536156388e-07 6.446788458404909e-23
5.550000000000001 2.0 0.0 1.9999999812429947 5.803260236733932e-07 8.852893455553563e-23
5.575 2.0 0.0 1.9999997752522634 -6.962119973461814e-08 1.2121996938613886e-22
5.6000000000000005 2.0 0.0 1.9999998190825665 6.197767300372453e-07 1.6548641332673977e-22
5.625 2.0 0.0 1.9999998863346877 9.545764204115027e-07 2.252142269674823e-22
5.65 2.0 0.0 1.9999999113476505 4.6961031615907984e-07 3.055016545536122e-22
5.675000000000001 2.0 0.0 2.000000049572354 -6.460980772688729e-08 4.1299630014263464e-22
5.7 2.0 0.0 2.0000002081269486 -5.299876979267804e-07 5.563066249343022e-22
5.7250000000000005 2.0 0.0 2.0000002368160112 -9.651354248138136e-07 7.464942745661968e-22
5.75 2.0 0.0 2.0000001371682705 -8.913513115984156e-07 9.976476910669732e-22
5.775 2.0 0.0 2.0000000018514936 -1.4192695671950237e-07 1.327526226736045e-21
5.800000000000001 2.0 0.0 1.9999998691714311 6.310826269012148e-07 1.7582444372291907e-21
5.825 2.0 0.0 1.9999998107329864 7.809171227081304e-07 2.3169339133912443e-21
5.8500000000000005 2.0 0.0 1.9999998970772874 3.7104009780938074e-07 3.0362683497293437e-21
5.875 2.0 0.0 2.0000000506820905 -2.866750958100486e-07 3.954656992153136e-21
5.9 2.0 0.0 2.0000001325190393 -7.19141089772722e-07 5.11578837693969e-21
5.925000000000001 2.0 0.0 2.000000094327791 -4.6351506301813396e-07 6.5670206144603765e-21
5.95 2.0 0.0 1.9999999745869523 3.5157026338646754e-07 8.355838251723559e-21
5.9750000000000005 2.0 0.0 1.9999998243932056 9.586406202001928e-07 1.0523189124483777e-20
6.0 2.0 0.0 1.9999997575306419 9.324911174627888e-07 1.3091921451978668e-20
6.025 2.0 0.0 1.9999998738333964 4.640357400650387e-07 1.604768304251177e-20
6.050000000000001 2.0 0.0 2.0000000901018407 -1.967484958113557e-07 1.9308411043164975e-20
6.075 2.0 0.0 2.0000002164559 -8.288592892861373e-07 2.2676779569081865e-20
6.1000000000000005 2.0 0.0 2.0000001849161784 -1.0465339497224059e-06 2.5767472569967825e-20
6.125 2.0 0.0 2.000000062629953 -6.290214966727213e-07 2.789761923259548e-20
6.15 2.0 0.0 1.9999999441112883 1.0104259646337795e-07 2.7923769080008826e-20
6.175000000000001 2.0 0.0 1.9999998900471816 6.016922260279951e-07 2.400184620455049e-20
6.2 2.0 0.0 1.9999999141038687 6.341068232345365e-07 1.323685989615532e-20
6.2250000000000005 2.0 0.0 1.9999999673526394 2.7453537570537524e-07 -8.824253177571133e-21
6.25 2.0 0.0 2.00000000693331 -1.1244154676042963e-07 -4.8921798420998234e-20
6.275 2.0 0.0 2.0000000145658614 -1.5482967174296904e-07 -1.1712514172146412e-19
6.300000000000001 2.0 0.0 1.9999999888478386 1.447349105440716e-07 -2.2831278910267004e-19
6.325 2.0 0.0 1.9999999254810272 4.61284746750719e-07 -4.0426416012822785e-19
6.3500000000000005 2.0 0.0 1.9999998723970662 5.758794357502352e-07 -6.76601658932568e-19
6.375 2.0 0.0 1.9999998901002702 4.800540854437356e-07 -1.0909101867037715e-18
6.4 2.0 0.0 1.9999999680035048 2.2742638658924542e-07 -1.7124811617720026e-18
6.425000000000001 2.0 0.0 2.000000036877563 -1.1736925771421117e-07 -2.634290061535745e-18
6.45 2.0 0.0 2.000000053986618 -3.399115533759397e-07 -3.988034572032288e-18
6.4750000000000005 2.0 0.0 2.000000024305382 -2.6876295209983506e-07 -5.9593532496919114e-18
6.5 2.0 0.0 1.9999999804714497 2.4903177100536896e-08 -8.808736703694343e-18
6.525 2.0 0.0 1.9999999472587955 2.837559904473528e-07 -1.2900166942861003e-17
6.550000000000001 2.0 0.0 1.9999999404734605 3.337197792105269e-07 -1.8740217965579606e-17
6.575 2.0 0.0 1.9999999532550774 2.0801028112724323e-07 -2.7031277165721784e-17
6.6000000000000005 2.0 0.0 1.999999971741554 1.026579167720101e-07 -3.874377474699012e-17
6.625 2.0 0.0 1.9999999694048118 1.4801605367951254e-07 -5.5213930824722155e-17
6.65 2.0 0.0 1.9999999265900397 2.985531877953747e-07 -7.827566888087937e-17
6.675000000000001 2.0 0.0 1.9999998629481852 3.944323873713478e-07 -1.1043815715156673e-16
6.7 1.9999999999999998 0.0 1.9999998367333824 4.1970984806863627e-07 -1.5512412961216225e-16
6.7250000000000005 1.9999999999999998 0.0 1.9999998820870404 4.220856353493262e-07 -2.1698896722718152e-16
6.75 1.9999999999999998 0.0 1.9999999628260525 3.931753265184182e-07 -3.023468242913689e-16
6.775 1.9999999999999996 0.0 2.000000007252198 3.2329987461821304e-07 -4.197382948699487e-16
6.800000000000001 1.9999999999999993 0.0 1.9999999909790025 2.5905156790053287e-07 -5.806847812887535e-16
6.825 1.9999999999999991 0.0 1.9999999448935457 2.8177611228335905e-07 -8.00688552537078e-16
6.8500000000000005 1.999999999999999 0.0 1.999999912355729 3.41148707068867e-07 -1.1005553584170277e-15
6.875 1.9999999999999984 0.0 1.9999999125893524 3.3604439911468896e-07 -1.5081395283077498e-15
6.9 1.999999999999998 0.0 1.999999932130997 2.5461934957788866e-07 -2.0606411652510937e-15
6.925000000000001 1.9999999999999971 0.0 1.9999999472691892 2.2767972270560196e-07 -2.8076231563983075e-15
6.95 1.9999999999999962 0.0 1.9999999296208941 3.6912873500813293e-07 -3.814964538080919e-15
6.9750000000000005 1.999999999999995 0.0 1.9999998738602278 6.374484120766706e-07 -5.170029138986673e-15
7.0 1.9999999999999931 0.0 1.9999998068212785 8.501070303873941e-07 -6.988407961666439e-15
7.025 1.9999999999999907 0.0 1.99999977186512 9.010676287906613e-07 -9.422694927499562e-15
7.050000000000001 1.9999999999999873 0.0 1.9999997920347607 8.184116286507686e-07 -1.2673883980809923e-14
7.075 1.999999999999983 0.0 1.9999998449972785 6.93055150348562e-07 -1.700613805461918e-14
7.1000000000000005 1.9999999999999771 0.0 1.9999998826318977 5.942891089594885e-07 -2.276588563206433e-14
7.125 1.9999999999999696 0.0 1.9999998801022627 5.692573197867755e-07 -3.0406459207729985e-14
7.15 1.9999999999999596 0.0 1.9999998513456958 6.417455773831153e-07 -4.051981494254537e-14
7.175000000000001 1.999999999999946 0.0 1.9999998238476406 7.401308748000561e-07 -5.387728028906569e-14
7.2 1.9999999999999285 0.0 1.9999998097769436 7.491185290382261e-07 -7.148178603823506e-14
7.2250000000000005 1.9999999999999054 0.0 1.9999998045516527 6.528247253538242e-07 -9.463467516962882e-14
7.25 1.999999999999875 0.0 1.99999980464659 5.952650302842986e-07 -1.250209723893004e-13
7.275 1.9999999999998352 0.0 1.999999799702024 7.450064198318109e-07 -1.6481798091187783e-13
7.300000000000001 1.999999999999783 0.0 1.999999779154696 1.0817406517579885e-06 -2.1683328998172973e-13
7.325 1.9999999999997153 0.0 1.9999997379585182 1.4056017138184834e-06 -2.8467977983416343e-13
7.3500000000000005 1.999999999999627 0.0 1.999999693795633 1.552807710056246e-06 -3.729970628133679e-13
7.375 1.9999999999995122 0.0 1.999999672404987 1.535910393105256e-06 -4.87731075149774e-13
7.4 1.9999999999993636 0.0 1.9999996839260874 1.471407537114176e-06 -6.364863229835808e-13
7.425000000000001 1.999999999999171 0.0 1.9999997110232037 1.393815004869958e-06 -8.289686951367867e-13
7.45 1.9999999999989224 0.0 1.999999722252867 1.2866480271493852e-06 -1.0775409101704336e-12
7.4750000000000005 1.999999999998602 0.0 1.9999997058573877 1.1874160762155395e-06 -1.3979177155221707e-12
7.5 2.00099999999819 0.0 1.999999674521908 1.1981249590908297e-06 -1.8100340773142959e-12
7.525 2.000999999997661 0.0 1.9999996417861714 1.3669085954478235e-06 -2.339126995974484e-12
7.550000000000001 2.0009999999969827 0.0 1.9999996091439556 1.6075325549631372e-06 -3.017080494228466e-12
7.575 2.000999999996116 0.0 1.9999995758177547 1.7952656419299126e-06 -3.88409402752548e-12
7.6000000000000005 2.000999999995009 0.0 1.9999995501938765 1.9110156256833915e-06 -4.990747382234668e-12
7.625 2.0009999999935992 0.0 1.9999995431384199 2.0352372850394913e-06 -6.400550420574792e-12
7.65 2.000999999991807 0.0 1.999999545785375 2.2056506967564104e-06 -8.1930842209193e-12
7.675000000000001 2.0009999999895323 0.0 1.999999535482822 2.3707900204937957e-06 -1.0467861720582424e-11
7.7 2.000999999986651 0.0 1.9999995038139486 2.448010997263378e-06 -1.3349061426410604e-11
7.7250000000000005 2.0009999999830086 0.0 1.999999469603215 2.4426262180868854e-06 -1.6991317707779093e-11
7.75 2.000999999978413 0.0 1.9999994566820258 2.409258175509261e-06 -2.1586786279083474e-11
7.775 2.0009999999726262 0.0 1.9999994611584442 2.4032993723449895e-06 -2.7373744425752153e-11
7.800000000000001 2.000999999965353 0.0 1.999999454285404 2.445548131488655e-06 -3.464703309457915e-11
7.825 2.000999999956229 0.0 1.9999994141624442 2.574144154686022e-06 -4.3770702966370494e-11
7.8500000000000005 2.0009999999448067 0.0 1.999999349372573 2.798236305805474e-06 -5.519328989775615e-11
7.875 2.0009999999305337 0.0 1.9999992889574763 3.0450017521587078e-06 -6.946621751012237e-11
7.9 2.000999999912734 0.0 1.9999992502314141 3.2132098291308505e-06 -8.726590704663453e-11
7.925000000000001 2.00099999989058 0.0 1.9999992296158642 3.2751354166446513e-06 -1.094202676805989e-10
7.95 2.0009999998630597 0.0 1.9999992187329505 3.3256019620167197e-06 -1.369403448902136e-10
7.9750000000000005 2.000999999828942 0.0 1.9999992097951882 3.4587553796234593e-06 -1.710580207770042e-10
8.0 2.000999999786729 0.0 1.9999992001026108 3.6525441449434586e-06 -2.1327078847736331e-10
8.025 2.000999999734605 0.0 1.9999991850277512 3.794936621687699e-06 -2.6539476287917325e-10
8.05 2.000999999670373 0.0 1.9999991580391236 3.837125330522525e-06 -3.2962724094277563e-10
8.075000000000001 2.0009999995913796 0.0 1.9999991165621602 3.8492958980182975e-06 -4.0862028554370805e-10
8.1 2.000999999494433 0.0 1.99999906665037 3.9397501829232615e-06 -5.055669744560906e-10
8.125 2.000999999375698 0.0 1.9999990242190915 4.147512511067066e-06 -6.243021272063907e-10
8.15 2.0009999992305807 0.0 1.999998998980244 4.437420962418966e-06 -7.694194918146766e-10
8.175 2.0009999990535925 0.0 1.9999989816577584 4.74484865213263e-06 -9.464075337165068e-10
8.200000000000001 2.0009999988381937 0.0 1.9999989462077719 5.000218168326735e-06 -1.1618061108033733e-09
8.225 2.0009999985766136 0.0 1.9999988802564528 5.144751626819842e-06 -1.4233864289221667e-09
8.25 2.000999998259643 0.0 1.9999988074133683 5.1795881894789876e-06 -1.7403567350686184e-09
8.275 2.000999997876404 0.0 1.9999987679054656 5.193909446659308e-06 -2.123596200202413e-09
8.3 2.000999997414081 0.0 1.9999987723940382 5.3135146632806605e-06 -2.585919344084918e-09
8.325000000000001 2.000999996857627 0.0 1.9999987844074507 5.5383361718587246e-06 -3.1423731284093117e-09
8.35 2.0009999961894316 0.0 1.999998753628757 5.776538056673446e-06 -3.810568451821858e-09
8.375 2.000999995388953 0.0 1.9999986718001055 5.918207710430507e-06 -4.611047172371882e-09
8.4 2.000999994432315 0.0 1.999998576251775 6.008027132043039e-06 -5.567684900177361e-09
8.425 2.0009999932918716 0.0 1.9999985171874752 6.157165589496772e-06 -6.708128574178038e-09
8.450000000000001 2.0009999919357337 0.0 1.9999985070510333 6.424815488742739e-06 -8.064266176171801e-09
8.475 2.0009999903272764 0.0 1.9999985135645493 6.727991719493184e-06 -9.672723741052234e-09
8.5 2.000999988424618 0.0 1.999998489073116 6.973149760753163e-06 -1.157538197381337e-08
8.525 2.0009999861800987 0.0 1.9999984112584646 7.138935460046658e-06 -1.3819901139804517e-08
8.55 2.000999983539762 0.0 1.9999983033353423 7.261672604507135e-06 -1.6460238289259392e-08
8.575000000000001 2.000999980442865 0.0 1.999998219551927 7.368814410267274e-06 -1.9557135117662234e-08
8.6 2.0009999768214524 0.0 1.999998197889064 7.477495330361974e-06 -2.3178547627291094e-08
8.625 2.00099997260002 0.0 1.9999982250634871 7.65633519081363e-06 -2.7399979986059073e-08
8.65 2.000999967695326 0.0 1.9999982405867174 7.942037294715787e-06 -3.230467428442141e-08
8.675 2.000999962016405 0.0 1.9999981921408183 8.314299322680598e-06 -3.798359493613758e-08
8.700000000000001 2.000999955464869 0.0 1.9999980819476835 8.637888889860854e-06 -4.453513087667617e-08
8.725 2.00099994793558 0.0 1.999997964523398 8.82654800351111e-06 -5.2064420059472794e-08
8.75 2.0009999393178215 0.0 1.9999978879734948 8.898530197359786e-06 -6.068217856011783e-08
8.775 2.0009999294971097 0.0 1.9999978535153309 8.965088562260847e-06 -7.050289034369548e-08
8.8 2.000999918357817 0.0 1.99999783141219 9.08171975415861e-06 -8.16421828472761e-08
8.825000000000001 2.0009999057868226 0.0 1.9999977971288836 9.242360983433394e-06 -9.42131773370399e-08
8.85 2.0009998916784393 0.0 1.99999774938607 9.454944012608258e-06 -1.0832156081889094e-07
8.875 2.0009998759409227 0.0 1.9999976988553378 9.71950787855905e-06 -1.240590773561188e-07
8.9 2.00099985850492 0.0 1.9999976468338632 9.997248093837758e-06 -1.4149508016508565e-07
8.925 2.000999839334279 0.0 1.9999975876924858 1.0208230909213208e-05 -1.6066572095482354e-07
8.950000000000001 2.000999818439721 0.0 1.9999975171415303 1.0320896758018957e-05 -1.8156027873583417e-07
8.975 2.0009997958959542 0.0 1.9999974398647242 1.0403423520212476e-05 -2.0410404579461039e-07
9.0 2.000999771862907 0.0 1.9999973644096811 1.054123889070541e-05 -2.2813709273067303e-07
9.025 2.0009997466118734 0.0 1.9999972958474734 1.0728405320701018e-05 -2.5338812638281813e-07
9.05 2.0009997205574668 0.0 1.9999972319667885 1.0889997562354055e-05 -2.794425331313558e-07
9.075000000000001 2.0009996942964356 0.0 1.9999971682923794 1.1002724108065576e-05 -3.057035644737143e-07
9.1 2.000999668654529 0.0 1.9999971088690918 1.1137766095045886e-05 -3.3134547099711315e-07
9.125 2.000999644742776 0.0 1.9999970641006237 1.135717127871729e-05 -3.552572240524588e-07
9.15 2.000999624024719 0.0 1.9999970384535704 1.1624418121220375e-05 -3.759752808138156e-07
9.175 2.0009996083963526 0.0 1.9999970175835047 1.1855625989994586e-05 -3.9160364737948985e-07
9.200000000000001 2.0009996002807244 0.0 1.999996978992417 1.2005078380904021e-05 -3.9971927571543875e-07
9.225 2.0009996027394066 0.0 1.999996922963209 1.2076737477316032e-05 -3.9726059338094177e-07
9.25 2.0009996196032898 0.0 1.9999968807201103 1.2093834173179317e-05 -3.803967102260639e-07
9.275 2.0009996556254257 0.0 1.9999968854464143 1.2076495574365332e-05 -3.443745740814826e-07
9.3 2.0009997166589413 0.0 1.999996939903524 1.2096345274021113e-05 -2.8334105876507274e-07
9.325000000000001 2.000999809863336 0.0 1.9999970208761026 1.2202778717468173e-05 -1.9013666388823996e-07
9.35 2.000999943942811 0.0 1.9999971188845336 1.2386965298790131e-05 -5.605718890501236e-08
9.375 2.0010001294205835 0.0 1.9999972623565285 1.2537576729107058e-05 1.2942058380315937e-07
9.4 2.001000378953497 0.0 1.9999974935783138 1.2592041472447071e-05 3.789534969636227e-07
9.425 2.001000707691556 0.0 1.9999978345912957 1.2618561954333478e-05 7.076915558651469e-07
9.450000000000001 2.0010011336873696 0.0 1.9999982825632527 1.2726072802747309e-05 1.1336873698566534e-06
9.475 2.001001678360801 0.0 1.9999988392635997 1.2921817592630144e-05 1.6783608011039327e-06
9.5 2.0010023670244377 0.0 1.9999995270240059 1.3081951043297723e-05 2.3670244376693356e-06
9.525 2.0000032294757992 0.0 2.000000379270841 1.3107713990308627e-05 3.229475799034653e-06
9.55 2.0000043006624413 0.0 2.0000014285460628 1.30129523662903e-05 4.3006624412371665e-06
9.575000000000001 2.0000056214263453 0.0 2.000002715108209 1.2861996765478439e-05 5.62142634543546e-06
9.600000000000001 2.000007239334136 0.0 2.0000043014077944 1.2673623190684838e-05 7.239334136373669e-06
9.625 2.000009209599773 0.0 2.000006264040355 1.2471336912030661e-05 9.209599773068e-06
9.65 2.000011596106369 0.0 2.0000086708293505 1.2354370410650425e-05 1.1596106369122588e-05
9.675 2.0000144725337194 0.0 2.0000115821943583 1.2429157480759426e-05 1.4472533719284427e-05
9.700000000000001 2.000017923597916 0.0 2.000015073190289 1.2650610998591292e-05 1.7923597916040973e-05
9.725000000000001 2.0000220464091183 0.0 2.0000192376555814 1.2787297198580028e-05 2.2046409118175832e-05
9.75 2.0000269519530645 0.0 2.0000241898573634 1.2663230202861114e-05 2.695195306443837e-05
9.775 2.0000327667012914 0.0 2.000030044200472 1.2343792989410827e-05 3.276670129149581e-05
9.8 2.0000396343541973 0.0 2.0000369332869505 1.2083969701313836e-05 3.9634354197480685e-05
9.825000000000001 2.000047717720072 0.0 2.0000450259029954 1.2022143713740665e-05 4.771772007213217e-05
9.850000000000001 2.0000572007319737 0.0 2.0000545346176883 1.2043994480147208e-05 5.720073197347757e-05
9.875 2.0000682906028517 0.0 2.0000656787690474 1.192213165499915e-05 6.829060285179713e-05
9.9 2.000081220117588 0.0 2.00007866698878 1.1573805260684674e-05 8.1220117588032e-05
9.925 2.0000962500586112 0.0 2.0000937254206415 1.1107129323983895e-05 9.62500586113735e-05
9.950000000000001 2.0001136717594776 0.0 2.0001111454404628 1.0684245147635998e-05 0.00011367175947743903
9.975000000000001 2.000133809778215 0.0 2.000131291787859 1.0410045569362333e-05 0.00013380977821490233
10.0 2.000157024679379 0.0 2.0001545619018684 1.0305684153466564e-05 0.00015702467937915227
10.025 2.000183715910585 0.0 2.00018135695775 1.0291738133108536e-05 0.0001837159105850429
10.05 2.0002143247558304 0.0 2.000212090794606 1.0186976533907808e-05 0.00021432475583056692
10.075000000000001 2.0002493373441785 0.0 2.0002472161847233 9.85964660779721e-06 0.00024933734417856523
10.100000000000001 2.0002892876883496 0.0 2.0002872426160305 9.381867706426229e-06 0.00028928768834964567
10.125 2.000334760723519 0.0 2.0003327563253266 8.977761635593761e-06 0.00033476072351890226
10.15 2.0003863953121317 0.0 2.00038442600807 8.760809094059514e-06 0.00038639531213171874
10.175 2.000444887175898 0.0 2.0004429897063676 8.601635570349118e-06 0.0004448871758980226
10.200000000000001 2.000510991711337 0.0 2.0005092109976186 8.274094278467187e-06 0.0005109917113368845
10.225000000000001 2.00058552664038 0.0 2.0005838648695713 7.721357847722543e-06 0.0005855266403797992
10.25 2.000669374442667 0.0 2.000667779397837 7.119360742686407e-06 0.0006693744426668637
10.275 2.0007634845113595 0.0 2.000761908143974 6.612544988884251e-06 0.0007634845113596697
10.3 2.000868874969632 0.0 2.0008673419212584 6.188106097161894e-06 0.0008688749696318584
10.325000000000001 2.000986634080576 0.0 2.0009852194082196 5.7628407297533655e-06 0.0009866340805762504
10.350000000000001 2.001117921179187 0.0 2.001116677233992 5.351543477229565e-06 0.0011179211791870934
10.375 2.001263967051447 0.0 2.0012628815131395 4.9592988800780095e-06 0.0012639670514472895
10.4 2.0014260736824894 0.0 2.0014251040497864 4.4854310711768995e-06 0.0014260736824893974
10.425 2.0016056132934277 0.0 2.0016047323924258 3.881395447428888e-06 0.001605613293427514
10.450000000000001 2.0018040265849018 0.0 2.0018032371552126 3.2584787015132524e-06 0.001804026584901746
10.475000000000001 2.002022820104765 0.0 2.002022148746371 2.7870202030779426e-06 0.0020228201047651196
10.5 2.0022635626578045 0.0 2.00226304752847 2.4848597584944115e-06 0.002263562657804649
10.525 2.0025278806770497 0.0 2.002527544183179 2.166635505271825e-06 0.0025278806770498556
10.55 2.002817452479206 0.0 2.0028172843439727 1.6017186582486863e-06 0.0028174524792057894
10.575000000000001 2.0031340013311696 0.0 2.003133947953618 7.724912124407586e-07 0.003134001331169485
10.600000000000001 2.003479287260552 0.0 2.003479286782407 -1.292464813335726e-07 0.003479287260551768
10.625 2.0038550975507237 0.0 2.0038551422808957 -9.425970576594565e-07 0.003855097550723615
10.65 2.0042632358702113 0.0 2.0042633960160647 -1.6492422782332319e-06 0.0042632358702114435
10.675 2.0047055099973328 0.0 2.0047058612512996 -2.1767664312014324e-06 0.00470550999733299
10.700000000000001 2.0051837181138286 0.0 2.0051842716075945 -2.489505279979633e-06 0.0051837181138285875
10.725000000000001 2.005699633655903 0.0 2.005700353617617 -2.805952878980923e-06 0.005699633655903253
10.75 2.006254988727532 0.0 2.0062558410578952 -3.4706104277291667e-06 0.006254988727532051
10.775 2.0068514560990365 0.0 2.0068524082412695 -4.480809868311392e-06 0.006851456099036528
10.8 2.0074906298337214 0.0 2.0074916723576988 -5.511188719537641e-06 0.0074906298337215835
10.825000000000001 2.0081740046066456 0.0 2.0081751845415297 -6.233910795642219e-06 0.008174004606645599
10.850000000000001 2.008902953802211 0.0 2.0089043618931846 -6.521296812658076e-06 0.008902953802210829
10.875 2.0096787065010053 0.0 2.009680398142403 -6.528450541109983e-06 0.009678706501005496
10.9 2.010502323490957 0.0 2.010504275510715 -6.716968662772946e-06 0.010502323490956748
10.925 2.01137467246308 0.0 2.0113767760152204 -7.448294446837268e-06 0.011374672463079757
10.950000000000001 2.012296402577616 0.0 2.0122985141360576 -8.662381368653968e-06 0.01229640257761636
10.975000000000001 2.013267918611782 0.0 2.0132699863309194 -1.007523731836774e-05 0.01326791861178228
11.0 2.0142893549253027 0.0 2.0142914821927342 -1.1377605080217706e-05 0.014289354925302632
11.025 2.015360549503989 0.0 2.0153628817645233 -1.2093424350861973e-05 0.015360549503988833
11.05 2.016481018364353 0.0 2.0164836167858025 -1.2040039126804349e-05 0.01648101836435281
11.075000000000001 2.0176499306232123 0.0 2.017652789750555 -1.185054029812831e-05 0.017649930623212476
11.100000000000001 2.0188660845549338 0.0 2.018869154395882 -1.2285801279492032e-05 0.018866084554933892
11.125 2.020127884974914 0.0 2.02013104532499 -1.3404942169988934e-05 0.02012788497491368
11.15 2.0214333223006524 0.0 2.021436485389609 -1.476341005082192e-05 0.02143332230065258
11.175 2.022779953650847 0.0 2.0227831621910157 -1.5885577021885413e-05 0.022779953650846937
11.200000000000001 2.024164886347899 0.0 2.024168263519208 -1.6340515623521527e-05 0.024164886347898915
11.225000000000001 2.025584764189701 0.0 2.0255884024251705 -1.6169825326177762e-05 0.02558476418970099
11.25 2.0270357568521313 0.0 2.027039700935715 -1.6098536216181236e-05 0.027035756852131283
11.275 2.028513552774084 0.0 2.0285177441636932 -1.6591801030945402e-05 0.02851355277408386
11.3 2.0300133558617968 0.0 2.030017623657801 -1.737527727130304e-05 0.030013355861796782
11.325000000000001 2.0315298863285554 0.0 2.0315341123385515 -1.833276193873302e-05 0.031529886328555336
11.350000000000001 2.033057385959418 0.0 2.0330616478953463 -1.967983360186732e-05 0.033057385959417915
11.375 2.0345896280584306 0.0 2.034593974207617 -2.0879756037441356e-05 0.03458962805843038
11.4 2.036119932297924 0.0 2.0361242976526053 -2.1160183629908975e-05 0.036119932297924
11.425 2.0376411846461 0.0 2.0376456911028384 -2.1314827936525717e-05 0.03764118464610008
11.450000000000001 2.0391458625004684 0.0 2.0391506539721664 -2.1948638854570696e-05 0.03914586250046818
11.475000000000001 2.040626065101182 0.0 2.040631005052744 -2.21992840982526e-05 0.04062606510118198
11.5 2.0420735492403947 0.0 2.0420785293744874 -2.2442865246234578e-05 0.04207354924039483
11.525 2.043479770222004 0.0 2.043484923958473 -2.3483511706744508e-05 0.04347977022200409
11.55 2.0448359279612407 0.0 2.0448411483899847 -2.3735337352851236e-05 0.044835927961240744
11.575000000000001 2.0461330180462625 0.0 2.0461382918291844 -2.241916953126168e-05 0.046133018046262436
11.600000000000001 2.0473618875150565 0.0 2.047367840969563 -2.33597091995303e-05 0.0473618875150567
11.625 2.0485132950314933 0.0 2.0485199007600237 -2.2031593777008417e-05 0.0485132950314933
11.65 2.049577975075253 0.0 2.0495842626358716 -1.823849569384106e-05 0.04957797507525319
11.675 2.05054670569264 0.0 2.050553473494028 -2.1158838271524497e-05 0.0505467056926399
11.700000000000001 2.0514103792900156 0.0 2.051416714703805 -2.85639415606549e-05 0.05141037929001539
11.725000000000001 2.0521600758898653 0.0 2.0521626563677087 -3.374063423583543e-05 0.05216007588986548
11.75 2.052787138212377 0.0 2.0527857701241636 -6.087189584205912e-05 0.05278713821237704
11.775 2.0532832478939476 0.0 2.053275918091552 -9.378744539010719e-05 0.053283247893947776
11.8 2.0536405021092663 0.0 2.053626517814733 -0.00010709245515289393 0.0536405021092665
11.825000000000001 2.0538514898264544 0.0 2.05384014957189 -0.00011103942007975271 0.05385148982645448
11.850000000000001 2.0539093668961153 0.0 2.0539130799120553 -3.857853666184835e-05 0.05390936689611507
11.875 2.0538079291557834 0.0 2.053856682106808 0.00016661771717245297 0.053807929155783495
11.9 2.053541682721857 0.0 2.053678418197341 0.0005543138525421364 0.05354168272185695
11.925 2.0531059106421496 0.0 2.053362963220325 0.0011014218530607123 0.05310591064214969
11.950000000000001 2.0524967350941394 0.0 2.0528769779802634 0.0016477568896303045 0.0524967350941395
11.975000000000001 2.0517111743369782 0.0 2.052175297877539 0.0020277150510796356 0.05171117433697806
12.0 2.050747193659482 0.0 2.051244117655406 0.0021735082502355916 0.050747193659481916
12.025 2.0496037496114887 0.0 2.050105478625787 0.0021945914247422957 0.049603749611488834
12.05 2.0482808268618578 0.0 2.0487835373070755 0.002198626709684088 0.0482808268618579
12.075000000000001 2.0467794670925326 0.0 2.0472824475840934 0.0021996805007118586 0.046779467092532695
12.100000000000001 2.0451017894138297 0.0 2.0456048804711386 0.0022001120109763146 0.04510178941382956
12.125 2.0432510018706274 0.0 2.0437541746947803 0.0022003352063303416 0.0432510018706274
12.15 2.041231403701442 0.0 2.041734653252289 0.0022003952889107954 0.04123140370144185
12.175 2.0390483781113344 0.0 2.039551674805237 0.002200308930697057 0.03904837811133465
12.200000000000001 2.036708375423965 0.0 2.037211675382975 0.0022001260028545874 0.03670837542396508
12.225000000000001 2.034218886586469 0.0 2.0347221657551806 0.002199939614249116 0.03421888658646924
12.25 2.031588407111769 0.0 2.032091675386976 0.002199869238658934 0.03158840711176899
12.275 2.0288263916548317 0.0 2.0293296823766585 0.0021999821825028714 0.028826391654831605
12.3 2.0259431995307393 0.0 2.02644654740601 0.0022001888909244393 0.025943199530739525
12.325000000000001 2.022950031591568 0.0 2.023453443910624 0.0022003138004473783 0.02295003159156795
12.350000000000001 2.019858858984434 0.0 2.020362304723368 0.002200241948357726 0.019858858984434125
12.375 2.016682344413092 0.0 2.0171857685717036 0.0022000190077313504 0.01668234441309194
12.4 2.0134337566186176 0.0 2.0139371160109087 0.00219981151273203 0.013433756618617485
12.425 2.0101268788796585 0.0 2.010630169177982 0.002199769566721639 0.01012687887965847
12.450000000000001 2.006775912408095 0.0 2.0072791771309735 0.0021998831610717416 0.0067759124080948845
12.475000000000001 2.003395375580652 0.0 2.0038986703575814 0.0022000132175897767 0.003395375580652372
12.5 2.0 0.0 2.0005033367074123 0.0022000707120385073 -0.0
12.525 1.9966046244193474 0.0 1.9971079512412135 0.002200109659806552 -0.0033953755806526128
12.55 1.993224087591905 0.0 1.9937273453151443 0.002200147699069532 -0.006775912408095125
12.575000000000001 1.9898731211203413 0.0 1.990376309212865 0.002200180057413007 -0.010126878879658706
12.600000000000001 1.9865662433813822 0.0 1.9870694116644563 0.002200245990781647 -0.01343375661861772
12.625 1.983317655586908 0.0 1.9838208522659793 0.002200454981126296 -0.01668234441309194
12.65 1.9801411410155656 0.0 1.980644382001861 0.0022007697112472542 -0.019858858984434347
12.675 1.9770499684084317 0.0 1.9775532294229459 0.002201048967028479 -0.022950031591568172
12.700000000000001 1.9740568004692602 0.0 1.9745600304874253 0.0022011869459421353 -0.025943199530739737
12.725000000000001 1.9711736083451683 0.0 1.971676762900322 0.0022011800136527973 -0.028826391654831807
12.75 1.968411592888231 0.0 1.9689146634506218 0.0022011179840276496 -0.03158840711176899
12.775 1.9657811134135306 0.0 1.966284120769604 0.002201176010411508 -0.034218886586469426
12.8 1.9632916245760348 0.0 1.9637946034162068 0.002201429184293506 -0.03670837542396526
12.825000000000001 1.9609516218886651 0.0 1.961454614457876 0.002201703369890803 -0.03904837811133481
12.850000000000001 1.958768596298558 0.0 1.959271606087644 0.002201846056835701 -0.041231403701441995
12.875 1.9567489981293726 0.0 1.9572519568274491 0.0022019107185650795 -0.0432510018706274
12.9 1.9548982105861703 0.0 1.955401039745714 0.002201929296587153 -0.04510178941382968
12.925 1.9532205329074672 0.0 1.9537232325095861 0.0022018650557260096 -0.04677946709253282
12.950000000000001 1.951719173138142 0.0 1.952221810275784 0.0022018801238420736 -0.04828082686185801
12.975000000000001 1.950396250388511 0.0 1.950898896260669 0.0022022434954613542 -0.049603749611488925
13.0 1.9492528063405181 0.0 1.9497555145983074 0.0022028968911741815 -0.050747193659481916
13.025 1.948288825663022 0.0 1.9487915955587494 0.0022035269248711926 -0.05171117433697812
13.05 1.9475032649058603 0.0 1.9480060191676762 0.002203893542263487 -0.05249673509413956
13.075000000000001 1.9468940893578504 0.0 1.9473967326961785 0.0022038829561863487 -0.05310591064214972
13.100000000000001 1.9464583172781431 0.0 1.9469608232083215 0.0022035865326915636 -0.05354168272185698
13.125 1.9461920708442164 0.0 1.9466944689313195 0.0022034400826736735 -0.053807929155783495
13.15 1.946090633103885 0.0 1.9465929742151915 0.0022037644777507777 -0.053909366896115064
13.175 1.9461485101735456 0.0 1.9466508708450894 0.002204318430465579 -0.05385148982645447
13.200000000000001 1.9463594978907335 0.0 1.946861903453079 0.0022047528014813664 -0.05364050210926648
13.225000000000001 1.9467167521060522 0.0 1.947219118233435 0.002205073900701491 -0.053283247893947755
13.25 1.947212861787623 0.0 1.9477150878873237 0.0022052290854696517 -0.05278713821237704
13.275 1.9478399241101345 0.0 1.9483420313789073 0.0022049843696892737 -0.05216007588986544
13.3 1.9485896207099846 0.0 1.9490916697364475 0.002204696478415918 -0.05141037929001534
13.325000000000001 1.9494532943073601 0.0 1.9499552691842172 0.0022049874575515863 -0.05054670569263984
13.350000000000001 1.9504220249247468 0.0 1.9509239751433973 0.0022055997676295788 -0.04957797507525311
13.375 1.9514867049685067 0.0 1.9519887249040715 0.0022060076239652344 -0.0485132950314933
13.4 1.9526381124849435 0.0 1.9531401463874742 0.0022066044785066055 -0.047361887515056614
13.425 1.9538669819537378 0.0 1.9543689416784664 0.002207193653996668 -0.04613301804626234
13.450000000000001 1.9551640720387593 0.0 1.9556660633161482 0.002206952718401917 -0.04483592796124065
13.475000000000001 1.956520229777996 0.0 1.9570221606102016 0.002206833490815128 -0.04347977022200399
13.5 1.9579264507596053 0.0 1.9584281101187058 0.002207976376321448 -0.04207354924039483
13.525 1.9593739348988182 0.0 1.9598757226382753 0.002207566340588641 -0.040626065101181864
13.55 1.9608541374995319 0.0 1.9613561000144821 0.002207105523857659 -0.03914586250046807
13.575000000000001 1.9623588153539 0.0 1.9628603200427104 0.002208953311502754 -0.03764118464609997
13.600000000000001 1.963880067702076 0.0 1.9643813539455253 0.0022082199699468914 -0.0361199322979239
13.625 1.9654103719415696 0.0 1.9659118168743963 0.002204023416321053 -0.03458962805843038
13.65 1.9669426140405821 0.0 1.9674430788511266 0.0022045487152097597 -0.033057385959417804
13.675 1.9684701136714449 0.0 1.9689698717475284 0.0022053586253338326 -0.031529886328555225
13.700000000000001 1.9699866441382032 0.0 1.9704875596902016 0.002202142784578081 -0.03001335586179667
13.725000000000001 1.9714864472259161 0.0 1.971988109842992 0.0022094734396577677 -0.02851355277408376
13.75 1.9729642431478687 0.0 1.973468280258119 0.0022281301761599296 -0.027035756852131283
13.775 1.974415235810299 0.0 1.9749262762336774 0.0022439628422582323 -0.025584764189700883
13.8 1.9758351136521013 0.0 1.9763519494211659 0.0022782098291990022 -0.024164886347898814
13.825000000000001 1.9772200463491532 0.0 1.9777395676687832 0.0023078043425485994 -0.02277995365084684
13.850000000000001 1.9785666776993476 0.0 1.9790861977909122 0.002272403160330421 -0.02143332230065249
13.875 1.9798721150250864 0.0 1.980366551049668 0.0021873918201926173 -0.02012788497491368
13.9 1.9811339154450662 0.0 1.9815703896725554 0.0019216841557109078 -0.018866084554933802
13.925 1.9823500693767877 0.0 1.9826806447738468 0.0014647393217503126 -0.017649930623212396
13.950000000000001 1.9835189816356473 0.0 1.9837192329293096 0.0008859145905794832 -0.016481018364352725
13.975000000000001 1.9846394504960112 0.0 1.9847252810900078 0.00037157972956447516 -0.015360549503988756
14.0 1.8857106450746974 0.0 1.8857307189457573 8.735389276379952e-05 -0.11428935492530264
14.025 1.8867320813882178 0.0 1.8867348229016558 1.1793874289803322e-05 -0.11326791861178222
14.05 1.8877035974223837 0.0 1.8877042792704786 2.934262384735344e-06 -0.1122964025776163
14.075000000000001 1.8886253275369203 0.0 1.8886254773719524 6.444395002913935e-07 -0.1113746724630797
14.100000000000001 1.8894976765090432 0.0 1.8894977098248464 1.4276375128968364e-07 -0.11050232349095669
14.125 1.8903212934989946 0.0 1.8903213027263277 3.890118543527452e-08 -0.1096787065010055
14.15 1.8910970461977892 0.0 1.8910970504121387 1.8360721153354463e-08 -0.10890295380221078
14.175 1.8918259953933545 0.0 1.8918259974150937 8.610431943341127e-09 -0.10817400460664556
14.200000000000001 1.8925093701662785 0.0 1.8925093704381573 1.1814150298065297e-09 -0.10749062983372154
14.225000000000001 1.8931485439009634 0.0 1.893148543388738 -2.2016805973004435e-09 -0.10685145609903648
14.25 1.8937450112724679 0.0 1.8937450108826255 -1.682432371345956e-09 -0.10625498872753206
14.275 1.8943003663440967 0.0 1.89430036632094 -9.871197976113841e-11 -0.10569963365590322
14.3 1.8948162818861713 0.0 1.894816282008275 5.262009234495521e-10 -0.10518371811382855
14.325000000000001 1.8952944900026671 0.0 1.8952944900588793 2.4277997148512347e-10 -0.10470550999733295
14.350000000000001 1.8957367641297886 0.0 1.8957367641058296 -1.0313085178466068e-10 -0.10426323587021141
14.375 1.8961449024492765 0.0 1.8961449024189403 -1.3081388065417295e-10 -0.10385509755072363
14.4 1.8965207127394483 0.0 1.8965207127376478 -7.359541519222748e-12 -0.10347928726055175
14.425 1.8968659986688305 0.0 1.8968659986800633 4.840030745956109e-11 -0.10313400133116947
14.450000000000001 1.8971825475207942 0.0 1.8971825475253161 1.991377098181731e-11 -0.10281745247920578
14.475000000000001 1.8974721193229502 0.0 1.8974721193200703 -1.2435100299902175e-11 -0.10252788067704983
14.5 1.8977364373421954 0.0 1.8977364373394052 -1.1722368614991778e-11 -0.10226356265780466
14.525 1.897977179895235 0.0 1.8979771798954532 1.0250461384274897e-12 -0.10202282010476511
14.55 1.8981959734150982 0.0 1.8981959734161824 4.930727176254466e-12 -0.10180402658490173
14.575000000000001 1.8983943867065725 0.0 1.8983943867067645 9.765391428022391e-13 -0.1016056132934275
14.600000000000001 1.8985739263175105 0.0 1.8985739263170827 -1.6336389396230993e-12 -0.10142607368248939
14.625 1.8987360329485528 0.0 1.8987360329483107 -8.689243499425951e-13 -0.1012639670514473
14.65 1.898882078820813 0.0 1.8988820788208605 3.902776513594891e-13 -0.1011179211791871
14.675 1.8990133659194237 0.0 1.8990133659194797 4.17774163744476e-13 -0.10098663408057625
14.700000000000001 1.8991311250303682 0.0 1.899131125030312 -5.774388554409451e-14 -0.10086887496963186
14.725000000000001 1.8992365154886404 0.0 1.899236515488553 -1.9124634854391017e-13 -0.10076348451135966
14.75 1.8993306255573332 0.0 1.8993306255572795 -4.2417776425963975e-14 -0.10066937444266687
14.775 1.89941447335962 0.0 1.8994144733595848 3.795565624034684e-14 -0.1005855266403798
14.8 1.899489008288663 0.0 1.8994890082886178 -5.7098978953006794e-15 -0.10051099171133689
14.825000000000001 1.899555112824102 0.0 1.8995551128240478 -4.3800731791839424e-14 -0.10044488717589803
14.850000000000001 1.8996136046878682 0.0 1.8996136046878167 -3.061714636856546e-14 -0.10038639531213173
14.875 1.899665239276481 0.0 1.8996652392764348 -1.0584472830536372e-14 -0.1003347607235189
14.9 1.8997107123116503 0.0 1.8997107123116046 -1.3816445898955994e-14 -0.10028928768834965
14.925 1.8997506626558214 0.0 1.8997506626557736 -2.149703184532918e-14 -0.10024933734417857
14.950000000000001 1.8997856752441695 0.0 1.8997856752441216 -2.5364092458897428e-14 -0.10021432475583057
14.975000000000001 1.899816284089415 0.0 1.899816284089368 -2.883404446096158e-14 -0.10018371591058504
15.0 1.8998429753206207 0.0 1.8998429753205732 -2.727402322554815e-14 -0.10015702467937916
15.025 1.899866190221785 0.0 1.8998661902217358 -2.2924597537561114e-14 -0.1001338097782149
15.05 1.8998863282405225 0.0 1.8998863282404719 -1.76898033224338e-14 -0.10011367175947744
15.075000000000001 1.8999037499413887 0.0 1.8999037499413374 -1.7939968077508386e-14 -0.10009625005861138
15.100000000000001 1.899918779882412 0.0 1.8999187798823618 -1.9067838901979178e-14 -0.10008122011758804
15.125 1.8999317093971482 0.0 1.8999317093971004 -1.6487328093262395e-14 -0.1000682906028518
15.15 1.8999427992680264 0.0 1.8999427992679803 -1.4234965649512257e-14 -0.10005720073197348
15.175 1.899952282279928 0.0 1.8999522822798824 -1.3884278796670315e-14 -0.10004771772007214
15.200000000000001 1.8999603656458026 0.0 1.8999603656457578 -1.374985321575653e-14 -0.10003963435419748
15.225000000000001 1.8999672332987085 0.0 1.8999672332986641 -1.2816764006127556e-14 -0.1000327667012915
15.25 1.8999730480469355 0.0 1.899973048046891 -1.2990361165730927e-14 -0.10002695195306445
15.275 1.8999779535908818 0.0 1.8999779535908372 -1.5875263362480262e-14 -0.10002204640911819
15.3 1.899982076402084 0.0 1.8999820764020394 -1.794214044820018e-14 -0.10001792359791604
15.325000000000001 1.8999855274662807 0.0 1.8999855274662365 -1.886125380601085e-14 -0.10001447253371928
15.350000000000001 1.8999884038936308 0.0 1.8999884038935868 -1.8992753128711466e-14 -0.10001159610636913
15.375 1.899990790400227 0.0 1.899990790400183 -1.9892031785562294e-14 -0.10000920959977308
15.4 1.8999927606658635 0.0 1.8999927606658191 -2.2043137781944902e-14 -0.10000723933413638
15.425 1.8999943785736546 0.0 1.8999943785736095 -2.3720029680706538e-14 -0.10000562142634543
15.450000000000001 1.8999956993375589 0.0 1.8999956993375142 -2.3115696979217957e-14 -0.10000430066244125
15.475000000000001 1.899996770524201 0.0 1.8999967705241576 -1.8933156037797858e-14 -0.10000322947579904
15.5 1.8999976329755623 0.0 1.8999976329755204 -1.6233423552103735e-14 -0.10000236702443767
15.525 1.899998321639199 0.0 1.8999983216391576 -1.8288397357466158e-14 -0.10000167836080111
15.55 1.8999988663126302 0.0 1.8999988663125884 -1.8282636106359302e-14 -0.10000113368736986
15.575000000000001 1.899999292308444 0.0 1.8999992923084021 -2.0637881258446386e-14 -0.10000070769155588
15.600000000000001 1.899999621046503 0.0 1.8999996210464607 -2.506822689154518e-14 -0.10000037895349696
15.625 1.899999870579416 0.0 1.899999870579374 -2.7909292658415275e-14 -0.10000012942058381
15.65 1.9000000560571888 0.0 1.900000056057147 -3.04358695864766e-14 -0.0999999439428111
15.675 1.9000001901366639 0.0 1.9000001901366228 -2.7387123248748557e-14 -0.09999980986333612
15.700000000000001 1.9000002833410587 0.0 1.9000002833410188 -2.197931840442275e-14 -0.09999971665894124
15.725000000000001 1.900000344374574 0.0 1.9000003443745335 -1.9213347004362493e-14 -0.09999965562542593
15.75 1.9000003803967103 0.0 1.90000038039667 -2.0836910624971427e-14 -0.09999961960328978
15.775 1.9000003972605934 0.0 1.9000003972605537 -1.930348894638175e-14 -0.09999960273940663
15.8 1.9000003997192758 0.0 1.9000003997192365 -1.8128449339877492e-14 -0.09999960028072429
15.825000000000001 1.9000003916036474 0.0 1.9000003916036081 -2.1798924554582044e-14 -0.09999960839635262
15.850000000000001 1.9000003759752808 0.0 1.900000375975241 -2.2409420953879613e-14 -0.0999996240247192
15.875 1.900000355257224 0.0 1.9000003552571842 -2.1683255436870402e-14 -0.09999964474277595
15.9 1.900000331345471 0.0 1.9000003313454317 -2.0645741892980147e-14 -0.09999966865452901
15.925 1.9000003057035644 0.0 1.900000305703525 -2.3128418030713686e-14 -0.09999969429643553
15.950000000000001 1.900000279442533 0.0 1.9000002794424942 -2.3086414250586445e-14 -0.09999972055746688
15.975000000000001 1.9000002533881264 0.0 1.900000253388087 -2.179970419929432e-14 -0.09999974661187362
16.0 1.9000002281370927 0.0 1.9000002281370536 -2.4920044412094674e-14 -0.09999977186290727
16.025000000000002 1.9000002041040458 0.0 1.9000002041040063 -2.6881708728927012e-14 -0.09999979589595422
16.05 1.9000001815602787 0.0 1.9000001815602392 -2.6992620591794006e-14 -0.09999981843972126
16.075 1.9000001606657209 0.0 1.9000001606656807 -2.7543569802509546e-14 -0.09999983933427906
16.1 1.9000001414950802 0.0 1.9000001414950396 -2.694827826010307e-14 -0.09999985850491984
16.125 1.9000001240590774 0.0 1.900000124059037 -2.6285724533528e-14 -0.09999987594092265
16.150000000000002 1.9000001083215607 0.0 1.900000108321521 -2.8471471773485196e-14 -0.09999989167843919
16.175 1.9000000942131774 0.0 1.9000000942131376 -2.9456047978548966e-14 -0.09999990578682266
16.2 1.900000081642183 0.0 1.900000081642143 -2.7947763375230057e-14 -0.09999991835781716
16.225 1.9000000705028903 0.0 1.9000000705028497 -2.521119329585043e-14 -0.09999992949710966
16.25 1.9000000606821785 0.0 1.9000000606821377 -2.535440900220326e-14 -0.09999993931782145
16.275000000000002 1.90000005206442 0.0 1.9000000520643792 -2.891798118606479e-14 -0.09999994793557995
16.3 1.9000000445351308 0.0 1.9000000445350902 -3.1579046396253464e-14 -0.09999995546486913
16.325 1.9000000379835948 0.0 1.900000037983554 -3.481040855509686e-14 -0.09999996201640507
16.35 1.9000000323046742 0.0 1.900000032304633 -3.4671046693740897e-14 -0.09999996769532572
16.375 1.90000002739998 0.0 1.9000000273999382 -3.434546452945934e-14 -0.09999997260002003
16.400000000000002 1.9000000231785477 0.0 1.9000000231785057 -3.848224166907352e-14 -0.09999997682145238
16.425 1.9000000195571352 0.0 1.9000000195570932 -3.9000841051754e-14 -0.09999998044286489
16.45 1.9000000164602382 0.0 1.900000016460197 -3.7271205236413964e-14 -0.09999998353976172
16.475 1.9000000138199011 0.0 1.9000000138198607 -3.292331570438236e-14 -0.09999998618009887
16.5 1.900000011575382 0.0 1.9000000115753428 -2.770084779022818e-14 -0.09999998842461803
16.525000000000002 1.9000000096727236 0.0 1.9000000096726848 -2.871858861371544e-14 -0.09999999032727626
16.55 1.900000008064266 0.0 1.900000008064227 -3.372326116113277e-14 -0.09999999193573383
16.575 1.9000000067081286 0.0 1.9000000067080896 -3.3622784230680565e-14 -0.09999999329187143
16.6 1.900000005567685 0.0 1.9000000055676454 -3.135889128899434e-14 -0.09999999443231511
16.625 1.9000000046110472 0.0 1.9000000046110082 -3.079983872306922e-14 -0.09999999538895284
16.650000000000002 1.9000000038105684 0.0 1.9000000038105298 -3.360180113145302e-14 -0.09999999618943155
16.675 1.9000000031423732 0.0 1.900000003142335 -3.2608714835392955e-14 -0.09999999685762688
16.7 1.9000000025859194 0.0 1.9000000025858814 -2.957623735812297e-14 -0.09999999741408067
16.725 1.900000002123596 0.0 1.9000000021235586 -2.994969552727686e-14 -0.0999999978764038
16.75 1.9000000017403567 0.0 1.9000000017403194 -2.966825220671739e-14 -0.09999999825964327
16.775000000000002 1.9000000014233864 0.0 1.9000000014233493 -2.685414973779473e-14 -0.09999999857661358
16.8 1.9000000011618061 0.0 1.9000000011617684 -2.781115572563338e-14 -0.0999999988381939
16.825 1.9000000009464075 0.0 1.90000000094637 -3.1115758876469744e-14 -0.09999999905359247
16.85 1.9000000007694196 0.0 1.900000000769382 -3.528731727573017e-14 -0.09999999923058052
16.875 1.900000000624302 0.0 1.9000000006242643 -3.692866291280013e-14 -0.09999999937569788
16.900000000000002 1.900000000505567 0.0 1.9000000005055282 -3.8900635261076315e-14 -0.09999999949443303
16.925 1.9000000004086204 0.0 1.9000000004085815 -4.1655101487823986e-14 -0.09999999959137972
16.95 1.9000000003296273 0.0 1.9000000003295883 -4.4327222152642156e-14 -0.09999999967037276
16.975 1.9000000002653947 0.0 1.900000000265357 -4.542414288737533e-14 -0.09999999973460524
17.0 1.9000000002132709 0.0 1.9000000002132338 -4.5729930114176254e-14 -0.09999999978672922
17.025000000000002 1.900000000171058 0.0 1.9000000001710218 -4.6765846600475786e-14 -0.09999999982894199
17.05 1.9000000001369404 0.0 1.9000000001369037 -4.381437235463547e-14 -0.09999999986305966
17.075 1.9000000001094202 0.0 1.9000000001093844 -4.0171228831675795e-14 -0.09999999989057974
17.1 1.9000000000872659 0.0 1.9000000000872297 -3.510536137929381e-14 -0.0999999999127341
17.125 1.9000000000694661 0.0 1.9000000000694293 -3.4396789049881917e-14 -0.09999999993053378
17.150000000000002 1.9000000000551933 0.0 1.9000000000551562 -3.276142311340468e-14 -0.09999999994480671
17.175 1.9000000000437707 0.0 1.900000000043734 -2.7919168149916743e-14 -0.0999999999562293
17.2 1.900000000034647 0.0 1.9000000000346102 -2.650994504332083e-14 -0.09999999996535297
17.225 1.9000000000273738 0.0 1.9000000000273367 -2.8280450661926964e-14 -0.09999999997262626
17.25 1.9000000000215869 0.0 1.90000000002155 -3.1383437445768656e-14 -0.09999999997841322
17.275000000000002 1.9000000000169912 0.0 1.9000000000169543 -3.0601089289295366e-14 -0.0999999999830087
17.3 1.900000000013349 0.0 1.9000000000133124 -2.7825561979604658e-14 -0.09999999998665095
17.325 1.9000000000104678 0.0 1.900000000010431 -2.8937757700074996e-14 -0.09999999998953214
17.35 1.9000000000081931 0.0 1.9000000000081565 -2.883004494176462e-14 -0.09999999999180692
17.375 1.9000000000064006 0.0 1.9000000000063635 -3.020059951168372e-14 -0.09999999999359946
17.400000000000002 1.9000000000049908 0.0 1.900000000004954 -3.056946423254289e-14 -0.09999999999500926
17.425 1.9000000000038841 0.0 1.900000000003847 -3.2417482069657113e-14 -0.09999999999611592
17.45 1.900000000003017 0.0 1.9000000000029802 -3.3772624271231166e-14 -0.09999999999698292
17.475 1.9000000000023392 0.0 1.900000000002302 -3.713041883508696e-14 -0.09999999999766088
17.5 1.90000000000181 0.0 1.9000000000017732 -3.787947456799855e-14 -0.09999999999818997
17.525000000000002 1.900000000001398 0.0 1.9000000000013613 -3.8708948242281095e-14 -0.09999999999860208
17.55 1.9000000000010775 0.0 1.9000000000010404 -4.1724621825849626e-14 -0.09999999999892246
17.575 1.900000000000829 0.0 1.9000000000007906 -4.1091890344603043e-14 -0.09999999999917104
17.6 1.9000000000006365 0.0 1.9000000000005985 -4.6680791388758706e-14 -0.09999999999936351
17.625 1.9000000000004877 0.0 1.9000000000004504 -4.918114569615098e-14 -0.09999999999951227
17.650000000000002 1.900000000000373 0.0 1.900000000000335 -5.023745640258797e-14 -0.09999999999962701
17.675 1.9000000000002846 0.0 1.9000000000002466 -5.3213070543093825e-14 -0.09999999999971533
17.7 1.9000000000002168 0.0 1.9000000000001787 -5.689555151269359e-14 -0.09999999999978318
17.725 1.900000000000165 0.0 1.9000000000001271 -5.75517540767872e-14 -0.09999999999983519
17.75 1.900000000000125 0.0 1.9000000000000874 -5.983357061634761e-14 -0.09999999999987498
17.775000000000002 1.9000000000000947 0.0 1.9000000000000572 -6.110874480138517e-14 -0.09999999999990537
17.8 1.9000000000000714 0.0 1.9000000000000346 -5.513304180980499e-14 -0.09999999999992852
17.825 1.9000000000000539 0.0 1.9000000000000172 -4.070776198887782e-14 -0.09999999999994613
17.85 1.9000000000000405 0.0 1.900000000000004 -2.654253182213076e-14 -0.09999999999995948
17.875 1.9000000000000303 0.0 1.899999999999994 -2.5392487736647395e-14 -0.0999999999999696
17.900000000000002 1.9000000000000228 0.0 1.8999999999999866 -2.5766983349975346e-14 -0.09999999999997725
17.925 1.900000000000017 0.0 1.899999999999981 -2.808414687247292e-14 -0.099999999999983
17.95 1.9000000000000126 0.0 1.899999999999977 -3.2893033253777616e-14 -0.09999999999998734
17.975 1.9000000000000095 0.0 1.8999999999999737 -3.5824486252462544e-14 -0.09999999999999058
18.0 1.900000000000007 0.0 1.8999999999999713 -3.6995756458937137e-14 -0.09999999999999301
18.025000000000002 1.9000000000000052 0.0 1.8999999999999693 -3.678387369388435e-14 -0.09999999999999483
18.05 1.900000000000004 0.0 1.8999999999999673 -3.846539544269167e-14 -0.09999999999999619
18.075 1.9000000000000028 0.0 1.8999999999999673 -3.7498729987790256e-14 -0.0999999999999972
18.1 1.9000000000000021 0.0 1.899999999999967 -3.445389596428558e-14 -0.09999999999999795
18.125 1.9000000000000015 0.0 1.8999999999999664 -3.7006905518891064e-14 -0.09999999999999849
18.150000000000002 1.900000000000001 0.0 1.899999999999966 -4.4047916216365773e-14 -0.09999999999999891
18.175 1.9000000000000008 0.0 1.8999999999999657 -4.8218739416817935e-14 -0.0999999999999992
18.2 1.9000000000000006 0.0 1.8999999999999646 -5.0988795180876113e-14 -0.09999999999999942
18.225 1.9000000000000004 0.0 1.8999999999999637 -5.009971631568158e-14 -0.09999999999999959
18.25 1.9000000000000004 0.0 1.8999999999999633 -4.8734918713967886e-14 -0.0999999999999997
18.275000000000002 1.9000000000000001 0.0 1.8999999999999642 -5.2557415689000225e-14 -0.09999999999999978
18.3 1.9000000000000001 0.0 1.8999999999999653 -5.4224599424709465e-14 -0.09999999999999985
18.325 1.9000000000000001 0.0 1.8999999999999653 -5.378345757254535e-14 -0.0999999999999999
18.35 1.9000000000000001 0.0 1.8999999999999653 -5.4928557580449124e-14 -0.09999999999999992
18.375 1.9000000000000001 0.0 1.8999999999999653 -5.56272543565963e-14 -0.09999999999999995
18.400000000000002 1.9000000000000001 0.0 1.8999999999999653 -5.652627386560357e-14 -0.09999999999999996
18.425 1.9 0.0 1.8999999999999653 -5.512090812823691e-14 -0.09999999999999998
18.45 1.9 0.0 1.8999999999999648 -5.625741350829341e-14 -0.09999999999999999
18.475 1.9 0.0 1.899999999999965 -5.998324557938885e-14 -0.09999999999999999
18.5 1.9 0.0 1.8999999999999646 -6.254883591906762e-14 -0.09999999999999999
18.525000000000002 1.9 0.0 1.8999999999999653 -6.356811036829394e-14 -0.1
18.55 1.9 0.0 1.8999999999999653 -6.42188747853939e-14 -0.1
18.575 1.9 0.0 1.8999999999999657 -6.413896621240552e-14 -0.1
18.6 1.9 0.0 1.8999999999999657 -6.31889545601896e-14 -0.1
18.625 1.9 0.0 1.899999999999966 -6.307718814422631e-14 -0.1
18.650000000000002 1.9 0.0 1.8999999999999657 -6.3902654801699e-14 -0.1
18.675 1.9 0.0 1.899999999999966 -6.399949755674604e-14 -0.1
18.7 1.9 0.0 1.8999999999999653 -6.39633935713902e-14 -0.1
18.725 1.9 0.0 1.8999999999999648 -6.449020778293842e-14 -0.1
18.75 1.9 0.0 1.8999999999999648 -6.41113040865867e-14 -0.1
18.775000000000002 1.9 0.0 1.8999999999999662 -6.08586008742264e-14 -0.1
18.8 1.9 0.0 1.8999999999999662 -5.952720941399773e-14 -0.1
18.825 1.9 0.0 1.8999999999999662 -6.280146880991285e-14 -0.1
18.85 1.9 0.0 1.899999999999966 -6.35196509639099e-14 -0.1
18.875 1.9 0.0 1.899999999999966 -6.52297899280692e-14 -0.1
18.900000000000002 1.9 0.0 1.8999999999999653 -6.368592791520087e-14 -0.1
18.925 1.9 0.0 1.8999999999999646 -6.155772884245103e-14 -0.1
18.95 1.9 0.0 1.8999999999999646 -6.207107978493486e-14 -0.1
18.975 1.9 0.0 1.8999999999999644 -6.376536777840906e-14 -0.1
19.0 1.9 0.0 1.8999999999999644 -6.515526722048297e-14 -0.1
19.025000000000002 1.9 0.0 1.8999999999999644 -6.633673624668847e-14 -0.1
19.05 1.9 0.0 1.8999999999999646 -6.917793669333666e-14 -0.1
19.075 1.9 0.0 1.899999999999965 -6.882104291963181e-14 -0.1
19.1 1.9 0.0 1.8999999999999648 -6.761669260235078e-14 -0.1
19.125 1.9 0.0 1.8999999999999657 -6.727875380523821e-14 -0.1
19.150000000000002 1.9 0.0 1.8999999999999657 -6.784599645464506e-14 -0.1
19.175 1.9 0.0 1.8999999999999657 -6.944723949674354e-14 -0.1
19.200000000000003 1.9 0.0 1.8999999999999668 -6.601231265617497e-14 -0.1
19.225 1.9 0.0 1.8999999999999684 -6.009915249358448e-14 -0.1
19.25 1.9 0.0 1.8999999999999693 -5.705964362621425e-14 -0.1
19.275000000000002 1.9 0.0 1.8999999999999697 -5.730356499596697e-14 -0.1
19.3 1.9 0.0 1.8999999999999693 -5.986476598495878e-14 -0.1
19.325000000000003 1.9 0.0 1.8999999999999693 -6.203302974233502e-14 -0.1
19.35 1.9 0.0 1.8999999999999693 -6.283436769277744e-14 -0.1
19.375 1.9 0.0 1.8999999999999693 -6.395326466951814e-14 -0.1
19.400000000000002 1.9 0.0 1.8999999999999693 -6.424160437768492e-14 -0.1
19.425 1.9 0.0 1.8999999999999693 -6.581668165304564e-14 -0.1
19.450000000000003 1.9 0.0 1.8999999999999697 -6.537137328176583e-14 -0.1
19.475 1.9 0.0 1.89999999999997 -6.476673560520376e-14 -0.1
19.5 1.9 0.0 1.89999999999997 -6.656628388469452e-14 -0.1
19.525000000000002 1.9 0.0 1.89999999999997 -6.702345004129574e-14 -0.1
19.55 1.9 0.0 1.8999999999999706 -6.452949580371808e-14 -0.1
19.575000000000003 1.9 0.0 1.8999999999999715 -5.990836913072168e-14 -0.1
19.6 1.9 0.0 1.8999999999999715 -5.5661147165301184e-14 -0.1
19.625 1.9 0.0 1.8999999999999702 -5.18658057122822e-14 -0.1
19.650000000000002 1.9 0.0 1.89999999999997 -4.897132569948718e-14 -0.1
19.675 1.9 0.0 1.89999999999997 -4.948275972046993e-14 -0.1
19.700000000000003 1.9 0.0 1.89999999999997 -5.2153801752160364e-14 -0.1
19.725 1.9 0.0 1.89999999999997 -5.336898854102934e-14 -0.1
19.75 1.9 0.0 1.8999999999999697 -5.513850550698175e-14 -0.1
19.775000000000002 1.9 0.0 1.89999999999997 -5.672929483113327e-14 -0.1
19.8 1.9 0.0 1.89999999999997 -5.785465360189681e-14 -0.1
19.825000000000003 1.9 0.0 1.89999999999997 -5.908509853361461e-14 -0.1
19.85 1.9 0.0 1.89999999999997 -6.042374880477337e-14 -0.1
19.875 1.9 0.0 1.89999999999997 -6.15197791787375e-14 -0.1
19.900000000000002 1.9 0.0 1.8999999999999697 -6.386643937469936e-14 -0.1
19.925 1.9 0.0 1.8999999999999697 -6.622122146176943e-14 -0.1
19.950000000000003 1.9 0.0 1.8999999999999693 -6.614820254682261e-14 -0.1
19.975 1.9 0.0 1.8999999999999693 -6.778254786325292e-14 -0.1
20.0 1.9 0.0 1.8999999999999693 -7.083267767527478e-14 -0.1
20.025000000000002 1.9 0.0 1.8999999999999693 -7.27315083872354e-14 -0.1
20.05 1.9 0.0 1.8999999999999693 -7.423147736937735e-14 -0.1
20.075000000000003 1.9 0.0 1.8999999999999693 -7.564277763425716e-14 -0.1
20.1 1.9 0.0 1.8999999999999693 -7.709100668734071e-14 -0.1
20.125 1.9 0.0 1.8999999999999693 -7.87287609723412e-14 -0.1
20.150000000000002 1.9 0.0 1.8999999999999693 -7.894037965029502e-14 -0.1
20.175 1.9 0.0 1.8999999999999693 -7.931469429819795e-14 -0.1
20.200000000000003 1.9 0.0 1.8999999999999693 -8.152148469532417e-14 -0.1
20.225 1.9 0.0 1.899999999999969 -8.1092131303158e-14 -0.1
20.25 1.9 0.0 1.8999999999999702 -7.796101936045998e-14 -0.1
20.275000000000002 1.9 0.0 1.899999999999972 -7.309350421958846e-14 -0.1
20.3 1.9 0.0 1.8999999999999724 -6.990857898523185e-14 -0.1
20.325000000000003 1.9 0.0 1.899999999999972 -6.995596799588412e-14 -0.1
20.35 1.9 0.0 1.899999999999972 -6.934146640833696e-14 -0.1
20.375 1.9 0.0 1.899999999999972 -6.886651675280409e-14 -0.1
20.400000000000002 1.9 0.0 1.8999999999999715 -7.00643122549792e-14 -0.1
20.425 1.9 0.0 1.8999999999999713 -7.224953162421109e-14 -0.1
20.450000000000003 1.9 0.0 1.8999999999999713 -7.229053111128827e-14 -0.1
20.475 1.9 0.0 1.8999999999999708 -7.344737585236709e-14 -0.1
20.5 1.9 0.0 1.8999999999999706 -7.533604696600992e-14 -0.1
20.525000000000002 1.9 0.0 1.8999999999999702 -7.64771634574582e-14 -0.1
20.55 1.9 0.0 1.8999999999999697 -8.066492023657155e-14 -0.1
20.575000000000003 1.9 0.0 1.8999999999999697 -8.398430693075225e-14 -0.1
20.6 1.9 0.0 1.8999999999999693 -8.681599111780267e-14 -0.1
20.625 1.9 0.0 1.8999999999999693 -8.779655782294845e-14 -0.1
20.650000000000002 1.9 0.0 1.8999999999999693 -8.97968907872733e-14 -0.1
20.675 1.9 0.0 1.8999999999999702 -8.995609895090958e-14 -0.1
20.700000000000003 1.9 0.0 1.8999999999999722 -8.352196996524064e-14 -0.1
20.725 1.9 0.0 1.8999999999999735 -7.70897667733486e-14 -0.1
20.75 1.9 0.0 1.8999999999999737 -7.415571118169802e-14 -0.1
20.775000000000002 1.9 0.0 1.8999999999999733 -7.721971069242633e-14 -0.1
20.8 1.9 0.0 1.899999999999973 -7.827235057848943e-14 -0.1
20.825000000000003 1.9 0.0 1.8999999999999724 -7.789391557203133e-14 -0.1
20.85 1.9 0.0 1.899999999999972 -7.899238109392877e-14 -0.1
20.875 1.9 0.0 1.899999999999972 -7.95941237890088e-14 -0.1
20.900000000000002 1.9 0.0 1.8999999999999726 -7.878869170422325e-14 -0.1
20.925 1.9 0.0 1.8999999999999726 -7.8824187022552e-14 -0.1
20.950000000000003 1.9 0.0 1.8999999999999726 -7.966658898828426e-14 -0.1
20.975 1.9 0.0 1.8999999999999726 -7.860465901551527e-14 -0.1
21.0 1.9 0.0 1.8999999999999733 -7.655983252236568e-14 -0.1
21.025000000000002 1.9 0.0 1.8999999999999746 -7.318280960909069e-14 -0.1
21.05 1.9 0.0 1.899999999999975 -7.334273446190741e-14 -0.1
21.075000000000003 1.9 0.0 1.899999999999975 -7.551979150393621e-14 -0.1
21.1 1.9 0.0 1.899999999999975 -7.65980320102154e-14 -0.1
21.125 1.9 0.0 1.899999999999975 -7.607646267000623e-14 -0.1
21.150000000000002 1.9 0.0 1.8999999999999746 -7.586236295447976e-14 -0.1
21.175 1.9 0.0 1.8999999999999746 -7.474354326972942e-14 -0.1
21.200000000000003 1.9 0.0 1.8999999999999744 -7.562784476194859e-14 -0.1
21.225 1.9 0.0 1.8999999999999746 -7.811264730554407e-14 -0.1
21.25 1.9 0.0 1.8999999999999746 -7.898750693478005e-14 -0.1
21.275000000000002 1.9 0.0 1.8999999999999746 -8.052052643215172e-14 -0.1
21.3 1.9 0.0 1.8999999999999746 -8.190390441329338e-14 -0.1
21.325000000000003 1.9 0.0 1.8999999999999746 -8.372883617528536e-14 -0.1
21.35 1.9 0.0 1.899999999999974 -8.56075677674378e-14 -0.1
21.375 1.9 0.0 1.8999999999999746 -8.495436207046825e-14 -0.1
21.400000000000002 1.9 0.0 1.899999999999975 -8.396014674514266e-14 -0.1
21.425 1.9 0.0 1.899999999999975 -8.503185464370541e-14 -0.1
21.450000000000003 1.9 0.0 1.899999999999975 -8.575799625537405e-14 -0.1
21.475 1.9 0.0 1.8999999999999746 -8.533927201571242e-14 -0.1
21.5 1.9 0.0 1.899999999999974 -8.515352106937507e-14 -0.1
21.525000000000002 1.9 0.0 1.899999999999974 -8.70436471698315e-14 -0.1
21.55 1.9 0.0 1.8999999999999748 -8.497017435856004e-14 -0.1
21.575000000000003 1.9 0.0 1.8999999999999764 -7.803855648087479e-14 -0.1
21.6 1.9 0.0 1.899999999999978 -7.226838888025158e-14 -0.1
21.625 1.9 0.0 1.899999999999979 -6.86763021058678e-14 -0.1
21.650000000000002 1.9 0.0 1.8999999999999793 -6.809780284315582e-14 -0.1
21.675 1.9 0.0 1.8999999999999793 -6.953854698627535e-14 -0.1
21.700000000000003 1.9 0.0 1.8999999999999793 -7.040609447041938e-14 -0.1
21.725 1.9 0.0 1.8999999999999793 -7.156416905208743e-14 -0.1
21.75 1.9 0.0 1.8999999999999793 -7.232826951983655e-14 -0.1
21.775000000000002 1.9 0.0 1.8999999999999793 -7.26678867048648e-14 -0.1
21.8 1.9 0.0 1.8999999999999793 -7.1100991462038e-14 -0.1
21.825000000000003 1.9 0.0 1.899999999999979 -7.360419450829265e-14 -0.1
21.85 1.9 0.0 1.8999999999999793 -7.53289429150981e-14 -0.1
21.875 1.9 0.0 1.899999999999979 -7.444240646141259e-14 -0.1
21.900000000000002 1.9 0.0 1.8999999999999793 -7.585218064810517e-14 -0.1
21.925 1.9 0.0 1.8999999999999793 -7.501314241400067e-14 -0.1
21.950000000000003 1.9 0.0 1.8999999999999793 -7.440736743468193e-14 -0.1
21.975 1.9 0.0 1.899999999999979 -7.418273394628476e-14 -0.1
22.0 1.9 0.0 1.899999999999979 -7.596418219125606e-14 -0.1
22.025000000000002 1.9 0.0 1.8999999999999793 -7.595905985318568e-14 -0.1
22.05 1.9 0.0 1.8999999999999793 -7.478666547418037e-14 -0.1
22.075000000000003 1.9 0.0 1.8999999999999793 -7.640813441861298e-14 -0.1
22.1 1.9 0.0 1.899999999999979 -7.537323430439e-14 -0.1
22.125 1.9 0.0 1.899999999999979 -7.533534982849754e-14 -0.1
22.150000000000002 1.9 0.0 1.899999999999979 -7.851225361318898e-14 -0.1
22.175 1.9 0.0 1.8999999999999793 -7.913623225384494e-14 -0.1
22.200000000000003 1.9 0.0 1.8999999999999793 -7.682194808588958e-14 -0.1
22.225 1.9 0.0 1.8999999999999801 -7.275671952181705e-14 -0.1
22.25 1.9 0.0 1.8999999999999815 -6.745969254560061e-14 -0.1
22.275000000000002 1.9 0.0 1.8999999999999833 -6.288585364914317e-14 -0.1
22.3 1.9 0.0 1.8999999999999848 -5.724760720946402e-14 -0.1
22.325000000000003 1.9 0.0 1.899999999999986 -5.1257895222035657e-14 -0.1
22.35 1.9 0.0 1.8999999999999877 -4.427777987799759e-14 -0.1
22.375 1.9 0.0 1.8999999999999897 -3.5697416345813876e-14 -0.1
22.400000000000002 1.9 0.0 1.899999999999991 -3.137862047367588e-14 -0.1
22.425 1.9 0.0 1.8999999999999924 -2.6500417768305823e-14 -0.1
22.450000000000003 1.9 0.0 1.899999999999994 -1.9728185223940464e-14 -0.1
22.475 1.9 0.0 1.8999999999999952 -1.6278718973161836e-14 -0.1
22.5 1.9 0.0 1.8999999999999952 -1.5728053179444673e-14 -0.1
22.525000000000002 1.9 0.0 1.8999999999999952 -1.5869706384383828e-14 -0.1
22.55 1.9 0.0 1.8999999999999952 -1.5801130727245843e-14 -0.1
22.575000000000003 1.9 0.0 1.8999999999999952 -1.5827136908939588e-14 -0.1
22.6 1.9 0.0 1.8999999999999952 -1.5821649500837453e-14 -0.1
22.625 1.9 0.0 1.8999999999999952 -1.5821869059019478e-14 -0.1
22.650000000000002 1.9 0.0 1.8999999999999952 -1.5822265557391538e-14 -0.1
22.675 1.9 0.0 1.8999999999999952 -1.5822026064213127e-14 -0.1
22.700000000000003 1.9 0.0 1.8999999999999952 -1.5822095465769906e-14 -0.1
22.725 1.9 0.0 1.8999999999999952 -1.5822089681663327e-14 -0.1
22.75 1.9 0.0 1.8999999999999952 -1.5822086297827498e-14 -0.1
22.775000000000002 1.9 0.0 1.8999999999999952 -1.5822088793891337e-14 -0.1
22.8 1.9 0.0 1.8999999999999952 -1.582208843069867e-14 -0.1
22.825000000000003 1.9 0.0 1.8999999999999952 -1.5822088592189222e-14 -0.1
22.85 1.9 0.0 1.8999999999999952 -1.5822088777715322e-14 -0.1
22.875 1.9 0.0 1.8999999999999952 -1.5822089065121072e-14 -0.1
22.900000000000002 1.9 0.0 1.8999999999999952 -1.5822089551634248e-14 -0.1
22.925 1.9 0.0 1.8999999999999952 -1.5822090051143018e-14 -0.1
22.950000000000003 1.9 0.0 1.8999999999999952 -1.5822090900136966e-14 -0.1
22.975 1.9 0.0 1.8999999999999952 -1.5822091372479948e-14 -0.1
23.0 1.9 0.0 1.8999999999999952 -1.5822095347526503e-14 -0.1
23.025000000000002 1.9 0.0 1.8999999999999952 -1.582208759551433e-14 -0.1
23.05 1.9 0.0 1.8999999999999952 -1.5822143750904378e-14 -0.1
23.075000000000003 1.9 0.0 1.8999999999999952 -1.582207743460105e-14 -0.1
23.1 1.9 0.0 1.8999999999999952 -1.5822387075154288e-14 -0.1
23.125 1.9 0.0 1.8999999999999952 -1.582362135523042e-14 -0.1
23.150000000000002 1.9 0.0 1.8999999999999952 -1.5813573157422818e-14 -0.1
23.175 1.9 0.0 1.8999999999999952 -1.5858184032166807e-14 -0.1
23.200000000000003 1.9 0.0 1.8999999999999952 -1.5676537686266857e-14 -0.1
23.225 1.9 0.0 1.8999999999999955 -1.479540064862385e-14 -0.1
23.25 1.9 0.0 1.899999999999996 -1.3133858778328356e-14 -0.1
23.275000000000002 1.9 0.0 1.8999999999999966 -1.0816836385763594e-14 -0.1
23.3 1.9 0.0 1.899999999999997 -9.402424399473907e-15 -0.1
23.325000000000003 1.9 0.0 1.8999999999999972 -8.00323965414947e-15 -0.1
23.35 1.9 0.0 1.899999999999998 -6.425621026551359e-15 -0.1
23.375 1.9 0.0 1.899999999999998 -6.289491663024794e-15 -0.1
23.400000000000002 1.9 0.0 1.899999999999998 -6.337153382064454e-15 -0.1
23.425 1.9 0.0 1.899999999999998 -6.3717781464708894e-15 -0.1
23.450000000000003 1.9 0.0 1.8999999999999984 -4.893620303181353e-15 -0.1
23.475 1.9 0.0 1.899999999999999 -2.7659464053420242e-15 -0.1
23.5 1.9 0.0 1.8999999999999992 -2.450334481959695e-15 -0.1
23.525000000000002 1.9 0.0 1.8999999999999992 -2.572741867170356e-15 -0.1
23.55 1.9 0.0 1.8999999999999992 -2.5185697541388217e-15 -0.1
23.575000000000003 1.9 0.0 1.8999999999999992 -2.5333402625572664e-15 -0.1
23.6 1.9 0.0 1.8999999999999992 -2.534139654442923e-15 -0.1
23.625 1.9 0.0 1.8999999999999992 -2.5155427377685024e-15 -0.1
23.650000000000002 1.9 0.0 1.8999999999999992 -2.5961543509593225e-15 -0.1
23.675 1.9 0.0 1.8999999999999992 -2.287795452551766e-15 -0.1
23.700000000000003 1.9 0.0 1.8999999999999995 -1.543567675776068e-15 -0.1
23.725 1.9 0.0 1.9 -4.2888979603443266e-16 -0.1
23.75 1.9 0.0 1.9 1.2756079442841372e-16 -0.1
23.775000000000002 1.9 0.0 1.9 -4.0878872476131415e-17 -0.1
23.8 1.9 0.0 1.9 7.60575438208192e-18 -0.1
23.825000000000003 1.9 0.0 1.9 6.928058580241386e-19 -0.1
23.85 1.9 0.0 1.9 -8.556326302206277e-19 -0.1
23.875 1.9 0.0 1.9 2.7736048654405965e-19 -0.1
23.900000000000002 1.9 0.0 1.9 -6.017443853484979e-20 -0.1
23.925 1.9 0.0 1.9 3.3913456073590295e-21 -0.1
23.950000000000003 1.9 0.0 1.9 3.4649953182885214e-21 -0.1
23.975 1.9 0.0 1.9 -1.7555143653442105e-21 -0.1
24.0 1.9 0.0 1.9 4.758744308971634e-22 -0.1
24.025000000000002 1.9 0.0 1.9 -6.087327507669788e-23 -0.1
24.05 1.9 0.0 1.9 -1.3706879074501007e-23 -0.1
24.075000000000003 1.9 0.0 1.9 1.1283104197700369e-23 -0.1
24.1 1.9 0.0 1.9 -3.903718244792079e-24 -0.1
24.125 1.9 0.0 1.9 8.147707242237382e-25 -0.1
24.150000000000002 1.9 0.0 1.9 -4.6158053730899304e-26 -0.1
24.175 1.9 0.0 1.9 -4.402110878406794e-26 -0.1
24.200000000000003 1.9 0.0 1.9 2.2482101599004342e-26 -0.1
24.225 1.9 0.0 1.9 -6.14066634546641e-27 -0.1
24.25 1.9 0.0 1.9 8.393287633777039e-28 -0.1
24.275000000000002 1.9 0.0 1.9 1.3318401952056544e-28 -0.1
24.3 1.9 0.0 1.9 -1.2576832714683916e-28 -0.1
24.325000000000003 1.9 0.0 1.9 4.38356929328901e-29 -0.1
24.35 1.9 0.0 1.9 -8.862860218117882e-30 -0.1
24.375 1.9 0.0 1.9 3.03500993657628e-31 -0.1
24.400000000000002 1.9 0.0 1.9 5.852337355818715e-31 -0.1
24.425 1.9 0.0 1.9 -2.789445235978693e-31 -0.1
24.450000000000003 1.9 0.0 1.9 7.394186167021486e-32 -0.1
24.475 1.9 0.0 1.9 -9.602903966325545e-33 -0.1
24.5 1.9 0.0 1.9 -1.7944746068966662e-33 -0.1
24.525000000000002 1.9 0.0 1.9 1.5523460619331015e-33 -0.1
24.55 1.9 0.0 1.9 -5.283682525225447e-34 -0.1
24.575000000000003 1.9 0.0 1.9 1.038238592697704e-34 -0.1
24.6 1.9 0.0 1.9 -2.343301938975166e-36 -0.1
24.625 1.9 0.0 1.9 -7.385605379730582e-36 -0.1
24.650000000000002 1.9 0.0 1.9 3.400878053313965e-36 -0.1
24.675 1.9 0.0 1.9 -8.814108130898743e-37 -0.1
24.700000000000003 1.9 0.0 1.9 1.0834724006854165e-37 -0.1
24.725 1.9 0.0 1.9 2.4070346222805704e-38 -0.1
24.75 1.9 0.0 1.9 -1.918670580565636e-38 -0.1
24.775000000000002 1.9 0.0 1.9 6.384062152733632e-39 -0.1
24.8 1.9 0.0 1.9 -1.221970559364434e-39 -0.1
24.825000000000003 1.9 0.0 1.9 1.4950413178670242e-41 -0.1
24.85 1.9 0.0 1.9 9.21955904390568e-41 -0.1
24.875 1.9 0.0 1.9 -4.125119138124977e-41 -0.1
24.900000000000002 1.9 0.0 1.9 1.0535684699529132e-41 -0.1
24.925 1.9 0.0 1.9 -1.4471153478580994e-42 -0.1
24.950000000000003 1.9 0.0 1.9 0.0 -0.1
24.975 1.9 0.0 1.9 1.4471153478580994e-42 -0.1
