0.0 2.0 0.0 2.0 -3.947867886788733e-36 -1.2485577391691675e-70
0.025 2.0 0.0 2.0 -2.6004295021260045e-36 -3.207128725903494e-70
0.05 2.0 0.0 2.0 2.2441578015941425e-36 -7.61021152254107e-70
0.07500000000000001 2.0 0.0 2.0 -2.2441578015941425e-36 -1.7199764743941343e-69
0.1 2.0 0.0 2.0 2.6004295021260045e-36 -3.760245770446665e-69
0.125 2.0 0.0 2.0 3.947867886788733e-36 -8.023378137447364e-69
0.15000000000000002 2.0 0.0 2.0 -4.5858236421765605e-35 -1.6803071359948142e-68
0.17500000000000002 2.0 0.0 2.0 1.9950717130060414e-34 -3.466961123203379e-68
0.2 2.0 0.0 2.0 -5.7553402156088416e-34 -7.066277007771242e-68
0.225 2.0 0.0 2.0 9.73419926840332e-34 -1.4254606042637545e-67
0.25 2.0 0.0 2.0 7.838586148448843e-34 -2.850203213424424e-67
0.275 2.0 0.0 2.0 -1.4022644562390184e-32 -5.6551073145168206e-67
0.30000000000000004 2.0 0.0 2.0 6.521918226091384e-32 -1.1143840376281877e-66
0.325 2.0 0.0 2.0 -1.972847287493276e-31 -2.182559875779752e-66
0.35000000000000003 2.0 0.0 2.0 3.6301490129050313e-31 -4.250945511354934e-66
0.375 2.0 0.0 2.0 1.2700934087643335e-31 -8.237583357394523e-66
0.4 2.0 0.0 2.0 -4.409833921627806e-30 -1.5888450293899902e-65
0.42500000000000004 2.0 0.0 2.0 2.1890568143222093e-29 -3.05123791520653e-65
0.45 2.0 0.0 2.0 -6.98307996906756e-29 -5.83588937011854e-65
0.47500000000000003 2.0 0.0 2.0 1.4277787577467378e-28 -1.1119377206531254e-64
0.5 2.0 0.0 2.0 -3.69554003275497e-29 -2.1109980944259782e-64
0.525 2.0 0.0 2.0 -1.2539800888075879e-27 -3.99400634946599e-64
0.55 2.0 0.0 2.0 6.897670789845955e-27 -7.532042663427859e-64
0.5750000000000001 2.0 0.0 2.0 -2.3125117880666535e-26 -1.415992906768477e-63
0.6000000000000001 2.0 0.0 2.0 4.994022011284977e-26 -2.6540415818424765e-63
0.625 2.0 0.0 2.0 -2.2920358381155175e-26 -4.960217038783217e-63
0.65 2.0 0.0 2.0 -3.971510619773294e-25 -9.244484572660568e-63
0.675 2.0 0.0 2.0 2.3326182464626844e-24 -1.718272474634892e-62
0.7000000000000001 2.0 0.0 2.0 -8.205210357754534e-24 -3.1853928444269616e-62
0.7250000000000001 2.0 0.0 2.0 1.9227544635823005e-23 -5.890152117734197e-62
0.75 2.0 0.0 2.0 -1.6932485966512157e-23 -1.0864518245663961e-61
0.775 2.0 0.0 2.0 -1.0759900857408934e-22 -1.999125932595272e-61
0.8 2.0 0.0 2.0 7.405603559122479e-22 -3.6697668525828435e-61
0.8250000000000001 2.0 0.0 2.0 -2.833956985868304e-21 -6.720882163419382e-61
0.8500000000000001 2.0 0.0 2.0 7.510513384545088e-21 -1.2280684238163775e-60
0.875 2.0 0.0 2.0 -1.10716857920806e-20 -2.2389513277987053e-60
0.9 2.0 0.0 2.0 -1.4574698563826944e-20 -4.0729434217744756e-60
0.925 2.0 0.0 2.0 1.6613915655722774e-19 -7.393127966516549e-60
0.9500000000000001 2.0 0.0 2.0 -7.194253968084318e-19 -1.3391137051841452e-59
0.9750000000000001 2.0 0.0 2.0 1.7059780999240585e-18 -2.420406029382249e-59
1.0 2.0 0.0 2.0 6.258313657432023e-19 -4.36567780080435e-59
1.0250000000000001 2.0 0.0 2.0 -2.0181081685910184e-17 -7.8581087712697095e-59
1.05 2.0 0.0 2.0 8.07085746807551e-17 -1.411551286346563e-58
1.075 2.0 0.0 2.0 -2.1453282967955064e-16 -2.530440596163147e-58
1.1 2.0 0.0 1.9999999999999996 1.0114879325128385e-15 -4.527144471640695e-58
1.125 2.0 0.0 1.999999999999999 3.971701257417336e-15 -8.083295968589929e-58
1.1500000000000001 2.0 0.0 1.9999999999999982 5.954742810524894e-15 -1.4404397548971597e-57
1.175 2.0 0.0 1.9999999999999982 6.427068534934273e-15 -2.5618293684040885e-57
1.2000000000000002 2.0 0.0 1.9999999999999982 6.296485632716939e-15 -4.5473588753179857e-57
1.225 2.0 0.0 1.9999999999999982 6.338901644743493e-15 -8.056142177712438e-57
1.25 2.0 0.0 1.9999999999999982 6.326783175966874e-15 -1.4244864646060943e-56
1.2750000000000001 2.0 0.0 1.9999999999999982 6.329473511898246e-15 -2.5139511568903604e-56
1.3 2.0 0.0 1.9999999999999982 6.328675013305007e-15 -4.428189557266659e-56
1.3250000000000002 2.0 0.0 1.9999999999999982 6.328881846005324e-15 -7.785196324389693e-56
1.35 2.0 0.0 1.9999999999999982 6.328813904142139e-15 -1.3661225834023005e-55
1.375 2.0 0.0 1.9999999999999982 6.328841856130645e-15 -2.3927033740792414e-55
1.4000000000000001 2.0 0.0 1.9999999999999982 6.328835674459571e-15 -4.1828194890858076e-55
1.425 2.0 0.0 1.9999999999999982 6.328838512070286e-15 -7.298474087965946e-55
1.4500000000000002 2.0 0.0 1.9999999999999982 6.328837053264822e-15 -1.2710978009256623e-54
1.475 2.0 0.0 1.9999999999999982 6.328836960296877e-15 -2.209585075711625e-54
1.5 2.0 0.0 1.9999999999999982 6.328835587569754e-15 -3.833786490499683e-54
1.5250000000000001 2.0 0.0 1.9999999999999982 6.3288331900173756e-15 -6.639429774965276e-54
1.55 2.0 0.0 1.9999999999999982 6.328851296135296e-15 -1.1476757239728728e-53
1.5750000000000002 2.0 0.0 1.9999999999999982 6.328793249198965e-15 -1.9801254871404934e-53
1.6 2.0 0.0 1.9999999999999982 6.328858705246348e-15 -3.4099698947990406e-53
1.625 2.0 0.0 1.9999999999999982 6.329121873050589e-15 -5.861267598663116e-53
1.6500000000000001 2.0 0.0 1.9999999999999982 6.327345255211043e-15 -1.0055744678944166e-52
1.675 2.0 0.0 1.9999999999999982 6.33282296079294e-15 -1.7219350198428513e-52
1.7000000000000002 2.0 0.0 1.9999999999999982 6.325411648074323e-15 -2.943044929141196e-52
1.725 2.0 0.0 1.9999999999999982 6.312767709047453e-15 -5.020558570927434e-52
1.75 2.0 0.0 1.9999999999999982 6.3963627609114625e-15 -8.548289091174405e-52
1.7750000000000001 2.0 0.0 1.9999999999999982 6.2719540169283395e-15 -1.452696785103895e-51
1.8 2.0 0.0 1.9999999999999978 8.294439908197697e-15 -2.4639706292681554e-51
1.8250000000000002 2.0 0.0 1.9999999999999967 1.1813858364735343e-14 -4.1711573187998824e-51
1.85 2.0 0.0 1.9999999999999962 1.468022341884862e-14 -7.047471785717218e-51
1.875 2.0 0.0 1.9999999999999944 2.065253715248395e-14 -1.1883943908134718e-50
1.9000000000000001 2.0 0.0 1.9999999999999925 2.9305617739080365e-14 -2.000011615982941e-50
1.925 2.0 0.0 1.9999999999999911 3.529735061795733e-14 -3.359253341841682e-50
1.9500000000000002 2.0 0.0 1.9999999999999898 3.901295421527139e-14 -5.630984641584324e-50
1.975 2.0 0.0 1.999999999999989 4.492400823346232e-14 -9.41997283432247e-50
2.0 2.0 0.0 1.9999999999999871 5.096088656527742e-14 -1.5726437566102247e-49
2.025 2.0 0.0 1.9999999999999851 5.527160253310163e-14 -2.620097012181645e-49
2.0500000000000003 2.0 0.0 1.9999999999999845 5.980609298574029e-14 -4.356129591028779e-49
2.075 2.0 0.0 1.999999999999983 6.33354128509849e-14 -7.227195561827664e-49
2.1 2.0 0.0 1.9999999999999818 6.804965232224416e-14 -1.1964998047712175e-48
2.125 2.0 0.0 1.9999999999999805 7.409612358436138e-14 -1.976589158084722e-48
2.15 2.0 0.0 1.9999999999999782 8.247287552685631e-14 -3.2581201677903115e-48
2.1750000000000003 2.0 0.0 1.999999999999976 9.375770856867115e-14 -5.358575572987094e-48
2.2 2.0 0.0 1.9999999999999762 9.501623850339743e-14 -8.793189124986368e-48
2.225 2.0 0.0 1.999999999999979 7.930189622388227e-14 -1.4395935097033357e-47
2.25 2.0 0.0 1.9999999999999776 8.404845355514583e-14 -2.351308388844086e-47
2.275 2.0 0.0 1.9999999999999671 1.3250670362070222e-13 -3.831187377468307e-47
2.3000000000000003 2.0 0.0 1.9999999999999658 1.3814689670227922e-13 -6.227114849281717e-47
2.325 2.0 0.0 1.9999999999999891 2.874008187326162e-14 -1.0095855044541322e-46
2.35 2.0 0.0 1.9999999999999973 -5.3809607279472794e-15 -1.632571775631622e-46
2.375 2.0 0.0 1.9999999999999356 2.664068995434463e-13 -2.632942317395744e-46
2.4000000000000004 2.0 0.0 1.999999999999893 4.5269202097528454e-13 -4.23461073102761e-46
2.4250000000000003 2.0 0.0 2.0000000000000426 -2.1219388645395055e-13 -6.791217650451203e-46
2.45 2.0 0.0 2.000000000000204 -9.160242517329383e-13 -1.0859198604467562e-45
2.475 2.0 0.0 1.9999999999998586 5.960282919737462e-13 -1.73105984679808e-45
2.5 2.0 0.0 1.9999999999993248 2.976321341536088e-12 -2.7506291988257142e-45
2.5250000000000004 2.0 0.0 2.000000000000039 -2.0883860862595408e-13 -4.356033735763538e-45
2.5500000000000003 2.0 0.0 2.0000000000016804 -7.449142812469225e-12 -6.874067827199131e-45
2.575 2.0 0.0 2.000000000000387 -1.7673059230426996e-12 -1.0807188965707083e-44
2.6 2.0 0.0 1.9999999999957168 1.8992142963714766e-11 -1.6923394763152405e-44
2.625 2.0 0.0 1.9999999999972904 1.1920223424397095e-11 -2.638888646042497e-44
2.6500000000000004 2.0 0.0 2.000000000009814 -4.345309202592266e-11 -4.0961546419023566e-44
2.6750000000000003 2.0 0.0 2.000000000010859 -4.819225416393965e-11 -6.326902277480685e-44
2.7 2.0 0.0 1.9999999999800786 8.847916285294188e-11 -9.72012144562803e-44
2.725 2.0 0.0 1.9999999999632052 1.6248492874401364e-10 -1.4845133099631818e-43
2.75 2.0 0.0 2.0000000000302522 -1.338116011302939e-10 -2.2523830569655327e-43
2.7750000000000004 2.0 0.0 2.000000000106604 -4.722951754552877e-10 -3.392276304524222e-43
2.8000000000000003 2.0 0.0 1.9999999999880202 6.083239560149289e-11 -5.066210362384411e-43
2.825 2.0 0.0 1.9999999997311395 1.1660058639577595e-09 -7.49276645961125e-43
2.85 2.0 0.0 1.9999999999533689 2.3874200509025847e-10 -1.0954931288719216e-42
2.875 2.0 0.0 2.0000000009624603 -4.286279055776113e-09 -1.5796414191572262e-42
2.9000000000000004 2.0 0.0 2.0000000003099263 -1.3614054636392684e-09 -2.2389744900556132e-42
2.9250000000000003 2.0 0.0 1.9999999923647906 3.383204228312646e-08 -3.104373336154678e-42
2.95 2.0 0.0 1.9999999694919801 1.35127930480826e-07 -4.1789500664144645e-42
2.975 2.0 0.0 1.9999998253358993 7.736622407663869e-07 -5.393393793276109e-42
3.0 2.0 0.0 2.00000735701333 -3.2598216221448395e-05 -6.518129048276597e-42
3.0250000000000004 2.0 0.0 2.000063419399611 -0.00028091378120716253 -6.997093868289248e-42
3.0500000000000003 2.0 0.0 2.000183730768398 -0.0008140201789221175 -5.6417737497315465e-42
3.075 2.0 0.0 2.000331829914339 -0.0014701172222499805 -7.962398971434832e-44
3.1 2.0 0.0 2.000453458276901 -0.0020090895184919984 1.422411275693031e-41
3.125 2.0 0.0 2.00051925220079 -0.002300839115150459 4.567817789604015e-41
3.1500000000000004 2.0 0.0 2.000535122903938 -0.002370702274747364 1.0952769302849172e-40
3.1750000000000003 2.0 0.0 2.000524533884722 -0.0023244675833951284 2.329325329794819e-40
3.2 2.0 0.0 2.0005087687419314 -0.0022539877526854325 4.636017683509511e-40
3.225 2.0 0.0 2.0004981316834667 -0.002206973227206285 8.843682806708304e-40
3.25 2.0 0.0 2.0004943443011856 -0.0021908195862055733 1.637631564719423e-39
3.2750000000000004 2.0 0.0 2.000495329665821 -0.0021940142651283535 2.966111642178372e-39
3.3000000000000003 2.0 0.0 2.0004977639565915 -0.0022057621050753104 5.2804380857322505e-39
3.325 2.0 0.0 2.0004999049450287 -0.0022151119749777553 9.270696934396925e-39
3.35 2.0 0.0 2.0005008431030746 -0.002218745133043144 1.6089691475392133e-38
3.375 2.0 0.0 2.000500663743765 -0.0022186454532861165 2.7652750956800404e-38
3.4000000000000004 2.0 0.0 2.0005002816100808 -0.002216411508876793 4.712626436385147e-38
3.4250000000000003 2.0 0.0 2.0004999045251903 -0.0022149216690979974 7.972076175243819e-38
3.45 2.0 0.0 2.0004997823260062 -0.002214466863548431 1.3397382911216649e-37
3.475 2.0 0.0 2.0004998416043507 -0.002214646444399835 2.2381838356032733e-37
3.5 2.0 0.0 2.000499920581226 -0.002215080443639733 3.7190631002266737e-37
3.5250000000000004 2.0 0.0 2.000499999637943 -0.0022153356621989794 6.149328554848944e-37
3.5500000000000003 2.0 0.0 2.000500043135582 -0.0022155046760864707 1.0121407319873481e-36
3.575 2.0 0.0 2.0005000652645237 -0.002215659538896946 1.6588636843696637e-36
3.6 2.0 0.0 2.0005000744832167 -0.0022157241420270824 2.708035664796088e-36
3.625 2.0 0.0 2.000500043291064 -0.0022155758404965907 4.404258009248603e-36
3.6500000000000004 2.0 0.0 2.0004999646579864 -0.0022152098425125533 7.137614307672968e-36
3.6750000000000003 2.0 0.0 2.000499889848116 -0.002214826050984515 1.1528461656909949e-35
3.7 2.0 0.0 2.000499856044509 -0.0022146900226941435 1.8560693312315038e-35
3.725 2.0 0.0 2.000499870057916 -0.0022148180898381373 2.979066736622274e-35
3.75 2.0 0.0 2.0004999240568093 -0.0022150585498110836 4.767397604445987e-35
3.7750000000000004 2.0 0.0 2.0004999960652032 -0.0022153449618310633 7.607531331130017e-35
3.8000000000000003 2.0 0.0 2.0005000636697874 -0.0022156278647552058 1.2106218924007303e-34
3.825 2.0 0.0 2.0005000938745834 -0.0022157671805367405 1.921376879200274e-34
3.85 2.0 0.0 2.0005000494654936 -0.0022156018085965814 3.0415081655923462e-34
3.875 2.0 0.0 2.0004999426238417 -0.002215142965328011 4.802503147034089e-34
3.9000000000000004 2.0 0.0 2.000499842517892 -0.0022146519779193464 7.564418649237672e-34
3.9250000000000003 2.0 0.0 2.0004998086561505 -0.0022144660893189845 1.1886038390279906e-33
3.95 2.0 0.0 2.000499847720147 -0.002214694672877475 1.8632647696966683e-33
3.975 2.0 0.0 2.0004999263288767 -0.002215113609725444 2.9141243919621215e-33
4.0 2.0 0.0 2.0005000011279623 -0.0022154174682947982 4.547325892745335e-33
4.025 2.0 0.0 2.0005000402529394 -0.0022155067078169386 7.08003429138678e-33
4.05 2.0 0.0 2.0005000409551057 -0.0022154449296122023 1.0999204945488797e-32
4.075 2.0 0.0 2.0005000088737224 -0.002215346952883356 1.7050924828732827e-32
4.1000000000000005 2.0 0.0 2.0004999557305942 -0.0022152602009200668 2.6375954000813244e-32
4.125 2.0 0.0 2.000499908832253 -0.002215142038326085 4.0714940949284585e-32
4.15 2.0 0.0 2.0004999025131154 -0.002214998697940455 6.271849961695167e-32
4.175 2.0 0.0 2.0004999406963737 -0.002214944955168458 9.641478893875457e-32
4.2 2.0 0.0 2.0004999865715916 -0.0022150841347977806 1.4791318609840628e-31
4.2250000000000005 2.0 0.0 2.0005000043417382 -0.0022153565964760985 2.2646115092850218e-31
4.25 2.0 0.0 2.0004999945128983 -0.0022155522682299274 3.4602839938301873e-31
4.275 2.0 0.0 2.000499989440515 -0.0022155191941973474 5.2767676836075284e-31
4.3 2.0 0.0 2.000500003937712 -0.0022152972444667548 8.0309842467275e-31
4.325 2.0 0.0 2.0005000090512373 -0.002215078532378987 1.219887966077023e-30
4.3500000000000005 2.0 0.0 2.000499970170995 -0.002215017888247803 1.8493825857628825e-30
4.375 2.0 0.0 2.0004999007048774 -0.0022150742376264108 2.798298194819873e-30
4.4 2.0 0.0 2.0004998663479783 -0.0022151169700953097 4.225965288071211e-30
4.425 2.0 0.0 2.000499907014685 -0.0022150836868776573 6.369808936104075e-30
4.45 2.0 0.0 2.0004999898242826 -0.0022150762643962734 9.582941706884708e-30
4.4750000000000005 2.0 0.0 2.0005000360208784 -0.0022152080622156573 1.4389518087574973e-29
4.5 2.0 0.0 2.000500009223369 -0.002215432168907551 2.1566080528120858e-29
4.525 2.0 0.0 2.0004999559371015 -0.0022155601443409447 3.2260863834562185e-29
4.55 2.0 0.0 2.000499945133143 -0.0022154487593333315 4.8168421569564733e-29
4.575 2.0 0.0 2.0004999899392635 -0.0022152076233347123 7.178471636680691e-29
4.6000000000000005 2.0 0.0 2.0005000274008906 -0.0022150810487849577 1.0677900206662695e-28
4.625 2.0 0.0 2.000500004949529 -0.0022151915410294656 1.5853487713817023e-28
4.65 2.0 0.0 2.000499940731975 -0.002215364992304805 2.349358714699909e-28
4.675 2.0 0.0 2.0004999053716075 -0.0022153347104943537 3.4750376167468296e-28
4.7 2.0 0.0 2.0004999325722155 -0.0022150798058884385 5.130446096074551e-28
4.7250000000000005 2.0 0.0 2.0004999847440494 -0.0022148783853108128 7.560240733947868e-28
4.75 2.0 0.0 2.0005000084680122 -0.0022150172016044043 1.111987969600823e-27
4.775 2.0 0.0 2.000500002651763 -0.002215446123256509 1.6324777288682076e-27
4.800000000000001 2.0 0.0 2.0005000145663843 -0.0022158267788984537 2.3920791350568763e-27
4.825 2.0 0.0 2.0005000617675934 -0.0022158483521413468 3.498508622723132e-27
4.8500000000000005 2.0 0.0 2.0005000777541246 -0.0022154774752985813 5.107015027443151e-27
4.875 2.0 0.0 2.0004999678046405 -0.0022148346522084333 7.44089836681967e-27
4.9 2.0 0.0 2.0004997274113703 -0.002214102508361634 1.0820679358050657e-26
4.925000000000001 2.0 0.0 2.0004995742423057 -0.0022138244342454695 1.5705474219976266e-26
4.95 2.0 0.0 2.0004999181112595 -0.0022153326111539924 2.2751548869943728e-26
4.9750000000000005 2.0 0.0 2.0005011777082036 -0.0022205280539407397 3.2894995160088094e-26
5.0 2.0 0.0 2.0005035495446233 -0.0022307435124769817 4.7468193800184217e-26
5.025 2.0 0.0 2.0004938532415206 -0.0021881112333908405 6.836348138133838e-26
5.050000000000001 2.0 0.0 2.000432904901267 -0.0019183025367111568 9.826259699366093e-26
5.075 2.0 0.0 2.0003117678793867 -0.0013815772390349946 1.4095755114034432e-25
5.1000000000000005 2.0 0.0 2.0001669322127307 -0.0007395294343494473 2.017982107211274e-25
5.125 2.0 0.0 2.000048147080843 -0.00021286017615186294 2.8831502816409013e-25
5.15 2.0 0.0 1.999982649921357 7.709194010960315e-05 4.1108315305850485e-25
5.175000000000001 2.0 0.0 1.9999661026535824 0.0001498546609799085 5.849182239504409e-25
5.2 2.0 0.0 1.9999763671721227 0.00010457718690324005 8.305265084697836e-25
5.2250000000000005 2.0 0.0 1.9999922026420534 3.436842975905359e-05 1.1767754269319202e-24
5.25 2.0 0.0 2.0000025605515632 -1.0935078030824731e-05 1.6638083285143045e-24
5.275 2.0 0.0 2.0000056693195365 -2.4673546410817504e-05 2.3473041374023936e-24
5.300000000000001 2.0 0.0 2.000004272555202 -1.92829722409696e-05 3.3042837924156444e-24
5.325 2.0 0.0 2.000001690063127 -7.645204047166542e-06 4.64099834688132e-24
5.3500000000000005 2.0 0.0 1.9999997374869616 9.547782545230944e-07 6.503606934487226e-24
5.375 2.0 0.0 1.9999990850345313 4.093103672228762e-06 9.092577194644609e-24
5.4 2.0 0.0 1.9999993577934947 3.421107761533111e-06 1.2682028866634167e-23
5.425000000000001 2.0 0.0 1.999999761179038 8.658700799295949e-07 1.7645607765431595e-23
5.45 2.0 0.0 2.00000008907424 -7.653254550997243e-07 2.4490938514206842e-23
5.4750000000000005 2.0 0.0 2.000000192342533 -1.0485768387552377e-06 3.390527718294937e-23
5.5 2.0 0.0 2.0000001483044487 -5.561157824970677e-07 4.6815685166807494e-23
5.525 2.0 0.0 2.0000000861688036 8.582566792990934e-08 6.446788458404909e-23
5.550000000000001 2.0 0.0 1.9999999950281704 2.2661848673640204e-07 8.852893455553563e-23
5.575 2.0 0.0 1.9999999001878526 1.041458618347607e-07 1.2121996938613886e-22
5.6000000000000005 2.0 0.0 1.999999858223977 2.776308314051976e-07 1.6548641332673977e-22
5.625 2.0 0.0 1.9999998742837821 6.166298965675732e-07 2.252142269674823e-22
5.65 2.0 0.0 1.9999999364954402 6.671205515013749e-07 3.055016545536122e-22
5.675000000000001 2.0 0.0 2.000000016082532 2.1249240058687278e-07 4.1299630014263464e-22
5.7 2.0 0.0 2.000000062675225 -4.487492236742976e-07 5.563066249343022e-22
5.7250000000000005 2.0 0.0 2.000000083066494 -7.919618368066298e-07 7.464942745661968e-22
5.75 2.0 0.0 2.0000000989107787 -5.791968890921918e-07 9.976476910669732e-22
5.775 2.0 0.0 2.000000086822103 -1.4567498319409938e-07 1.327526226736045e-21
5.800000000000001 2.0 0.0 2.0000000132809093 1.7072645469643885e-07 1.7582444372291907e-21
5.825 2.0 0.0 1.9999998951935387 3.3661969861550477e-07 2.3169339133912443e-21
5.8500000000000005 2.0 0.0 1.9999998148560354 4.5756163665380814e-07 3.0362683497293437e-21
5.875 2.0 0.0 1.999999851230267 4.977217180365808e-07 3.954656992153136e-21
5.9 2.0 0.0 2.0000000061180563 2.494255427517e-07 5.11578837693969e-21
5.925000000000001 2.0 0.0 2.000000165775906 -3.2158036485843385e-07 6.5670206144603765e-21
5.95 2.0 0.0 2.000000209219582 -8.583597154294387e-07 8.355838251723559e-21
5.9750000000000005 2.0 0.0 2.000000125273788 -8.484240486519028e-07 1.0523189124483777e-20
6.0 2.0 0.0 2.000000003015408 -2.560046892268701e-07 1.3091921451978668e-20
6.025 2.0 0.0 1.9999999378905318 4.2726168436653995e-07 1.604768304251177e-20
6.050000000000001 2.0 0.0 1.999999928085092 6.559053196047193e-07 1.9308411043164975e-20
6.075 2.0 0.0 1.999999932046512 3.656383919515796e-07 2.2676779569081865e-20
6.1000000000000005 2.0 0.0 1.999999932786057 -3.859034645770504e-08 2.5767472569967825e-20
6.125 2.0 0.0 1.9999999598318792 -2.1297792791813013e-07 2.789761923259548e-20
6.15 2.0 0.0 2.0000000264131863 -1.5656736832155124e-07 2.7923769080008826e-20
6.175000000000001 2.0 0.0 2.000000084436442 -1.1034207724584608e-07 2.400184620455049e-20
6.2 2.0 0.0 2.0000000784482364 -1.521478628191003e-07 1.323685989615532e-20
6.2250000000000005 2.0 0.0 2.0000000039456687 -1.1459710312272362e-07 -8.824253177571133e-21
6.25 2.0 0.0 1.9999999276929008 1.1790148076775187e-07 -4.8921798420998234e-20
6.275 2.0 0.0 1.9999999111210913 4.411069407382423e-07 -1.1712514172146412e-19
6.300000000000001 2.0 0.0 1.9999999420972117 5.717390535798246e-07 -2.2831278910267004e-19
6.325 2.0 0.0 1.9999999617960573 4.0294381825691326e-07 -4.0426416012822785e-19
6.3500000000000005 2.0 0.0 1.9999999454456994 1.0925743204005845e-07 -6.76601658932568e-19
6.375 2.0 0.0 1.9999999395629269 -8.013084113416893e-08 -1.0909101867037715e-18
6.4 2.0 0.0 1.9999999872027936 -8.979899117976337e-08 -1.7124811617720026e-18
6.425000000000001 2.0 0.0 2.000000056165641 -6.629433311110715e-08 -2.634290061535745e-18
6.45 2.0 0.0 2.0000000690021142 -7.618953113527978e-08 -3.988034572032288e-18
6.4750000000000005 2.0 0.0 1.9999999939159476 -3.299053337148523e-08 -5.9593532496919114e-18
6.5 2.0 0.0 1.9999998995485049 1.5560879131887065e-07 -8.808736703694343e-18
6.525 2.0 0.0 1.9999998724093984 4.0773335061315644e-07 -1.2900166942861003e-17
6.550000000000001 2.0 0.0 1.9999999243147228 4.86113916153823e-07 -1.8740217965579606e-17
6.575 2.0 0.0 1.9999999818399048 3.3555402184223555e-07 -2.7031277165721784e-17
6.6000000000000005 2.0 0.0 1.9999999781906541 1.2226571609311742e-07 -3.874377474699012e-17
6.625 2.0 0.0 1.9999999356939007 1.0387040722428262e-07 -5.5213930824722155e-17
6.65 2.0 0.0 1.999999919673861 2.7989520351111204e-07 -7.827566888087937e-17
6.675000000000001 2.0 0.0 1.9999999595504294 4.002084151001339e-07 -1.1043815715156673e-16
6.7 1.9999999999999998 0.0 2.000000000827849 2.9717498461606896e-07 -1.5512412961216225e-16
6.7250000000000005 1.9999999999999998 0.0 1.9999999840222737 6.590086466472567e-08 -2.1698896722718152e-16
6.75 1.9999999999999998 0.0 1.9999999175703298 3.934835970448955e-09 -3.023468242913689e-16
6.775 1.9999999999999996 0.0 1.9999998658393854 2.2174600596450045e-07 -4.197382948699487e-16
6.800000000000001 1.9999999999999993 0.0 1.9999998743449925 5.318919286410922e-07 -5.806847812887535e-16
6.825 1.9999999999999991 0.0 1.9999999118884009 6.493570139521314e-07 -8.00688552537078e-16
6.8500000000000005 1.999999999999999 0.0 1.999999925119054 5.012474534092539e-07 -1.1005553584170277e-15
6.875 1.9999999999999984 0.0 1.9999999019028303 3.0435862236589397e-07 -1.5081395283077498e-15
6.9 1.999999999999998 0.0 1.9999998903948757 2.667828823835823e-07 -2.0606411652510937e-15
6.925000000000001 1.9999999999999971 0.0 1.999999923955634 4.042824859792513e-07 -2.8076231563983075e-15
6.95 1.9999999999999962 0.0 1.9999999668824804 5.262022012576096e-07 -3.814964538080919e-15
6.9750000000000005 1.999999999999995 0.0 1.9999999532377521 5.197126142168973e-07 -5.170029138986673e-15
7.0 1.9999999999999931 0.0 1.9999998665145395 4.777976053433707e-07 -6.988407961666439e-15
7.025 1.9999999999999907 0.0 1.9999997803223617 5.491904006393469e-07 -9.422694927499562e-15
7.050000000000001 1.9999999999999873 0.0 1.9999997702720997 7.509809899345315e-07 -1.2673883980809923e-14
7.075 1.999999999999983 0.0 1.9999998333499334 8.963586050525239e-07 -1.700613805461918e-14
7.1000000000000005 1.9999999999999771 0.0 1.999999886136425 8.66333697275487e-07 -2.276588563206433e-14
7.125 1.9999999999999696 0.0 1.9999998629635733 7.120133927995224e-07 -3.0406459207729985e-14
7.15 1.9999999999999596 0.0 1.9999997965256735 6.275854262574109e-07 -4.051981494254537e-14
7.175000000000001 1.999999999999946 0.0 1.99999976880712 6.975437731105761e-07 -5.387728028906569e-14
7.2 1.9999999999999285 0.0 1.999999815940909 8.312917769617601e-07 -7.148178603823506e-14
7.2250000000000005 1.9999999999999054 0.0 1.9999998744299303 9.145950645672211e-07 -9.463467516962882e-14
7.25 1.999999999999875 0.0 1.9999998641163126 9.193796954564702e-07 -1.250209723893004e-13
7.275 1.9999999999998352 0.0 1.9999997816592803 9.518267572657137e-07 -1.6481798091187783e-13
7.300000000000001 1.999999999999783 0.0 1.9999997067297266 1.0446134927033854e-06 -2.1683328998172973e-13
7.325 1.9999999999997153 0.0 1.9999997087100645 1.1654152955964294e-06 -2.8467977983416343e-13
7.3500000000000005 1.999999999999627 0.0 1.9999997602055677 1.2340485124383694e-06 -3.729970628133679e-13
7.375 1.9999999999995122 0.0 1.9999997761784747 1.2508995902304514e-06 -4.87731075149774e-13
7.4 1.9999999999993636 0.0 1.9999997166644174 1.2697231739241095e-06 -6.364863229835808e-13
7.425000000000001 1.999999999999171 0.0 1.9999996386220689 1.3000332838229653e-06 -8.289686951367867e-13
7.45 1.9999999999989224 0.0 1.9999996210773963 1.3463621012897132e-06 -1.0775409101704336e-12
7.4750000000000005 1.999999999998602 0.0 1.9999996690598791 1.3893975239017727e-06 -1.3979177155221707e-12
7.5 2.00099999999819 0.0 1.9999997072161684 1.4896409959732894e-06 -1.8100340773142959e-12
7.525 2.000999999997661 0.0 1.9999996726535876 1.6519130268877526e-06 -2.339126995974484e-12
7.550000000000001 2.0009999999969827 0.0 1.999999594002088 1.8202854116063514e-06 -3.017080494228466e-12
7.575 2.000999999996116 0.0 1.9999995502813228 1.900332254634241e-06 -3.88409402752548e-12
7.6000000000000005 2.000999999995009 0.0 1.9999995751543613 1.8968671774335964e-06 -4.990747382234668e-12
7.625 2.0009999999935992 0.0 1.9999996144702445 1.933015660334912e-06 -6.400550420574792e-12
7.65 2.000999999991807 0.0 1.9999995955249188 2.067872714976898e-06 -8.1930842209193e-12
7.675000000000001 2.0009999999895323 0.0 1.9999995158811614 2.237382536674373e-06 -1.0467861720582424e-11
7.7 2.000999999986651 0.0 1.999999442943066 2.290055565072024e-06 -1.3349061426410604e-11
7.7250000000000005 2.0009999999830086 0.0 1.999999434939506 2.2358921216574396e-06 -1.6991317707779093e-11
7.75 2.000999999978413 0.0 1.9999994693028966 2.221663349935139e-06 -2.1586786279083474e-11
7.775 2.0009999999726262 0.0 1.9999994761344533 2.3847404348508553e-06 -2.7373744425752153e-11
7.800000000000001 2.000999999965353 0.0 1.9999994223535138 2.6554280688494205e-06 -3.464703309457915e-11
7.825 2.000999999956229 0.0 1.9999993468254904 2.8408266899121894e-06 -4.3770702966370494e-11
7.8500000000000005 2.0009999999448067 0.0 1.9999993074383848 2.8833000299845153e-06 -5.519328989775615e-11
7.875 2.0009999999305337 0.0 1.9999993077760176 2.9021400105809145e-06 -6.946621751012237e-11
7.9 2.000999999912734 0.0 1.99999930464275 3.056433573812579e-06 -8.726590704663453e-11
7.925000000000001 2.00099999989058 0.0 1.9999992680816696 3.2922216231309947e-06 -1.094202676805989e-10
7.95 2.0009999998630597 0.0 1.9999992223107568 3.4301141598999282e-06 -1.369403448902136e-10
7.9750000000000005 2.000999999828942 0.0 1.999999207659039 3.409126541168894e-06 -1.710580207770042e-10
8.0 2.000999999786729 0.0 1.999999217870089 3.3947146049895555e-06 -2.1327078847736331e-10
8.025 2.000999999734605 0.0 1.9999992059531777 3.60762768063596e-06 -2.6539476287917325e-10
8.05 2.000999999670373 0.0 1.9999991412323066 3.997115510097063e-06 -3.2962724094277563e-10
8.075000000000001 2.0009999995913796 0.0 1.9999990579306375 4.303213931847136e-06 -4.0862028554370805e-10
8.1 2.000999999494433 0.0 1.9999990148633966 4.342563123470791e-06 -5.055669744560906e-10
8.125 2.000999999375698 0.0 1.9999990275509134 4.262641773952197e-06 -6.243021272063907e-10
8.15 2.0009999992305807 0.0 1.9999990474385574 4.346450861616179e-06 -7.694194918146766e-10
8.175 2.0009999990535925 0.0 1.9999990140538926 4.644810087050075e-06 -9.464075337165068e-10
8.200000000000001 2.0009999988381937 0.0 1.9999989285942372 4.928960578449613e-06 -1.1618061108033733e-09
8.225 2.0009999985766136 0.0 1.99999884466083 4.95892201353481e-06 -1.4233864289221667e-09
8.25 2.000999998259643 0.0 1.999998813952299 4.850775545915597e-06 -1.7403567350686184e-09
8.275 2.000999997876404 0.0 1.9999988255924694 4.9103297999324685e-06 -2.123596200202413e-09
8.3 2.000999997414081 0.0 1.999998823760675 5.282147197088789e-06 -2.585919344084918e-09
8.325000000000001 2.000999996857627 0.0 1.9999987732481395 5.729104681190627e-06 -3.1423731284093117e-09
8.35 2.0009999961894316 0.0 1.9999986864460846 5.946581430880592e-06 -3.810568451821858e-09
8.375 2.000999995388953 0.0 1.999998613447338 5.942783078431742e-06 -4.611047172371882e-09
8.4 2.000999994432315 0.0 1.9999985755208454 6.009103520778592e-06 -5.567684900177361e-09
8.425 2.0009999932918716 0.0 1.9999985579367014 6.350465561198873e-06 -6.708128574178038e-09
8.450000000000001 2.0009999919357337 0.0 1.9999985305277512 6.77118926384084e-06 -8.064266176171801e-09
8.475 2.0009999903272764 0.0 1.9999984833970843 6.9467572533015395e-06 -9.672723741052234e-09
8.5 2.000999988424618 0.0 1.999998437549393 6.818185852863572e-06 -1.157538197381337e-08
8.525 2.0009999861800987 0.0 1.999998402277002 6.707289861406775e-06 -1.3819901139804517e-08
8.55 2.000999983539762 0.0 1.9999983700837576 6.9263190327887356e-06 -1.6460238289259392e-08
8.575000000000001 2.000999980442865 0.0 1.9999983155670047 7.40220480321714e-06 -1.9557135117662234e-08
8.6 2.0009999768214524 0.0 1.9999982426163951 7.784000839766059e-06 -2.3178547627291094e-08
8.625 2.00099997260002 0.0 1.9999981803878975 7.866091856151526e-06 -2.7399979986059073e-08
8.65 2.000999967695326 0.0 1.9999981500994284 7.86351604138342e-06 -3.230467428442141e-08
8.675 2.000999962016405 0.0 1.9999981387131387 8.080988277213368e-06 -3.798359493613758e-08
8.700000000000001 2.000999955464869 0.0 1.9999980988678798 8.53399387608608e-06 -4.453513087667617e-08
8.725 2.00099994793558 0.0 1.9999980148580332 8.917741062231819e-06 -5.2064420059472794e-08
8.75 2.0009999393178215 0.0 1.9999979171284084 8.999231619027555e-06 -6.068217856011783e-08
8.775 2.0009999294971097 0.0 1.9999978581085354 8.924134710933417e-06 -7.050289034369548e-08
8.8 2.000999918357817 0.0 1.9999978488527663 8.990120833666385e-06 -8.16421828472761e-08
8.825000000000001 2.0009999057868226 0.0 1.999997839276807 9.303818300411973e-06 -9.42131773370399e-08
8.85 2.0009998916784393 0.0 1.999997779165688 9.635420753694064e-06 -1.0832156081889094e-07
8.875 2.0009998759409227 0.0 1.9999976715962355 9.773306638696652e-06 -1.240590773561188e-07
8.9 2.00099985850492 0.0 1.999997576544044 9.770158151432656e-06 -1.4149508016508565e-07
8.925 2.000999839334279 0.0 1.9999975365377172 9.88302824843551e-06 -1.6066572095482354e-07
8.950000000000001 2.000999818439721 0.0 1.9999975260099814 1.0232873595226835e-05 -1.8156027873583417e-07
8.975 2.0009997958959542 0.0 1.9999974815789379 1.0637347259507169e-05 -2.0410404579461039e-07
9.0 2.000999771862907 0.0 1.9999973769222747 1.086589098010373e-05 -2.2813709273067303e-07
9.025 2.0009997466118734 0.0 1.9999972608172456 1.0879936638753916e-05 -2.5338812638281813e-07
9.05 2.0009997205574668 0.0 1.999997196546158 1.0881362609793405e-05 -2.794425331313558e-07
9.075000000000001 2.0009996942964356 0.0 1.9999971873387237 1.1007652059608441e-05 -3.057035644737143e-07
9.1 2.000999668654529 0.0 1.9999971697576884 1.1214172039564738e-05 -3.3134547099711315e-07
9.125 2.000999644742776 0.0 1.999997093092721 1.1366587964387785e-05 -3.552572240524588e-07
9.15 2.000999624024719 0.0 1.9999969862350067 1.1453831255063017e-05 -3.759752808138156e-07
9.175 2.0009996083963526 0.0 1.9999969226728174 1.1593773250055012e-05 -3.9160364737948985e-07
9.200000000000001 2.0009996002807244 0.0 1.999996932729736 1.1837812354143501e-05 -3.9971927571543875e-07
9.225 2.0009996027394066 0.0 1.9999969609231758 1.2106243432246395e-05 -3.9726059338094177e-07
9.25 2.0009996196032898 0.0 1.9999969407645388 1.2249002972256373e-05 -3.803967102260639e-07
9.275 2.0009996556254257 0.0 1.999996885147728 1.2268753115479097e-05 -3.443745740814826e-07
9.3 2.0009997166589413 0.0 1.9999968805534118 1.226508262917489e-05 -2.8334105876507274e-07
9.325000000000001 2.000999809863336 0.0 1.9999969857790698 1.2337612614511813e-05 -1.9013666388823996e-07
9.35 2.000999943942811 0.0 1.9999971634820517 1.2462448529964187e-05 -5.605718890501236e-08
9.375 2.0010001294205835 0.0 1.9999973390622447 1.2547791466694975e-05 1.2942058380315937e-07
9.4 2.001000378953497 0.0 1.9999975118583917 1.2588362303650902e-05 3.789534969636227e-07
9.425 2.001000707691556 0.0 1.9999977754236775 1.2607284835921937e-05 7.076915558651469e-07
9.450000000000001 2.0010011336873696 0.0 1.9999982212512573 1.2670219137912825e-05 1.1336873698566534e-06
9.475 2.001001678360801 0.0 1.9999988428491702 1.2739777018032142e-05 1.6783608011039327e-06
9.5 2.0010023670244377 0.0 1.9999995686567686 1.2784195827847673e-05 2.3670244376693356e-06
9.525 2.0000032294757992 0.0 2.0000003779736923 1.2805653744982458e-05 3.229475799034653e-06
9.55 2.0000043006624413 0.0 2.000001367632792 1.2826347790075184e-05 4.3006624412371665e-06
9.575000000000001 2.0000056214263453 0.0 2.0000026709247134 1.2850556563448102e-05 5.62142634543546e-06
9.600000000000001 2.000007239334136 0.0 2.0000043483294108 1.2806423461165202e-05 7.239334136373669e-06
9.625 2.000009209599773 0.0 2.0000063745992307 1.2716223504246272e-05 9.209599773068e-06
9.65 2.000011596106369 0.0 2.000008742676784 1.2631938161881148e-05 1.1596106369122588e-05
9.675 2.0000144725337194 0.0 2.0000115585365763 1.2632287148497776e-05 1.4472533719284427e-05
9.700000000000001 2.000017923597916 0.0 2.000015001534443 1.2658858444885763e-05 1.7923597916040973e-05
9.725000000000001 2.0000220464091183 0.0 2.0000192106797217 1.258130728669206e-05 2.2046409118175832e-05
9.75 2.0000269519530645 0.0 2.000024226871756 1.2389792378878763e-05 2.695195306443837e-05
9.775 2.0000327667012914 0.0 2.00003008187427 1.2189707461651132e-05 3.276670129149581e-05
9.8 2.0000396343541973 0.0 2.0000369139663823 1.2123027087313135e-05 3.9634354197480685e-05
9.825000000000001 2.000047717720072 0.0 2.000044970884291 1.2113595131226581e-05 4.771772007213217e-05
9.850000000000001 2.0000572007319737 0.0 2.0000545087961985 1.1992995723309108e-05 5.720073197347757e-05
9.875 2.0000682906028517 0.0 2.0000656970790613 1.167087679854121e-05 6.829060285179713e-05
9.9 2.000081220117588 0.0 2.000078677962869 1.1277604888775137e-05 8.1220117588032e-05
9.925 2.0000962500586112 0.0 2.0000936808856133 1.1030000820446763e-05 9.62500586113735e-05
9.950000000000001 2.0001136717594776 0.0 2.000111072623925 1.0945523263331147e-05 0.00011367175947743903
9.975000000000001 2.000133809778215 0.0 2.0001312694037137 1.0874449417312277e-05 0.00013380977821490233
10.0 2.000157024679379 0.0 2.0001546281704727 1.0643978553231243e-05 0.00015702467937915227
10.025 2.000183715910585 0.0 2.0001814605072656 1.0310271645743295e-05 0.0001837159105850429
10.05 2.0002143247558304 0.0 2.0002121323481967 1.003134355856915e-05 0.00021432475583056692
10.075000000000001 2.0002493373441785 0.0 2.000247156492515 9.847772583876744e-06 0.00024933734417856523
10.100000000000001 2.0002892876883496 0.0 2.000287144012738 9.617421331032573e-06 0.00028928768834964567
10.125 2.000334760723519 0.0 2.000332709473436 9.170014251099816e-06 0.00033476072351890226
10.15 2.0003863953121317 0.0 2.0003844460866813 8.578962352914551e-06 0.00038639531213171874
10.175 2.000444887175898 0.0 2.000442997180921 8.067407545625796e-06 0.0004448871758980226
10.200000000000001 2.000510991711337 0.0 2.0005091423675965 7.78948862883666e-06 0.0005109917113368845
10.225000000000001 2.00058552664038 0.0 2.000583764257785 7.638167166116053e-06 0.0005855266403797992
10.25 2.000669374442667 0.0 2.0006677619674056 7.374291851862638e-06 0.0006693744426668637
10.275 2.0007634845113595 0.0 2.000762021176184 6.9178196881702895e-06 0.0007634845113596697
10.3 2.000868874969632 0.0 2.0008674921599745 6.369962238405656e-06 0.0008688749696318584
10.325000000000001 2.000986634080576 0.0 2.000985285620434 5.8969222312521195e-06 0.0009866340805762504
10.350000000000001 2.001117921179187 0.0 2.0011166457573033 5.489750041330569e-06 0.0011179211791870934
10.375 2.001263967051447 0.0 2.0012628456622625 5.013142100865845e-06 0.0012639670514472895
10.4 2.0014260736824894 0.0 2.0014251249079713 4.400966255598058e-06 0.0014260736824893974
10.425 2.0016056132934277 0.0 2.0016047674572333 3.7222528272747656e-06 0.001605613293427514
10.450000000000001 2.0018040265849018 0.0 2.001803214115939 3.1432903775537535e-06 0.001804026584901746
10.475000000000001 2.002022820104765 0.0 2.002022068988041 2.6892019696929507e-06 0.0020228201047651196
10.5 2.0022635626578045 0.0 2.0022629808704364 2.283783664963555e-06 0.002263562657804649
10.525 2.0025278806770497 0.0 2.00252753546524 1.8304120700143528e-06 0.0025278806770498556
10.55 2.002817452479206 0.0 2.0028172976200525 1.3391594840967657e-06 0.0028174524792057894
10.575000000000001 2.0031340013311696 0.0 2.0031339383616875 8.504145120955284e-07 0.003134001331169485
10.600000000000001 2.003479287260552 0.0 2.0034792820645917 2.8556715892678205e-07 0.003479287260551768
10.625 2.0038550975507237 0.0 2.003855202167481 -4.3888091924472695e-07 0.003855097550723615
10.65 2.0042632358702113 0.0 2.0042634991559405 -1.3070667873470184e-06 0.0042632358702114435
10.675 2.0047055099973328 0.0 2.004705906749793 -2.137745492558692e-06 0.00470550999733299
10.700000000000001 2.0051837181138286 0.0 2.005184200428128 -2.78187011735999e-06 0.0051837181138285875
10.725000000000001 2.005699633655903 0.0 2.00570022006239 -3.2796834008699745e-06 0.005699633655903253
10.75 2.006254988727532 0.0 2.00625576815937 -3.76063092820505e-06 0.006254988727532051
10.775 2.0068514560990365 0.0 2.0068524916032997 -4.331874891750209e-06 0.006851456099036528
10.8 2.0074906298337214 0.0 2.0074918874416885 -4.955943291073991e-06 0.0074906298337215835
10.825000000000001 2.0081740046066456 0.0 2.0081753909701994 -5.546836615074563e-06 0.008174004606645599
10.850000000000001 2.008902953802211 0.0 2.0089044150540376 -6.111143047430528e-06 0.008902953802210829
10.875 2.0096787065010053 0.0 2.0096802677799155 -6.793435882947646e-06 0.009678706501005496
10.9 2.010502323490957 0.0 2.0105040316360667 -7.738015010328053e-06 0.010502323490956748
10.925 2.01137467246308 0.0 2.0113765262779753 -8.792847846038299e-06 0.011374672463079757
10.950000000000001 2.012296402577616 0.0 2.01229836602004 -9.611497191120089e-06 0.01229640257761636
10.975000000000001 2.013267918611782 0.0 2.0132700123003264 -9.963576407504857e-06 0.01326791861178228
11.0 2.0142893549253027 0.0 2.0142916748853024 -1.0020866481809374e-05 0.014289354925302632
11.025 2.015360549503989 0.0 2.0153631754650307 -1.025234415909907e-05 0.015360549503988833
11.05 2.016481018364353 0.0 2.0164838961100457 -1.0943259306774136e-05 0.01648101836435281
11.075000000000001 2.0176499306232123 0.0 2.0176528935529268 -1.2010141250900708e-05 0.017649930623212476
11.100000000000001 2.0188660845549338 0.0 2.018869010905238 -1.3129951744160017e-05 0.018866084554933892
11.125 2.020127884974914 0.0 2.020130810411156 -1.4105132827466882e-05 0.02012788497491368
11.15 2.0214333223006524 0.0 2.0214363859329545 -1.4897025555332595e-05 0.02143332230065258
11.175 2.022779953650847 0.0 2.0227832578150697 -1.550724321368541e-05 0.022779953650846937
11.200000000000001 2.024164886347899 0.0 2.024168435174911 -1.5924564939760468e-05 0.024164886347898915
11.225000000000001 2.025584764189701 0.0 2.025588499466145 -1.6127689813352344e-05 0.02558476418970099
11.25 2.0270357568521313 0.0 2.0270396365659673 -1.628368199601994e-05 0.027035756852131283
11.275 2.028513552774084 0.0 2.0285175813139813 -1.675665140169351e-05 0.02851355277408386
11.3 2.0300133558617968 0.0 2.0300175215977183 -1.7729202667982066e-05 0.030013355861796782
11.325000000000001 2.0315298863285554 0.0 2.0315341228402586 -1.889729458663453e-05 0.031529886328555336
11.350000000000001 2.033057385959418 0.0 2.033061639310306 -1.9839446949167683e-05 0.033057385959417915
11.375 2.0345896280584306 0.0 2.0345939258459387 -2.0359911496638085e-05 0.03458962805843038
11.4 2.036119932297924 0.0 2.0361243575788692 -2.0686981047745314e-05 0.036119932297924
11.425 2.0376411846461 0.0 2.0376458131843727 -2.1208653205076733e-05 0.03764118464610008
11.450000000000001 2.0391458625004684 0.0 2.0391506933364463 -2.1852803838116343e-05 0.03914586250046818
11.475000000000001 2.040626065101182 0.0 2.0406310508271943 -2.212895684370798e-05 0.04062606510118198
11.5 2.0420735492403947 0.0 2.0420787058784473 -2.205812328281914e-05 0.04207354924039483
11.525 2.043479770222004 0.0 2.0434851145111943 -2.2018986778644976e-05 0.04347977022200409
11.55 2.0448359279612407 0.0 2.0448413326171435 -2.2538988838245698e-05 0.044835927961240744
11.575000000000001 2.0461330180462625 0.0 2.0461382968002795 -2.443752500351546e-05 0.046133018046262436
11.600000000000001 2.0473618875150565 0.0 2.0473668135627197 -2.71563338109062e-05 0.0473618875150567
11.625 2.0485132950314933 0.0 2.0485179131821116 -2.8823805780312142e-05 0.0485132950314933
11.65 2.049577975075253 0.0 2.0495830216248825 -2.7444460673495255e-05 0.04957797507525319
11.675 2.05054670569264 0.0 2.0505533772262905 -2.0706462452682324e-05 0.0505467056926399
11.700000000000001 2.0514103792900156 0.0 2.051419688919456 -9.931680744070506e-06 0.05141037929001539
11.725000000000001 2.0521600758898653 0.0 2.0521714850279507 -1.8035027928957608e-06 0.05216007588986548
11.75 2.052787138212377 0.0 2.052797193239259 -8.186316310019199e-06 0.05278713821237704
11.775 2.0532832478939476 0.0 2.053285527769579 -4.323146969976395e-05 0.053283247893947776
11.8 2.0536405021092663 0.0 2.0536283029351283 -0.00010858057401812979 0.0536405021092665
11.825000000000001 2.0538514898264544 0.0 2.0538255702763095 -0.0001707917021390338 0.05385148982645448
11.850000000000001 2.0539093668961153 0.0 2.053888067561785 -0.00015113223486252128 0.05390936689611507
11.875 2.0538079291557834 0.0 2.0538320982773426 5.260565477811352e-05 0.053807929155783495
11.9 2.053541682721857 0.0 2.0536645641073545 0.0004958483919719776 0.05354168272185695
11.925 2.0531059106421496 0.0 2.053366276034481 0.0011129103281063146 0.05310591064214969
11.950000000000001 2.0524967350941394 0.0 2.0528911543447173 0.0017142836916528852 0.0524967350941395
11.975000000000001 2.0517111743369782 0.0 2.0521912914932203 0.002098262200089724 0.05171117433697806
12.0 2.050747193659482 0.0 2.051253587960467 0.002215534298317916 0.050747193659481916
12.025 2.0496037496114887 0.0 2.0501089162926167 0.0022101933913141253 0.049603749611488834
12.05 2.0482808268618578 0.0 2.0487843299649815 0.002202893122581732 0.0482808268618579
12.075000000000001 2.0467794670925326 0.0 2.0472823175894854 0.0021996516091253725 0.046779467092532695
12.100000000000001 2.0451017894138297 0.0 2.045604681310171 0.0021990829845516917 0.04510178941382956
12.125 2.0432510018706274 0.0 2.0437541551165337 0.0021996194139078805 0.0432510018706274
12.15 2.041231403701442 0.0 2.041734730960558 0.0022003549404889353 0.04123140370144185
12.175 2.0390483781113344 0.0 2.0395517470550995 0.0022008463173722338 0.03904837811133465
12.200000000000001 2.036708375423965 0.0 2.037211734330202 0.0022008726408666718 0.03670837542396508
12.225000000000001 2.034218886586469 0.0 2.0347222573401886 0.0022004530504265863 0.03421888658646924
12.25 2.031588407111769 0.0 2.0320917964910126 0.002199929608282491 0.03158840711176899
12.275 2.0288263916548317 0.0 2.0293297582520076 0.0021996975090495707 0.028826391654831605
12.3 2.0259431995307393 0.0 2.026446504556697 0.0021998341310213343 0.025943199530739525
12.325000000000001 2.022950031591568 0.0 2.0234533016572045 0.0022000394285793083 0.02295003159156795
12.350000000000001 2.019858858984434 0.0 2.0203621697104297 0.0022000260644977083 0.019858858984434125
12.375 2.016682344413092 0.0 2.0171857321170954 0.0021998406702230158 0.01668234441309194
12.4 2.0134337566186176 0.0 2.0139371701042372 0.002199783233861517 0.013433756618617485
12.425 2.0101268788796585 0.0 2.0106302375276184 0.0021999931274663855 0.01012687887965847
12.450000000000001 2.006775912408095 0.0 2.0072792012136165 0.0022002818142933577 0.0067759124080948845
12.475000000000001 2.003395375580652 0.0 2.0038986628658497 0.002200387378753074 0.003395375580652372
12.5 2.0 0.0 2.000503348702914 0.0022002658087731672 -0.0
12.525 1.9966046244193474 0.0 1.9971080132855987 0.002200128234204036 -0.0033953755806526128
12.55 1.993224087591905 0.0 1.993727424998888 0.0022001390780905196 -0.006775912408095125
12.575000000000001 1.9898731211203413 0.0 1.9903763440849964 0.0022002710058470565 -0.010126878879658706
12.600000000000001 1.9865662433813822 0.0 1.9870693823337056 0.002200348176205268 -0.01343375661861772
12.625 1.983317655586908 0.0 1.9838207993835901 0.0022002992653276958 -0.01668234441309194
12.65 1.9801411410155656 0.0 1.9806443389527852 0.0022002615064486974 -0.019858858984434347
12.675 1.9770499684084317 0.0 1.9775531781916982 0.0022004645141553633 -0.022950031591568172
12.700000000000001 1.9740568004692602 0.0 1.9745599511028011 0.0022009408094067692 -0.025943199530739737
12.725000000000001 1.9711736083451683 0.0 1.9716766951282758 0.002201389362425122 -0.028826391654831807
12.75 1.968411592888231 0.0 1.968914681059021 0.002201510379786857 -0.03158840711176899
12.775 1.9657811134135306 0.0 1.9662842342088183 0.002201343827773821 -0.034218886586469426
12.8 1.9632916245760348 0.0 1.9637947109434983 0.0022012338635902396 -0.03670837542396526
12.825000000000001 1.9609516218886651 0.0 1.9614545828156076 0.0022014119100821064 -0.03904837811133481
12.850000000000001 1.958768596298558 0.0 1.959271426137467 0.002201730603809256 -0.041231403701441995
12.875 1.9567489981293726 0.0 1.957251793135692 0.002201928914597075 -0.0432510018706274
12.9 1.9548982105861703 0.0 1.9554010606276653 0.0022019721394933244 -0.04510178941382968
12.925 1.9532205329074672 0.0 1.9537234310871052 0.0022021030013306 -0.04677946709253282
12.950000000000001 1.951719173138142 0.0 1.9522220426989918 0.0022025123506121793 -0.04828082686185801
12.975000000000001 1.950396250388511 0.0 1.9508990309787313 0.0022030465819368582 -0.049603749611488925
13.0 1.9492528063405181 0.0 1.9497555025297149 0.0022033284686076245 -0.050747193659481916
13.025 1.948288825663022 0.0 1.9487914614631816 0.002203114521813705 -0.05171117433697812
13.05 1.9475032649058603 0.0 1.9480058315824134 0.002202654571833433 -0.05249673509413956
13.075000000000001 1.9468940893578504 0.0 1.9473965461058087 0.0022025122225832125 -0.05310591064214972
13.100000000000001 1.9464583172781431 0.0 1.9469606745388903 0.0022029940219583984 -0.05354168272185698
13.125 1.9461920708442164 0.0 1.946694421147226 0.002203822340818367 -0.053807929155783495
13.15 1.946090633103885 0.0 1.9465930683835333 0.0022044664932115566 -0.053909366896115064
13.175 1.9461485101735456 0.0 1.9466510262201226 0.0022047135959283605 -0.05385148982645447
13.200000000000001 1.9463594978907335 0.0 1.946861986558341 0.0022047485204271006 -0.05364050210926648
13.225000000000001 1.9467167521060522 0.0 1.947219093507659 0.0022048507747004986 -0.053283247893947755
13.25 1.947212861787623 0.0 1.9477150249652986 0.0022050261414479507 -0.05278713821237704
13.275 1.9478399241101345 0.0 1.9483419752561566 0.002204999717676243 -0.05216007588986544
13.3 1.9485896207099846 0.0 1.9490916465245927 0.002204857936372228 -0.05141037929001534
13.325000000000001 1.9494532943073601 0.0 1.9499553221464696 0.0022049589151556864 -0.05054670569263984
13.350000000000001 1.9504220249247468 0.0 1.9509240654458504 0.002205554547748143 -0.04957797507525311
13.375 1.9514867049685067 0.0 1.9519887470695432 0.0022063674194680275 -0.0485132950314933
13.4 1.9526381124849435 0.0 1.9531401181201278 0.0022069472594266224 -0.047361887515056614
13.425 1.9538669819537378 0.0 1.954368953550801 0.0022070069268458983 -0.04613301804626234
13.450000000000001 1.9551640720387593 0.0 1.9556660304603208 0.0022068485521614454 -0.04483592796124065
13.475000000000001 1.956520229777996 0.0 1.957022115638794 0.002206898366555978 -0.04347977022200399
13.5 1.9579264507596053 0.0 1.9584281842517177 0.002207054946612835 -0.04207354924039483
13.525 1.9593739348988182 0.0 1.959875499552794 0.002206991483427767 -0.040626065101181864
13.55 1.9608541374995319 0.0 1.9613555841862667 0.0022069438561126056 -0.03914586250046807
13.575000000000001 1.9623588153539 0.0 1.9628603501658088 0.002207329297215164 -0.03764118464609997
13.600000000000001 1.963880067702076 0.0 1.9643819474837154 0.00220871520277109 -0.0361199322979239
13.625 1.9654103719415696 0.0 1.9659125543363842 0.002211398222111146 -0.03458962805843038
13.65 1.9669426140405821 0.0 1.967445017476651 0.002212137256974477 -0.033057385959417804
13.675 1.9684701136714449 0.0 1.9689716429081976 0.0022090300080807625 -0.031529886328555225
13.700000000000001 1.9699866441382032 0.0 1.9704857490673997 0.002200815493683981 -0.03001335586179667
13.725000000000001 1.9714864472259161 0.0 1.9719831448705631 0.0021875741974791444 -0.02851355277408376
13.75 1.9729642431478687 0.0 1.9734598816331093 0.002182427956298053 -0.027035756852131283
13.775 1.974415235810299 0.0 1.9749147550821324 0.0021978505676210117 -0.025584764189700883
13.8 1.9758351136521013 0.0 1.9763450977981076 0.002245979325737622 -0.024164886347898814
13.825000000000001 1.9772200463491532 0.0 1.9777445610999755 0.002320048880092459 -0.02277995365084684
13.850000000000001 1.9785666776993476 0.0 1.979103107201154 0.002361418489321662 -0.02143332230065249
13.875 1.9798721150250864 0.0 1.98039480552553 0.002296603480911986 -0.02012788497491368
13.9 1.9811339154450662 0.0 1.9815918883538288 0.0020213783966529005 -0.018866084554933802
13.925 1.9823500693767877 0.0 1.9826866772757947 0.0014915389309244004 -0.017649930623212396
13.950000000000001 1.9835189816356473 0.0 1.9837071261018395 0.0008336617864766992 -0.016481018364352725
13.975000000000001 1.9846394504960112 0.0 1.984705934764179 0.00028766637202671234 -0.015360549503988756
14.0 1.8857106450746974 0.0 1.8857184542913417 3.449981470028127e-05 -0.11428935492530264
14.025 1.8867320813882178 0.0 1.8867318839817782 -8.493123929720342e-07 -0.11326791861178222
14.05 1.8877035974223837 0.0 1.8877035703530907 -1.164692786870662e-07 -0.1122964025776163
14.075000000000001 1.8886253275369203 0.0 1.8886253210097845 -2.8105953414765007e-08 -0.1113746724630797
14.100000000000001 1.8894976765090432 0.0 1.8894976766271148 5.065573082156793e-10 -0.11050232349095669
14.125 1.8903212934989946 0.0 1.8903212940219432 2.268869163618257e-09 -0.1096787065010055
14.15 1.8910970461977892 0.0 1.8910970459909795 -9.099653719105384e-10 -0.10890295380221078
14.175 1.8918259953933545 0.0 1.8918259951998895 -8.18372074483168e-10 -0.10817400460664556
14.200000000000001 1.8925093701662785 0.0 1.8925093702256692 2.506694614278359e-10 -0.10749062983372154
14.225000000000001 1.8931485439009634 0.0 1.893148543995745 4.08707708934725e-10 -0.10685145609903648
14.25 1.8937450112724679 0.0 1.8937450112693204 -1.338301678252106e-11 -0.10625498872753206
14.275 1.8943003663440967 0.0 1.8943003663058735 -1.641117163641172e-10 -0.10569963365590322
14.3 1.8948162818861713 0.0 1.8948162818810539 -2.2297881340380248e-11 -0.10518371811382855
14.325000000000001 1.8952944900026671 0.0 1.8952944900165967 6.054095065170953e-11 -0.10470550999733295
14.350000000000001 1.8957367641297886 0.0 1.895736764133603 1.648131518537552e-11 -0.10426323587021141
14.375 1.8961449024492765 0.0 1.8961449024443569 -2.08900959776716e-11 -0.10385509755072363
14.4 1.8965207127394483 0.0 1.8965207127373818 -8.802958462995136e-12 -0.10347928726055175
14.425 1.8968659986688305 0.0 1.896865998670372 6.907907658008552e-12 -0.10313400133116947
14.450000000000001 1.8971825475207942 0.0 1.8971825475216877 4.003650229925689e-12 -0.10281745247920578
14.475000000000001 1.8974721193229502 0.0 1.8974721193224005 -2.1513162351914314e-12 -0.10252788067704983
14.5 1.8977364373421954 0.0 1.8977364373417456 -1.7878505544635431e-12 -0.10226356265780466
14.525 1.897977179895235 0.0 1.8979771798953275 6.011135050485774e-13 -0.10202282010476511
14.55 1.8981959734150982 0.0 1.8981959734152187 6.866219464930579e-13 -0.10180402658490173
14.575000000000001 1.8983943867065725 0.0 1.8983943867064863 -1.7815121585715227e-13 -0.1016056132934275
14.600000000000001 1.8985739263175105 0.0 1.8985739263173984 -3.0977317459126213e-13 -0.10142607368248939
14.625 1.8987360329485528 0.0 1.898736032948515 1.7280908282960993e-14 -0.1012639670514473
14.65 1.898882078820813 0.0 1.8988820788207943 9.336841540534824e-14 -0.1011179211791871
14.675 1.8990133659194237 0.0 1.899013365919378 -1.7445923632612058e-14 -0.10098663408057625
14.700000000000001 1.8991311250303682 0.0 1.8991311250303125 -5.3467847278608513e-14 -0.10086887496963186
14.725000000000001 1.8992365154886404 0.0 1.899236515488592 -1.58373437806061e-14 -0.10076348451135966
14.75 1.8993306255573332 0.0 1.8993306255572873 -4.091142419779241e-15 -0.10066937444266687
14.775 1.89941447335962 0.0 1.89941447335957 -2.3610309110001473e-14 -0.1005855266403798
14.8 1.899489008288663 0.0 1.8994890082886104 -3.3164133281590724e-14 -0.10051099171133689
14.825000000000001 1.899555112824102 0.0 1.899555112824051 -2.6318402187611544e-14 -0.10044488717589803
14.850000000000001 1.8996136046878682 0.0 1.8996136046878185 -2.3285025142589944e-14 -0.10038639531213173
14.875 1.899665239276481 0.0 1.8996652392764317 -2.5778884420994833e-14 -0.1003347607235189
14.9 1.8997107123116503 0.0 1.899710712311601 -2.292382518409488e-14 -0.10028928768834965
14.925 1.8997506626558214 0.0 1.8997506626557734 -1.6574936569645014e-14 -0.10024933734417857
14.950000000000001 1.8997856752441695 0.0 1.899785675244123 -1.3075172492023633e-14 -0.10021432475583057
14.975000000000001 1.899816284089415 0.0 1.899816284089368 -1.5369849408796923e-14 -0.10018371591058504
15.0 1.8998429753206207 0.0 1.899842975320574 -2.023743260255069e-14 -0.10015702467937916
15.025 1.899866190221785 0.0 1.8998661902217375 -2.29053793007558e-14 -0.1001338097782149
15.05 1.8998863282405225 0.0 1.8998863282404743 -2.053343127874889e-14 -0.10011367175947744
15.075000000000001 1.8999037499413887 0.0 1.8999037499413411 -2.042987416214726e-14 -0.10009625005861138
15.100000000000001 1.899918779882412 0.0 1.8999187798823656 -2.3276237649968493e-14 -0.10008122011758804
15.125 1.8999317093971482 0.0 1.8999317093971004 -2.6016930417052162e-14 -0.1000682906028518
15.15 1.8999427992680264 0.0 1.899942799267979 -2.9666054628399723e-14 -0.10005720073197348
15.175 1.899952282279928 0.0 1.8999522822798816 -3.110879943907812e-14 -0.10004771772007214
15.200000000000001 1.8999603656458026 0.0 1.8999603656457573 -3.2712985491915226e-14 -0.10003963435419748
15.225000000000001 1.8999672332987085 0.0 1.8999672332986632 -3.7077021666039886e-14 -0.1000327667012915
15.25 1.8999730480469355 0.0 1.8999730480468906 -3.878522573174232e-14 -0.10002695195306445
15.275 1.8999779535908818 0.0 1.899977953590837 -3.9583175516558916e-14 -0.10002204640911819
15.3 1.899982076402084 0.0 1.8999820764020403 -3.480148502274496e-14 -0.10001792359791604
15.325000000000001 1.8999855274662807 0.0 1.8999855274662378 -2.731523537110643e-14 -0.10001447253371928
15.350000000000001 1.8999884038936308 0.0 1.8999884038935884 -2.91819295541062e-14 -0.10001159610636913
15.375 1.899990790400227 0.0 1.8999907904001851 -2.8734642882872133e-14 -0.10000920959977308
15.4 1.8999927606658635 0.0 1.899992760665823 -2.6163617932942084e-14 -0.10000723933413638
15.425 1.8999943785736546 0.0 1.8999943785736129 -2.6690918571568497e-14 -0.10000562142634543
15.450000000000001 1.8999956993375589 0.0 1.899995699337517 -2.589132465211891e-14 -0.10000430066244125
15.475000000000001 1.899996770524201 0.0 1.8999967705241594 -2.673113458110082e-14 -0.10000322947579904
15.5 1.8999976329755623 0.0 1.8999976329755208 -2.977615991046054e-14 -0.10000236702443767
15.525 1.899998321639199 0.0 1.899998321639157 -3.135041804070981e-14 -0.10000167836080111
15.55 1.8999988663126302 0.0 1.899998866312588 -3.199947504866041e-14 -0.10000113368736986
15.575000000000001 1.899999292308444 0.0 1.899999292308402 -3.178887840174493e-14 -0.10000070769155588
15.600000000000001 1.899999621046503 0.0 1.8999996210464607 -3.1621512601405366e-14 -0.10000037895349696
15.625 1.899999870579416 0.0 1.8999998705793733 -3.4441328986619427e-14 -0.10000012942058381
15.65 1.9000000560571888 0.0 1.900000056057146 -3.4260452957615625e-14 -0.0999999439428111
15.675 1.9000001901366639 0.0 1.9000001901366206 -3.566368864529271e-14 -0.09999980986333612
15.700000000000001 1.9000002833410587 0.0 1.900000283341015 -3.769673870170304e-14 -0.09999971665894124
15.725000000000001 1.900000344374574 0.0 1.9000003443745292 -3.241694553723677e-14 -0.09999965562542593
15.75 1.9000003803967103 0.0 1.9000003803966647 -3.14848880873482e-14 -0.09999961960328978
15.775 1.9000003972605934 0.0 1.9000003972605475 -3.4591119800000986e-14 -0.09999960273940663
15.8 1.9000003997192758 0.0 1.9000003997192303 -3.448199083713672e-14 -0.09999960028072429
15.825000000000001 1.9000003916036474 0.0 1.9000003916036028 -3.116641566477389e-14 -0.09999960839635262
15.850000000000001 1.9000003759752808 0.0 1.9000003759752373 -2.8270947486769703e-14 -0.0999996240247192
15.875 1.900000355257224 0.0 1.9000003552571811 -2.495707634917203e-14 -0.09999964474277595
15.9 1.900000331345471 0.0 1.900000331345428 -1.727645526216697e-14 -0.09999966865452901
15.925 1.9000003057035644 0.0 1.9000003057035209 -1.7085450756013972e-14 -0.09999969429643553
15.950000000000001 1.900000279442533 0.0 1.9000002794424895 -2.3282104926243748e-14 -0.09999972055746688
15.975000000000001 1.9000002533881264 0.0 1.9000002533880838 -2.4240847617976983e-14 -0.09999974661187362
16.0 1.9000002281370927 0.0 1.9000002281370505 -2.6664845394006694e-14 -0.09999977186290727
16.025000000000002 1.9000002041040458 0.0 1.9000002041040036 -2.7333049620186498e-14 -0.09999979589595422
16.05 1.9000001815602787 0.0 1.9000001815602359 -2.725420903297783e-14 -0.09999981843972126
16.075 1.9000001606657209 0.0 1.900000160665679 -2.459160435606773e-14 -0.09999983933427906
16.1 1.9000001414950802 0.0 1.90000014149504 -2.233802935664084e-14 -0.09999985850491984
16.125 1.9000001240590774 0.0 1.9000001240590376 -2.3165006949303103e-14 -0.09999987594092265
16.150000000000002 1.9000001083215607 0.0 1.900000108321522 -2.4702905813908273e-14 -0.09999989167843919
16.175 1.9000000942131774 0.0 1.900000094213139 -2.917292056830474e-14 -0.09999990578682266
16.2 1.900000081642183 0.0 1.900000081642145 -2.8480979535849777e-14 -0.09999991835781716
16.225 1.9000000705028903 0.0 1.9000000705028524 -3.019995214079032e-14 -0.09999992949710966
16.25 1.9000000606821785 0.0 1.9000000606821406 -3.338054289885241e-14 -0.09999993931782145
16.275000000000002 1.90000005206442 0.0 1.9000000520643818 -3.1268971544518615e-14 -0.09999994793557995
16.3 1.9000000445351308 0.0 1.9000000445350929 -3.084469123840679e-14 -0.09999995546486913
16.325 1.9000000379835948 0.0 1.9000000379835569 -3.2193520948302774e-14 -0.09999996201640507
16.35 1.9000000323046742 0.0 1.9000000323046362 -3.283211297391984e-14 -0.09999996769532572
16.375 1.90000002739998 0.0 1.9000000273999416 -3.2447197566439354e-14 -0.09999997260002003
16.400000000000002 1.9000000231785477 0.0 1.900000023178509 -3.3953199749123036e-14 -0.09999997682145238
16.425 1.9000000195571352 0.0 1.9000000195570963 -3.528147815112182e-14 -0.09999998044286489
16.45 1.9000000164602382 0.0 1.9000000164601993 -3.986849356004081e-14 -0.09999998353976172
16.475 1.9000000138199011 0.0 1.9000000138198625 -4.2190704416681594e-14 -0.09999998618009887
16.5 1.900000011575382 0.0 1.9000000115753437 -4.100356846016116e-14 -0.09999998842461803
16.525000000000002 1.9000000096727236 0.0 1.9000000096726852 -4.3560796459932894e-14 -0.09999999032727626
16.55 1.900000008064266 0.0 1.9000000080642283 -4.596475907028338e-14 -0.09999999193573383
16.575 1.9000000067081286 0.0 1.9000000067080904 -4.846985887919445e-14 -0.09999999329187143
16.6 1.900000005567685 0.0 1.900000005567647 -5.0710822803980046e-14 -0.09999999443231511
16.625 1.9000000046110472 0.0 1.9000000046110093 -4.720489434091794e-14 -0.09999999538895284
16.650000000000002 1.9000000038105684 0.0 1.9000000038105302 -3.5259683781621194e-14 -0.09999999618943155
16.675 1.9000000031423732 0.0 1.9000000031423336 -2.474439134135362e-14 -0.09999999685762688
16.7 1.9000000025859194 0.0 1.9000000025858794 -2.2869953530534304e-14 -0.09999999741408067
16.725 1.900000002123596 0.0 1.900000002123557 -2.679435788174249e-14 -0.0999999978764038
16.75 1.9000000017403567 0.0 1.9000000017403178 -2.888404812441783e-14 -0.09999999825964327
16.775000000000002 1.9000000014233864 0.0 1.900000001423348 -2.7513674475742507e-14 -0.09999999857661358
16.8 1.9000000011618061 0.0 1.9000000011617675 -2.76433098921792e-14 -0.0999999988381939
16.825 1.9000000009464075 0.0 1.9000000009463685 -3.1834477495861535e-14 -0.09999999905359247
16.85 1.9000000007694196 0.0 1.9000000007693805 -3.599216268070631e-14 -0.09999999923058052
16.875 1.900000000624302 0.0 1.9000000006242632 -3.661327943039945e-14 -0.09999999937569788
16.900000000000002 1.900000000505567 0.0 1.9000000005055284 -3.937369163047329e-14 -0.09999999949443303
16.925 1.9000000004086204 0.0 1.9000000004085824 -4.592539023278475e-14 -0.09999999959137972
16.95 1.9000000003296273 0.0 1.9000000003295896 -4.8185157958020825e-14 -0.09999999967037276
16.975 1.9000000002653947 0.0 1.9000000002653568 -4.557157481495173e-14 -0.09999999973460524
17.0 1.9000000002132709 0.0 1.9000000002132318 -4.473609721259776e-14 -0.09999999978672922
17.025000000000002 1.900000000171058 0.0 1.9000000001710189 -4.368195356954523e-14 -0.09999999982894199
17.05 1.9000000001369404 0.0 1.9000000001369015 -4.4854242194142076e-14 -0.09999999986305966
17.075 1.9000000001094202 0.0 1.9000000001093817 -4.720445207579964e-14 -0.09999999989057974
17.1 1.9000000000872659 0.0 1.900000000087228 -4.7041169968055316e-14 -0.0999999999127341
17.125 1.9000000000694661 0.0 1.9000000000694284 -4.6922510965923663e-14 -0.09999999993053378
17.150000000000002 1.9000000000551933 0.0 1.9000000000551562 -4.166943717664745e-14 -0.09999999994480671
17.175 1.9000000000437707 0.0 1.900000000043734 -3.0773450005200633e-14 -0.0999999999562293
17.2 1.900000000034647 0.0 1.9000000000346091 -2.4446596310761615e-14 -0.09999999996535297
17.225 1.9000000000273738 0.0 1.900000000027335 -2.5228360640677412e-14 -0.09999999997262626
17.25 1.9000000000215869 0.0 1.900000000021548 -2.670627921865397e-14 -0.09999999997841322
17.275000000000002 1.9000000000169912 0.0 1.9000000000169524 -2.4914623252454547e-14 -0.0999999999830087
17.3 1.900000000013349 0.0 1.9000000000133104 -2.8822853710408014e-14 -0.09999999998665095
17.325 1.9000000000104678 0.0 1.9000000000104302 -3.194065226504316e-14 -0.09999999998953214
17.35 1.9000000000081931 0.0 1.900000000008156 -3.154080229013967e-14 -0.09999999999180692
17.375 1.9000000000064006 0.0 1.9000000000063642 -3.2046860774136574e-14 -0.09999999999359946
17.400000000000002 1.9000000000049908 0.0 1.9000000000049546 -3.127868434776188e-14 -0.09999999999500926
17.425 1.9000000000038841 0.0 1.9000000000038473 -3.1008222576088215e-14 -0.09999999999611592
17.45 1.900000000003017 0.0 1.9000000000029795 -3.054536512722565e-14 -0.09999999999698292
17.475 1.9000000000023392 0.0 1.9000000000023018 -3.357173864121755e-14 -0.09999999999766088
17.5 1.90000000000181 0.0 1.9000000000017727 -3.7911699517193393e-14 -0.09999999999818997
17.525000000000002 1.900000000001398 0.0 1.9000000000013606 -4.183849001023836e-14 -0.09999999999860208
17.55 1.9000000000010775 0.0 1.9000000000010404 -4.446016832657635e-14 -0.09999999999892246
17.575 1.900000000000829 0.0 1.9000000000007913 -4.49966731407764e-14 -0.09999999999917104
17.6 1.9000000000006365 0.0 1.9000000000005988 -4.7265611591673035e-14 -0.09999999999936351
17.625 1.9000000000004877 0.0 1.90000000000045 -5.086392595578773e-14 -0.09999999999951227
17.650000000000002 1.900000000000373 0.0 1.9000000000003356 -5.4668632451440315e-14 -0.09999999999962701
17.675 1.9000000000002846 0.0 1.900000000000248 -5.61608766156718e-14 -0.09999999999971533
17.7 1.9000000000002168 0.0 1.9000000000001802 -5.784787949623041e-14 -0.09999999999978318
17.725 1.900000000000165 0.0 1.9000000000001287 -5.591886773235143e-14 -0.09999999999983519
17.75 1.900000000000125 0.0 1.9000000000000883 -5.307068653881593e-14 -0.09999999999987498
17.775000000000002 1.9000000000000947 0.0 1.9000000000000585 -5.35047880261129e-14 -0.09999999999990537
17.8 1.9000000000000714 0.0 1.9000000000000359 -5.6101482903908916e-14 -0.09999999999992852
17.825 1.9000000000000539 0.0 1.9000000000000183 -5.6015613855292294e-14 -0.09999999999994613
17.85 1.9000000000000405 0.0 1.9000000000000052 -5.5114601437892697e-14 -0.09999999999995948
17.875 1.9000000000000303 0.0 1.899999999999996 -5.571579123638372e-14 -0.0999999999999696
17.900000000000002 1.9000000000000228 0.0 1.8999999999999875 -5.1886280384564896e-14 -0.09999999999997725
17.925 1.900000000000017 0.0 1.899999999999981 -4.8646414942240067e-14 -0.099999999999983
17.95 1.9000000000000126 0.0 1.8999999999999766 -4.73253274355558e-14 -0.09999999999998734
17.975 1.9000000000000095 0.0 1.8999999999999733 -4.9152458426696343e-14 -0.09999999999999058
18.0 1.900000000000007 0.0 1.899999999999971 -5.1755399440935974e-14 -0.09999999999999301
18.025000000000002 1.9000000000000052 0.0 1.899999999999969 -5.445134694666397e-14 -0.09999999999999483
18.05 1.900000000000004 0.0 1.8999999999999686 -5.533064308853871e-14 -0.09999999999999619
18.075 1.9000000000000028 0.0 1.8999999999999684 -5.120317210669722e-14 -0.0999999999999972
18.1 1.9000000000000021 0.0 1.8999999999999684 -4.67330337041717e-14 -0.09999999999999795
18.125 1.9000000000000015 0.0 1.8999999999999673 -4.828489569872552e-14 -0.09999999999999849
18.150000000000002 1.900000000000001 0.0 1.899999999999967 -5.098117643653183e-14 -0.09999999999999891
18.175 1.9000000000000008 0.0 1.8999999999999666 -5.1654755456163995e-14 -0.0999999999999992
18.2 1.9000000000000006 0.0 1.8999999999999664 -5.525770220959169e-14 -0.09999999999999942
18.225 1.9000000000000004 0.0 1.899999999999966 -5.773196040275397e-14 -0.09999999999999959
18.25 1.9000000000000004 0.0 1.899999999999966 -5.81217455077209e-14 -0.0999999999999997
18.275000000000002 1.9000000000000001 0.0 1.899999999999966 -5.946010234647768e-14 -0.09999999999999978
18.3 1.9000000000000001 0.0 1.8999999999999657 -5.902020714475903e-14 -0.09999999999999985
18.325 1.9000000000000001 0.0 1.8999999999999657 -5.808739186186055e-14 -0.0999999999999999
18.35 1.9000000000000001 0.0 1.8999999999999657 -5.734902497155041e-14 -0.09999999999999992
18.375 1.9000000000000001 0.0 1.8999999999999666 -5.606573799534091e-14 -0.09999999999999995
18.400000000000002 1.9000000000000001 0.0 1.8999999999999666 -5.648572703248638e-14 -0.09999999999999996
18.425 1.9 0.0 1.8999999999999666 -5.857349243481513e-14 -0.09999999999999998
18.45 1.9 0.0 1.8999999999999666 -6.272544424325676e-14 -0.09999999999999999
18.475 1.9 0.0 1.899999999999967 -6.350768303430461e-14 -0.09999999999999999
18.5 1.9 0.0 1.8999999999999666 -6.238595909447053e-14 -0.09999999999999999
18.525000000000002 1.9 0.0 1.899999999999967 -6.153510791278776e-14 -0.1
18.55 1.9 0.0 1.899999999999967 -6.466940247310971e-14 -0.1
18.575 1.9 0.0 1.8999999999999668 -6.507463231595951e-14 -0.1
18.6 1.9 0.0 1.8999999999999666 -5.5555345423299055e-14 -0.1
18.625 1.9 0.0 1.8999999999999662 -4.506884570805825e-14 -0.1
18.650000000000002 1.9 0.0 1.8999999999999662 -4.6148259351003144e-14 -0.1
18.675 1.9 0.0 1.8999999999999666 -4.777836849483209e-14 -0.1
18.7 1.9 0.0 1.8999999999999662 -4.793717932664159e-14 -0.1
18.725 1.9 0.0 1.8999999999999666 -5.026519579429657e-14 -0.1
18.75 1.9 0.0 1.8999999999999666 -4.9246607548161965e-14 -0.1
18.775000000000002 1.9 0.0 1.8999999999999666 -5.111189032141251e-14 -0.1
18.8 1.9 0.0 1.8999999999999666 -5.097198031348411e-14 -0.1
18.825 1.9 0.0 1.8999999999999666 -5.250447312337001e-14 -0.1
18.85 1.9 0.0 1.8999999999999666 -5.501572139225402e-14 -0.1
18.875 1.9 0.0 1.8999999999999666 -5.681626430759969e-14 -0.1
18.900000000000002 1.9 0.0 1.8999999999999655 -5.4288876549676854e-14 -0.1
18.925 1.9 0.0 1.8999999999999644 -4.8572477753185514e-14 -0.1
18.95 1.9 0.0 1.8999999999999644 -5.0240149952643576e-14 -0.1
18.975 1.9 0.0 1.8999999999999648 -5.6725775793171776e-14 -0.1
19.0 1.9 0.0 1.8999999999999657 -6.084446816205061e-14 -0.1
19.025000000000002 1.9 0.0 1.8999999999999668 -6.071282917710113e-14 -0.1
19.05 1.9 0.0 1.8999999999999668 -5.460477605553572e-14 -0.1
19.075 1.9 0.0 1.8999999999999662 -4.7906535201039605e-14 -0.1
19.1 1.9 0.0 1.8999999999999666 -4.73081307990071e-14 -0.1
19.125 1.9 0.0 1.8999999999999682 -5.19936153675785e-14 -0.1
19.150000000000002 1.9 0.0 1.8999999999999693 -5.425117515147676e-14 -0.1
19.175 1.9 0.0 1.8999999999999693 -5.443538698719985e-14 -0.1
19.200000000000003 1.9 0.0 1.8999999999999688 -5.332594559623366e-14 -0.1
19.225 1.9 0.0 1.8999999999999684 -5.0808627915047576e-14 -0.1
19.25 1.9 0.0 1.8999999999999682 -5.17675375316256e-14 -0.1
19.275000000000002 1.9 0.0 1.8999999999999684 -5.80842270277193e-14 -0.1
19.3 1.9 0.0 1.899999999999969 -6.109504976904584e-14 -0.1
19.325000000000003 1.9 0.0 1.8999999999999684 -6.319753886341443e-14 -0.1
19.35 1.9 0.0 1.8999999999999675 -6.758273047768832e-14 -0.1
19.375 1.9 0.0 1.899999999999968 -6.737155201406481e-14 -0.1
19.400000000000002 1.9 0.0 1.8999999999999684 -6.368417161766567e-14 -0.1
19.425 1.9 0.0 1.899999999999968 -6.192990079235642e-14 -0.1
19.450000000000003 1.9 0.0 1.8999999999999675 -6.158685482053057e-14 -0.1
19.475 1.9 0.0 1.899999999999968 -5.801043242629311e-14 -0.1
19.5 1.9 0.0 1.8999999999999688 -5.308476598509087e-14 -0.1
19.525000000000002 1.9 0.0 1.8999999999999693 -5.143489108330739e-14 -0.1
19.55 1.9 0.0 1.8999999999999693 -5.308378463401665e-14 -0.1
19.575000000000003 1.9 0.0 1.8999999999999686 -5.4848166437350926e-14 -0.1
19.6 1.9 0.0 1.8999999999999693 -5.4588426879699554e-14 -0.1
19.625 1.9 0.0 1.8999999999999693 -5.4142807809487986e-14 -0.1
19.650000000000002 1.9 0.0 1.8999999999999693 -5.5689322863326935e-14 -0.1
19.675 1.9 0.0 1.8999999999999693 -5.747595278057455e-14 -0.1
19.700000000000003 1.9 0.0 1.8999999999999702 -5.525433571729184e-14 -0.1
19.725 1.9 0.0 1.8999999999999706 -5.328451302697195e-14 -0.1
19.75 1.9 0.0 1.899999999999971 -5.378519837426937e-14 -0.1
19.775000000000002 1.9 0.0 1.8999999999999706 -5.3894415898135443e-14 -0.1
19.8 1.9 0.0 1.8999999999999708 -5.580014636623223e-14 -0.1
19.825000000000003 1.9 0.0 1.8999999999999708 -5.721955752216332e-14 -0.1
19.85 1.9 0.0 1.8999999999999708 -5.935125064447481e-14 -0.1
19.875 1.9 0.0 1.899999999999971 -6.145883302202207e-14 -0.1
19.900000000000002 1.9 0.0 1.899999999999971 -6.541516551713152e-14 -0.1
19.925 1.9 0.0 1.8999999999999713 -6.672329932421061e-14 -0.1
19.950000000000003 1.9 0.0 1.899999999999971 -6.579528648212017e-14 -0.1
19.975 1.9 0.0 1.8999999999999713 -6.442059538638275e-14 -0.1
20.0 1.9 0.0 1.899999999999971 -6.763967874252791e-14 -0.1
20.025000000000002 1.9 0.0 1.8999999999999715 -6.853802368651946e-14 -0.1
20.05 1.9 0.0 1.8999999999999702 -7.219885858250093e-14 -0.1
20.075000000000003 1.9 0.0 1.8999999999999697 -7.922523954640695e-14 -0.1
20.1 1.9 0.0 1.8999999999999697 -7.944532833869925e-14 -0.1
20.125 1.9 0.0 1.8999999999999697 -7.979463136943453e-14 -0.1
20.150000000000002 1.9 0.0 1.8999999999999688 -8.194268364635743e-14 -0.1
20.175 1.9 0.0 1.8999999999999686 -8.353898610904269e-14 -0.1
20.200000000000003 1.9 0.0 1.8999999999999693 -8.367631684298191e-14 -0.1
20.225 1.9 0.0 1.899999999999969 -8.306241424818957e-14 -0.1
20.25 1.9 0.0 1.8999999999999686 -8.066422324528639e-14 -0.1
20.275000000000002 1.9 0.0 1.899999999999968 -8.338278836538737e-14 -0.1
20.3 1.9 0.0 1.899999999999968 -8.522197902702471e-14 -0.1
20.325000000000003 1.9 0.0 1.8999999999999693 -8.089102791144592e-14 -0.1
20.35 1.9 0.0 1.8999999999999715 -7.187206625014033e-14 -0.1
20.375 1.9 0.0 1.8999999999999733 -6.281607313752623e-14 -0.1
20.400000000000002 1.9 0.0 1.8999999999999733 -6.075714732990034e-14 -0.1
20.425 1.9 0.0 1.8999999999999733 -6.280513018878644e-14 -0.1
20.450000000000003 1.9 0.0 1.8999999999999733 -6.377401054259979e-14 -0.1
20.475 1.9 0.0 1.8999999999999733 -6.486641601208031e-14 -0.1
20.5 1.9 0.0 1.8999999999999733 -6.556507408712092e-14 -0.1
20.525000000000002 1.9 0.0 1.8999999999999733 -6.636323825406253e-14 -0.1
20.55 1.9 0.0 1.8999999999999733 -6.759922920723102e-14 -0.1
20.575000000000003 1.9 0.0 1.8999999999999733 -6.942797247717501e-14 -0.1
20.6 1.9 0.0 1.8999999999999733 -7.178777276287468e-14 -0.1
20.625 1.9 0.0 1.8999999999999733 -7.353732279617988e-14 -0.1
20.650000000000002 1.9 0.0 1.8999999999999733 -7.41517356089384e-14 -0.1
20.675 1.9 0.0 1.899999999999973 -7.428360216269468e-14 -0.1
20.700000000000003 1.9 0.0 1.8999999999999726 -7.346419893900048e-14 -0.1
20.725 1.9 0.0 1.8999999999999726 -7.360882915186822e-14 -0.1
20.75 1.9 0.0 1.8999999999999724 -7.377154053852107e-14 -0.1
20.775000000000002 1.9 0.0 1.8999999999999724 -7.236253033062609e-14 -0.1
20.8 1.9 0.0 1.899999999999972 -7.264262228845435e-14 -0.1
20.825000000000003 1.9 0.0 1.899999999999972 -7.418118926545366e-14 -0.1
20.85 1.9 0.0 1.899999999999972 -7.603808121418883e-14 -0.1
20.875 1.9 0.0 1.8999999999999715 -7.817964277556484e-14 -0.1
20.900000000000002 1.9 0.0 1.8999999999999713 -8.03266324434528e-14 -0.1
20.925 1.9 0.0 1.8999999999999713 -8.001420647397552e-14 -0.1
20.950000000000003 1.9 0.0 1.899999999999971 -8.268908436259412e-14 -0.1
20.975 1.9 0.0 1.8999999999999715 -8.549734285064242e-14 -0.1
21.0 1.9 0.0 1.899999999999971 -8.688159074884004e-14 -0.1
21.025000000000002 1.9 0.0 1.899999999999971 -9.104484707123591e-14 -0.1
21.05 1.9 0.0 1.8999999999999706 -9.31883831694451e-14 -0.1
21.075000000000003 1.9 0.0 1.8999999999999708 -9.443178019215568e-14 -0.1
21.1 1.9 0.0 1.8999999999999708 -9.587923581098644e-14 -0.1
21.125 1.9 0.0 1.8999999999999706 -9.649685483429196e-14 -0.1
21.150000000000002 1.9 0.0 1.8999999999999706 -9.749697559927166e-14 -0.1
21.175 1.9 0.0 1.8999999999999715 -9.654205012507013e-14 -0.1
21.200000000000003 1.9 0.0 1.8999999999999735 -8.89696095237097e-14 -0.1
21.225 1.9 0.0 1.8999999999999746 -8.420160623668074e-14 -0.1
21.25 1.9 0.0 1.8999999999999746 -8.52101761419444e-14 -0.1
21.275000000000002 1.9 0.0 1.8999999999999746 -8.527454879739007e-14 -0.1
21.3 1.9 0.0 1.899999999999974 -8.373860646900649e-14 -0.1
21.325000000000003 1.9 0.0 1.899999999999974 -8.345402719093284e-14 -0.1
21.35 1.9 0.0 1.8999999999999737 -8.497824721262422e-14 -0.1
21.375 1.9 0.0 1.8999999999999737 -8.679723377358581e-14 -0.1
21.400000000000002 1.9 0.0 1.8999999999999737 -8.588616205552556e-14 -0.1
21.425 1.9 0.0 1.8999999999999733 -8.654998089574155e-14 -0.1
21.450000000000003 1.9 0.0 1.8999999999999733 -8.885008183381635e-14 -0.1
21.475 1.9 0.0 1.8999999999999733 -9.013293622335222e-14 -0.1
21.5 1.9 0.0 1.8999999999999737 -8.979372456689374e-14 -0.1
21.525000000000002 1.9 0.0 1.899999999999974 -8.831194741089727e-14 -0.1
21.55 1.9 0.0 1.899999999999974 -8.89610604174995e-14 -0.1
21.575000000000003 1.9 0.0 1.8999999999999737 -8.780555168111521e-14 -0.1
21.6 1.9 0.0 1.8999999999999748 -8.267168782776439e-14 -0.1
21.625 1.9 0.0 1.899999999999976 -7.737466289208628e-14 -0.1
21.650000000000002 1.9 0.0 1.8999999999999753 -7.63979153887306e-14 -0.1
21.675 1.9 0.0 1.8999999999999753 -7.628350512136328e-14 -0.1
21.700000000000003 1.9 0.0 1.899999999999975 -7.938632166953937e-14 -0.1
21.725 1.9 0.0 1.899999999999975 -8.193022706250199e-14 -0.1
21.75 1.9 0.0 1.899999999999975 -8.240363062418423e-14 -0.1
21.775000000000002 1.9 0.0 1.899999999999975 -8.403665873162866e-14 -0.1
21.8 1.9 0.0 1.899999999999975 -8.554739153388183e-14 -0.1
21.825000000000003 1.9 0.0 1.8999999999999746 -8.938656442342032e-14 -0.1
21.85 1.9 0.0 1.8999999999999746 -9.05680838373028e-14 -0.1
21.875 1.9 0.0 1.8999999999999755 -8.734919253719665e-14 -0.1
21.900000000000002 1.9 0.0 1.8999999999999762 -8.489332809773093e-14 -0.1
21.925 1.9 0.0 1.899999999999978 -7.957696790608874e-14 -0.1
21.950000000000003 1.9 0.0 1.8999999999999797 -7.315154255945479e-14 -0.1
21.975 1.9 0.0 1.8999999999999804 -7.218278152313986e-14 -0.1
22.0 1.9 0.0 1.89999999999998 -7.420343341163696e-14 -0.1
22.025000000000002 1.9 0.0 1.89999999999998 -7.540643556138178e-14 -0.1
22.05 1.9 0.0 1.89999999999998 -7.53238875564484e-14 -0.1
22.075000000000003 1.9 0.0 1.89999999999998 -7.453251052587192e-14 -0.1
22.1 1.9 0.0 1.89999999999998 -7.51525129919251e-14 -0.1
22.125 1.9 0.0 1.89999999999998 -7.584287122492757e-14 -0.1
22.150000000000002 1.9 0.0 1.8999999999999797 -7.663237887347276e-14 -0.1
22.175 1.9 0.0 1.8999999999999793 -7.763589987535452e-14 -0.1
22.200000000000003 1.9 0.0 1.899999999999979 -7.79184880552986e-14 -0.1
22.225 1.9 0.0 1.8999999999999793 -7.82616112726718e-14 -0.1
22.25 1.9 0.0 1.8999999999999808 -7.492257609111711e-14 -0.1
22.275000000000002 1.9 0.0 1.8999999999999821 -6.838241435745266e-14 -0.1
22.3 1.9 0.0 1.8999999999999833 -6.263679660976484e-14 -0.1
22.325000000000003 1.9 0.0 1.8999999999999844 -5.83830305035075e-14 -0.1
22.35 1.9 0.0 1.8999999999999846 -5.707378012922345e-14 -0.1
22.375 1.9 0.0 1.899999999999985 -5.776357578243371e-14 -0.1
22.400000000000002 1.9 0.0 1.8999999999999861 -5.4135978673855526e-14 -0.1
22.425 1.9 0.0 1.8999999999999875 -4.699782090174385e-14 -0.1
22.450000000000003 1.9 0.0 1.8999999999999888 -4.0271521901455185e-14 -0.1
22.475 1.9 0.0 1.8999999999999901 -3.4749901888310065e-14 -0.1
22.5 1.9 0.0 1.8999999999999921 -3.041983287906854e-14 -0.1
22.525000000000002 1.9 0.0 1.8999999999999937 -2.3095672396108354e-14 -0.1
22.55 1.9 0.0 1.899999999999996 -1.4529074833078905e-14 -0.1
22.575000000000003 1.9 0.0 1.8999999999999977 -7.392095563082111e-15 -0.1
22.6 1.9 0.0 1.8999999999999986 -3.7592247035309315e-15 -0.1
22.625 1.9 0.0 1.8999999999999986 -4.2238725942823914e-15 -0.1
22.650000000000002 1.9 0.0 1.8999999999999986 -4.0658296723158685e-15 -0.1
22.675 1.9 0.0 1.8999999999999986 -4.094493090096568e-15 -0.1
22.700000000000003 1.9 0.0 1.8999999999999986 -4.1704430018385944e-15 -0.1
22.725 1.9 0.0 1.8999999999999986 -4.1147818980501345e-15 -0.1
22.75 1.9 0.0 1.8999999999999986 -4.064295890811389e-15 -0.1
22.775000000000002 1.9 0.0 1.8999999999999986 -4.111048904779153e-15 -0.1
22.8 1.9 0.0 1.8999999999999986 -4.163935476359187e-15 -0.1
22.825000000000003 1.9 0.0 1.8999999999999986 -4.11663093984574e-15 -0.1
22.85 1.9 0.0 1.8999999999999986 -4.062715716761791e-15 -0.1
22.875 1.9 0.0 1.8999999999999986 -4.110783122521806e-15 -0.1
22.900000000000002 1.9 0.0 1.8999999999999986 -4.16555890796231e-15 -0.1
22.925 1.9 0.0 1.8999999999999986 -4.116784602420221e-15 -0.1
22.950000000000003 1.9 0.0 1.8999999999999986 -4.0611178754353995e-15 -0.1
22.975 1.9 0.0 1.8999999999999986 -4.1106133518145546e-15 -0.1
23.0 1.9 0.0 1.8999999999999986 -4.167185405341829e-15 -0.1
23.025000000000002 1.9 0.0 1.8999999999999986 -4.116958251921915e-15 -0.1
23.05 1.9 0.0 1.8999999999999986 -4.059466553800896e-15 -0.1
23.075000000000003 1.9 0.0 1.8999999999999986 -4.1104360700460865e-15 -0.1
23.1 1.9 0.0 1.8999999999999986 -4.1688624367404985e-15 -0.1
23.125 1.9 0.0 1.8999999999999986 -4.1171398112273395e-15 -0.1
23.150000000000002 1.9 0.0 1.8999999999999986 -4.057764325168365e-15 -0.1
23.175 1.9 0.0 1.8999999999999986 -4.110251574691504e-15 -0.1
23.200000000000003 1.9 0.0 1.8999999999999986 -4.170592285466292e-15 -0.1
23.225 1.9 0.0 1.8999999999999986 -4.117330595855358e-15 -0.1
23.25 1.9 0.0 1.8999999999999986 -4.056004258068856e-15 -0.1
23.275000000000002 1.9 0.0 1.8999999999999986 -4.110048997808162e-15 -0.1
23.3 1.9 0.0 1.8999999999999986 -4.172440345251189e-15 -0.1
23.325000000000003 1.9 0.0 1.8999999999999986 -4.11714960255345e-15 -0.1
23.35 1.9 0.0 1.8999999999999986 -4.056121423915143e-15 -0.1
23.375 1.9 0.0 1.8999999999999986 -4.1022703075313e-15 -0.1
23.400000000000002 1.9 0.0 1.8999999999999986 -4.203772891426756e-15 -0.1
23.425 1.9 0.0 1.8999999999999986 -4.020595154943082e-15 -0.1
23.450000000000003 1.9 0.0 1.8999999999999986 -4.3452767448079495e-15 -0.1
23.475 1.9 0.0 1.8999999999999986 -3.2738997480951785e-15 -0.1
23.5 1.9 0.0 1.8999999999999992 -2.0401050477097802e-15 -0.1
23.525000000000002 1.9 0.0 1.899999999999999 -2.292997874534868e-15 -0.1
23.55 1.9 0.0 1.8999999999999992 -2.1405812615711044e-15 -0.1
23.575000000000003 1.9 0.0 1.8999999999999992 -2.20771696115133e-15 -0.1
23.6 1.9 0.0 1.8999999999999992 -2.28184242612287e-15 -0.1
23.625 1.9 0.0 1.899999999999999 -2.218821456756386e-15 -0.1
23.650000000000002 1.9 0.0 1.8999999999999992 -2.149852026921353e-15 -0.1
23.675 1.9 0.0 1.8999999999999992 -2.2105692173942276e-15 -0.1
23.700000000000003 1.9 0.0 1.8999999999999992 -2.2814110347137764e-15 -0.1
23.725 1.9 0.0 1.899999999999999 -2.219772760630364e-15 -0.1
23.75 1.9 0.0 1.8999999999999992 -2.1477133701812776e-15 -0.1
23.775000000000002 1.9 0.0 1.8999999999999992 -2.21030075753164e-15 -0.1
23.8 1.9 0.0 1.8999999999999992 -2.2835177329852643e-15 -0.1
23.825000000000003 1.9 0.0 1.899999999999999 -2.2200069946802495e-15 -0.1
23.85 1.9 0.0 1.8999999999999992 -2.1456067884820706e-15 -0.1
23.875 1.9 0.0 1.8999999999999992 -2.2100433110170083e-15 -0.1
23.900000000000002 1.9 0.0 1.8999999999999992 -2.2856708700903606e-15 -0.1
23.925 1.9 0.0 1.899999999999999 -2.2202566684153963e-15 -0.1
23.950000000000003 1.9 0.0 1.8999999999999992 -2.1434306484233827e-15 -0.1
23.975 1.9 0.0 1.8999999999999992 -2.2097931277970832e-15 -0.1
24.0 1.9 0.0 1.8999999999999992 -2.2878334686443434e-15 -0.1
24.025000000000002 1.9 0.0 1.899999999999999 -2.220650953455816e-15 -0.1
24.05 1.9 0.0 1.8999999999999992 -2.140926795263028e-15 -0.1
24.075000000000003 1.9 0.0 1.8999999999999992 -2.209977605153511e-15 -0.1
24.1 1.9 0.0 1.8999999999999992 -2.2893972964986387e-15 -0.1
24.125 1.9 0.0 1.899999999999999 -2.221896592028798e-15 -0.1
24.150000000000002 1.9 0.0 1.8999999999999992 -2.1376270001524483e-15 -0.1
24.175 1.9 0.0 1.8999999999999992 -2.2099963469095115e-15 -0.1
24.200000000000003 1.9 0.0 1.8999999999999992 -2.2936895310028904e-15 -0.1
24.225 1.9 0.0 1.899999999999999 -2.214960220493898e-15 -0.1
24.25 1.9 0.0 1.8999999999999992 -2.15291293148584e-15 -0.1
24.275000000000002 1.9 0.0 1.8999999999999992 -2.1738494814133904e-15 -0.1
24.3 1.9 0.0 1.8999999999999992 -2.360219952845461e-15 -0.1
24.325000000000003 1.9 0.0 1.899999999999999 -2.113182925204484e-15 -0.1
24.35 1.9 0.0 1.8999999999999992 -2.2964892977253074e-15 -0.1
24.375 1.9 0.0 1.8999999999999992 -1.9930315730780537e-15 -0.1
24.400000000000002 1.9 0.0 1.8999999999999992 -2.5442985617187325e-15 -0.1
24.425 1.9 0.0 1.8999999999999992 -1.9381107431981507e-15 -0.1
24.450000000000003 1.9 0.0 1.8999999999999995 -7.506124971935352e-16 -0.1
24.475 1.9 0.0 1.9 -6.179913803845977e-16 -0.1
24.5 1.9 0.0 1.9 1.57663184379894e-16 -0.1
24.525000000000002 1.9 0.0 1.9 -3.825934198294392e-17 -0.1
24.55 1.9 0.0 1.9 5.338721200500212e-18 -0.1
24.575000000000003 1.9 0.0 1.9 8.749558763509144e-19 -0.1
24.6 1.9 0.0 1.9 -7.44295258878512e-19 -0.1
24.625 1.9 0.0 1.9 2.01241502527147e-19 -0.1
24.650000000000002 1.9 0.0 1.9 -2.704951231645581e-20 -0.1
24.675 1.9 0.0 1.9 -1.0516056362766137e-21 -0.1
24.700000000000003 1.9 0.0 1.9 2.2881460495123226e-21 -0.1
24.725 1.9 0.0 1.9 -7.65951745080207e-22 -0.1
24.75 1.9 0.0 1.9 7.117644310766193e-23 -0.1
24.775000000000002 1.9 0.0 1.9 5.048937940323817e-23 -0.1
24.8 1.9 0.0 1.9 -2.4854667008571738e-23 -0.1
24.825000000000003 1.9 0.0 1.9 1.7621347901016065e-24 -0.1
24.85 1.9 0.0 1.9 3.5272755002545506e-24 -0.1
24.875 1.9 0.0 1.9 -2.1527059313702376e-24 -0.1
24.900000000000002 1.9 0.0 1.9 5.5224763280077635e-25 -0.1
24.925 1.9 0.0 1.9 9.480943572906045e-26 -0.1
24.950000000000003 1.9 0.0 1.9 -9.480943572906045e-26 -0.1
24.975 1.9 0.0 1.9 -5.5224763280077635e-25 -0.1
