0.0 2.0 0.0 1.999999951368911 -1.1580917630501464e-07 -1.2485577391691675e-70
0.25 2.0 0.0 1.999999951368911 1.1580917630501464e-07 -2.850203213424424e-67
0.5 2.0 0.0 1.9999999499805827 2.3293219569709597e-07 -2.1109980944259782e-64
0.75 2.0 0.0 2.000000031870663 -1.0899278676397413e-07 -1.0864518245663961e-61
1.0 2.0 0.0 2.000000384478363 -1.5263590341873033e-06 -4.36567780080435e-59
1.25 2.0 0.0 2.000001352797061 -5.61213394862082e-06 -1.4244864646060943e-56
1.5 2.0 0.0 2.000003589320807 -1.5557561284629225e-05 -3.833786490499683e-54
1.75 2.0 0.0 2.0000086347286667 -3.804243322789895e-05 -8.548289091174405e-52
2.0 2.0 0.0 2.0000196975939213 -8.714888510430376e-05 -1.5726437566102247e-49
2.25 2.0 0.0 2.000042783611467 -0.00018947531275094896 -2.351308388844086e-47
2.5 2.0 0.0 2.0000881201408864 -0.00039035049001742266 -2.7506291988257142e-45
2.75 2.0 0.0 2.000171585514994 -0.0007601445465744447 -2.2523830569655327e-43
3.0 2.0 0.0 2.0002895034767247 -0.0012792627427117209 -6.518129048276597e-42
3.25 2.0 0.0 2.000377098181965 -0.0016928100513469977 1.637631564719423e-39
3.5 2.0 0.0 2.000437726740665 -0.0018869433017358606 3.7190631002266737e-37
3.75 2.0 0.0 2.000450045075436 -0.0020507793599466684 4.767397604445987e-35
4.0 2.0 0.0 2.0004677690220443 -0.0020552718786112957 4.547325892745335e-33
4.25 2.0 0.0 2.000469116879744 -0.0020695042632641533 3.4602839938301873e-31
4.5 2.0 0.0 2.000459972117017 -0.002035458006952674 2.1566080528120858e-29
4.75 2.0 0.0 2.0004232103920527 -0.0018811305665728808 1.111987969600823e-27
5.0 2.0 0.0 2.0003406754177577 -0.0015138784704308923 4.7468193800184217e-26
5.25 2.0 0.0 2.000217045939363 -0.0009614272117285281 1.6638083285143045e-24
5.5 2.0 0.0 2.000122801416929 -0.0005154383912422474 4.6815685166807494e-23
5.75 2.0 0.0 2.0000542801389605 -0.00030229664891900834 9.976476910669732e-22
6.0 2.0 0.0 2.0000362500894875 -0.00010344213275934077 1.3091921451978668e-20
6.25 2.0 0.0 2.0000108671922456 -6.039553961771445e-05 -4.8921798420998234e-20
6.5 2.0 0.0 2.00000220483928 -3.032581207227124e-05 -8.808736703694343e-18
6.75 1.9999999999999998 0.0 2.000004094307423 -5.1469501761263575e-06 -3.023468242913689e-16
7.0 1.9999999999999931 0.0 2.0000016570280166 2.3832004211719842e-07 -6.988407961666439e-15
7.25 1.999999999999875 0.0 1.999999118092677 -4.789678074489316e-06 -1.250209723893004e-13
7.5 2.00099999999819 0.0 1.9999988188113833 1.5828399024016918e-06 -1.8100340773142959e-12
7.75 2.000999999978413 0.0 1.999999671655133 6.832717342381812e-06 -2.1586786279083474e-11
8.0 2.000999999786729 0.0 1.9999995823715717 3.998687718366577e-06 -2.1327078847736331e-10
8.25 2.000999998259643 0.0 1.999998504718671 3.7699539232285872e-06 -1.7403567350686184e-09
8.5 2.000999988424618 0.0 1.9999974273022516 6.665107841276983e-06 -1.157538197381337e-08
8.75 2.0009999393178215 0.0 1.999997822397579 1.19320128956329e-05 -6.068217856011783e-08
9.0 2.000999771862907 0.0 1.9999979851230292 9.803961255348219e-06 -2.2813709273067303e-07
9.25 2.0009996196032898 0.0 1.999997290696956 8.5142578856608e-06 -3.803967102260639e-07
9.5 2.0010023670244377 0.0 1.9999991698450579 1.2315582410757139e-05 2.3670244376693356e-06
9.75 2.0000269519530645 0.0 2.0000238254762444 1.7864917520480122e-05 2.695195306443837e-05
10.0 2.000157024679379 0.0 2.0001566452743464 1.0769493134089629e-05 0.00015702467937915227
10.25 2.000669374442667 0.0 2.000672216034701 1.0482779225090529e-05 0.0006693744426668637
10.5 2.0022635626578045 0.0 2.0022657850232064 3.079092157755828e-05 0.002263562657804649
10.75 2.006254988727532 0.0 2.00626697316514 5.55607651784594e-05 0.006254988727532051
11.0 2.0142893549253027 0.0 2.0143277475634624 9.362870360221545e-05 0.014289354925302632
11.25 2.0270357568521313 0.0 2.027093149417275 0.0002852134173819981 0.027035756852131283
11.5 2.0420735492403947 0.0 2.042199439653937 0.0004887771140224591 0.04207354924039483
11.75 2.052787138212377 0.0 2.0530044716819416 0.0009262100399025163 0.05278713821237704
12.0 2.050747193659482 0.0 2.0510861737779065 0.0014771487693352667 0.050747193659481916
12.25 2.031588407111769 0.0 2.032011761083698 0.001856833113614747 0.03158840711176899
12.5 2.0 0.0 2.000461708478128 0.0020206708664572584 -0.0
12.75 1.968411592888231 0.0 1.9688834970976683 0.002059286037309419 -0.03158840711176899
13.0 1.9492528063405181 0.0 1.9497234755358703 0.002046320819422967 -0.050747193659481916
13.25 1.947212861787623 0.0 1.9476660312570084 0.0020407369927146683 -0.05278713821237704
13.5 1.9579264507596053 0.0 1.9583684800460026 0.0018729122755995417 -0.04207354924039483
13.75 1.9729642431478687 0.0 1.9733464897988815 0.001672577358184351 -0.027035756852131283
14.0 1.8857106450746974 0.0 1.8860026396553833 0.0012566586818869151 -0.11428935492530264
14.25 1.8937450112724679 0.0 1.8939144641963166 0.0007309527899979928 -0.10625498872753206
14.5 1.8977364373421954 0.0 1.897821901720926 0.00036886102810276225 -0.10226356265780466
14.75 1.8993306255573332 0.0 1.8993713303639552 0.00017567710350954957 -0.10066937444266687
15.0 1.8998429753206207 0.0 1.8998613426259712 7.918554553124272e-05 -0.10015702467937916
15.25 1.8999730480469355 0.0 1.8999809325305017 3.382002582514336e-05 -0.10002695195306445
15.5 1.8999976329755623 0.0 1.900000834134329 1.3458543117687997e-05 -0.10000236702443767
15.75 1.9000003803967103 0.0 1.9000015397413743 4.6445183576748275e-06 -0.09999961960328978
16.0 1.9000002281370927 0.0 1.9000005232232846 1.15455407197838e-06 -0.09999977186290727
16.25 1.9000000606821785 0.0 1.900000061302669 9.774992698023339e-10 -0.09999993931782145
16.5 1.900000011575382 0.0 1.8999999578756745 -2.317870146190256e-07 -0.09999998842461803
16.75 1.9000000017403567 0.0 1.8999999697105538 -1.382911174682884e-07 -0.09999999825964327
17.0 1.9000000002132709 0.0 1.8999999928829276 -3.164370644571079e-08 -0.09999999978672922
17.25 1.9000000000215869 0.0 1.9000000023674093 1.0128559927632522e-08 -0.09999999997841322
17.5 1.90000000000181 0.0 1.9000000026793888 1.156107650813173e-08 -0.09999999999818997
17.75 1.900000000000125 0.0 1.900000000950653 4.1041293991942845e-09 -0.09999999999987498
18.0 1.900000000000007 0.0 1.899999999991755 -3.562259888842239e-11 -0.09999999999999301
18.25 1.9000000000000004 0.0 1.8999999998287203 -7.395316483408142e-10 -0.0999999999999997
18.5 1.9 0.0 1.8999999999205137 -3.431940882422581e-10 -0.09999999999999999
18.75 1.9 0.0 1.8999999999919757 -3.4641406458708724e-11 -0.1
19.0 1.9 0.0 1.9000000000092494 3.9944439579268434e-11 -0.1
19.25 1.9 0.0 1.900000000005264 2.2733874213450938e-11 -0.1
19.5 1.9 0.0 1.9000000000008015 3.4651262060817255e-12 -0.1
19.75 1.9 0.0 1.8999999999995423 -1.9720922535194645e-12 -0.1
20.0 1.9 0.0 1.8999999999996993 -1.2954005767326597e-12 -0.1
20.25 1.9 0.0 1.8999999999999462 -2.2555221570453573e-13 -0.1
20.5 1.9 0.0 1.9000000000000195 9.11968277061506e-14 -0.1
20.75 1.9 0.0 1.900000000000013 6.092870847340826e-14 -0.1
21.0 1.9 0.0 1.9000000000000006 6.70952393918645e-15 -0.1
21.25 1.9 0.0 1.899999999999997 -9.060061918932052e-15 -0.1
21.5 1.9 0.0 1.8999999999999975 -6.7992324678362044e-15 -0.1
21.75 1.9 0.0 1.8999999999999988 -3.515894427583097e-15 -0.1
22.0 1.9 0.0 1.8999999999999992 -1.7650628159970508e-15 -0.1
22.25 1.9 0.0 1.8999999999999992 -2.08355096005452e-15 -0.1
22.5 1.9 0.0 1.8999999999999992 -2.1574937603441946e-15 -0.1
22.75 1.9 0.0 1.8999999999999992 -2.039609804504936e-15 -0.1
23.0 1.9 0.0 1.8999999999999992 -2.0914215220648893e-15 -0.1
23.25 1.9 0.0 1.8999999999999992 -2.2797728027191995e-15 -0.1
23.5 1.9 0.0 1.8999999999999992 -2.000328319683977e-15 -0.1
23.75 1.9 0.0 1.8999999999999992 -1.6729201653074778e-15 -0.1
24.0 1.9 0.0 1.8999999999999995 -1.4166475130679522e-15 -0.1
24.25 1.9 0.0 1.9 -4.973929601155286e-16 -0.1
24.5 1.9 0.0 1.9 1.0007035760394522e-16 -0.1
24.75 1.9 0.0 1.9 2.0256344023237114e-17 -0.1
