0.0 2.0 0.0 1.9999999909326291 5.047787402854739e-07 -1.2485577391691675e-70
0.25 2.0 0.0 1.9999999909326291 -5.047787402854739e-07 -2.850203213424424e-67
0.5 2.0 0.0 2.00000037588123 -2.092537428584356e-06 -2.1109980944259782e-64
0.75 2.0 0.0 2.0000009502532965 -4.3451835381516804e-06 -1.0864518245663961e-61
1.0 2.0 0.0 2.0000009565747394 -4.228436173580944e-06 -4.36567780080435e-59
1.25 2.0 0.0 1.999998860053518 5.080878353401933e-06 -1.4244864646060943e-56
1.5 2.0 0.0 1.9999931836916933 3.021003730011598e-05 -3.833786490499683e-54
1.75 2.0 0.0 1.9999850185271384 6.636781376256399e-05 -8.548289091174405e-52
2.0 2.0 0.0 1.9999813553295553 8.259174896376749e-05 -1.5726437566102247e-49
2.25 2.0 0.0 1.9999962315875974 1.669238079918043e-05 -2.351308388844086e-47
2.5 2.0 0.0 2.000046089927517 -0.00020417835977114257 -2.7506291988257142e-45
2.75 2.0 0.0 2.000139112493948 -0.0006162881716095302 -2.2523830569655327e-43
3.0 2.0 0.0 2.0002647836486296 -0.0011730829514814544 -6.518129048276597e-42
3.25 2.0 0.0 2.0003937247237142 -0.0017444187545581453 1.637631564719423e-39
3.5 2.0 0.0 2.0004924184673407 -0.0021817666912371486 3.7190631002266737e-37
3.75 2.0 0.0 2.0005440292086734 -0.002410486485804001 4.767397604445987e-35
4.0 2.0 0.0 2.000556947687002 -0.002467738364990997 4.547325892745335e-33
4.25 2.0 0.0 2.0005491234652686 -0.0024330636247279318 3.4602839938301873e-31
4.5 2.0 0.0 2.000516487923165 -0.0022884337202766893 2.1566080528120858e-29
4.75 2.0 0.0 2.0004111174130683 -0.0018214944732728475 1.111987969600823e-27
5.0 2.0 0.0 2.0001567684662414 -0.0006945306536557532 4.7468193800184217e-26
5.25 2.0 0.0 1.9997224396609625 0.0012293906438628998 1.6638083285143045e-24
5.5 2.0 0.0 1.9992698561239992 0.00323355546247608 4.6815685166807494e-23
5.75 2.0 0.0 1.9993721274497334 0.002780717902295709 9.976476910669732e-22
6.0 2.0 0.0 2.001220062795132 -0.0054087191714427985 1.3091921451978668e-20
6.25 2.0 0.0 2.0065703717120855 -0.02918640485214175 -4.8921798420998234e-20
6.5 2.0 0.0 2.017083039653306 -0.0761846540416264 -8.808736703694343e-18
6.75 1.9999999999999998 0.0 2.033007444299754 -0.14806192553414535 -3.023468242913689e-16
7.0 1.9999999999999931 0.0 2.0520931377817617 -0.23528385528828755 -6.988407961666439e-15
7.25 1.999999999999875 0.0 2.0701953672512188 -0.3191018887055575 -1.250209723893004e-13
7.5 2.00099999999819 0.0 2.083799880698638 -0.3828093639703766 -1.8100340773142959e-12
7.75 2.000999999978413 0.0 2.092437828630555 -0.4235847999687667 -2.1586786279083474e-11
8.0 2.000999999786729 0.0 2.0987398977808773 -0.45348962992222797 -2.1327078847736331e-10
8.25 2.000999998259643 0.0 2.1060807872540943 -0.4884858702340479 -1.7403567350686184e-09
8.5 2.000999988424618 0.0 2.1157460325874546 -0.5348186658534447 -1.157538197381337e-08
8.75 2.0009999393178215 0.0 2.1258553688179407 -0.5835886733928655 -6.068217856011783e-08
9.0 2.000999771862907 0.0 2.132976716861929 -0.6181483890563162 -2.2813709273067303e-07
9.25 2.0009996196032898 0.0 2.1350397191077484 -0.6282089483918779 -3.803967102260639e-07
9.5 2.0010023670244377 0.0 2.1329216071468675 -0.6178941368194647 2.3670244376693356e-06
9.75 2.0000269519530645 0.0 2.1295244332600376 -0.6013619717241823 2.695195306443837e-05
10.0 2.000157024679379 0.0 2.1274884347643885 -0.591704348659085 0.00015702467937915227
10.25 2.000669374442667 0.0 2.127434148395271 -0.5929361424255813 0.0006693744426668637
10.5 2.0022635626578045 0.0 2.127744354371174 -0.6001389686901079 0.002263562657804649
10.75 2.006254988727532 0.0 2.125556923303211 -0.6059232826654045 0.006254988727532051
11.0 2.0142893549253027 0.0 2.117911332582375 -0.6068895149056093 0.014289354925302632
11.25 2.0270357568521313 0.0 2.102497204930217 -0.6047651495115139 0.027035756852131283
11.5 2.0420735492403947 0.0 2.078391796132226 -0.6027042437334356 0.04207354924039483
11.75 2.052787138212377 0.0 2.0469212368264693 -0.6017338323649546 0.05278713821237704
12.0 2.050747193659482 0.0 2.011569680145068 -0.6008714629226127 0.050747193659481916
12.25 2.031588407111769 0.0 1.9760163057801003 -0.5995071678652673 0.03158840711176899
12.5 2.0 0.0 1.941627099842975 -0.598442210616587 -0.0
12.75 1.968411592888231 0.0 1.9071671046718812 -0.5985426689958118 -0.03158840711176899
13.0 1.9492528063405181 0.0 1.871417385169504 -0.5993002021164743 -0.050747193659481916
13.25 1.947212861787623 0.0 1.8358597518022353 -0.5995041986758355 -0.05278713821237704
13.5 1.9579264507596053 0.0 1.8043594207571843 -0.5990359573401343 -0.04207354924039483
13.75 1.9729642431478687 0.0 1.7803725940905557 -0.5991457454987204 -0.027035756852131283
14.0 1.8857106450746974 0.0 1.7648883519872893 -0.6005321764038641 -0.11428935492530264
14.25 1.8937450112724679 0.0 1.756890015504644 -0.6010148862188813 -0.10625498872753206
14.5 1.8977364373421954 0.0 1.75508666866181 -0.5951311280402807 -0.10226356265780466
14.75 1.8993306255573332 0.0 1.7588776953524083 -0.5762943856142692 -0.10066937444266687
15.0 1.8998429753206207 0.0 1.7680350826821414 -0.5399509529422666 -0.10015702467937916
15.25 1.8999730480469355 0.0 1.7818859440909622 -0.4859374616113131 -0.10002695195306445
15.5 1.8999976329755623 0.0 1.7987505163480801 -0.419494677267073 -0.10000236702443767
15.75 1.9000003803967103 0.0 1.8159660250436493 -0.35066921982459587 -0.09999961960328978
16.0 1.9000002281370927 0.0 1.8306848338930308 -0.29101761033235996 -0.09999977186290727
16.25 1.9000000606821785 0.0 1.841311180106908 -0.24748901854485741 -0.09999993931782145
16.5 1.900000011575382 0.0 1.8486254157101865 -0.21729758516492842 -0.09999998842461803
16.75 1.9000000017403567 0.0 1.8553177898017952 -0.18950745193484236 -0.09999999825964327
17.0 1.9000000002132709 0.0 1.8639134645919686 -0.15358068582920517 -0.09999999978672922
17.25 1.9000000000215869 0.0 1.874807615272401 -0.10767585516598002 -0.09999999997841322
17.5 1.90000000000181 0.0 1.8860598564127593 -0.05984012442360519 -0.09999999999818997
17.75 1.900000000000125 0.0 1.8948969473244353 -0.02197853867647096 -0.09999999999987498
18.0 1.900000000000007 0.0 1.8996174381557323 -0.0016493348867592148 -0.09999999999999301
18.25 1.9000000000000004 0.0 1.9005537492332256 0.0023916824835167215 -0.0999999999999997
18.5 1.9 0.0 1.8995368636276841 -0.001998687426154777 -0.09999999999999999
18.75 1.9 0.0 1.8984719494390587 -0.006593442308724628 -0.1
19.0 1.9 0.0 1.898267330007368 -0.007476066343013383 -0.1
19.25 1.9 0.0 1.8987904068902088 -0.005220116846394941 -0.1
19.5 1.9 0.0 1.899489695784565 -0.002202828545734926 -0.1
19.75 1.9 0.0 1.8999642684886748 -0.0001542545128949734 -0.1
20.0 1.9 0.0 1.9001346688076515 0.0005814950306289532 -0.1
20.25 1.9 0.0 1.900117955557347 0.0005093249712409831 -0.1
20.5 1.9 0.0 1.9000513061373252 0.00022153150122952882 -0.1
20.75 1.9 0.0 1.900005837231744 2.5203820504099657e-05 -0.1
21.0 1.9 0.0 1.8999913176196335 -3.7488056891060714e-05 -0.1
21.25 1.9 0.0 1.8999929874286203 -3.027830570339234e-05 -0.1
21.5 1.9 0.0 1.8999975652187495 -1.0512716494764266e-05 -0.1
21.75 1.9 0.0 1.9000000365828194 1.57955017118325e-07 -0.1
22.0 1.9 0.0 1.900000518146124 2.2372159842174163e-06 -0.1
22.25 1.9 0.0 1.900000280553927 1.2113565292311076e-06 -0.1
22.5 1.9 0.0 1.9000000526199177 2.2719866359201691e-07 -0.1
22.75 1.9 0.0 1.8999999762240103 -1.0265833495688957e-07 -0.1
23.0 1.9 0.0 1.8999999788314699 -9.140004612549049e-08 -0.1
23.25 1.9 0.0 1.8999999937547294 -2.696533135835117e-08 -0.1
23.5 1.9 0.0 1.9000000005401265 2.3326508967936317e-09 -0.1
23.75 1.9 0.0 1.9000000012430371 5.368148176042465e-09 -0.1
24.0 1.9 0.0 1.9000000004687674 2.0227644168721356e-09 -0.1
24.25 1.9 0.0 1.9000000000167863 6.063743683449938e-11 -0.1
24.5 1.9 0.0 1.899999999940748 -2.8001255801750634e-10 -0.1
24.75 1.9 0.0 1.899999999970055 -1.0875655914550994e-10 -0.1

