-9.899999999999999911e-01 9.057430096389547103e-01 -9.900000000000000466e-02
-9.699999999999999734e-01 9.075563161695990866e-01 -9.700000000000000289e-02
-9.499999999999999556e-01 9.093732289892521026e-01 -9.500000000000000111e-02
-9.299999999999999378e-01 9.111937264528389147e-01 -9.299999999999999933e-02
-9.100000000000000311e-01 9.130178357432807701e-01 -9.100000000000001144e-02
-8.900000000000000133e-01 9.148456139496943251e-01 -8.900000000000000966e-02
-8.699999999999999956e-01 9.166770948790508022e-01 -8.700000000000000788e-02
-8.499999999999999778e-01 9.185122759005399651e-01 -8.500000000000000611e-02
-8.300000000000000711e-01 9.203511428588715404e-01 -8.300000000000001821e-02
-8.100000000000000533e-01 9.221936907278845963e-01 -8.100000000000001643e-02
-7.900000000000000355e-01 9.240399247662851590e-01 -7.900000000000001465e-02
-7.700000000000000178e-01 9.258898538276623125e-01 -7.700000000000001288e-02
-7.500000000000000000e-01 9.277434863697189282e-01 -7.500000000000001110e-02
-7.299999999999999822e-01 9.296008300146827441e-01 -7.299999999999999545e-02
-7.099999999999999645e-01 9.314618921197974633e-01 -7.099999999999999367e-02
-6.899999999999999467e-01 9.333266800770491090e-01 -6.899999999999999190e-02
-6.699999999999999289e-01 9.351952013372288874e-01 -6.699999999999999012e-02
-6.499999999999999112e-01 9.370674633776711060e-01 -6.499999999999998834e-02
-6.300000000000000044e-01 9.389434736892101618e-01 -6.300000000000000044e-02
-6.099999999999999867e-01 9.408232397760553090e-01 -6.099999999999999867e-02
-5.900000000000000799e-01 9.427067691571535679e-01 -5.900000000000001077e-02
-5.700000000000000622e-01 9.445940693665819676e-01 -5.700000000000000899e-02
-5.500000000000000444e-01 9.464851479535425494e-01 -5.500000000000000722e-02
-5.300000000000000266e-01 9.483800124823570377e-01 -5.300000000000000544e-02
-5.100000000000000089e-01 9.502786705324856031e-01 -5.100000000000000366e-02
-4.899999999999999911e-01 9.521811296985638329e-01 -4.900000000000000189e-02
-4.699999999999999734e-01 9.540873975904298199e-01 -4.700000000000000011e-02
-4.499999999999999556e-01 9.559974818331588020e-01 -4.499999999999999833e-02
-4.299999999999999933e-01 9.579113900670894743e-01 -4.300000000000000350e-02
-4.100000000000000311e-01 9.598291299478576288e-01 -4.100000000000000866e-02
-3.900000000000000133e-01 9.617507091464254643e-01 -3.900000000000000688e-02
-3.699999999999999956e-01 9.636761353491125615e-01 -3.699999999999999817e-02
-3.499999999999999778e-01 9.656054162576241939e-01 -3.499999999999999639e-02
-3.299999999999999600e-01 9.675385595891083934e-01 -3.299999999999999462e-02
-3.099999999999999423e-01 9.694755730759162526e-01 -3.099999999999999631e-02
-2.899999999999999800e-01 9.714164644682585781e-01 -2.899999999999999800e-02
-2.700000000000000178e-01 9.733612415104651028e-01 -2.700000000000000316e-02
-2.500000000000000000e-01 9.753099121406799688e-01 -2.500000000000000139e-02
-2.299999999999999822e-01 9.772624829451107553e-01 -2.299999999999999961e-02
-2.099999999999999645e-01 9.792189701069721197e-01 -2.099999999999999784e-02
-1.899999999999999467e-01 9.811793290961379199e-01 -1.899999999999999606e-02
-1.699999999999999845e-01 9.831438593472763277e-01 -1.699999999999999775e-02
-1.500000000000000222e-01 9.851111477064148358e-01 -1.500000000000000291e-02
-1.300000000000000044e-01 9.870871099466453913e-01 -1.300000000000000114e-02
-1.099999999999999867e-01 9.890516068798413940e-01 -1.099999999999999936e-02
-8.999999999999996891e-02 9.910571861826722451e-01 -8.999999999999997585e-03
-6.999999999999995115e-02 9.930148140366091836e-01 -6.999999999999995809e-03
-4.999999999999998890e-02 9.949666633296575524e-01 -4.999999999999999237e-03
-3.000000000000002665e-02 9.970729823307948880e-01 -3.000000000000002665e-03
-1.000000000000000888e-02 9.992603410529787844e-01 -1.000000000000000888e-03
1.000000000000000888e-02 1.682969907503217399e+00 5.100000000000000089e-01
3.000000000000002665e-02 1.716113239070081953e+00 5.300000000000000266e-01
5.000000000000004441e-02 1.749980787519528347e+00 5.500000000000000444e-01
7.000000000000006217e-02 1.785833530183061679e+00 5.700000000000000622e-01
9.000000000000007994e-02 1.824142574305164910e+00 5.900000000000000799e-01
1.100000000000000977e-01 1.863513345953019984e+00 6.100000000000000977e-01
1.300000000000001155e-01 1.901423991229822530e+00 6.300000000000001155e-01
1.500000000000000222e-01 1.936286953225312191e+00 6.500000000000000222e-01
1.699999999999999289e-01 1.968851341120128273e+00 6.699999999999999289e-01
1.899999999999999467e-01 2.001558529090859295e+00 6.899999999999999467e-01
2.099999999999999645e-01 2.036680812914938965e+00 7.099999999999999645e-01
2.299999999999999822e-01 2.075055173057598346e+00 7.299999999999999822e-01
2.500000000000000000e-01 2.116190587523135491e+00 7.500000000000000000e-01
2.700000000000000178e-01 2.159123240570170132e+00 7.700000000000000178e-01
2.900000000000000355e-01 2.203116688361103748e+00 7.900000000000000355e-01
3.100000000000000533e-01 2.247863814204485777e+00 8.100000000000000533e-01
3.300000000000000711e-01 2.293354277717858380e+00 8.300000000000000711e-01
3.500000000000000888e-01 2.339681115164859992e+00 8.500000000000000888e-01
3.700000000000001066e-01 2.386925844268229291e+00 8.700000000000001066e-01
3.900000000000001243e-01 2.435131256776707165e+00 8.900000000000001243e-01
4.100000000000000311e-01 2.484319912262633601e+00 9.100000000000000311e-01
4.299999999999999378e-01 2.534508948853713584e+00 9.299999999999999378e-01
4.499999999999999556e-01 2.585711110230813237e+00 9.499999999999999556e-01
4.699999999999999734e-01 2.637943130778432010e+00 9.699999999999999734e-01
4.899999999999999911e-01 2.691227411695641170e+00 9.899999999999999911e-01
5.100000000000000089e-01 4.155350086845588820e+00 1.410000000000000142e+00
5.300000000000000266e-01 4.239312892706285751e+00 1.430000000000000160e+00
5.500000000000000444e-01 4.324987949490218142e+00 1.450000000000000178e+00
5.700000000000000622e-01 4.412403985215761715e+00 1.470000000000000195e+00
5.900000000000000799e-01 4.501571023157768359e+00 1.490000000000000213e+00
6.100000000000000977e-01 4.592472017387084549e+00 1.510000000000000231e+00
6.300000000000001155e-01 4.685126658274527678e+00 1.530000000000000249e+00
6.500000000000001332e-01 4.779607398118243644e+00 1.550000000000000266e+00
6.700000000000000400e-01 4.876081541516721352e+00 1.570000000000000062e+00
6.899999999999999467e-01 4.974760638664319501e+00 1.589999999999999858e+00
7.099999999999999645e-01 5.075753854883197747e+00 1.609999999999999876e+00
7.299999999999999822e-01 5.178911947618401790e+00 1.629999999999999893e+00
7.500000000000000000e-01 5.283816096791650097e+00 1.649999999999999911e+00
7.700000000000000178e-01 5.390009421350988816e+00 1.669999999999999929e+00
7.900000000000000355e-01 5.497391418404390606e+00 1.689999999999999947e+00
8.100000000000000533e-01 5.606520813659821023e+00 1.709999999999999964e+00
8.300000000000000711e-01 5.718556344970523675e+00 1.729999999999999982e+00
8.500000000000000888e-01 5.834771008576183249e+00 1.750000000000000000e+00
8.700000000000001066e-01 5.955833156760971470e+00 1.770000000000000018e+00
8.900000000000001243e-01 6.081271248785593997e+00 1.790000000000000036e+00
9.100000000000000311e-01 6.209390393021977594e+00 1.810000000000000053e+00
9.299999999999999378e-01 6.337286382634738757e+00 1.830000000000000071e+00
9.499999999999999556e-01 6.464528144375180752e+00 1.850000000000000089e+00
9.699999999999999734e-01 6.580144844647095148e+00 1.870000000000000107e+00
9.899999999999999911e-01 6.722290496882843414e+00 1.890000000000000124e+00
