-9.899999999999999911e-01 9.057430073828884876e-01 -9.900000000000000466e-02
-9.699999999999999734e-01 9.075563062908174050e-01 -9.700000000000000289e-02
-9.499999999999999556e-01 9.093732351772656486e-01 -9.500000000000000111e-02
-9.299999999999999378e-01 9.111938016071412516e-01 -9.299999999999999933e-02
-9.100000000000000311e-01 9.130180128135158002e-01 -9.100000000000001144e-02
-8.900000000000000133e-01 9.148458760931432732e-01 -8.900000000000000966e-02
-8.699999999999999956e-01 9.166773987574780014e-01 -8.700000000000000788e-02
-8.499999999999999778e-01 9.185125881326542396e-01 -8.500000000000000611e-02
-8.300000000000000711e-01 9.203514515594770629e-01 -8.300000000000001821e-02
-8.100000000000000533e-01 9.221939963932852535e-01 -8.100000000000001643e-02
-7.900000000000000355e-01 9.240402300040455597e-01 -7.900000000000001465e-02
-7.700000000000000178e-01 9.258901597769457759e-01 -7.700000000000001288e-02
-7.500000000000000000e-01 9.277437931125506188e-01 -7.500000000000001110e-02
-7.299999999999999822e-01 9.296011374252690640e-01 -7.299999999999999545e-02
-7.099999999999999645e-01 9.314622001418824127e-01 -7.099999999999999367e-02
-6.899999999999999467e-01 9.333269887046375946e-01 -6.899999999999999190e-02
-6.699999999999999289e-01 9.351955105780587196e-01 -6.699999999999999012e-02
-6.499999999999999112e-01 9.370677732474472776e-01 -6.499999999999998834e-02
-6.300000000000000044e-01 9.389437842000193379e-01 -6.300000000000000044e-02
-6.099999999999999867e-01 9.408235509080103975e-01 -6.099999999999999867e-02
-5.900000000000000799e-01 9.427070808549606884e-01 -5.900000000000001077e-02
-5.700000000000000622e-01 9.445943816079809263e-01 -5.700000000000000899e-02
-5.500000000000000444e-01 9.464854608501139799e-01 -5.500000000000000722e-02
-5.300000000000000266e-01 9.483803262618233365e-01 -5.300000000000000544e-02
-5.100000000000000089e-01 9.502789852846603713e-01 -5.100000000000000366e-02
-4.899999999999999911e-01 9.521814450281285147e-01 -4.900000000000000189e-02
-4.699999999999999734e-01 9.540877126124742702e-01 -4.700000000000000011e-02
-4.499999999999999556e-01 9.559977958832566181e-01 -4.499999999999999833e-02
-4.299999999999999933e-01 9.579117038985486277e-01 -4.300000000000000350e-02
-4.100000000000000311e-01 9.598294464257652869e-01 -4.100000000000000866e-02
-3.900000000000000133e-01 9.617510322689707403e-01 -3.900000000000000688e-02
-3.699999999999999956e-01 9.636764672911655172e-01 -3.699999999999999817e-02
-3.499999999999999778e-01 9.656057536436182254e-01 -3.499999999999999639e-02
-3.299999999999999600e-01 9.675388912576612377e-01 -3.299999999999999462e-02
-3.099999999999999423e-01 9.694758812359236533e-01 -3.099999999999999631e-02
-2.899999999999999800e-01 9.714167293866744490e-01 -2.899999999999999800e-02
-2.700000000000000178e-01 9.733614478404446491e-01 -2.700000000000000316e-02
-2.500000000000000000e-01 9.753100537460392960e-01 -2.500000000000000139e-02
-2.299999999999999822e-01 9.772625657345510586e-01 -2.299999999999999961e-02
-2.099999999999999645e-01 9.792190000246171477e-01 -2.099999999999999784e-02
-1.899999999999999467e-01 9.811793680249683014e-01 -1.899999999999999606e-02
-1.699999999999999845e-01 9.831436762467087309e-01 -1.699999999999999775e-02
-1.500000000000000222e-01 9.851119280563384040e-01 -1.500000000000000291e-02
-1.300000000000000044e-01 9.870841260543607998e-01 -1.300000000000000114e-02
-1.099999999999999867e-01 9.890602739268080645e-01 -1.099999999999999936e-02
-8.999999999999996891e-02 9.910403772201072936e-01 -8.999999999999997585e-03
-6.999999999999995115e-02 9.930244431512220693e-01 -6.999999999999995809e-03
-4.999999999999998890e-02 9.950124799368543771e-01 -4.999999999999999237e-03
-3.000000000000002665e-02 9.970044961048849519e-01 -3.000000000000002665e-03
-1.000000000000000888e-02 9.990005001817898744e-01 -1.000000000000000888e-03
1.000000000000000888e-02 1.682803409586813181e+00 5.100000000000000089e-01
3.000000000000002665e-02 1.716802872484481268e+00 5.300000000000000266e-01
5.000000000000004441e-02 1.751489262696511062e+00 5.500000000000000444e-01
7.000000000000006217e-02 1.786876458931045963e+00 5.700000000000000622e-01
9.000000000000007994e-02 1.822978620291049179e+00 5.900000000000000799e-01
1.100000000000000977e-01 1.859805257549369095e+00 6.100000000000000977e-01
1.300000000000001155e-01 1.897375811003209733e+00 6.300000000000001155e-01
1.500000000000000222e-01 1.935705347378896990e+00 6.500000000000000222e-01
1.699999999999999289e-01 1.974809191891666371e+00 6.699999999999999289e-01
1.899999999999999467e-01 2.014702986502968862e+00 6.899999999999999467e-01
2.099999999999999645e-01 2.055402689284302031e+00 7.099999999999999645e-01
2.299999999999999822e-01 2.096924580670694649e+00 7.299999999999999822e-01
2.500000000000000000e-01 2.139285269978532522e+00 7.500000000000000000e-01
2.700000000000000178e-01 2.182501702046106828e+00 7.700000000000000178e-01
2.900000000000000355e-01 2.226591164010412349e+00 7.900000000000000355e-01
3.100000000000000533e-01 2.271571292223738325e+00 8.100000000000000533e-01
3.300000000000000711e-01 2.317460079314161092e+00 8.300000000000000711e-01
3.500000000000000888e-01 2.364275881389780398e+00 8.500000000000000888e-01
3.700000000000001066e-01 2.412037425391496459e+00 8.700000000000001066e-01
3.900000000000001243e-01 2.460763816591000186e+00 8.900000000000001243e-01
4.100000000000000311e-01 2.510474546232038584e+00 9.100000000000000311e-01
4.299999999999999378e-01 2.561189499346009590e+00 9.299999999999999378e-01
4.499999999999999556e-01 2.612928962630218344e+00 9.499999999999999556e-01
4.699999999999999734e-01 2.665713632722481297e+00 9.699999999999999734e-01
4.899999999999999911e-01 2.719564624060050839e+00 9.899999999999999911e-01
5.100000000000000089e-01 4.199106359125968524e+00 1.410000000000000142e+00
5.300000000000000266e-01 4.283945361708280331e+00 1.430000000000000160e+00
5.500000000000000444e-01 4.370498456883960436e+00 1.450000000000000178e+00
5.700000000000000622e-01 4.458800275985873363e+00 1.470000000000000195e+00
5.900000000000000799e-01 4.548886150943323159e+00 1.490000000000000213e+00
6.100000000000000977e-01 4.640779812289101969e+00 1.510000000000000231e+00
6.300000000000001155e-01 4.734529773981178025e+00 1.530000000000000249e+00
6.500000000000001332e-01 4.830173620089047937e+00 1.550000000000000266e+00
6.700000000000000400e-01 4.927749623038977234e+00 1.570000000000000062e+00
6.899999999999999467e-01 5.027296731435491495e+00 1.589999999999999858e+00
7.099999999999999645e-01 5.128854983327446604e+00 1.609999999999999876e+00
7.299999999999999822e-01 5.232464429572740272e+00 1.629999999999999893e+00
7.500000000000000000e-01 5.338168025972422015e+00 1.649999999999999911e+00
7.700000000000000178e-01 5.446004077868576765e+00 1.669999999999999929e+00
7.900000000000000355e-01 5.556026193727126028e+00 1.689999999999999947e+00
8.100000000000000533e-01 5.668250810115194049e+00 1.709999999999999964e+00
8.300000000000000711e-01 5.782795418879333127e+00 1.729999999999999982e+00
8.500000000000000888e-01 5.899514685739462472e+00 1.750000000000000000e+00
8.700000000000001066e-01 6.018958596022534024e+00 1.770000000000000018e+00
8.900000000000001243e-01 6.139849757496524063e+00 1.790000000000000036e+00
9.100000000000000311e-01 6.265725519549805611e+00 1.810000000000000053e+00
9.299999999999999378e-01 6.387449066416935217e+00 1.830000000000000071e+00
9.499999999999999556e-01 6.529252871385770263e+00 1.850000000000000089e+00
9.699999999999999734e-01 6.627480759047051251e+00 1.870000000000000107e+00
9.899999999999999911e-01 6.849669491202447169e+00 1.890000000000000124e+00
