-9.899999999999999911e-01 9.057430073828884876e-01 -9.900000000000000466e-02
-9.699999999999999734e-01 9.075563062908200695e-01 -9.700000000000000289e-02
-9.499999999999999556e-01 9.093732351772616518e-01 -9.500000000000000111e-02
-9.299999999999999378e-01 9.111938016071232660e-01 -9.299999999999999933e-02
-9.100000000000000311e-01 9.130180128135270134e-01 -9.100000000000001144e-02
-8.900000000000000133e-01 9.148458760932228762e-01 -8.900000000000000966e-02
-8.699999999999999956e-01 9.166773987574583504e-01 -8.700000000000000788e-02
-8.499999999999999778e-01 9.185125881323273900e-01 -8.500000000000000611e-02
-8.300000000000000711e-01 9.203514515593583800e-01 -8.300000000000001821e-02
-8.100000000000000533e-01 9.221939963943840413e-01 -8.100000000000001643e-02
-7.900000000000000355e-01 9.240402300053109919e-01 -7.900000000000001465e-02
-7.700000000000000178e-01 9.258901597743067757e-01 -7.700000000000001288e-02
-7.500000000000000000e-01 9.277437931058436504e-01 -7.500000000000001110e-02
-7.299999999999999822e-01 9.296011374268033922e-01 -7.299999999999999545e-02
-7.099999999999999645e-01 9.314622001648118488e-01 -7.099999999999999367e-02
-6.899999999999999467e-01 9.333269887277929611e-01 -6.899999999999999190e-02
-6.699999999999999289e-01 9.351955105386591249e-01 -6.699999999999999012e-02
-6.499999999999999112e-01 9.370677731238756802e-01 -6.499999999999998834e-02
-6.300000000000000044e-01 9.389437841333484469e-01 -6.300000000000000044e-02
-6.099999999999999867e-01 9.408235511590328226e-01 -6.099999999999999867e-02
-5.900000000000000799e-01 9.427070814539639798e-01 -5.900000000000001077e-02
-5.700000000000000622e-01 9.445943819422557564e-01 -5.700000000000000899e-02
-5.500000000000000444e-01 9.464854598209573311e-01 -5.500000000000000722e-02
-5.300000000000000266e-01 9.483803234316976472e-01 -5.300000000000000544e-02
-5.100000000000000089e-01 9.502789824403885532e-01 -5.100000000000000366e-02
-4.899999999999999911e-01 9.521814465303376496e-01 -4.900000000000000189e-02
-4.699999999999999734e-01 9.540877229958735217e-01 -4.700000000000000011e-02
-4.499999999999999556e-01 9.559978149361768596e-01 -4.499999999999999833e-02
-4.299999999999999933e-01 9.579117218859743987e-01 -4.300000000000000350e-02
-4.100000000000000311e-01 9.598294432377345586e-01 -4.100000000000000866e-02
-3.900000000000000133e-01 9.617509827212927798e-01 -3.900000000000000688e-02
-3.699999999999999956e-01 9.636763511893799983e-01 -3.699999999999999817e-02
-3.499999999999999778e-01 9.656055658897803040e-01 -3.499999999999999639e-02
-3.299999999999999600e-01 9.675386466072876113e-01 -3.299999999999999462e-02
-3.099999999999999423e-01 9.694756109068152217e-01 -3.099999999999999631e-02
-2.899999999999999800e-01 9.714164709786963225e-01 -2.899999999999999800e-02
-2.700000000000000178e-01 9.733612333212885437e-01 -2.700000000000000316e-02
-2.500000000000000000e-01 9.753099007669026044e-01 -2.500000000000000139e-02
-2.299999999999999822e-01 9.772624753101821771e-01 -2.299999999999999961e-02
-2.099999999999999645e-01 9.792189602628935674e-01 -2.099999999999999784e-02
-1.899999999999999467e-01 9.811793610715160430e-01 -1.899999999999999606e-02
-1.699999999999999845e-01 9.831436850016832540e-01 -1.699999999999999775e-02
-1.500000000000000222e-01 9.851119403190743418e-01 -1.500000000000000291e-02
-1.300000000000000044e-01 9.870841355341390955e-01 -1.300000000000000114e-02
-1.099999999999999867e-01 9.890602789915718951e-01 -1.099999999999999936e-02
-8.999999999999996891e-02 9.910403787968116163e-01 -8.999999999999997585e-03
-6.999999999999995115e-02 9.930244428947486712e-01 -6.999999999999995809e-03
-4.999999999999998890e-02 9.950124791594068263e-01 -4.999999999999999237e-03
-3.000000000000002665e-02 9.970044954840125984e-01 -3.000000000000002665e-03
-1.000000000000000888e-02 9.990004998150084914e-01 -1.000000000000000888e-03
1.000000000000000888e-02 1.682803409233836422e+00 5.100000000000000089e-01
3.000000000000002665e-02 1.716802872341743891e+00 5.300000000000000266e-01
5.000000000000004441e-02 1.751489262706226846e+00 5.500000000000000444e-01
7.000000000000006217e-02 1.786876459049353993e+00 5.700000000000000622e-01
9.000000000000007994e-02 1.822978620482127221e+00 5.900000000000000799e-01
1.100000000000000977e-01 1.859805257768769149e+00 6.100000000000000977e-01
1.300000000000001155e-01 1.897375811184947247e+00 6.300000000000001155e-01
1.500000000000000222e-01 1.935705347438580359e+00 6.500000000000000222e-01
1.699999999999999289e-01 1.974809191750085180e+00 6.699999999999999289e-01
1.899999999999999467e-01 2.014702986125736395e+00 6.899999999999999467e-01
2.099999999999999645e-01 2.055402688723672711e+00 7.099999999999999645e-01
2.299999999999999822e-01 2.096924580089864598e+00 7.299999999999999822e-01
2.500000000000000000e-01 2.139285269639785270e+00 7.500000000000000000e-01
2.700000000000000178e-01 2.182501702251515852e+00 7.700000000000000178e-01
2.900000000000000355e-01 2.226591165001473360e+00 7.900000000000000355e-01
3.100000000000000533e-01 2.271571294057342705e+00 8.100000000000000533e-01
3.300000000000000711e-01 2.317460081757324097e+00 8.300000000000000711e-01
3.500000000000000888e-01 2.364275883867480665e+00 8.500000000000000888e-01
3.700000000000001066e-01 2.412037427020847780e+00 8.700000000000001066e-01
3.900000000000001243e-01 2.460763816365569401e+00 8.900000000000001243e-01
4.100000000000000311e-01 2.510474543171032469e+00 9.100000000000000311e-01
4.299999999999999378e-01 2.561189493071944767e+00 9.299999999999999378e-01
4.499999999999999556e-01 2.612928953090371209e+00 9.499999999999999556e-01
4.699999999999999734e-01 2.665713621571081049e+00 9.699999999999999734e-01
4.899999999999999911e-01 2.719564612832236161e+00 9.899999999999999911e-01
5.100000000000000089e-01 4.199106344172779615e+00 1.410000000000000142e+00
5.300000000000000266e-01 4.283945351044446959e+00 1.430000000000000160e+00
5.500000000000000444e-01 4.370498452864013395e+00 1.450000000000000178e+00
5.700000000000000622e-01 4.458800280930278248e+00 1.470000000000000195e+00
5.900000000000000799e-01 4.548886166945258935e+00 1.490000000000000213e+00
6.100000000000000977e-01 4.640779841006220430e+00 1.510000000000000231e+00
6.300000000000001155e-01 4.734529816448450390e+00 1.530000000000000249e+00
6.500000000000001332e-01 4.830173676524434079e+00 1.550000000000000266e+00
6.700000000000000400e-01 4.927749692686210103e+00 1.570000000000000062e+00
6.899999999999999467e-01 5.027296812445336549e+00 1.589999999999999858e+00
7.099999999999999645e-01 5.128855072691623995e+00 1.609999999999999876e+00
7.299999999999999822e-01 5.232464523107816845e+00 1.629999999999999893e+00
7.500000000000000000e-01 5.338168118377170757e+00 1.649999999999999911e+00
7.700000000000000178e-01 5.446004162823070871e+00 1.669999999999999929e+00
7.900000000000000355e-01 5.556026264081554089e+00 1.689999999999999947e+00
8.100000000000000533e-01 5.668250858124558533e+00 1.709999999999999964e+00
8.300000000000000711e-01 5.782795436385004706e+00 1.729999999999999982e+00
8.500000000000000888e-01 5.899514664961683863e+00 1.750000000000000000e+00
8.700000000000001066e-01 6.018958528289310550e+00 1.770000000000000018e+00
8.900000000000001243e-01 6.139849638699002021e+00 1.790000000000000036e+00
9.100000000000000311e-01 6.265725335774518179e+00 1.810000000000000053e+00
9.299999999999999378e-01 6.387448835361107413e+00 1.830000000000000071e+00
9.499999999999999556e-01 6.529252532396649045e+00 1.850000000000000089e+00
9.699999999999999734e-01 6.627480462857667121e+00 1.870000000000000107e+00
9.899999999999999911e-01 6.849668858908561475e+00 1.890000000000000124e+00
