-9.899999999999999911e-01 9.057430073827983374e-01 -9.900000000000000466e-02
-9.699999999999999734e-01 9.075563062908281742e-01 -9.700000000000000289e-02
-9.499999999999999556e-01 9.093732351780889900e-01 -9.500000000000000111e-02
-9.299999999999999378e-01 9.111938016072420599e-01 -9.299999999999999933e-02
-9.100000000000000311e-01 9.130180128094080860e-01 -9.100000000000001144e-02
-8.900000000000000133e-01 9.148458760907114407e-01 -8.900000000000000966e-02
-8.699999999999999956e-01 9.166773987728731310e-01 -8.700000000000000788e-02
-8.499999999999999778e-01 9.185125881535536330e-01 -8.500000000000000611e-02
-8.300000000000000711e-01 9.203514515213044866e-01 -8.300000000000001821e-02
-8.100000000000000533e-01 9.221939962815466352e-01 -8.100000000000001643e-02
-7.900000000000000355e-01 9.240402300071064445e-01 -7.900000000000001465e-02
-7.700000000000000178e-01 9.258901601461305697e-01 -7.700000000000001288e-02
-7.500000000000000000e-01 9.277437936105132898e-01 -7.500000000000001110e-02
-7.299999999999999822e-01 9.296011370351380254e-01 -7.299999999999999545e-02
-7.099999999999999645e-01 9.314621980215633812e-01 -7.099999999999999367e-02
-6.899999999999999467e-01 9.333269861533837197e-01 -6.899999999999999190e-02
-6.699999999999999289e-01 9.351955118444431614e-01 -6.699999999999999012e-02
-6.499999999999999112e-01 9.370677827982146768e-01 -6.499999999999998834e-02
-6.300000000000000044e-01 9.389438008357735566e-01 -6.300000000000000044e-02
-6.099999999999999867e-01 9.408235627451091432e-01 -6.099999999999999867e-02
-5.900000000000000799e-01 9.427070659138095943e-01 -5.900000000000001077e-02
-5.700000000000000622e-01 9.445943151763652734e-01 -5.700000000000000899e-02
-5.500000000000000444e-01 9.464853257359902017e-01 -5.500000000000000722e-02
-5.300000000000000266e-01 9.483801198484155259e-01 -5.300000000000000544e-02
-5.100000000000000089e-01 9.502787196213385856e-01 -5.100000000000000366e-02
-4.899999999999999911e-01 9.521811407583112841e-01 -4.900000000000000189e-02
-4.699999999999999734e-01 9.540873907007230148e-01 -4.700000000000000011e-02
-4.499999999999999556e-01 9.559974711502108313e-01 -4.499999999999999833e-02
-4.299999999999999933e-01 9.579113823682587903e-01 -4.300000000000000350e-02
-4.100000000000000311e-01 9.598291264735122619e-01 -4.100000000000000866e-02
-3.900000000000000133e-01 9.617507085270590172e-01 -3.900000000000000688e-02
-3.699999999999999956e-01 9.636761358664434063e-01 -3.699999999999999817e-02
-3.499999999999999778e-01 9.656054168488662492e-01 -3.499999999999999639e-02
-3.299999999999999600e-01 9.675385599045276397e-01 -3.299999999999999462e-02
-3.099999999999999423e-01 9.694755731567782364e-01 -3.099999999999999631e-02
-2.899999999999999800e-01 9.714164644414361449e-01 -2.899999999999999800e-02
-2.700000000000000178e-01 9.733612414870667084e-01 -2.700000000000000316e-02
-2.500000000000000000e-01 9.753099120173865932e-01 -2.500000000000000139e-02
-2.299999999999999822e-01 9.772624837611697535e-01 -2.299999999999999961e-02
-2.099999999999999645e-01 9.792189645580672286e-01 -2.099999999999999784e-02
-1.899999999999999467e-01 9.811793622866578080e-01 -1.899999999999999606e-02
-1.699999999999999845e-01 9.831436846292714860e-01 -1.699999999999999775e-02
-1.500000000000000222e-01 9.851119394913516736e-01 -1.500000000000000291e-02
-1.300000000000000044e-01 9.870841351300778665e-01 -1.300000000000000114e-02
-1.099999999999999867e-01 9.890602789944631379e-01 -1.099999999999999936e-02
-8.999999999999996891e-02 9.910403784080772382e-01 -8.999999999999997585e-03
-6.999999999999995115e-02 9.930244425438257139e-01 -6.999999999999995809e-03
-4.999999999999998890e-02 9.950124798656359015e-01 -4.999999999999999237e-03
-3.000000000000002665e-02 9.970044965504176737e-01 -3.000000000000002665e-03
-1.000000000000000888e-02 9.990005000622944609e-01 -1.000000000000000888e-03
1.000000000000000888e-02 1.682803406784689093e+00 5.100000000000000089e-01
3.000000000000002665e-02 1.716802866277596484e+00 5.300000000000000266e-01
5.000000000000004441e-02 1.751489254517939020e+00 5.500000000000000444e-01
7.000000000000006217e-02 1.786876452884390121e+00 5.700000000000000622e-01
9.000000000000007994e-02 1.822978622227622303e+00 5.900000000000000799e-01
1.100000000000000977e-01 1.859805272603179738e+00 6.100000000000000977e-01
1.300000000000001155e-01 1.897375840164062799e+00 6.300000000000001155e-01
1.500000000000000222e-01 1.935705384227554893e+00 6.500000000000000222e-01
1.699999999999999289e-01 1.974809221252176838e+00 6.699999999999999289e-01
1.899999999999999467e-01 2.014702986540457097e+00 6.899999999999999467e-01
2.099999999999999645e-01 2.055402637772743901e+00 7.099999999999999645e-01
2.299999999999999822e-01 2.096924464975082003e+00 7.299999999999999822e-01
2.500000000000000000e-01 2.139285098978116473e+00 7.500000000000000000e-01
2.700000000000000178e-01 2.182501515777549805e+00 7.700000000000000178e-01
2.900000000000000355e-01 2.226591037699555908e+00 7.900000000000000355e-01
3.100000000000000533e-01 2.271571327329958478e+00 8.100000000000000533e-01
3.300000000000000711e-01 2.317460379532533921e+00 8.300000000000000711e-01
3.500000000000000888e-01 2.364276516863911048e+00 8.500000000000000888e-01
3.700000000000001066e-01 2.412038370395754860e+00 8.700000000000001066e-01
3.900000000000001243e-01 2.460764929723548988e+00 8.900000000000001243e-01
4.100000000000000311e-01 2.510475482523816027e+00 9.100000000000000311e-01
4.299999999999999378e-01 2.561189805308277556e+00 9.299999999999999378e-01
4.499999999999999556e-01 2.612928055787515191e+00 9.499999999999999556e-01
4.699999999999999734e-01 2.665710895688058191e+00 9.699999999999999734e-01
4.899999999999999911e-01 2.719560182496574718e+00 9.899999999999999911e-01
5.100000000000000089e-01 4.199097841211896665e+00 1.410000000000000142e+00
5.300000000000000266e-01 4.283935298192437457e+00 1.430000000000000160e+00
5.500000000000000444e-01 4.370487544989160256e+00 1.450000000000000178e+00
5.700000000000000622e-01 4.458789606628569047e+00 1.470000000000000195e+00
5.900000000000000799e-01 4.548877187068482542e+00 1.490000000000000213e+00
6.100000000000000977e-01 4.640774324993385491e+00 1.510000000000000231e+00
6.300000000000001155e-01 4.734529752420122861e+00 1.530000000000000249e+00
6.500000000000001332e-01 4.830181109214055191e+00 1.550000000000000266e+00
6.700000000000000400e-01 4.927766518023557474e+00 1.570000000000000062e+00
6.899999999999999467e-01 5.027324532498234966e+00 1.589999999999999858e+00
7.099999999999999645e-01 5.128894531738261264e+00 1.609999999999999876e+00
7.299999999999999822e-01 5.232515638435891958e+00 1.629999999999999893e+00
7.500000000000000000e-01 5.338229651646966722e+00 1.649999999999999911e+00
7.700000000000000178e-01 5.446073520349504982e+00 1.669999999999999929e+00
7.900000000000000355e-01 5.556099426887632475e+00 1.689999999999999947e+00
8.100000000000000533e-01 5.668322346905222631e+00 1.709999999999999964e+00
8.300000000000000711e-01 5.782858455618748117e+00 1.729999999999999982e+00
8.500000000000000888e-01 5.899561516273301720e+00 1.750000000000000000e+00
8.700000000000001066e-01 6.018980161180159882e+00 1.770000000000000018e+00
8.900000000000001243e-01 6.139839196793017706e+00 1.790000000000000036e+00
9.100000000000000311e-01 6.265669161844094504e+00 1.810000000000000053e+00
9.299999999999999378e-01 6.387354909205217091e+00 1.830000000000000071e+00
9.499999999999999556e-01 6.529074981750332185e+00 1.850000000000000089e+00
9.699999999999999734e-01 6.627320744988264067e+00 1.870000000000000107e+00
9.899999999999999911e-01 6.849266948805108335e+00 1.890000000000000124e+00
