-9.899999999999999911e-01 9.057430073823276029e-01 -9.900000000000000466e-02
-9.699999999999999734e-01 9.075563062879926646e-01 -9.700000000000000289e-02
-9.499999999999999556e-01 9.093732351818037962e-01 -9.500000000000000111e-02
-9.299999999999999378e-01 9.111938016257581374e-01 -9.299999999999999933e-02
-9.100000000000000311e-01 9.130180127999997231e-01 -9.100000000000001144e-02
-8.900000000000000133e-01 9.148458760016946467e-01 -8.900000000000000966e-02
-8.699999999999999956e-01 9.166773987371388266e-01 -8.700000000000000788e-02
-8.499999999999999778e-01 9.185125884613027925e-01 -8.500000000000000611e-02
-8.300000000000000711e-01 9.203514520092620499e-01 -8.300000000000001821e-02
-8.100000000000000533e-01 9.221939958452423092e-01 -8.100000000000001643e-02
-7.900000000000000355e-01 9.240402277152534039e-01 -7.900000000000001465e-02
-7.700000000000000178e-01 9.258901578314203684e-01 -7.700000000000001288e-02
-7.500000000000000000e-01 9.277437967222740278e-01 -7.500000000000001110e-02
-7.299999999999999822e-01 9.296011501613506978e-01 -7.299999999999999545e-02
-7.099999999999999645e-01 9.314622161588507199e-01 -7.099999999999999367e-02
-6.899999999999999467e-01 9.333269887422488420e-01 -6.899999999999999190e-02
-6.699999999999999289e-01 9.351954670623499055e-01 -6.699999999999999012e-02
-6.499999999999999112e-01 9.370676625567041507e-01 -6.499999999999998834e-02
-6.300000000000000044e-01 9.389435979568074853e-01 -6.300000000000000044e-02
-6.099999999999999867e-01 9.408232988675784281e-01 -6.099999999999999867e-02
-5.900000000000000799e-01 9.427067844893668447e-01 -5.900000000000001077e-02
-5.700000000000000622e-01 9.445940636961774883e-01 -5.700000000000000899e-02
-5.500000000000000444e-01 9.464851375976125469e-01 -5.500000000000000722e-02
-5.300000000000000266e-01 9.483800051246089602e-01 -5.300000000000000544e-02
-5.100000000000000089e-01 9.502786674404859468e-01 -5.100000000000000366e-02
-4.899999999999999911e-01 9.521811293090189920e-01 -4.900000000000000189e-02
-4.699999999999999734e-01 9.540873981298351181e-01 -4.700000000000000011e-02
-4.499999999999999556e-01 9.559974823315313674e-01 -4.499999999999999833e-02
-4.299999999999999933e-01 9.579113902849644147e-01 -4.300000000000000350e-02
-4.100000000000000311e-01 9.598291299778595187e-01 -4.100000000000000866e-02
-3.900000000000000133e-01 9.617507091154020582e-01 -3.900000000000000688e-02
-3.699999999999999956e-01 9.636761353221203752e-01 -3.699999999999999817e-02
-3.499999999999999778e-01 9.656054162520677497e-01 -3.499999999999999639e-02
-3.299999999999999600e-01 9.675385595822847407e-01 -3.299999999999999462e-02
-3.099999999999999423e-01 9.694755730823109152e-01 -3.099999999999999631e-02
-2.899999999999999800e-01 9.714164644815493910e-01 -2.899999999999999800e-02
-2.700000000000000178e-01 9.733612414791892320e-01 -2.700000000000000316e-02
-2.500000000000000000e-01 9.753099120772522612e-01 -2.500000000000000139e-02
-2.299999999999999822e-01 9.772624838323775709e-01 -2.299999999999999961e-02
-2.099999999999999645e-01 9.792189643074497019e-01 -2.099999999999999784e-02
-1.899999999999999467e-01 9.811793624676966585e-01 -1.899999999999999606e-02
-1.699999999999999845e-01 9.831436851317828518e-01 -1.699999999999999775e-02
-1.500000000000000222e-01 9.851119383327230361e-01 -1.500000000000000291e-02
-1.300000000000000044e-01 9.870841349027746903e-01 -1.300000000000000114e-02
-1.099999999999999867e-01 9.890602822924450255e-01 -1.099999999999999936e-02
-8.999999999999996891e-02 9.910403769815935293e-01 -8.999999999999997585e-03
-6.999999999999995115e-02 9.930244355703123915e-01 -6.999999999999995809e-03
-4.999999999999998890e-02 9.950124825432269393e-01 -4.999999999999999237e-03
-3.000000000000002665e-02 9.970045101837943236e-01 -3.000000000000002665e-03
-1.000000000000000888e-02 9.990005167820776855e-01 -1.000000000000000888e-03
1.000000000000000888e-02 1.682803410569354563e+00 5.100000000000000089e-01
3.000000000000002665e-02 1.716802820054095235e+00 5.300000000000000266e-01
5.000000000000004441e-02 1.751489146695384580e+00 5.500000000000000444e-01
7.000000000000006217e-02 1.786876306228483813e+00 5.700000000000000622e-01
9.000000000000007994e-02 1.822978507351130206e+00 5.900000000000000799e-01
1.100000000000000977e-01 1.859805302123700876e+00 6.100000000000000977e-01
1.300000000000001155e-01 1.897376133984964408e+00 6.300000000000001155e-01
1.500000000000000222e-01 1.935705998276614936e+00 6.500000000000000222e-01
1.699999999999999289e-01 1.974810054301038065e+00 6.699999999999999289e-01
1.899999999999999467e-01 2.014703702823866127e+00 6.899999999999999467e-01
2.099999999999999645e-01 2.055402663023475629e+00 7.099999999999999645e-01
2.299999999999999822e-01 2.096923120383769934e+00 7.299999999999999822e-01
2.500000000000000000e-01 2.139281909293170081e+00 7.500000000000000000e-01
2.700000000000000178e-01 2.182496669922150634e+00 7.700000000000000178e-01
2.900000000000000355e-01 2.226585893721428455e+00 7.900000000000000355e-01
3.100000000000000533e-01 2.271568644998559705e+00 8.100000000000000533e-01
3.300000000000000711e-01 2.317464031742760611e+00 8.300000000000000711e-01
3.500000000000000888e-01 2.364290129162207599e+00 8.500000000000000888e-01
3.700000000000001066e-01 2.412062966540049480e+00 8.700000000000001066e-01
3.900000000000001243e-01 2.460796670011593079e+00 8.900000000000001243e-01
4.100000000000000311e-01 2.510502221205929363e+00 9.100000000000000311e-01
4.299999999999999378e-01 2.561195526033972492e+00 9.299999999999999378e-01
4.499999999999999556e-01 2.612890916657260920e+00 9.499999999999999556e-01
4.699999999999999734e-01 2.665620017457235313e+00 9.699999999999999734e-01
4.899999999999999911e-01 2.719426123280483498e+00 9.899999999999999911e-01
5.100000000000000089e-01 4.198865025686411734e+00 1.410000000000000142e+00
5.300000000000000266e-01 4.283696950338044651e+00 1.430000000000000160e+00
5.500000000000000444e-01 4.370280579992655845e+00 1.450000000000000178e+00
5.700000000000000622e-01 4.458658505626411639e+00 1.470000000000000195e+00
5.900000000000000799e-01 4.548868723500589795e+00 1.490000000000000213e+00
6.100000000000000977e-01 4.640931139005386008e+00 1.510000000000000231e+00
6.300000000000001155e-01 4.734883758769917961e+00 1.530000000000000249e+00
6.500000000000001332e-01 4.830746521594845078e+00 1.550000000000000266e+00
6.700000000000000400e-01 4.928534097315188767e+00 1.570000000000000062e+00
6.899999999999999467e-01 5.028257748822944961e+00 1.589999999999999858e+00
7.099999999999999645e-01 5.129928353427869681e+00 1.609999999999999876e+00
7.299999999999999822e-01 5.233558308200988662e+00 1.629999999999999893e+00
7.500000000000000000e-01 5.339167803083618047e+00 1.649999999999999911e+00
7.700000000000000178e-01 5.446779749681987859e+00 1.669999999999999929e+00
7.900000000000000355e-01 5.556443530641454132e+00 1.689999999999999947e+00
8.100000000000000533e-01 5.668180936334245246e+00 1.709999999999999964e+00
8.300000000000000711e-01 5.782132710331962855e+00 1.729999999999999982e+00
8.500000000000000888e-01 5.898176901168713293e+00 1.750000000000000000e+00
8.700000000000001066e-01 6.016922465619916061e+00 1.770000000000000018e+00
8.900000000000001243e-01 6.137109769997103115e+00 1.790000000000000036e+00
9.100000000000000311e-01 6.262383944997770513e+00 1.810000000000000053e+00
9.299999999999999378e-01 6.383601252078726418e+00 1.830000000000000071e+00
9.499999999999999556e-01 6.525025400774766560e+00 1.850000000000000089e+00
9.699999999999999734e-01 6.623530457952488071e+00 1.870000000000000107e+00
9.899999999999999911e-01 6.844469696216442856e+00 1.890000000000000124e+00
