-9.899999999999999911e-01 9.057430073872398957e-01 -9.900000000000000466e-02
-9.699999999999999734e-01 9.075563062546960769e-01 -9.700000000000000289e-02
-9.499999999999999556e-01 9.093732351243765111e-01 -9.500000000000000111e-02
-9.299999999999999378e-01 9.111938017977604387e-01 -9.299999999999999933e-02
-9.100000000000000311e-01 9.130180132182470487e-01 -9.100000000000001144e-02
-8.900000000000000133e-01 9.148458756456077090e-01 -8.900000000000000966e-02
-8.699999999999999956e-01 9.166773966034704735e-01 -8.700000000000000788e-02
-8.499999999999999778e-01 9.185125868131178706e-01 -8.500000000000000611e-02
-8.300000000000000711e-01 9.203514570671661454e-01 -8.300000000000001821e-02
-8.100000000000000533e-01 9.221940108288608773e-01 -8.100000000000001643e-02
-7.900000000000000355e-01 9.240402415108804890e-01 -7.900000000000001465e-02
-7.700000000000000178e-01 9.258901408935031885e-01 -7.700000000000001288e-02
-7.500000000000000000e-01 9.277437125963290399e-01 -7.500000000000001110e-02
-7.299999999999999822e-01 9.296009774756651689e-01 -7.299999999999999545e-02
-7.099999999999999645e-01 9.314619654663293113e-01 -7.099999999999999367e-02
-6.899999999999999467e-01 9.333267015147075352e-01 -6.899999999999999190e-02
-6.699999999999999289e-01 9.351951973337584434e-01 -6.699999999999999012e-02
-6.499999999999999112e-01 9.370674534251626220e-01 -6.499999999999998834e-02
-6.300000000000000044e-01 9.389434667643130616e-01 -6.300000000000000044e-02
-6.099999999999999867e-01 9.408232371491036528e-01 -6.099999999999999867e-02
-5.900000000000000799e-01 9.427067690075776607e-01 -5.900000000000001077e-02
-5.700000000000000622e-01 9.445940698923613876e-01 -5.700000000000000899e-02
-5.500000000000000444e-01 9.464851483309040248e-01 -5.500000000000000722e-02
-5.300000000000000266e-01 9.483800126037412737e-01 -5.300000000000000544e-02
-5.100000000000000089e-01 9.502786705268305711e-01 -5.100000000000000366e-02
-4.899999999999999911e-01 9.521811296713157402e-01 -4.900000000000000189e-02
-4.699999999999999734e-01 9.540873975765483683e-01 -4.700000000000000011e-02
-4.499999999999999556e-01 9.559974818309902034e-01 -4.499999999999999833e-02
-4.299999999999999933e-01 9.579113900680307214e-01 -4.300000000000000350e-02
-4.100000000000000311e-01 9.598291299504595475e-01 -4.100000000000000866e-02
-3.900000000000000133e-01 9.617507091421275689e-01 -3.900000000000000688e-02
-3.699999999999999956e-01 9.636761353628464644e-01 -3.699999999999999817e-02
-3.499999999999999778e-01 9.656054162227027948e-01 -3.499999999999999639e-02
-3.299999999999999600e-01 9.675385596655670106e-01 -3.299999999999999462e-02
-3.099999999999999423e-01 9.694755729447236403e-01 -3.099999999999999631e-02
-2.899999999999999800e-01 9.714164646063486730e-01 -2.899999999999999800e-02
-2.700000000000000178e-01 9.733612415898573733e-01 -2.700000000000000316e-02
-2.500000000000000000e-01 9.753099113358493222e-01 -2.500000000000000139e-02
-2.299999999999999822e-01 9.772624853278178980e-01 -2.299999999999999961e-02
-2.099999999999999645e-01 9.792189633339234422e-01 -2.099999999999999784e-02
-1.899999999999999467e-01 9.811793595708375726e-01 -1.899999999999999606e-02
-1.699999999999999845e-01 9.831436937468810422e-01 -1.699999999999999775e-02
-1.500000000000000222e-01 9.851119331817276281e-01 -1.500000000000000291e-02
-1.300000000000000044e-01 9.870841161450171208e-01 -1.300000000000000114e-02
-1.099999999999999867e-01 9.890603183564408152e-01 -1.099999999999999936e-02
-8.999999999999996891e-02 9.910403968106898942e-01 -8.999999999999997585e-03
-6.999999999999995115e-02 9.930243384431385323e-01 -6.999999999999995809e-03
-4.999999999999998890e-02 9.950124441474937909e-01 -4.999999999999999237e-03
-3.000000000000002665e-02 9.970046692455962756e-01 -3.000000000000002665e-03
-1.000000000000000888e-02 9.990009218703016503e-01 -1.000000000000000888e-03
1.000000000000000888e-02 1.682804005253518476e+00 5.100000000000000089e-01
3.000000000000002665e-02 1.716802711321982144e+00 5.300000000000000266e-01
5.000000000000004441e-02 1.751487577759097025e+00 5.500000000000000444e-01
7.000000000000006217e-02 1.786872985872940189e+00 5.700000000000000622e-01
9.000000000000007994e-02 1.822974429852173728e+00 5.900000000000000799e-01
1.100000000000000977e-01 1.859803314062060231e+00 6.100000000000000977e-01
1.300000000000001155e-01 1.897380582774935265e+00 6.300000000000001155e-01
1.500000000000000222e-01 1.935720565969295537e+00 6.500000000000000222e-01
1.699999999999999289e-01 1.974833598209319474e+00 6.699999999999999289e-01
1.899999999999999467e-01 2.014725666969617635e+00 6.899999999999999467e-01
2.099999999999999645e-01 2.055402123481631982e+00 7.099999999999999645e-01
2.299999999999999822e-01 2.096876507607383644e+00 7.299999999999999822e-01
2.500000000000000000e-01 2.139180970500011991e+00 7.500000000000000000e-01
2.700000000000000178e-01 2.182369637630959591e+00 7.700000000000000178e-01
2.900000000000000355e-01 2.226506229953660210e+00 7.900000000000000355e-01
3.100000000000000533e-01 2.271634186956256407e+00 8.100000000000000533e-01
3.300000000000000711e-01 2.317744343959077469e+00 8.300000000000000711e-01
3.500000000000000888e-01 2.364757569966204009e+00 8.500000000000000888e-01
3.700000000000001066e-01 2.412554726183127940e+00 8.700000000000001066e-01
3.900000000000001243e-01 2.461033539497905043e+00 8.900000000000001243e-01
4.100000000000000311e-01 2.510193039373407764e+00 9.100000000000000311e-01
4.299999999999999378e-01 2.560211919747096943e+00 9.299999999999999378e-01
4.499999999999999556e-01 2.611308594109327252e+00 9.499999999999999556e-01
4.699999999999999734e-01 2.664040595420642532e+00 9.699999999999999734e-01
4.899999999999999911e-01 2.718261998913392929e+00 9.899999999999999911e-01
5.100000000000000089e-01 4.198106051595321908e+00 1.410000000000000142e+00
5.300000000000000266e-01 4.284411976660020827e+00 1.430000000000000160e+00
5.500000000000000444e-01 4.372775457994714010e+00 1.450000000000000178e+00
5.700000000000000622e-01 4.463040363803984611e+00 1.470000000000000195e+00
5.900000000000000799e-01 4.555006598915873894e+00 1.490000000000000213e+00
6.100000000000000977e-01 4.648440945529593193e+00 1.510000000000000231e+00
6.300000000000001155e-01 4.743133276069111837e+00 1.530000000000000249e+00
6.500000000000001332e-01 4.838889214272345640e+00 1.550000000000000266e+00
6.700000000000000400e-01 4.935564904016594312e+00 1.570000000000000062e+00
6.899999999999999467e-01 5.033085847297324555e+00 1.589999999999999858e+00
7.099999999999999645e-01 5.131459218580816106e+00 1.609999999999999876e+00
7.299999999999999822e-01 5.230777022964696599e+00 1.629999999999999893e+00
7.500000000000000000e-01 5.331212431521040074e+00 1.649999999999999911e+00
7.700000000000000178e-01 5.433001413309428429e+00 1.669999999999999929e+00
7.900000000000000355e-01 5.536433296896209555e+00 1.689999999999999947e+00
8.100000000000000533e-01 5.641795979377214110e+00 1.709999999999999964e+00
8.300000000000000711e-01 5.749430161122241145e+00 1.729999999999999982e+00
8.500000000000000888e-01 5.859500189564466055e+00 1.750000000000000000e+00
8.700000000000001066e-01 5.972523785437083177e+00 1.770000000000000018e+00
8.900000000000001243e-01 6.087931825577731715e+00 1.790000000000000036e+00
9.100000000000000311e-01 6.207825396657955075e+00 1.810000000000000053e+00
9.299999999999999378e-01 6.327107990713085606e+00 1.830000000000000071e+00
9.499999999999999556e-01 6.459431797682444909e+00 1.850000000000000089e+00
9.699999999999999734e-01 6.568977778876512907e+00 1.870000000000000107e+00
9.899999999999999911e-01 6.750072055477772892e+00 1.890000000000000124e+00
