-9.899999999999999911e-01 9.057430073828840467e-01 -9.900000000000000466e-02
-9.699999999999999734e-01 9.075563062908438283e-01 -9.700000000000000289e-02
-9.499999999999999556e-01 9.093732351773062828e-01 -9.500000000000000111e-02
-9.299999999999999378e-01 9.111938016069823787e-01 -9.299999999999999933e-02
-9.100000000000000311e-01 9.130180128132642237e-01 -9.100000000000001144e-02
-8.900000000000000133e-01 9.148458760937598910e-01 -8.900000000000000966e-02
-8.699999999999999956e-01 9.166773987588120454e-01 -8.700000000000000788e-02
-8.499999999999999778e-01 9.185125881310354234e-01 -8.500000000000000611e-02
-8.300000000000000711e-01 9.203514515533858242e-01 -8.300000000000001821e-02
-8.100000000000000533e-01 9.221939963941316876e-01 -8.100000000000001643e-02
-7.900000000000000355e-01 9.240402300257837265e-01 -7.900000000000001465e-02
-7.700000000000000178e-01 9.258901597962488905e-01 -7.700000000000001288e-02
-7.500000000000000000e-01 9.277437930637599806e-01 -7.500000000000001110e-02
-7.299999999999999822e-01 9.296011373048217452e-01 -7.299999999999999545e-02
-7.099999999999999645e-01 9.314622001327226286e-01 -7.099999999999999367e-02
-6.899999999999999467e-01 9.333269890530604407e-01 -6.899999999999999190e-02
-6.699999999999999289e-01 9.351955111343015492e-01 -6.699999999999999012e-02
-6.499999999999999112e-01 9.370677731490754114e-01 -6.499999999999998834e-02
-6.300000000000000044e-01 9.389437824740669569e-01 -6.300000000000000044e-02
-6.099999999999999867e-01 9.408235480512101567e-01 -6.099999999999999867e-02
-5.900000000000000799e-01 9.427070800224730540e-01 -5.900000000000001077e-02
-5.700000000000000622e-01 9.445943874072147972e-01 -5.700000000000000899e-02
-5.500000000000000444e-01 9.464854751487712381e-01 -5.500000000000000722e-02
-5.300000000000000266e-01 9.483803431847065424e-01 -5.300000000000000544e-02
-5.100000000000000089e-01 9.502789892355318901e-01 -5.100000000000000366e-02
-4.899999999999999911e-01 9.521814141858582214e-01 -4.900000000000000189e-02
-4.699999999999999734e-01 9.540876266138170747e-01 -4.700000000000000011e-02
-4.499999999999999556e-01 9.559976433084562686e-01 -4.499999999999999833e-02
-4.299999999999999933e-01 9.579114853383524641e-01 -4.300000000000000350e-02
-4.100000000000000311e-01 9.598291721795983999e-01 -4.100000000000000866e-02
-3.900000000000000133e-01 9.617507173606587578e-01 -3.900000000000000688e-02
-3.699999999999999956e-01 9.636761276353558170e-01 -3.699999999999999817e-02
-3.499999999999999778e-01 9.656054052816811506e-01 -3.499999999999999639e-02
-3.299999999999999600e-01 9.675385515393113423e-01 -3.299999999999999462e-02
-3.099999999999999423e-01 9.694755692147751791e-01 -3.099999999999999631e-02
-2.899999999999999800e-01 9.714164635964227523e-01 -2.899999999999999800e-02
-2.700000000000000178e-01 9.733612419869741572e-01 -2.700000000000000316e-02
-2.500000000000000000e-01 9.753099126925968143e-01 -2.500000000000000139e-02
-2.299999999999999822e-01 9.772624841853888578e-01 -2.299999999999999961e-02
-2.099999999999999645e-01 9.792189647117958140e-01 -2.099999999999999784e-02
-1.899999999999999467e-01 9.811793622418277794e-01 -1.899999999999999606e-02
-1.699999999999999845e-01 9.831436845883503306e-01 -1.699999999999999775e-02
-1.500000000000000222e-01 9.851119395676027901e-01 -1.500000000000000291e-02
-1.300000000000000044e-01 9.870841350264950576e-01 -1.300000000000000114e-02
-1.099999999999999867e-01 9.890602787813034258e-01 -1.099999999999999936e-02
-8.999999999999996891e-02 9.910403787344194138e-01 -8.999999999999997585e-03
-6.999999999999995115e-02 9.930244429305747911e-01 -6.999999999999995809e-03
-4.999999999999998890e-02 9.950124792706782628e-01 -4.999999999999999237e-03
-3.000000000000002665e-02 9.970044955566650380e-01 -3.000000000000002665e-03
-1.000000000000000888e-02 9.990004997570153256e-01 -1.000000000000000888e-03
1.000000000000000888e-02 1.682803408913473131e+00 5.100000000000000089e-01
3.000000000000002665e-02 1.716802871844711920e+00 5.300000000000000266e-01
5.000000000000004441e-02 1.751489262260083279e+00 5.500000000000000444e-01
7.000000000000006217e-02 1.786876459013507334e+00 5.700000000000000622e-01
9.000000000000007994e-02 1.822978621199172977e+00 5.900000000000000799e-01
1.100000000000000977e-01 1.859805259345458150e+00 6.100000000000000977e-01
1.300000000000001155e-01 1.897375813282885959e+00 6.300000000000001155e-01
1.500000000000000222e-01 1.935705349190360192e+00 6.500000000000000222e-01
1.699999999999999289e-01 1.974809191909038475e+00 6.699999999999999289e-01
1.899999999999999467e-01 2.014702983483617871e+00 6.899999999999999467e-01
2.099999999999999645e-01 2.055402682722186292e+00 7.099999999999999645e-01
2.299999999999999822e-01 2.096924571437000395e+00 7.299999999999999822e-01
2.500000000000000000e-01 2.139285260684917311e+00 7.500000000000000000e-01
2.700000000000000178e-01 2.182501696849693751e+00 7.700000000000000178e-01
2.900000000000000355e-01 2.226591167761358570e+00 7.900000000000000355e-01
3.100000000000000533e-01 2.271571308947407442e+00 8.100000000000000533e-01
3.300000000000000711e-01 2.317460110340078927e+00 8.300000000000000711e-01
3.500000000000000888e-01 2.364275923687955583e+00 8.500000000000000888e-01
3.700000000000001066e-01 2.412037470108955084e+00 8.700000000000001066e-01
3.900000000000001243e-01 2.460763850080704973e+00 8.900000000000001243e-01
4.100000000000000311e-01 2.510474549627441654e+00 9.100000000000000311e-01
4.299999999999999378e-01 2.561189456065280812e+00 9.299999999999999378e-01
4.499999999999999556e-01 2.612928856580768677e+00 9.499999999999999556e-01
4.699999999999999734e-01 2.665713462185725469e+00 9.699999999999999734e-01
4.899999999999999911e-01 2.719564406557903435e+00 9.899999999999999911e-01
5.100000000000000089e-01 4.199105998845443999e+00 1.410000000000000142e+00
5.300000000000000266e-01 4.283944995508115028e+00 1.430000000000000160e+00
5.500000000000000444e-01 4.370498121390667734e+00 1.450000000000000178e+00
5.700000000000000622e-01 4.458800016234512498e+00 1.470000000000000195e+00
5.900000000000000799e-01 4.548886018022336053e+00 1.490000000000000213e+00
6.100000000000000977e-01 4.640779860194777839e+00 1.510000000000000231e+00
6.300000000000001155e-01 4.734530056388567054e+00 1.530000000000000249e+00
6.500000000000001332e-01 4.830174185814498422e+00 1.550000000000000266e+00
6.700000000000000400e-01 4.927750511207714013e+00 1.570000000000000062e+00
6.899999999999999467e-01 5.027297966352888281e+00 1.589999999999999858e+00
7.099999999999999645e-01 5.128856569449726344e+00 1.609999999999999876e+00
7.299999999999999822e-01 5.232466346681293956e+00 1.629999999999999893e+00
7.500000000000000000e-01 5.338170225214893705e+00 1.649999999999999911e+00
7.700000000000000178e-01 5.446006478601343126e+00 1.669999999999999929e+00
7.900000000000000355e-01 5.556028681403750724e+00 1.689999999999999947e+00
8.100000000000000533e-01 5.668253237966395908e+00 1.709999999999999964e+00
8.300000000000000711e-01 5.782797602414786908e+00 1.729999999999999982e+00
8.500000000000000888e-01 5.899516428648810873e+00 1.750000000000000000e+00
8.700000000000001066e-01 6.018959630716502751e+00 1.770000000000000018e+00
8.900000000000001243e-01 6.139849931537401773e+00 1.790000000000000036e+00
9.100000000000000311e-01 6.265724332492267123e+00 1.810000000000000053e+00
9.299999999999999378e-01 6.387446893050270802e+00 1.830000000000000071e+00
9.499999999999999556e-01 6.529247947105439209e+00 1.850000000000000089e+00
9.699999999999999734e-01 6.627476596024470368e+00 1.870000000000000107e+00
9.899999999999999911e-01 6.849657204064659055e+00 1.890000000000000124e+00
