-9.899999999999999911e-01 9.057430075384317325e-01 -9.900000000000000466e-02
-9.699999999999999734e-01 9.075563062438438688e-01 -9.700000000000000289e-02
-9.499999999999999556e-01 9.093732337138600297e-01 -9.500000000000000111e-02
-9.299999999999999378e-01 9.111938005240091121e-01 -9.299999999999999933e-02
-9.100000000000000311e-01 9.130180186997485237e-01 -9.100000000000001144e-02
-8.900000000000000133e-01 9.148458900996523369e-01 -8.900000000000000966e-02
-8.699999999999999956e-01 9.166774020004989643e-01 -8.700000000000000788e-02
-8.499999999999999778e-01 9.185125435821377415e-01 -8.500000000000000611e-02
-8.300000000000000711e-01 9.203513266492873157e-01 -8.300000000000001821e-02
-8.100000000000000533e-01 9.221937851859974833e-01 -8.100000000000001643e-02
-7.900000000000000355e-01 9.240399542817128165e-01 -7.900000000000001465e-02
-7.700000000000000178e-01 9.258898516060412032e-01 -7.700000000000001288e-02
-7.500000000000000000e-01 9.277434769159053074e-01 -7.500000000000001110e-02
-7.299999999999999822e-01 9.296008238582047500e-01 -7.299999999999999545e-02
-7.099999999999999645e-01 9.314618902059565997e-01 -7.099999999999999367e-02
-6.899999999999999467e-01 9.333266801986173089e-01 -6.899999999999999190e-02
-6.699999999999999289e-01 9.351952017837154019e-01 -6.699999999999999012e-02
-6.499999999999999112e-01 9.370674635963466281e-01 -6.499999999999998834e-02
-6.300000000000000044e-01 9.389434737228209427e-01 -6.300000000000000044e-02
-6.099999999999999867e-01 9.408232397561602234e-01 -6.099999999999999867e-02
-5.900000000000000799e-01 9.427067691427482021e-01 -5.900000000000001077e-02
-5.700000000000000622e-01 9.445940693632781660e-01 -5.700000000000000899e-02
-5.500000000000000444e-01 9.464851479542589763e-01 -5.500000000000000722e-02
-5.300000000000000266e-01 9.483800124831400780e-01 -5.300000000000000544e-02
-5.100000000000000089e-01 9.502786705327371797e-01 -5.100000000000000366e-02
-4.899999999999999911e-01 9.521811296986021356e-01 -4.900000000000000189e-02
-4.699999999999999734e-01 9.540873975904579085e-01 -4.700000000000000011e-02
-4.499999999999999556e-01 9.559974818332102053e-01 -4.499999999999999833e-02
-4.299999999999999933e-01 9.579113900671425430e-01 -4.300000000000000350e-02
-4.100000000000000311e-01 9.598291299479594363e-01 -4.100000000000000866e-02
-3.900000000000000133e-01 9.617507091462462743e-01 -3.900000000000000688e-02
-3.699999999999999956e-01 9.636761353504856853e-01 -3.699999999999999817e-02
-3.499999999999999778e-01 9.656054162509712935e-01 -3.499999999999999639e-02
-3.299999999999999600e-01 9.675385596209576944e-01 -3.299999999999999462e-02
-3.099999999999999423e-01 9.694755729376668407e-01 -3.099999999999999631e-02
-2.899999999999999800e-01 9.714164650150673985e-01 -2.899999999999999800e-02
-2.700000000000000178e-01 9.733612395774534631e-01 -2.700000000000000316e-02
-2.500000000000000000e-01 9.753099181021264164e-01 -2.500000000000000139e-02
-2.299999999999999822e-01 9.772624676585274228e-01 -2.299999999999999961e-02
-2.099999999999999645e-01 9.792189988143074064e-01 -2.099999999999999784e-02
-1.899999999999999467e-01 9.811793120946312730e-01 -1.899999999999999606e-02
-1.699999999999999845e-01 9.831437039026742486e-01 -1.699999999999999775e-02
-1.500000000000000222e-01 9.851120694869481831e-01 -1.500000000000000291e-02
-1.300000000000000044e-01 9.870837859409911097e-01 -1.300000000000000114e-02
-1.099999999999999867e-01 9.890604791886705716e-01 -1.099999999999999936e-02
-8.999999999999996891e-02 9.910411770923609476e-01 -8.999999999999997585e-03
-6.999999999999995115e-02 9.930231687673289898e-01 -6.999999999999995809e-03
-4.999999999999998890e-02 9.950107576254436648e-01 -4.999999999999999237e-03
-3.000000000000002665e-02 9.970067569664758933e-01 -3.000000000000002665e-03
-1.000000000000000888e-02 9.990112519909097877e-01 -1.000000000000000888e-03
1.000000000000000888e-02 1.682822512883278554e+00 5.100000000000000089e-01
3.000000000000002665e-02 1.716802817101893641e+00 5.300000000000000266e-01
5.000000000000004441e-02 1.751443085084360307e+00 5.500000000000000444e-01
7.000000000000006217e-02 1.786778677868583687e+00 5.700000000000000622e-01
9.000000000000007994e-02 1.822881946244084173e+00 5.900000000000000799e-01
1.100000000000000977e-01 1.859826546694501648e+00 6.100000000000000977e-01
1.300000000000001155e-01 1.897627201098675442e+00 6.300000000000001155e-01
1.500000000000000222e-01 1.936155243363299139e+00 6.500000000000000222e-01
1.699999999999999289e-01 1.975182328278296762e+00 6.699999999999999289e-01
1.899999999999999467e-01 2.014566139166612757e+00 6.899999999999999467e-01
2.099999999999999645e-01 2.054470972646196714e+00 7.099999999999999645e-01
2.299999999999999822e-01 2.095413771249122092e+00 7.299999999999999822e-01
2.500000000000000000e-01 2.138016661366235915e+00 7.500000000000000000e-01
2.700000000000000178e-01 2.182580322611879176e+00 7.700000000000000178e-01
2.900000000000000355e-01 2.228761371183964002e+00 7.900000000000000355e-01
3.100000000000000533e-01 2.275592041430352097e+00 8.100000000000000533e-01
3.300000000000000711e-01 2.321870979084276865e+00 8.300000000000000711e-01
3.500000000000000888e-01 2.366732820969471351e+00 8.500000000000000888e-01
3.700000000000001066e-01 2.410090231340992428e+00 8.700000000000001066e-01
3.900000000000001243e-01 2.452698490842679213e+00 8.900000000000001243e-01
4.100000000000000311e-01 2.495808875597356646e+00 9.100000000000000311e-01
4.299999999999999378e-01 2.540639792255554141e+00 9.299999999999999378e-01
4.499999999999999556e-01 2.587933392813910327e+00 9.499999999999999556e-01
4.699999999999999734e-01 2.637901652736593938e+00 9.699999999999999734e-01
4.899999999999999911e-01 2.690244822453685902e+00 9.899999999999999911e-01
5.100000000000000089e-01 4.153602679391504182e+00 1.410000000000000142e+00
5.300000000000000266e-01 4.237649034552867455e+00 1.430000000000000160e+00
5.500000000000000444e-01 4.323602162117604841e+00 1.450000000000000178e+00
5.700000000000000622e-01 4.411363013340848127e+00 1.470000000000000195e+00
5.900000000000000799e-01 4.500874156042622865e+00 1.490000000000000213e+00
6.100000000000000977e-01 4.592108457347414685e+00 1.510000000000000231e+00
6.300000000000001155e-01 4.685095369160817924e+00 1.530000000000000249e+00
6.500000000000001332e-01 4.779875485420981285e+00 1.550000000000000266e+00
6.700000000000000400e-01 4.876501867052724926e+00 1.570000000000000062e+00
6.899999999999999467e-01 4.975032362243604567e+00 1.589999999999999858e+00
7.099999999999999645e-01 5.075524788601844861e+00 1.609999999999999876e+00
7.299999999999999822e-01 5.178033668421096358e+00 1.629999999999999893e+00
7.500000000000000000e-01 5.282611081014859877e+00 1.649999999999999911e+00
7.700000000000000178e-01 5.389302629798702782e+00 1.669999999999999929e+00
7.900000000000000355e-01 5.498159865360290333e+00 1.689999999999999947e+00
8.100000000000000533e-01 5.609210961521246652e+00 1.709999999999999964e+00
8.300000000000000711e-01 5.722541636073609439e+00 1.729999999999999982e+00
8.500000000000000888e-01 5.838085024278464985e+00 1.750000000000000000e+00
8.700000000000001066e-01 5.956177404601371350e+00 1.770000000000000018e+00
8.900000000000001243e-01 6.076096361987587180e+00 1.790000000000000036e+00
9.100000000000000311e-01 6.199910113477661078e+00 1.810000000000000053e+00
9.299999999999999378e-01 6.322345249313982229e+00 1.830000000000000071e+00
9.499999999999999556e-01 6.457457198639978913e+00 1.850000000000000089e+00
9.699999999999999734e-01 6.568413665291645387e+00 1.870000000000000107e+00
9.899999999999999911e-01 6.752284486215422987e+00 1.890000000000000124e+00
