-9.899999999999999911e-01 9.057446129653083933e-01 -9.900000000000000466e-02
-9.699999999999999734e-01 9.075558937449743624e-01 -9.700000000000000289e-02
-9.499999999999999556e-01 9.093741713755078004e-01 -9.500000000000000111e-02
-9.299999999999999378e-01 9.111942421285235127e-01 -9.299999999999999933e-02
-9.100000000000000311e-01 9.130185256127008042e-01 -9.100000000000001144e-02
-8.900000000000000133e-01 9.148463963662877285e-01 -8.900000000000000966e-02
-8.699999999999999956e-01 9.166779168589767046e-01 -8.700000000000000788e-02
-8.499999999999999778e-01 9.185131084301139115e-01 -8.500000000000000611e-02
-8.300000000000000711e-01 9.203519726275416479e-01 -8.300000000000001821e-02
-8.100000000000000533e-01 9.221945185335553852e-01 -8.100000000000001643e-02
-7.900000000000000355e-01 9.240407531802925511e-01 -7.900000000000001465e-02
-7.700000000000000178e-01 9.258906839880958195e-01 -7.700000000000001288e-02
-7.500000000000000000e-01 9.277443184104698926e-01 -7.500000000000001110e-02
-7.299999999999999822e-01 9.296016638406100485e-01 -7.299999999999999545e-02
-7.099999999999999645e-01 9.314627275758358138e-01 -7.099999999999999367e-02
-6.899999999999999467e-01 9.333275169608974409e-01 -6.899999999999999190e-02
-6.699999999999999289e-01 9.351960396913651108e-01 -6.699999999999999012e-02
-6.499999999999999112e-01 9.370683037906795132e-01 -6.499999999999998834e-02
-6.300000000000000044e-01 9.389443168862465772e-01 -6.300000000000000044e-02
-6.099999999999999867e-01 9.408240853479912236e-01 -6.099999999999999867e-02
-5.900000000000000799e-01 9.427076146974957549e-01 -5.900000000000001077e-02
-5.700000000000000622e-01 9.445949119487628831e-01 -5.700000000000000899e-02
-5.500000000000000444e-01 9.464859881819440712e-01 -5.500000000000000722e-02
-5.300000000000000266e-01 9.483808579955952389e-01 -5.300000000000000544e-02
-5.100000000000000089e-01 9.502795340932468360e-01 -5.100000000000000366e-02
-4.899999999999999911e-01 9.521820197203048064e-01 -4.900000000000000189e-02
-4.699999999999999734e-01 9.540883050930222264e-01 -4.700000000000000011e-02
-4.499999999999999556e-01 9.559983724988165843e-01 -4.499999999999999833e-02
-4.299999999999999933e-01 9.579122086986435747e-01 -4.300000000000000350e-02
-4.100000000000000311e-01 9.598298173515430465e-01 -4.100000000000000866e-02
-3.900000000000000133e-01 9.617512234058531728e-01 -3.900000000000000688e-02
-3.699999999999999956e-01 9.636764665233734650e-01 -3.699999999999999817e-02
-3.499999999999999778e-01 9.656055876052038744e-01 -3.499999999999999639e-02
-3.299999999999999600e-01 9.675386162201478069e-01 -3.299999999999999462e-02
-3.099999999999999423e-01 9.694755650858438711e-01 -3.099999999999999631e-02
-2.899999999999999800e-01 9.714164327417932343e-01 -2.899999999999999800e-02
-2.700000000000000178e-01 9.733612110470062362e-01 -2.700000000000000316e-02
-2.500000000000000000e-01 9.753098927109601357e-01 -2.500000000000000139e-02
-2.299999999999999822e-01 9.772624756329997275e-01 -2.299999999999999961e-02
-2.099999999999999645e-01 9.792189635019555860e-01 -2.099999999999999784e-02
-1.899999999999999467e-01 9.811793640299464325e-01 -1.899999999999999606e-02
-1.699999999999999845e-01 9.831436866460632196e-01 -1.699999999999999775e-02
-1.500000000000000222e-01 9.851119408441031400e-01 -1.500000000000000291e-02
-1.300000000000000044e-01 9.870841354844761550e-01 -1.300000000000000114e-02
-1.099999999999999867e-01 9.890602787918223449e-01 -1.099999999999999936e-02
-8.999999999999996891e-02 9.910403786435419971e-01 -8.999999999999997585e-03
-6.999999999999995115e-02 9.930244428247185784e-01 -6.999999999999995809e-03
-4.999999999999998890e-02 9.950124791446057770e-01 -4.999999999999999237e-03
-3.000000000000002665e-02 9.970044954902941292e-01 -3.000000000000002665e-03
-1.000000000000000888e-02 9.990004998244013112e-01 -1.000000000000000888e-03
1.000000000000000888e-02 1.682803409245931636e+00 5.100000000000000089e-01
3.000000000000002665e-02 1.716802872349443287e+00 5.300000000000000266e-01
5.000000000000004441e-02 1.751489262710562711e+00 5.500000000000000444e-01
7.000000000000006217e-02 1.786876459051867094e+00 5.700000000000000622e-01
9.000000000000007994e-02 1.822978620484009493e+00 5.900000000000000799e-01
1.100000000000000977e-01 1.859810192171942544e+00 6.100000000000000977e-01
1.300000000000001155e-01 1.897385911125286651e+00 6.300000000000001155e-01
1.500000000000000222e-01 1.935720812113645106e+00 6.500000000000000222e-01
1.699999999999999289e-01 1.974830233703923410e+00 6.699999999999999289e-01
1.899999999999999467e-01 2.014724491680722540e+00 6.899999999999999467e-01
2.099999999999999645e-01 2.055424572243286008e+00 7.099999999999999645e-01
2.299999999999999822e-01 2.096946957539246537e+00 7.299999999999999822e-01
2.500000000000000000e-01 2.139308062430149704e+00 7.500000000000000000e-01
2.700000000000000178e-01 2.182524962908978239e+00 7.700000000000000178e-01
2.900000000000000355e-01 2.226614893061810818e+00 7.900000000000000355e-01
3.100000000000000533e-01 2.271595496994494034e+00 8.100000000000000533e-01
3.300000000000000711e-01 2.317484771232867224e+00 8.300000000000000711e-01
3.500000000000000888e-01 2.364301068823805529e+00 8.500000000000000888e-01
3.700000000000001066e-01 2.412063117558029823e+00 8.700000000000001066e-01
3.900000000000001243e-01 2.460790022656847320e+00 8.900000000000001243e-01
4.100000000000000311e-01 2.510501275532989851e+00 9.100000000000000311e-01
4.299999999999999378e-01 2.561216762094146393e+00 9.299999999999999378e-01
4.499999999999999556e-01 2.612956769568950399e+00 9.499999999999999556e-01
4.699999999999999734e-01 2.665741996522699608e+00 9.699999999999999734e-01
4.899999999999999911e-01 2.719593557504925041e+00 9.899999999999999911e-01
5.100000000000000089e-01 4.199151035883515348e+00 1.410000000000000142e+00
5.300000000000000266e-01 4.283990945814805329e+00 1.430000000000000160e+00
5.500000000000000444e-01 4.370544968948309794e+00 1.450000000000000178e+00
5.700000000000000622e-01 4.458847736938732709e+00 1.470000000000000195e+00
5.900000000000000799e-01 4.548934581863691484e+00 1.490000000000000213e+00
6.100000000000000977e-01 4.640841547003867973e+00 1.510000000000000231e+00
6.300000000000001155e-01 4.734605410075790388e+00 1.530000000000000249e+00
6.500000000000001332e-01 4.830263674786682948e+00 1.550000000000000266e+00
6.700000000000000400e-01 4.927854646911942638e+00 1.570000000000000062e+00
6.899999999999999467e-01 5.027403982888322354e+00 1.589999999999999858e+00
7.099999999999999645e-01 5.128964267115193820e+00 1.609999999999999876e+00
7.299999999999999822e-01 5.232576052308175463e+00 1.629999999999999893e+00
7.500000000000000000e-01 5.338281809383627063e+00 1.649999999999999911e+00
7.700000000000000178e-01 5.446120166907105542e+00 1.669999999999999929e+00
7.900000000000000355e-01 5.556144609713644655e+00 1.689999999999999947e+00
8.100000000000000533e-01 5.668371570483270006e+00 1.709999999999999964e+00
8.300000000000000711e-01 5.782918613704969069e+00 1.729999999999999982e+00
8.500000000000000888e-01 5.899640235673357935e+00 1.750000000000000000e+00
8.700000000000001066e-01 6.019086854785340890e+00 1.770000000000000018e+00
8.900000000000001243e-01 6.139979950387053798e+00 1.790000000000000036e+00
9.100000000000000311e-01 6.265859847693652007e+00 1.810000000000000053e+00
9.299999999999999378e-01 6.387581903615609846e+00 1.830000000000000071e+00
9.499999999999999556e-01 6.529399200146787763e+00 1.850000000000000089e+00
9.699999999999999734e-01 6.627601244385955326e+00 1.870000000000000107e+00
9.899999999999999911e-01 6.849867414790820064e+00 1.890000000000000124e+00
