-9.899999999999999911e-01 9.057446129653017319e-01 -9.900000000000000466e-02
-9.699999999999999734e-01 9.075558937449794694e-01 -9.700000000000000289e-02
-9.499999999999999556e-01 9.093741713755564282e-01 -9.500000000000000111e-02
-9.299999999999999378e-01 9.111942421284928706e-01 -9.299999999999999933e-02
-9.100000000000000311e-01 9.130185256124491167e-01 -9.100000000000001144e-02
-8.900000000000000133e-01 9.148463963663475695e-01 -8.900000000000000966e-02
-8.699999999999999956e-01 9.166779168600465155e-01 -8.700000000000000788e-02
-8.499999999999999778e-01 9.185131084304294369e-01 -8.500000000000000611e-02
-8.300000000000000711e-01 9.203519726237497922e-01 -8.300000000000001821e-02
-8.100000000000000533e-01 9.221945185297248937e-01 -8.100000000000001643e-02
-7.900000000000000355e-01 9.240407531903029881e-01 -7.900000000000001465e-02
-7.700000000000000178e-01 9.258906840099545565e-01 -7.700000000000001288e-02
-7.500000000000000000e-01 9.277443183995335296e-01 -7.500000000000001110e-02
-7.299999999999999822e-01 9.296016637592470211e-01 -7.299999999999999545e-02
-7.099999999999999645e-01 9.314627275142988161e-01 -7.099999999999999367e-02
-6.899999999999999467e-01 9.333275171304170614e-01 -6.899999999999999190e-02
-6.699999999999999289e-01 9.351960401034566939e-01 -6.699999999999999012e-02
-6.499999999999999112e-01 9.370683038889806582e-01 -6.499999999999998834e-02
-6.300000000000000044e-01 9.389443158578194559e-01 -6.300000000000000044e-02
-6.099999999999999867e-01 9.408240834164378619e-01 -6.099999999999999867e-02
-5.900000000000000799e-01 9.427076142542347714e-01 -5.900000000000001077e-02
-5.700000000000000622e-01 9.445949163771178991e-01 -5.700000000000000899e-02
-5.500000000000000444e-01 9.464859976024083688e-01 -5.500000000000000722e-02
-5.300000000000000266e-01 9.483808647966176508e-01 -5.300000000000000544e-02
-5.100000000000000089e-01 9.502795238444912140e-01 -5.100000000000000366e-02
-4.899999999999999911e-01 9.521819811354802487e-01 -4.900000000000000189e-02
-4.699999999999999734e-01 9.540882458801261956e-01 -4.700000000000000011e-02
-4.499999999999999556e-01 9.559983309659356721e-01 -4.499999999999999833e-02
-4.299999999999999933e-01 9.579122502233400338e-01 -4.300000000000000350e-02
-4.100000000000000311e-01 9.598300125556007423e-01 -4.100000000000000866e-02
-3.900000000000000133e-01 9.617516166376796072e-01 -3.900000000000000688e-02
-3.699999999999999956e-01 9.636770508380441136e-01 -3.699999999999999817e-02
-3.499999999999999778e-01 9.656063002088853819e-01 -3.499999999999999639e-02
-3.299999999999999600e-01 9.675393575239567001e-01 -3.299999999999999462e-02
-3.099999999999999423e-01 9.694762320835648151e-01 -3.099999999999999631e-02
-2.899999999999999800e-01 9.714169509445209627e-01 -2.899999999999999800e-02
-2.700000000000000178e-01 9.733615517504990988e-01 -2.700000000000000316e-02
-2.500000000000000000e-01 9.753100712039429743e-01 -2.500000000000000139e-02
-2.299999999999999822e-01 9.772625352200492443e-01 -2.299999999999999961e-02
-2.099999999999999645e-01 9.792189550544461163e-01 -2.099999999999999784e-02
-1.899999999999999467e-01 9.811793298940293395e-01 -1.899999999999999606e-02
-1.699999999999999845e-01 9.831436531811958979e-01 -1.699999999999999775e-02
-1.500000000000000222e-01 9.851119189617584260e-01 -1.500000000000000291e-02
-1.300000000000000044e-01 9.870841257034685956e-01 -1.300000000000000114e-02
-1.099999999999999867e-01 9.890602770398292387e-01 -1.099999999999999936e-02
-8.999999999999996891e-02 9.910403804216674217e-01 -8.999999999999997585e-03
-6.999999999999995115e-02 9.930244451278225082e-01 -6.999999999999995809e-03
-4.999999999999998890e-02 9.950124806937876709e-01 -4.999999999999999237e-03
-3.000000000000002665e-02 9.970044961516560944e-01 -3.000000000000002665e-03
-1.000000000000000888e-02 9.990004999726457280e-01 -1.000000000000000888e-03
1.000000000000000888e-02 1.682803409203408096e+00 5.100000000000000089e-01
3.000000000000002665e-02 1.716802872154385318e+00 5.300000000000000266e-01
5.000000000000004441e-02 1.751489262458171714e+00 5.500000000000000444e-01
7.000000000000006217e-02 1.786876458784895316e+00 5.700000000000000622e-01
9.000000000000007994e-02 1.822978620218392853e+00 5.900000000000000799e-01
1.100000000000000977e-01 1.859810191928176426e+00 6.100000000000000977e-01
1.300000000000001155e-01 1.897385910948816701e+00 6.300000000000001155e-01
1.500000000000000222e-01 1.935720812074321229e+00 6.500000000000000222e-01
1.699999999999999289e-01 1.974830233871336160e+00 6.699999999999999289e-01
1.899999999999999467e-01 2.014724492083114438e+00 6.899999999999999467e-01
2.099999999999999645e-01 2.055424572824300355e+00 7.099999999999999645e-01
2.299999999999999822e-01 2.096946958132316574e+00 7.299999999999999822e-01
2.500000000000000000e-01 2.139308062770295837e+00 7.500000000000000000e-01
2.700000000000000178e-01 2.182524962692922621e+00 7.700000000000000178e-01
2.900000000000000355e-01 2.226614892049523675e+00 7.900000000000000355e-01
3.100000000000000533e-01 2.271595495134059561e+00 8.100000000000000533e-01
3.300000000000000711e-01 2.317484768765988967e+00 8.300000000000000711e-01
3.500000000000000888e-01 2.364301066336217616e+00 8.500000000000000888e-01
3.700000000000001066e-01 2.412063115943580360e+00 8.700000000000001066e-01
3.900000000000001243e-01 2.460790022928425635e+00 8.900000000000001243e-01
4.100000000000000311e-01 2.510501278671136038e+00 9.100000000000000311e-01
4.299999999999999378e-01 2.561216768466698213e+00 9.299999999999999378e-01
4.499999999999999556e-01 2.612956779205949598e+00 9.499999999999999556e-01
4.699999999999999734e-01 2.665742007745949493e+00 9.699999999999999734e-01
4.899999999999999911e-01 2.719593568745308332e+00 9.899999999999999911e-01
5.100000000000000089e-01 4.199151050778510808e+00 1.410000000000000142e+00
5.300000000000000266e-01 4.283990956323522781e+00 1.430000000000000160e+00
5.500000000000000444e-01 4.370544972705680209e+00 1.450000000000000178e+00
5.700000000000000622e-01 4.458847731622238797e+00 1.470000000000000195e+00
5.900000000000000799e-01 4.548934565385565953e+00 1.490000000000000213e+00
6.100000000000000977e-01 4.640841517716328468e+00 1.510000000000000231e+00
6.300000000000001155e-01 4.734605366973597462e+00 1.530000000000000249e+00
6.500000000000001332e-01 4.830263617691890055e+00 1.550000000000000266e+00
6.700000000000000400e-01 4.927854576632563877e+00 1.570000000000000062e+00
6.899999999999999467e-01 5.027403901321561897e+00 1.589999999999999858e+00
7.099999999999999645e-01 5.128964177323446449e+00 1.609999999999999876e+00
7.299999999999999822e-01 5.232575958531684890e+00 1.629999999999999893e+00
7.500000000000000000e-01 5.338281716980714187e+00 1.649999999999999911e+00
7.700000000000000178e-01 5.446120082252664751e+00 1.669999999999999929e+00
7.900000000000000355e-01 5.556144540009257504e+00 1.689999999999999947e+00
8.100000000000000533e-01 5.668371523516887223e+00 1.709999999999999964e+00
8.300000000000000711e-01 5.782918597673092798e+00 1.729999999999999982e+00
8.500000000000000888e-01 5.899640258372579993e+00 1.750000000000000000e+00
8.700000000000001066e-01 6.019086924906480007e+00 1.770000000000000018e+00
8.900000000000001243e-01 6.139980072004554756e+00 1.790000000000000036e+00
9.100000000000000311e-01 6.265860034737247730e+00 1.810000000000000053e+00
9.299999999999999378e-01 6.387582138219645600e+00 1.830000000000000071e+00
9.499999999999999556e-01 6.529399543160367081e+00 1.850000000000000089e+00
9.699999999999999734e-01 6.627601544192192051e+00 1.870000000000000107e+00
9.899999999999999911e-01 6.849868052392883655e+00 1.890000000000000124e+00
