-9.899999999999999911e-01 9.057446379355312827e-01 -9.900000000000000466e-02
-9.699999999999999734e-01 9.075558682342678152e-01 -9.700000000000000289e-02
-9.499999999999999556e-01 9.093738981940799881e-01 -9.500000000000000111e-02
-9.299999999999999378e-01 9.111936521100589825e-01 -9.299999999999999933e-02
-9.100000000000000311e-01 9.130177431937961385e-01 -9.100000000000001144e-02
-8.900000000000000133e-01 9.148455615874750979e-01 -8.900000000000000966e-02
-8.699999999999999956e-01 9.166770815847158360e-01 -8.700000000000000788e-02
-8.499999999999999778e-01 9.185122752229440968e-01 -8.500000000000000611e-02
-8.300000000000000711e-01 9.203511411603887415e-01 -8.300000000000001821e-02
-8.100000000000000533e-01 9.221936899892839712e-01 -8.100000000000001643e-02
-7.900000000000000355e-01 9.240399256103069003e-01 -7.900000000000001465e-02
-7.700000000000000178e-01 9.258898547300075110e-01 -7.700000000000001288e-02
-7.500000000000000000e-01 9.277434866322293860e-01 -7.500000000000001110e-02
-7.299999999999999822e-01 9.296008299380338347e-01 -7.299999999999999545e-02
-7.099999999999999645e-01 9.314618920397719215e-01 -7.099999999999999367e-02
-6.899999999999999467e-01 9.333266800599059332e-01 -6.899999999999999190e-02
-6.699999999999999289e-01 9.351952013428870281e-01 -6.699999999999999012e-02
-6.499999999999999112e-01 9.370674633815501142e-01 -6.499999999999998834e-02
-6.300000000000000044e-01 9.389434736895827527e-01 -6.300000000000000044e-02
-6.099999999999999867e-01 9.408232397756846055e-01 -6.099999999999999867e-02
-5.900000000000000799e-01 9.427067691569773755e-01 -5.900000000000001077e-02
-5.700000000000000622e-01 9.445940693665241250e-01 -5.700000000000000899e-02
-5.500000000000000444e-01 9.464851479534927003e-01 -5.500000000000000722e-02
-5.300000000000000266e-01 9.483800124822985289e-01 -5.300000000000000544e-02
-5.100000000000000089e-01 9.502786705324254291e-01 -5.100000000000000366e-02
-4.899999999999999911e-01 9.521811296985041029e-01 -4.900000000000000189e-02
-4.699999999999999734e-01 9.540873975903709781e-01 -4.700000000000000011e-02
-4.499999999999999556e-01 9.559974818330999602e-01 -4.499999999999999833e-02
-4.299999999999999933e-01 9.579113900670306325e-01 -4.300000000000000350e-02
-4.100000000000000311e-01 9.598291299477987870e-01 -4.100000000000000866e-02
-3.900000000000000133e-01 9.617507091463666224e-01 -3.900000000000000688e-02
-3.699999999999999956e-01 9.636761353490533866e-01 -3.699999999999999817e-02
-3.499999999999999778e-01 9.656054162575644639e-01 -3.499999999999999639e-02
-3.299999999999999600e-01 9.675385595890482193e-01 -3.299999999999999462e-02
-3.099999999999999423e-01 9.694755730758546353e-01 -3.099999999999999631e-02
-2.899999999999999800e-01 9.714164644682052874e-01 -2.899999999999999800e-02
-2.700000000000000178e-01 9.733612415103438664e-01 -2.700000000000000316e-02
-2.500000000000000000e-01 9.753099121410608863e-01 -2.500000000000000139e-02
-2.299999999999999822e-01 9.772624829420744064e-01 -2.299999999999999961e-02
-2.099999999999999645e-01 9.792189701247144828e-01 -2.099999999999999784e-02
-1.899999999999999467e-01 9.811793290027792658e-01 -1.899999999999999606e-02
-1.699999999999999845e-01 9.831438597620423270e-01 -1.699999999999999775e-02
-1.500000000000000222e-01 9.851111462262284180e-01 -1.500000000000000291e-02
-1.300000000000000044e-01 9.870871136448338135e-01 -1.300000000000000114e-02
-1.099999999999999867e-01 9.890516038756897998e-01 -1.099999999999999936e-02
-8.999999999999996891e-02 9.910571621451400581e-01 -8.999999999999997585e-03
-6.999999999999995115e-02 9.930149437745501295e-01 -6.999999999999995809e-03
-4.999999999999998890e-02 9.949663775517095798e-01 -4.999999999999999237e-03
-3.000000000000002665e-02 9.970730693709585202e-01 -3.000000000000002665e-03
-1.000000000000000888e-02 9.992610286054506297e-01 -1.000000000000000888e-03
1.000000000000000888e-02 1.682970959689249923e+00 5.100000000000000089e-01
3.000000000000002665e-02 1.716113486419189593e+00 5.300000000000000266e-01
5.000000000000004441e-02 1.749979080832782197e+00 5.500000000000000444e-01
7.000000000000006217e-02 1.785830120890569805e+00 5.700000000000000622e-01
9.000000000000007994e-02 1.824142010417738380e+00 5.900000000000000799e-01
1.100000000000000977e-01 1.863505475469596995e+00 6.100000000000000977e-01
1.300000000000001155e-01 1.901393397586170320e+00 6.300000000000001155e-01
1.500000000000000222e-01 1.936256310155658023e+00 6.500000000000000222e-01
1.699999999999999289e-01 1.968863015226043345e+00 6.699999999999999289e-01
1.899999999999999467e-01 2.001614244530935061e+00 6.899999999999999467e-01
2.099999999999999645e-01 2.036750641355787206e+00 7.099999999999999645e-01
2.299999999999999822e-01 2.075111642185737626e+00 7.299999999999999822e-01
2.500000000000000000e-01 2.116226118077275675e+00 7.500000000000000000e-01
2.700000000000000178e-01 2.159144992132432606e+00 7.700000000000000178e-01
2.900000000000000355e-01 2.203133106508145644e+00 7.900000000000000355e-01
3.100000000000000533e-01 2.247878275769917167e+00 8.100000000000000533e-01
3.300000000000000711e-01 2.293366250938548845e+00 8.300000000000000711e-01
3.500000000000000888e-01 2.339689473934278396e+00 8.500000000000000888e-01
3.700000000000001066e-01 2.386930626875916062e+00 8.700000000000001066e-01
3.900000000000001243e-01 2.435133228190465182e+00 8.900000000000001243e-01
4.100000000000000311e-01 2.484320184295618184e+00 9.100000000000000311e-01
4.299999999999999378e-01 2.534508777297189042e+00 9.299999999999999378e-01
4.499999999999999556e-01 2.585710917134642184e+00 9.499999999999999556e-01
4.699999999999999734e-01 2.637942732895800280e+00 9.699999999999999734e-01
4.899999999999999911e-01 2.691226744990442121e+00 9.899999999999999911e-01
5.100000000000000089e-01 4.155349072358131224e+00 1.410000000000000142e+00
5.300000000000000266e-01 4.239312496074047587e+00 1.430000000000000160e+00
5.500000000000000444e-01 4.324988821417655949e+00 1.450000000000000178e+00
5.700000000000000622e-01 4.412406403863041504e+00 1.470000000000000195e+00
5.900000000000000799e-01 4.501574333889533541e+00 1.490000000000000213e+00
6.100000000000000977e-01 4.592485861747283238e+00 1.510000000000000231e+00
6.300000000000001155e-01 4.685148757381830009e+00 1.530000000000000249e+00
6.500000000000001332e-01 4.779638604992857864e+00 1.550000000000000266e+00
6.700000000000000400e-01 4.876126880582793532e+00 1.570000000000000062e+00
6.899999999999999467e-01 4.974811507826920831e+00 1.589999999999999858e+00
7.099999999999999645e-01 5.075812118918143767e+00 1.609999999999999876e+00
7.299999999999999822e-01 5.178975378017705467e+00 1.629999999999999893e+00
7.500000000000000000e-01 5.283879539907464284e+00 1.649999999999999911e+00
7.700000000000000178e-01 5.390071490206379323e+00 1.669999999999999929e+00
7.900000000000000355e-01 5.497457859780192635e+00 1.689999999999999947e+00
8.100000000000000533e-01 5.606601049305334428e+00 1.709999999999999964e+00
8.300000000000000711e-01 5.718652667850406601e+00 1.729999999999999982e+00
8.500000000000000888e-01 5.834867915405725469e+00 1.750000000000000000e+00
8.700000000000001066e-01 5.955896311719631520e+00 1.770000000000000018e+00
8.900000000000001243e-01 6.081257493260332048e+00 1.790000000000000036e+00
9.100000000000000311e-01 6.209274793600949138e+00 1.810000000000000053e+00
9.299999999999999378e-01 6.337055754145835884e+00 1.830000000000000071e+00
9.499999999999999556e-01 6.464272780890464531e+00 1.850000000000000089e+00
9.699999999999999734e-01 6.579818206832972471e+00 1.870000000000000107e+00
9.899999999999999911e-01 6.722200793912290528e+00 1.890000000000000124e+00
