-9.899999999999999911e-01 9.057446129652675371e-01 -9.900000000000000466e-02
-9.699999999999999734e-01 9.075558937470631360e-01 -9.700000000000000289e-02
-9.499999999999999556e-01 9.093741713761650525e-01 -9.500000000000000111e-02
-9.299999999999999378e-01 9.111942421160537098e-01 -9.299999999999999933e-02
-9.100000000000000311e-01 9.130185256047635978e-01 -9.100000000000001144e-02
-8.900000000000000133e-01 9.148463964172521834e-01 -8.900000000000000966e-02
-8.699999999999999956e-01 9.166779169247354364e-01 -8.700000000000000788e-02
-8.499999999999999778e-01 9.185131082886364151e-01 -8.500000000000000611e-02
-8.300000000000000711e-01 9.203519722590001173e-01 -8.300000000000001821e-02
-8.100000000000000533e-01 9.221945186297639818e-01 -8.100000000000001643e-02
-7.900000000000000355e-01 9.240407545142652612e-01 -7.900000000000001465e-02
-7.700000000000000178e-01 9.258906854415768217e-01 -7.700000000000001288e-02
-7.500000000000000000e-01 9.277443164010845678e-01 -7.500000000000001110e-02
-7.299999999999999822e-01 9.296016563432275559e-01 -7.299999999999999545e-02
-7.099999999999999645e-01 9.314627206623331546e-01 -7.099999999999999367e-02
-6.899999999999999467e-01 9.333275254031057067e-01 -6.899999999999999190e-02
-6.699999999999999289e-01 9.351960749318822819e-01 -6.699999999999999012e-02
-6.499999999999999112e-01 9.370683543660558446e-01 -6.499999999999998834e-02
-6.300000000000000044e-01 9.389443373236776580e-01 -6.300000000000000044e-02
-6.099999999999999867e-01 9.408240066347141051e-01 -6.099999999999999867e-02
-5.900000000000000799e-01 9.427073728434031130e-01 -5.900000000000001077e-02
-5.700000000000000622e-01 9.445944758180189194e-01 -5.700000000000000899e-02
-5.500000000000000444e-01 9.464853682344442909e-01 -5.500000000000000722e-02
-5.300000000000000266e-01 9.483800932830526165e-01 -5.300000000000000544e-02
-5.100000000000000089e-01 9.502786712022677218e-01 -5.100000000000000366e-02
-4.899999999999999911e-01 9.521811004383959887e-01 -4.900000000000000189e-02
-4.699999999999999734e-01 9.540873686304180978e-01 -4.700000000000000011e-02
-4.499999999999999556e-01 9.559974643619300050e-01 -4.499999999999999833e-02
-4.299999999999999933e-01 9.579113835310772984e-01 -4.300000000000000350e-02
-4.100000000000000311e-01 9.598291296529271044e-01 -4.100000000000000866e-02
-3.900000000000000133e-01 9.617507108971579122e-01 -3.900000000000000688e-02
-3.699999999999999956e-01 9.636761369264073007e-01 -3.699999999999999817e-02
-3.499999999999999778e-01 9.656054170613531662e-01 -3.499999999999999639e-02
-3.299999999999999600e-01 9.675385597966377205e-01 -3.299999999999999462e-02
-3.099999999999999423e-01 9.694755730195437904e-01 -3.099999999999999631e-02
-2.899999999999999800e-01 9.714164643620645245e-01 -2.899999999999999800e-02
-2.700000000000000178e-01 9.733612414591648054e-01 -2.700000000000000316e-02
-2.500000000000000000e-01 9.753099120152813883e-01 -2.500000000000000139e-02
-2.299999999999999822e-01 9.772624837659842356e-01 -2.299999999999999961e-02
-2.099999999999999645e-01 9.792189645618126770e-01 -2.099999999999999784e-02
-1.899999999999999467e-01 9.811793622894131595e-01 -1.899999999999999606e-02
-1.699999999999999845e-01 9.831436846296516263e-01 -1.699999999999999775e-02
-1.500000000000000222e-01 9.851119394882094094e-01 -1.500000000000000291e-02
-1.300000000000000044e-01 9.870841351314010303e-01 -1.300000000000000114e-02
-1.099999999999999867e-01 9.890602789988153232e-01 -1.099999999999999936e-02
-8.999999999999996891e-02 9.910403784007032479e-01 -8.999999999999997585e-03
-6.999999999999995115e-02 9.930244425365750693e-01 -6.999999999999995809e-03
-4.999999999999998890e-02 9.950124798780572988e-01 -4.999999999999999237e-03
-3.000000000000002665e-02 9.970044965651864155e-01 -3.000000000000002665e-03
-1.000000000000000888e-02 9.990005000598070062e-01 -1.000000000000000888e-03
1.000000000000000888e-02 1.682803406740699614e+00 5.100000000000000089e-01
3.000000000000002665e-02 1.716802866192092880e+00 5.300000000000000266e-01
5.000000000000004441e-02 1.751489254422174957e+00 5.500000000000000444e-01
7.000000000000006217e-02 1.786876452828791484e+00 5.700000000000000622e-01
9.000000000000007994e-02 1.822978622282315442e+00 5.900000000000000799e-01
1.100000000000000977e-01 1.859810207212971189e+00 6.100000000000000977e-01
1.300000000000001155e-01 1.897385940393826242e+00 6.300000000000001155e-01
1.500000000000000222e-01 1.935720849097829266e+00 6.500000000000000222e-01
1.699999999999999289e-01 1.974830263101264194e+00 6.699999999999999289e-01
1.899999999999999467e-01 2.014724491638108184e+00 6.899999999999999467e-01
2.099999999999999645e-01 2.055424520449625536e+00 7.099999999999999645e-01
2.299999999999999822e-01 2.096946841288527708e+00 7.299999999999999822e-01
2.500000000000000000e-01 2.139307890653667776e+00 7.500000000000000000e-01
2.700000000000000178e-01 2.182524775927600302e+00 7.700000000000000178e-01
2.900000000000000355e-01 2.226614766655914401e+00 7.900000000000000355e-01
3.100000000000000533e-01 2.271595533405370126e+00 8.100000000000000533e-01
3.300000000000000711e-01 2.317485074593961691e+00 8.300000000000000711e-01
3.500000000000000888e-01 2.364301709203628032e+00 8.500000000000000888e-01
3.700000000000001066e-01 2.412064067861123373e+00 8.700000000000001066e-01
3.900000000000001243e-01 2.460791138805106470e+00 8.900000000000001243e-01
4.100000000000000311e-01 2.510502209822889519e+00 9.100000000000000311e-01
4.299999999999999378e-01 2.561217056313298990e+00 9.299999999999999378e-01
4.499999999999999556e-01 2.612955841392590628e+00 9.499999999999999556e-01
4.699999999999999734e-01 2.665739227689094992e+00 9.699999999999999734e-01
4.899999999999999911e-01 2.719589078809258709e+00 9.899999999999999911e-01
5.100000000000000089e-01 4.199142467639569887e+00 1.410000000000000142e+00
5.300000000000000266e-01 4.283980849185742734e+00 1.430000000000000160e+00
5.500000000000000444e-01 4.370534054983248318e+00 1.450000000000000178e+00
5.700000000000000622e-01 4.458837111727868674e+00 1.470000000000000195e+00
5.900000000000000799e-01 4.548925722592001009e+00 1.490000000000000213e+00
6.100000000000000977e-01 4.640836244306796310e+00 1.510000000000000231e+00
6.300000000000001155e-01 4.734605659771580655e+00 1.530000000000000249e+00
6.500000000000001332e-01 4.830271517708808915e+00 1.550000000000000266e+00
6.700000000000000400e-01 4.927871957583704443e+00 1.570000000000000062e+00
6.899999999999999467e-01 5.027432219699027094e+00 1.589999999999999858e+00
7.099999999999999645e-01 5.129004220463015962e+00 1.609999999999999876e+00
7.299999999999999822e-01 5.232627569864613193e+00 1.629999999999999893e+00
7.500000000000000000e-01 5.338343570405372773e+00 1.649999999999999911e+00
7.700000000000000178e-01 5.446189489201471723e+00 1.669999999999999929e+00
7.900000000000000355e-01 5.556217386479056053e+00 1.689999999999999947e+00
8.100000000000000533e-01 5.668442247080821339e+00 1.709999999999999964e+00
8.300000000000000711e-01 5.782980339326094565e+00 1.729999999999999982e+00
8.500000000000000888e-01 5.899685291244044727e+00 1.750000000000000000e+00
8.700000000000001066e-01 6.019106213110282155e+00 1.770000000000000018e+00
8.900000000000001243e-01 6.139966812494421333e+00 1.790000000000000036e+00
9.100000000000000311e-01 6.265800727267432535e+00 1.810000000000000053e+00
9.299999999999999378e-01 6.387484837767611445e+00 1.830000000000000071e+00
9.499999999999999556e-01 6.529218830144033703e+00 1.850000000000000089e+00
9.699999999999999734e-01 6.627438762973607567e+00 1.870000000000000107e+00
9.899999999999999911e-01 6.849463794852470144e+00 1.890000000000000124e+00
