-9.899999999999999911e-01 9.057446129653503597e-01 -9.900000000000000466e-02
-9.699999999999999734e-01 9.075558937451011499e-01 -9.700000000000000289e-02
-9.499999999999999556e-01 9.093741713751338773e-01 -9.500000000000000111e-02
-9.299999999999999378e-01 9.111942421276998383e-01 -9.299999999999999933e-02
-9.100000000000000311e-01 9.130185256143574790e-01 -9.100000000000001144e-02
-8.900000000000000133e-01 9.148463963706290336e-01 -8.900000000000000966e-02
-8.699999999999999956e-01 9.166779168543939260e-01 -8.700000000000000788e-02
-8.499999999999999778e-01 9.185131084103888011e-01 -8.500000000000000611e-02
-8.300000000000000711e-01 9.203519726296655046e-01 -8.300000000000001821e-02
-8.100000000000000533e-01 9.221945186051263565e-01 -8.100000000000001643e-02
-7.900000000000000355e-01 9.240407532425360948e-01 -7.900000000000001465e-02
-7.700000000000000178e-01 9.258906838188971644e-01 -7.700000000000001288e-02
-7.500000000000000000e-01 9.277443180100332087e-01 -7.500000000000001110e-02
-7.299999999999999822e-01 9.296016638514572605e-01 -7.299999999999999545e-02
-7.099999999999999645e-01 9.314627288102808045e-01 -7.099999999999999367e-02
-6.899999999999999467e-01 9.333275187813875329e-01 -6.899999999999999190e-02
-6.699999999999999289e-01 9.351960390250138033e-01 -6.699999999999999012e-02
-6.499999999999999112e-01 9.370682974844353197e-01 -6.499999999999998834e-02
-6.300000000000000044e-01 9.389443073495340464e-01 -6.300000000000000044e-02
-6.099999999999999867e-01 9.408240843126149944e-01 -6.099999999999999867e-02
-5.900000000000000799e-01 9.427076379676933016e-01 -5.900000000000001077e-02
-5.700000000000000622e-01 9.445949635251622567e-01 -5.700000000000000899e-02
-5.500000000000000444e-01 9.464860423925176569e-01 -5.500000000000000722e-02
-5.300000000000000266e-01 9.483808543590449558e-01 -5.300000000000000544e-02
-5.100000000000000089e-01 9.502793944535463666e-01 -5.100000000000000366e-02
-4.899999999999999911e-01 9.521816827717638487e-01 -4.900000000000000189e-02
-4.699999999999999734e-01 9.540877601999164792e-01 -4.700000000000000011e-02
-4.499999999999999556e-01 9.559976729826168418e-01 -4.499999999999999833e-02
-4.299999999999999933e-01 9.579114561752334334e-01 -4.300000000000000350e-02
-4.100000000000000311e-01 9.598291252459377754e-01 -4.100000000000000866e-02
-3.900000000000000133e-01 9.617506784202352055e-01 -3.900000000000000688e-02
-3.699999999999999956e-01 9.636761056759807209e-01 -3.699999999999999817e-02
-3.499999999999999778e-01 9.656053979644692031e-01 -3.499999999999999639e-02
-3.299999999999999600e-01 9.675385523494683948e-01 -3.299999999999999462e-02
-3.099999999999999423e-01 9.694755724729586799e-01 -3.099999999999999631e-02
-2.899999999999999800e-01 9.714164662795423677e-01 -2.899999999999999800e-02
-2.700000000000000178e-01 9.733612433274444475e-01 -2.700000000000000316e-02
-2.500000000000000000e-01 9.753099130368445557e-01 -2.500000000000000139e-02
-2.299999999999999822e-01 9.772624840879458041e-01 -2.299999999999999961e-02
-2.099999999999999645e-01 9.792189645372568751e-01 -2.099999999999999784e-02
-1.899999999999999467e-01 9.811793621281872380e-01 -1.899999999999999606e-02
-1.699999999999999845e-01 9.831436845437968586e-01 -1.699999999999999775e-02
-1.500000000000000222e-01 9.851119395615562935e-01 -1.500000000000000291e-02
-1.300000000000000044e-01 9.870841350333372510e-01 -1.300000000000000114e-02
-1.099999999999999867e-01 9.890602787877188495e-01 -1.099999999999999936e-02
-8.999999999999996891e-02 9.910403787365152928e-01 -8.999999999999997585e-03
-6.999999999999995115e-02 9.930244429311296805e-01 -6.999999999999995809e-03
-4.999999999999998890e-02 9.950124792717851552e-01 -4.999999999999999237e-03
-3.000000000000002665e-02 9.970044955566719214e-01 -3.000000000000002665e-03
-1.000000000000000888e-02 9.990004997545214316e-01 -1.000000000000000888e-03
1.000000000000000888e-02 1.682803408905932940e+00 5.100000000000000089e-01
3.000000000000002665e-02 1.716802871835513722e+00 5.300000000000000266e-01
5.000000000000004441e-02 1.751489262253857593e+00 5.500000000000000444e-01
7.000000000000006217e-02 1.786876459015668495e+00 5.700000000000000622e-01
9.000000000000007994e-02 1.822978621214535799e+00 5.900000000000000799e-01
1.100000000000000977e-01 1.859810193773163700e+00 6.100000000000000977e-01
1.300000000000001155e-01 1.897385913246556477e+00 6.300000000000001155e-01
1.500000000000000222e-01 1.935720813868962775e+00 6.500000000000000222e-01
1.699999999999999289e-01 1.974830233833504867e+00 6.699999999999999289e-01
1.899999999999999467e-01 2.014724488978753225e+00 6.899999999999999467e-01
2.099999999999999645e-01 2.055424566164218536e+00 7.099999999999999645e-01
2.299999999999999822e-01 2.096946948819414125e+00 7.299999999999999822e-01
2.500000000000000000e-01 2.139308053457306791e+00 7.500000000000000000e-01
2.700000000000000178e-01 2.182524957574263347e+00 7.700000000000000178e-01
2.900000000000000355e-01 2.226614895991366083e+00 7.900000000000000355e-01
3.100000000000000533e-01 2.271595512145672124e+00 8.100000000000000533e-01
3.300000000000000711e-01 2.317484800117211030e+00 8.300000000000000711e-01
3.500000000000000888e-01 2.364301108907258531e+00 8.500000000000000888e-01
3.700000000000001066e-01 2.412063160762957459e+00 8.700000000000001066e-01
3.900000000000001243e-01 2.460790056227563305e+00 8.900000000000001243e-01
4.100000000000000311e-01 2.510501281493106696e+00 9.100000000000000311e-01
4.299999999999999378e-01 2.561216724142527212e+00 9.299999999999999378e-01
4.499999999999999556e-01 2.612956671746307080e+00 9.499999999999999556e-01
4.699999999999999734e-01 2.665741835514096270e+00 9.699999999999999734e-01
4.899999999999999911e-01 2.719593349670557103e+00 9.899999999999999911e-01
5.100000000000000089e-01 4.199150688629559092e+00 1.410000000000000142e+00
5.300000000000000266e-01 4.283990589206070787e+00 1.430000000000000160e+00
5.500000000000000444e-01 4.370544637713013714e+00 1.450000000000000178e+00
5.700000000000000622e-01 4.458847474252494614e+00 1.470000000000000195e+00
5.900000000000000799e-01 4.548934437140736087e+00 1.490000000000000213e+00
6.100000000000000977e-01 4.640841573122499675e+00 1.510000000000000231e+00
6.300000000000001155e-01 4.734605659829131952e+00 1.530000000000000249e+00
6.500000000000001332e-01 4.830264196668361265e+00 1.550000000000000266e+00
6.700000000000000400e-01 4.927855480331016835e+00 1.570000000000000062e+00
6.899999999999999467e-01 5.027405153117996406e+00 1.589999999999999858e+00
7.099999999999999645e-01 5.128965780562955601e+00 1.609999999999999876e+00
7.299999999999999822e-01 5.232577891566332795e+00 1.629999999999999893e+00
7.500000000000000000e-01 5.338283929233259784e+00 1.649999999999999911e+00
7.700000000000000178e-01 5.446122491144423705e+00 1.669999999999999929e+00
7.900000000000000355e-01 5.556147028891057715e+00 1.689999999999999947e+00
8.100000000000000533e-01 5.668373943526573200e+00 1.709999999999999964e+00
8.300000000000000711e-01 5.782920762232394374e+00 1.729999999999999982e+00
8.500000000000000888e-01 5.899641969443194078e+00 1.750000000000000000e+00
8.700000000000001066e-01 6.019087913312286098e+00 1.770000000000000018e+00
8.900000000000001243e-01 6.139980184640418948e+00 1.790000000000000036e+00
9.100000000000000311e-01 6.265858770319226778e+00 1.810000000000000053e+00
9.299999999999999378e-01 6.387579873847350598e+00 1.830000000000000071e+00
9.499999999999999556e-01 6.529394509875896091e+00 1.850000000000000089e+00
9.699999999999999734e-01 6.627597276948574034e+00 1.870000000000000107e+00
9.899999999999999911e-01 6.849855602988921710e+00 1.890000000000000124e+00
