-9.899999999999999911e-01 9.057446129451950378e-01 -9.900000000000000466e-02
-9.699999999999999734e-01 9.075558896448236990e-01 -9.700000000000000289e-02
-9.499999999999999556e-01 9.093741683188665270e-01 -9.500000000000000111e-02
-9.299999999999999378e-01 9.111942627808518047e-01 -9.299999999999999933e-02
-9.100000000000000311e-01 9.130185699958457413e-01 -9.100000000000001144e-02
-8.900000000000000133e-01 9.148463916438355215e-01 -8.900000000000000966e-02
-8.699999999999999956e-01 9.166777421062581865e-01 -8.700000000000000788e-02
-8.499999999999999778e-01 9.185126850445869406e-01 -8.500000000000000611e-02
-8.300000000000000711e-01 9.203513201601357663e-01 -8.300000000000001821e-02
-8.100000000000000533e-01 9.221937242908883059e-01 -8.100000000000001643e-02
-7.900000000000000355e-01 9.240399044681123497e-01 -7.900000000000001465e-02
-7.700000000000000178e-01 9.258898297165342184e-01 -7.700000000000001288e-02
-7.500000000000000000e-01 9.277434727107206625e-01 -7.500000000000001110e-02
-7.299999999999999822e-01 9.296008251747855944e-01 -7.299999999999999545e-02
-7.099999999999999645e-01 9.314618917435872891e-01 -7.099999999999999367e-02
-6.899999999999999467e-01 9.333266811244529393e-01 -6.899999999999999190e-02
-6.699999999999999289e-01 9.351952022924832075e-01 -6.699999999999999012e-02
-6.499999999999999112e-01 9.370674638055104255e-01 -6.499999999999998834e-02
-6.300000000000000044e-01 9.389434737328488101e-01 -6.300000000000000044e-02
-6.099999999999999867e-01 9.408232396978388756e-01 -6.099999999999999867e-02
-5.900000000000000799e-01 9.427067691009247685e-01 -5.900000000000001077e-02
-5.700000000000000622e-01 9.445940693524510490e-01 -5.700000000000000899e-02
-5.500000000000000444e-01 9.464851479574529769e-01 -5.500000000000000722e-02
-5.300000000000000266e-01 9.483800124868108083e-01 -5.300000000000000544e-02
-5.100000000000000089e-01 9.502786705337705753e-01 -5.100000000000000366e-02
-4.899999999999999911e-01 9.521811296983350159e-01 -4.900000000000000189e-02
-4.699999999999999734e-01 9.540873975900904247e-01 -4.700000000000000011e-02
-4.499999999999999556e-01 9.559974818330148061e-01 -4.499999999999999833e-02
-4.299999999999999933e-01 9.579113900670286341e-01 -4.300000000000000350e-02
-4.100000000000000311e-01 9.598291299478507455e-01 -4.100000000000000866e-02
-3.900000000000000133e-01 9.617507091461269253e-01 -3.900000000000000688e-02
-3.699999999999999956e-01 9.636761353503716654e-01 -3.699999999999999817e-02
-3.499999999999999778e-01 9.656054162508148631e-01 -3.499999999999999639e-02
-3.299999999999999600e-01 9.675385596209864492e-01 -3.299999999999999462e-02
-3.099999999999999423e-01 9.694755729369703978e-01 -3.099999999999999631e-02
-2.899999999999999800e-01 9.714164650168657378e-01 -2.899999999999999800e-02
-2.700000000000000178e-01 9.733612395720228072e-01 -2.700000000000000316e-02
-2.500000000000000000e-01 9.753099181125398642e-01 -2.500000000000000139e-02
-2.299999999999999822e-01 9.772624676529833021e-01 -2.299999999999999961e-02
-2.099999999999999645e-01 9.792189987456967337e-01 -2.099999999999999784e-02
-1.899999999999999467e-01 9.811793124718939385e-01 -1.899999999999999606e-02
-1.699999999999999845e-01 9.831437027177575283e-01 -1.699999999999999775e-02
-1.500000000000000222e-01 9.851120719105439516e-01 -1.500000000000000291e-02
-1.300000000000000044e-01 9.870837833841077380e-01 -1.300000000000000114e-02
-1.099999999999999867e-01 9.890604774459157422e-01 -1.099999999999999936e-02
-8.999999999999996891e-02 9.910411872165074687e-01 -8.999999999999997585e-03
-6.999999999999995115e-02 9.930231603871990664e-01 -6.999999999999995809e-03
-4.999999999999998890e-02 9.950107413944329071e-01 -4.999999999999999237e-03
-3.000000000000002665e-02 9.970067720700148683e-01 -3.000000000000002665e-03
-1.000000000000000888e-02 9.990113140874781195e-01 -1.000000000000000888e-03
1.000000000000000888e-02 1.682822597521308916e+00 5.100000000000000089e-01
3.000000000000002665e-02 1.716802797752302379e+00 5.300000000000000266e-01
5.000000000000004441e-02 1.751442981245573849e+00 5.500000000000000444e-01
7.000000000000006217e-02 1.786778308374718627e+00 5.700000000000000622e-01
9.000000000000007994e-02 1.822881480294587409e+00 5.900000000000000799e-01
1.100000000000000977e-01 1.859832230333741787e+00 6.100000000000000977e-01
1.300000000000001155e-01 1.897638542309307841e+00 6.300000000000001155e-01
1.500000000000000222e-01 1.936168281798405388e+00 6.500000000000000222e-01
1.699999999999999289e-01 1.975195146947986924e+00 6.699999999999999289e-01
1.899999999999999467e-01 2.014579633741645281e+00 6.899999999999999467e-01
2.099999999999999645e-01 2.054494026756820357e+00 7.099999999999999645e-01
2.299999999999999822e-01 2.095452857671645575e+00 7.299999999999999822e-01
2.500000000000000000e-01 2.138067680295972828e+00 7.500000000000000000e-01
2.700000000000000178e-01 2.182627152779812008e+00 7.700000000000000178e-01
2.900000000000000355e-01 2.228783503102327312e+00 7.900000000000000355e-01
3.100000000000000533e-01 2.275577539093856849e+00 8.100000000000000533e-01
3.300000000000000711e-01 2.321826079219465822e+00 8.300000000000000711e-01
3.500000000000000888e-01 2.366681162943750305e+00 8.500000000000000888e-01
3.700000000000001066e-01 2.410061034532596569e+00 8.700000000000001066e-01
3.900000000000001243e-01 2.452710867354628288e+00 8.900000000000001243e-01
4.100000000000000311e-01 2.495862828807165368e+00 9.100000000000000311e-01
4.299999999999999378e-01 2.540719145952914371e+00 9.299999999999999378e-01
4.499999999999999556e-01 2.588017084165553872e+00 9.499999999999999556e-01
4.699999999999999734e-01 2.637972304449141436e+00 9.699999999999999734e-01
4.899999999999999911e-01 2.690300593396651063e+00 9.899999999999999911e-01
5.100000000000000089e-01 4.153670543995338527e+00 1.410000000000000142e+00
5.300000000000000266e-01 4.237701613318141547e+00 1.430000000000000160e+00
5.500000000000000444e-01 4.323642954412819428e+00 1.450000000000000178e+00
5.700000000000000622e-01 4.411395753489481208e+00 1.470000000000000195e+00
5.900000000000000799e-01 4.500901906502364547e+00 1.490000000000000213e+00
6.100000000000000977e-01 4.592145151760094635e+00 1.510000000000000231e+00
6.300000000000001155e-01 4.685142661497603278e+00 1.530000000000000249e+00
6.500000000000001332e-01 4.779934276545695582e+00 1.550000000000000266e+00
6.700000000000000400e-01 4.876572649793359915e+00 1.570000000000000062e+00
6.899999999999999467e-01 4.975102308781765181e+00 1.589999999999999858e+00
7.099999999999999645e-01 5.075593288364242284e+00 1.609999999999999876e+00
7.299999999999999822e-01 5.178100746368318852e+00 1.629999999999999893e+00
7.500000000000000000e-01 5.282676496704366009e+00 1.649999999999999911e+00
7.700000000000000178e-01 5.389366672878464826e+00 1.669999999999999929e+00
7.900000000000000355e-01 5.498222865766837941e+00 1.689999999999999947e+00
8.100000000000000533e-01 5.609273352159897641e+00 1.709999999999999964e+00
8.300000000000000711e-01 5.722603920453772197e+00 1.729999999999999982e+00
8.500000000000000888e-01 5.838147569760910649e+00 1.750000000000000000e+00
8.700000000000001066e-01 5.956240732948836047e+00 1.770000000000000018e+00
8.900000000000001243e-01 6.076160291454419493e+00 1.790000000000000036e+00
9.100000000000000311e-01 6.199975882873127730e+00 1.810000000000000053e+00
9.299999999999999378e-01 6.322410064409325514e+00 1.830000000000000071e+00
9.499999999999999556e-01 6.457528482652886481e+00 1.850000000000000089e+00
9.699999999999999734e-01 6.568472014638803813e+00 1.870000000000000107e+00
9.899999999999999911e-01 6.752380779239024022e+00 1.890000000000000124e+00
