-9.899999999999999911e-01 9.057446128963301257e-01 -9.900000000000000466e-02
-9.699999999999999734e-01 9.075558935909547875e-01 -9.700000000000000289e-02
-9.499999999999999556e-01 9.093741719365635578e-01 -9.500000000000000111e-02
-9.299999999999999378e-01 9.111942433821267340e-01 -9.299999999999999933e-02
-9.100000000000000311e-01 9.130185239349071225e-01 -9.100000000000001144e-02
-8.900000000000000133e-01 9.148463892301113010e-01 -8.900000000000000966e-02
-8.699999999999999956e-01 9.166779140995942043e-01 -8.700000000000000788e-02
-8.499999999999999778e-01 9.185131298793365318e-01 -8.500000000000000611e-02
-8.300000000000000711e-01 9.203520195312643315e-01 -8.300000000000001821e-02
-8.100000000000000533e-01 9.221945428364399788e-01 -8.100000000000001643e-02
-7.900000000000000355e-01 9.240406641817737743e-01 -7.900000000000001465e-02
-7.700000000000000178e-01 9.258903969716372195e-01 -7.700000000000001288e-02
-7.500000000000000000e-01 9.277438048830464190e-01 -7.500000000000001110e-02
-7.299999999999999822e-01 9.296009620534617657e-01 -7.299999999999999545e-02
-7.099999999999999645e-01 9.314619116906752705e-01 -7.099999999999999367e-02
-6.899999999999999467e-01 9.333266559559157960e-01 -6.899999999999999190e-02
-6.699999999999999289e-01 9.351951744841113801e-01 -6.699999999999999012e-02
-6.499999999999999112e-01 9.370674477515493761e-01 -6.499999999999998834e-02
-6.300000000000000044e-01 9.389434683243917945e-01 -6.300000000000000044e-02
-6.099999999999999867e-01 9.408232396825977339e-01 -6.099999999999999867e-02
-5.900000000000000799e-01 9.427067705238455497e-01 -5.900000000000001077e-02
-5.700000000000000622e-01 9.445940704753161832e-01 -5.700000000000000899e-02
-5.500000000000000444e-01 9.464851484537134541e-01 -5.500000000000000722e-02
-5.300000000000000266e-01 9.483800125688048865e-01 -5.300000000000000544e-02
-5.100000000000000089e-01 9.502786704652017580e-01 -5.100000000000000366e-02
-4.899999999999999911e-01 9.521811296288649196e-01 -4.900000000000000189e-02
-4.699999999999999734e-01 9.540873975598804790e-01 -4.700000000000000011e-02
-4.499999999999999556e-01 9.559974818301215649e-01 -4.499999999999999833e-02
-4.299999999999999933e-01 9.579113900716423879e-01 -4.300000000000000350e-02
-4.100000000000000311e-01 9.598291299528796117e-01 -4.100000000000000866e-02
-3.900000000000000133e-01 9.617507091426176213e-01 -3.900000000000000688e-02
-3.699999999999999956e-01 9.636761353625160620e-01 -3.699999999999999817e-02
-3.499999999999999778e-01 9.656054162222874604e-01 -3.499999999999999639e-02
-3.299999999999999600e-01 9.675385596650778464e-01 -3.299999999999999462e-02
-3.099999999999999423e-01 9.694755729456212556e-01 -3.099999999999999631e-02
-2.899999999999999800e-01 9.714164646026542949e-01 -2.899999999999999800e-02
-2.700000000000000178e-01 9.733612415981864885e-01 -2.700000000000000316e-02
-2.500000000000000000e-01 9.753099113211136650e-01 -2.500000000000000139e-02
-2.299999999999999822e-01 9.772624853400244671e-01 -2.299999999999999961e-02
-2.099999999999999645e-01 9.792189633509233992e-01 -2.099999999999999784e-02
-1.899999999999999467e-01 9.811793594879703040e-01 -1.899999999999999606e-02
-1.699999999999999845e-01 9.831436938702640127e-01 -1.699999999999999775e-02
-1.500000000000000222e-01 9.851119331960683789e-01 -1.500000000000000291e-02
-1.300000000000000044e-01 9.870841157737939575e-01 -1.300000000000000114e-02
-1.099999999999999867e-01 9.890603188117603750e-01 -1.099999999999999936e-02
-8.999999999999996891e-02 9.910403972295607211e-01 -8.999999999999997585e-03
-6.999999999999995115e-02 9.930243371894863502e-01 -6.999999999999995809e-03
-4.999999999999998890e-02 9.950124437092240370e-01 -4.999999999999999237e-03
-3.000000000000002665e-02 9.970046708750736064e-01 -3.000000000000002665e-03
-1.000000000000000888e-02 9.990009256781684499e-01 -1.000000000000000888e-03
1.000000000000000888e-02 1.682804011355409468e+00 5.100000000000000089e-01
3.000000000000002665e-02 1.716802709712348829e+00 5.300000000000000266e-01
5.000000000000004441e-02 1.751487562907211970e+00 5.500000000000000444e-01
7.000000000000006217e-02 1.786872960014430856e+00 5.700000000000000622e-01
9.000000000000007994e-02 1.822974403546199218e+00 5.900000000000000799e-01
1.100000000000000977e-01 1.859808256754151401e+00 6.100000000000000977e-01
1.300000000000001155e-01 1.897390758532302435e+00 6.300000000000001155e-01
1.500000000000000222e-01 1.935736146847841566e+00 6.500000000000000222e-01
1.699999999999999289e-01 1.974854630441000403e+00 6.699999999999999289e-01
1.899999999999999467e-01 2.014746898158201738e+00 6.899999999999999467e-01
2.099999999999999645e-01 2.055423402983401981e+00 7.099999999999999645e-01
2.299999999999999822e-01 2.096898167355636389e+00 7.299999999999999822e-01
2.500000000000000000e-01 2.139203546971081948e+00 7.500000000000000000e-01
2.700000000000000178e-01 2.182393970943954820e+00 7.700000000000000178e-01
2.900000000000000355e-01 2.226532646356960576e+00 7.900000000000000355e-01
3.100000000000000533e-01 2.271661821814857873e+00 8.100000000000000533e-01
3.300000000000000711e-01 2.317770931952583435e+00 8.300000000000000711e-01
3.500000000000000888e-01 2.364780373451491169e+00 8.500000000000000888e-01
3.700000000000001066e-01 2.412572254448567488e+00 8.700000000000001066e-01
3.900000000000001243e-01 2.461047758876042213e+00 8.900000000000001243e-01
4.100000000000000311e-01 2.510209201588271988e+00 9.100000000000000311e-01
4.299999999999999378e-01 2.560237521528129445e+00 9.299999999999999378e-01
4.499999999999999556e-01 2.611350040521764448e+00 9.499999999999999556e-01
4.699999999999999734e-01 2.664095518615822833e+00 9.699999999999999734e-01
4.899999999999999911e-01 2.718329065992562299e+00 9.899999999999999911e-01
5.100000000000000089e-01 4.198209100208661226e+00 1.410000000000000142e+00
5.300000000000000266e-01 4.284507192520996099e+00 1.430000000000000160e+00
5.500000000000000444e-01 4.372852680869803166e+00 1.450000000000000178e+00
5.700000000000000622e-01 4.463090289568112823e+00 1.470000000000000195e+00
5.900000000000000799e-01 4.555022809594409416e+00 1.490000000000000213e+00
6.100000000000000977e-01 4.648430406550227545e+00 1.510000000000000231e+00
6.300000000000001155e-01 4.743095662675621327e+00 1.530000000000000249e+00
6.500000000000001332e-01 4.838828779460842888e+00 1.550000000000000266e+00
6.700000000000000400e-01 4.935490571179114383e+00 1.570000000000000062e+00
6.899999999999999467e-01 5.033001618064292693e+00 1.589999999999999858e+00
7.099999999999999645e-01 5.131380077842420562e+00 1.609999999999999876e+00
7.299999999999999822e-01 5.230718415791045572e+00 1.629999999999999893e+00
7.500000000000000000e-01 5.331187783570618066e+00 1.649999999999999911e+00
7.700000000000000178e-01 5.433021123327429258e+00 1.669999999999999929e+00
7.900000000000000355e-01 5.536503378876808767e+00 1.689999999999999947e+00
8.100000000000000533e-01 5.641917753228696597e+00 1.709999999999999964e+00
8.300000000000000711e-01 5.749600565169615152e+00 1.729999999999999982e+00
8.500000000000000888e-01 5.859712448062115442e+00 1.750000000000000000e+00
8.700000000000001066e-01 5.972768976794507800e+00 1.770000000000000018e+00
8.900000000000001243e-01 6.088198998755975921e+00 1.790000000000000036e+00
9.100000000000000311e-01 6.208106153414214567e+00 1.810000000000000053e+00
9.299999999999999378e-01 6.327387239820495779e+00 1.830000000000000071e+00
9.499999999999999556e-01 6.459718806594810125e+00 1.850000000000000089e+00
9.699999999999999734e-01 6.569216028867079338e+00 1.870000000000000107e+00
9.899999999999999911e-01 6.750404719506889251e+00 1.890000000000000124e+00
