-9.899999999999999911e-01 9.057446129595243534e-01 -9.900000000000000466e-02
-9.699999999999999734e-01 9.075558937551442273e-01 -9.700000000000000289e-02
-9.499999999999999556e-01 9.093741714305427770e-01 -9.500000000000000111e-02
-9.299999999999999378e-01 9.111942420876190107e-01 -9.299999999999999933e-02
-9.100000000000000311e-01 9.130185253193485728e-01 -9.100000000000001144e-02
-8.900000000000000133e-01 9.148463963336339599e-01 -8.900000000000000966e-02
-8.699999999999999956e-01 9.166779179988500115e-01 -8.700000000000000788e-02
-8.499999999999999778e-01 9.185131097617171836e-01 -8.500000000000000611e-02
-8.300000000000000711e-01 9.203519702632446675e-01 -8.300000000000001821e-02
-8.100000000000000533e-01 9.221945107898879002e-01 -8.100000000000001643e-02
-7.900000000000000355e-01 9.240407486576536211e-01 -7.900000000000001465e-02
-7.700000000000000178e-01 9.258906999225913204e-01 -7.700000000000001288e-02
-7.500000000000000000e-01 9.277443617615130922e-01 -7.500000000000001110e-02
-7.299999999999999822e-01 9.296017072587161589e-01 -7.299999999999999545e-02
-7.099999999999999645e-01 9.314627044108767517e-01 -7.099999999999999367e-02
-6.899999999999999467e-01 9.333273464514579842e-01 -6.899999999999999190e-02
-6.699999999999999289e-01 9.351956667216176911e-01 -6.699999999999999012e-02
-6.499999999999999112e-01 9.370677247253277331e-01 -6.499999999999998834e-02
-6.300000000000000044e-01 9.389435758046759117e-01 -6.300000000000000044e-02
-6.099999999999999867e-01 9.408232483824847669e-01 -6.099999999999999867e-02
-5.900000000000000799e-01 9.427067420148989019e-01 -5.900000000000001077e-02
-5.700000000000000622e-01 9.445940412113841278e-01 -5.700000000000000899e-02
-5.500000000000000444e-01 9.464851312671607175e-01 -5.500000000000000722e-02
-5.300000000000000266e-01 9.483800065413976466e-01 -5.300000000000000544e-02
-5.100000000000000089e-01 9.502786704144869923e-01 -5.100000000000000366e-02
-4.899999999999999911e-01 9.521811313041244063e-01 -4.900000000000000189e-02
-4.699999999999999734e-01 9.540873989309250902e-01 -4.700000000000000011e-02
-4.499999999999999556e-01 9.559974824646151337e-01 -4.499999999999999833e-02
-4.299999999999999933e-01 9.579113901999848357e-01 -4.300000000000000350e-02
-4.100000000000000311e-01 9.598291298823216078e-01 -4.100000000000000866e-02
-3.900000000000000133e-01 9.617507090612091858e-01 -3.900000000000000688e-02
-3.699999999999999956e-01 9.636761353025524723e-01 -3.699999999999999817e-02
-3.499999999999999778e-01 9.656054162503837635e-01 -3.499999999999999639e-02
-3.299999999999999600e-01 9.675385595858859711e-01 -3.299999999999999462e-02
-3.099999999999999423e-01 9.694755730852262499e-01 -3.099999999999999631e-02
-2.899999999999999800e-01 9.714164644833024331e-01 -2.899999999999999800e-02
-2.700000000000000178e-01 9.733612414782623068e-01 -2.700000000000000316e-02
-2.500000000000000000e-01 9.753099120767473318e-01 -2.500000000000000139e-02
-2.299999999999999822e-01 9.772624838346155585e-01 -2.299999999999999961e-02
-2.099999999999999645e-01 9.792189643019921785e-01 -2.099999999999999784e-02
-1.899999999999999467e-01 9.811793624683557979e-01 -1.899999999999999606e-02
-1.699999999999999845e-01 9.831436851450332526e-01 -1.699999999999999775e-02
-1.500000000000000222e-01 9.851119383115213290e-01 -1.500000000000000291e-02
-1.300000000000000044e-01 9.870841348917032132e-01 -1.300000000000000114e-02
-1.099999999999999867e-01 9.890602823541879696e-01 -1.099999999999999936e-02
-8.999999999999996891e-02 9.910403769595056422e-01 -8.999999999999997585e-03
-6.999999999999995115e-02 9.930244354556186925e-01 -6.999999999999995809e-03
-4.999999999999998890e-02 9.950124825994699496e-01 -4.999999999999999237e-03
-3.000000000000002665e-02 9.970045103640481354e-01 -3.000000000000002665e-03
-1.000000000000000888e-02 9.990005169284502662e-01 -1.000000000000000888e-03
1.000000000000000888e-02 1.682803410533523225e+00 5.100000000000000089e-01
3.000000000000002665e-02 1.716802819524827939e+00 5.300000000000000266e-01
5.000000000000004441e-02 1.751489145650737100e+00 5.500000000000000444e-01
7.000000000000006217e-02 1.786876304775759206e+00 5.700000000000000622e-01
9.000000000000007994e-02 1.822978506139665278e+00 5.900000000000000799e-01
1.100000000000000977e-01 1.859810237303625158e+00 6.100000000000000977e-01
1.300000000000001155e-01 1.897386237737415771e+00 6.300000000000001155e-01
1.500000000000000222e-01 1.935721468666783185e+00 6.500000000000000222e-01
1.699999999999999289e-01 1.974831099000526446e+00 6.699999999999999289e-01
1.899999999999999467e-01 2.014725203875789461e+00 6.899999999999999467e-01
2.099999999999999645e-01 2.055424530780625147e+00 7.099999999999999645e-01
2.299999999999999822e-01 2.096945470852273452e+00 7.299999999999999822e-01
2.500000000000000000e-01 2.139304671496896404e+00 7.500000000000000000e-01
2.700000000000000178e-01 2.182519912879033797e+00 7.700000000000000178e-01
2.900000000000000355e-01 2.226609642120839894e+00 7.900000000000000355e-01
3.100000000000000533e-01 2.271592932936831843e+00 8.100000000000000533e-01
3.300000000000000711e-01 2.317488880448878241e+00 8.300000000000000711e-01
3.500000000000000888e-01 2.364315520208377208e+00 8.500000000000000888e-01
3.700000000000001066e-01 2.412088808612712576e+00 8.700000000000001066e-01
3.900000000000001243e-01 2.460822821305548302e+00 8.900000000000001243e-01
4.100000000000000311e-01 2.510528531252825601e+00 9.100000000000000311e-01
4.299999999999999378e-01 2.561221920645227357e+00 9.299999999999999378e-01
4.499999999999999556e-01 2.612917624746425638e+00 9.499999999999999556e-01
4.699999999999999734e-01 2.665647478790729608e+00 9.699999999999999734e-01
4.899999999999999911e-01 2.719454885963793700e+00 9.899999999999999911e-01
5.100000000000000089e-01 4.198910770539577619e+00 1.410000000000000142e+00
5.300000000000000266e-01 4.283745343057707267e+00 1.430000000000000160e+00
5.500000000000000444e-01 4.370331783537881876e+00 1.450000000000000178e+00
5.700000000000000622e-01 4.458712347999108871e+00 1.470000000000000195e+00
5.900000000000000799e-01 4.548924687822987423e+00 1.490000000000000213e+00
6.100000000000000977e-01 4.641000789148482575e+00 1.510000000000000231e+00
6.300000000000001155e-01 4.734966352531237987e+00 1.530000000000000249e+00
6.500000000000001332e-01 4.830840985187155212e+00 1.550000000000000266e+00
6.700000000000000400e-01 4.928639267922177325e+00 1.570000000000000062e+00
6.899999999999999467e-01 5.028359602661066852e+00 1.589999999999999858e+00
7.099999999999999645e-01 5.130025828024619372e+00 1.609999999999999876e+00
7.299999999999999822e-01 5.233651472259910342e+00 1.629999999999999893e+00
7.500000000000000000e-01 5.339257029990697845e+00 1.649999999999999911e+00
7.700000000000000178e-01 5.446866587118426750e+00 1.669999999999999929e+00
7.900000000000000355e-01 5.556530223899267540e+00 1.689999999999999947e+00
8.100000000000000533e-01 5.668270462484705341e+00 1.709999999999999964e+00
8.300000000000000711e-01 5.782228554943463550e+00 1.729999999999999982e+00
8.500000000000000888e-01 5.898282750006964115e+00 1.750000000000000000e+00
8.700000000000001066e-01 6.017042024806622535e+00 1.770000000000000018e+00
8.900000000000001243e-01 6.137245714979703948e+00 1.790000000000000036e+00
9.100000000000000311e-01 6.262540497835674458e+00 1.810000000000000053e+00
9.299999999999999378e-01 6.383773672177726510e+00 1.830000000000000071e+00
9.499999999999999556e-01 6.525233136631483077e+00 1.850000000000000089e+00
9.699999999999999734e-01 6.623714992415639102e+00 1.870000000000000107e+00
9.899999999999999911e-01 6.844791843569336010e+00 1.890000000000000124e+00
