0.015625 3.1391647157705354 4.419236030640109 3.1237181932244904 4.419632025619968 -2.27822078484169e-70
0.046875 3.139012885299671 4.419236031304805 3.123615658131626 4.420126200789778 -6.85218368134225e-70
0.078125 3.138860934610872 4.419236031955378 3.123531517270747 4.42062276445596 -1.8996549218085223e-69
0.109375 3.1387090206228683 4.419236032592339 3.1234467366059038 4.4211151051883 -5.008720464462768e-69
0.140625 3.138557000222818 4.419236033216608 3.1233610911545524 4.42160270103742 -1.275954546258792e-68
0.171875 3.1384049666371188 4.419236033829253 3.123275412654328 4.422091199250339 -3.1691289287035775e-68
0.203125 3.1382528796604 4.419236034431531 3.1231903329592665 4.422583129410551 -7.718206623049324e-68
0.234375 3.138100749478398 4.419236035024708 3.1231053728281557 4.423076774659404 -1.8502142513491473e-67
0.265625 3.137948574910383 4.419236035609991 3.1230200376633213 4.423567810012496 -4.377446861968469e-67
0.296875 3.1377963559141744 4.419236036188425 3.1229342992749194 4.42405654706239 -1.0241461876918614e-66
0.328125 3.137644092462256 4.419236036760875 3.122848667478337 4.4245464835004285 -2.372921497325267e-66
0.359375 3.1374917845217034 4.419236037328021 3.122763365201771 4.425039001070091 -5.451008665905134e-66
0.390625 3.137339432061128 4.419236037890419 3.122678072099415 4.425531836330177 -1.2425942366207413e-65
0.421875 3.1371870350488247 4.419236038448576 3.1225924282856683 4.4260227294912315 -2.8128757645194546e-65
0.453125 3.1370345934530857 4.419236039003016 3.1225065677636374 4.426512444239092 -6.326920398120275e-65
0.484375 3.136882107242129 4.419236039554347 3.122420844282525 4.427003495788067 -1.414693107295441e-64
0.515625 3.1367295763840817 4.4192360401033115 3.1223353177281323 4.427496223769814 -3.145813634902412e-64
0.546875 3.136577000846993 4.419236040650761 3.1222497123427826 4.427988628492584 -6.959052145299416e-64
0.578125 3.1364243805988545 4.41923604119761 3.122163846572829 4.4284796605425285 -1.5319234162033377e-63
0.609375 3.136271715607622 4.419236041744773 3.122077869249332 4.428970292683975 -3.356600044717967e-63
0.640625 3.136119005841243 4.419236042293095 3.1219920146207327 4.429462161815791 -7.321984942534789e-63
0.671875 3.135966251267679 4.419236042843282 3.121906244134275 4.429954958270141 -1.5903905636321816e-62
0.703125 3.1358134518549248 4.41923604339586 3.1218203560864 4.430447288107984 -3.4402769321153487e-62
0.734375 3.1356606075709994 4.419236043951228 3.1217342806214416 4.430938694756814 -7.4123871613528855e-62
0.765625 3.1355077183839164 4.419236044509702 3.121648156799823 4.431430104882338 -1.590929990931295e-61
0.796875 3.1353547842616596 4.419236045071574 3.1215621325986325 4.431922532500423 -3.401882857024736e-61
0.828125 3.1352018051721506 4.419236045637189 3.121476135366411 4.432415480776857 -7.247774453020917e-61
0.859375 3.135048781083217 4.419236046207036 3.1213900069964504 4.4329078660902885 -1.5386651948267813e-60
0.890625 3.134895711962567 4.419236046781826 3.121303729679399 4.43339960891626 -3.2551487659220895e-60
0.921875 3.1347425977777865 4.419236047362464 3.12121743525506 4.433891627090821 -6.863006283915339e-60
0.953125 3.1345894384963624 4.419236047950015 3.121131211908946 4.434384503547944 -1.442119640701555e-59
0.984375 3.134436234085696 4.419236048545649 3.1210449799051982 4.4348776815318685 -3.0203361416968546e-59
1.015625 3.134282984513157 4.419236049150534 3.1209586217808085 4.435370312265539 -6.305182608170241e-59
1.046875 3.134129689746117 4.419236049765731 3.1208721507289594 4.435862487895848 -1.3120415267055653e-58
1.078125 3.1339763497520026 4.419236050392057 3.1207856838616417 4.436355035965937 -2.7215866533612825e-58
1.109375 3.1338229644983313 4.419236051030014 3.120699268822595 4.436848290117322 -5.6277758939184945e-58
1.140625 3.133669533952733 4.419236051679724 3.1206128176241936 4.437341669933314 -1.1601261438237894e-57
1.171875 3.133516058082953 4.419236052340922 3.1205262406456926 4.437834563587395 -2.3841835575636754e-57
1.203125 3.1333625368568567 4.41923605301295 3.1204395719777525 4.438327203454854 -4.884848740431868e-57
1.234375 3.133208970242415 4.419236053694807 3.1203529119376423 4.438820274869936 -9.978129800561989e-57
1.265625 3.133055358207672 4.419236054385191 3.1202662831866537 4.4393139079889785 -2.0320867377757505e-56
1.296875 3.1329017007207387 4.419236055082555 3.1201796051209403 4.439807530983617 -4.126081146814488e-56
1.328125 3.1327479977497696 4.419236055785149 3.1200928164466886 4.440300719500618 -8.352991740634592e-56
1.359375 3.1325942492629553 4.419236056491032 3.1200059598568055 4.44079378116574 -1.686011193240446e-55
1.390625 3.1324404552285277 4.419236057198089 3.1199191125227377 4.441287273697766 -3.3931056550831865e-55
1.421875 3.1322866156147535 4.4192360579040155 3.119832274120598 4.441781213497757 -6.808576983337657e-55
1.453125 3.132132730389954 4.419236058606294 3.1197453723850246 4.442275102029838 -1.3621972531801136e-54
1.484375 3.131978799522517 4.4192360593021505 3.1196583707161736 4.442768677428192 -2.71737836329482e-54
1.515625 3.131824822980904 4.419236059988528 3.1195713175464066 4.443262255515421 -5.404899700758321e-54
1.546875 3.131670800733666 4.419236060662053 3.119484272558669 4.443756231378194 -1.07189611230049e-53
1.578125 3.1315167327494304 4.419236061319076 3.119397222501492 4.444250506620934 -2.119554414886232e-53
1.609375 3.131362618996863 4.419236061955772 3.1193101057040864 4.444744656022567 -4.178897469918695e-53
1.640625 3.131208459444613 4.41923606256827 3.1192229027016563 4.445238563663519 -8.214889684997225e-53
1.671875 3.131054254061214 4.4192360631528915 3.119135659310084 4.445732569190078 -1.6101315822779676e-52
1.703125 3.130900002815002 4.419236063706343 3.1190484154355236 4.446226962660504 -3.1465632025112256e-52
1.734375 3.1307457056740295 4.419236064225958 3.118961147082233 4.446721577048244 -6.1308674558564455e-52
1.765625 3.1305913626059985 4.419236064709851 3.1188738043314963 4.447216047648662 -1.1909998921582205e-51
1.796875 3.1304369735782345 4.419236065156989 3.1187863853708917 4.447710341862399 -2.3067406877601848e-51
1.828125 3.130282538557691 4.419236065567144 3.1186989379999543 4.448204777277189 -4.454253611117328e-51
1.859375 3.130128057511029 4.419236065940726 3.1186114906940707 4.448699549319484 -8.574936586047256e-51
1.890625 3.129973530404734 4.419236066278489 3.1185240136851533 4.449194463835502 -1.645720846417934e-50
1.921875 3.1298189572052286 4.41923606658123 3.118436463827689 4.449689240715427 -3.1487547339947423e-50
1.953125 3.129664337878978 4.419236066849535 3.118348844932476 4.450183926415863 -6.005727064687491e-50
1.984375 3.1295096723925546 4.419236067083615 3.11826119780999 4.450678811844115 -1.1418828486624206e-49
2.015625 3.1293549607126674 4.419236067283234 3.1181735397755417 4.451174008133842 -2.164163558795051e-49
2.046875 3.1292002028061168 4.419236067447827 3.118085841938012 4.451669294756533 -4.0883930329748965e-49
2.078125 3.1290453986397138 4.419236067576678 3.117998074097395 4.45216444192225 -7.698188899911537e-49
2.109375 3.1288905481801814 4.419236067669205 3.1179102486923824 4.452659526761966 -1.4446905109718582e-48
2.140625 3.1287356513940563 4.419236067725169 3.1178224011040774 4.4531547997468 -2.702002356417873e-48
2.171875 3.1285807082476027 4.419236067744905 3.117734538208832 4.453650325925607 -5.0360797287801475e-48
2.203125 3.128425718706771 4.419236067729438 3.1176466294538243 4.454145914698978 -9.353267962350299e-48
2.234375 3.1282706827372015 4.419236067680449 3.117558650865643 4.454641414408985 -1.7308607822853055e-47
2.265625 3.128115600304249 4.419236067600228 3.11747061692784 4.455136925541913 -3.1911596593010844e-47
2.296875 3.1279604713730405 4.419236067491517 3.1173825571108353 4.455632637697768 -5.8610728285051535e-47
2.328125 3.1278052959085616 4.419236067357305 3.117294474598805 4.456128552094564 -1.0722511834554478e-46
2.359375 3.127650073875731 4.419236067200654 3.1172063460852537 4.456624490348817 -1.9536579209753196e-46
2.390625 3.127494805239464 4.419236067024528 3.1171181588709147 4.457120360350473 -3.544595714090166e-46
2.421875 3.1273394899647027 4.41923606683172 3.1170299286426646 4.457616281975561 -6.402876193520721e-46
2.453125 3.1271841280164123 4.4192360666248565 3.1169416737423954 4.458112403778333 -1.1512940178789018e-45
2.484375 3.1270287193595734 4.419236066406424 3.1168533861972385 4.458608691382721 -2.060150041016556e-45
2.515625 3.126873263959147 4.41923606617887 3.1167650423043307 4.459104988576623 -3.6677085226756304e-45
2.546875 3.1267177617800437 4.419236065944656 3.1166766364135094 4.459601248065541 -6.494345351696857e-45
2.578125 3.1265622127870962 4.419236065706331 3.1165881885937234 4.460097589944105 -1.1432892156771465e-44
2.609375 3.1264066169450357 4.419236065466601 3.1164997164297557 4.460594116353582 -2.0001391905388715e-44
2.640625 3.126250974218484 4.419236065228355 3.1164112121091287 4.46109076165925 -3.4754386748737267e-44
2.671875 3.1260952845719667 4.41923606499461 3.116322656040605 4.461587391991219 -5.993943055649722e-44
2.703125 3.1259395479699497 4.419236064768426 3.1162340450439987 4.462084001714038 -1.025195040406753e-43
2.734375 3.1257837643768833 4.419236064552793 3.1161453944627553 4.462580720652261 -1.7371316768754017e-43
2.765625 3.1256279337572312 4.419236064350583 3.1160567136468296 4.463077630976395 -2.91205779188509e-43
2.796875 3.1254720560754987 4.419236064164459 3.1159679919216963 4.4635746595901775 -4.8208921257584945e-43
2.828125 3.1253161312962536 4.41923606399682 3.1158792148700902 4.4640716913982 -7.862381985663504e-43
2.859375 3.1251601593841407 4.419236063849759 3.1157903861616942 4.464568730601605 -1.258888113997978e-42
2.890625 3.125004140303865 4.419236063725119 3.1157015232306233 4.465065881220238 -1.9689254483153933e-42
2.921875 3.124848074020208 4.419236063624469 3.115612633564491 4.4655631896957235 -2.984371359915005e-42
2.953125 3.12469196049803 4.4192360635490635 3.1155237051164137 4.466060581351488 -4.325788212120148e-42
2.984375 3.1245357997022887 4.4192360634998025 3.115434723050944 4.466557973952367 -5.846063377957028e-42
3.015625 3.1243795915980743 4.419236063477152 3.1153456881664803 4.467055395581182 -6.949926403797957e-42
3.046875 3.1242233361506075 4.419236063481145 3.1152566123500414 4.467552939784461 -5.97690423008472e-42
3.078125 3.1240670333252476 4.419236063511384 3.115167500338882 4.468050632738711 1.1041630246284527e-42
3.109375 3.123910683087467 4.419236063567074 3.1150783447718626 4.468548403901541 2.3380523158598155e-41
3.140625 3.1237542854028013 4.419236063647172 3.1149891398859055 4.469046192205834 8.040211368904828e-41
3.171875 3.1235978402367994 4.4192360637504855 3.1148998918349 4.469544027433976 2.128823627925937e-40
3.203125 3.123441347554964 4.419236063875829 3.1148106100764306 4.470041976090282 5.035814308975148e-40
3.234375 3.123284807322719 4.41923606402214 3.114721292988315 4.470540042519651 1.1175793032213454e-39
3.265625 3.1231282195053662 4.4192360641885315 3.1146319291049394 4.471038170861771 2.379148315477548e-39
3.296875 3.122971584068119 4.419236064374257 3.1145425122375943 4.471536336996855 4.9171664344323987e-39
3.328125 3.122814900976125 4.419236064578621 3.11445304887951 4.472034588871016 9.937973385277114e-39
3.359375 3.122658170194531 4.419236064800842 3.1143635481635172 4.472532976137401 1.9733640409492698e-38
3.390625 3.1225013916885302 4.419236065039922 3.1142740096127604 4.4730314739597645 3.862246412839405e-38
3.421875 3.1223445654234103 4.419236065294536 3.1141844257763394 4.473530011967314 7.467854512244359e-38
3.453125 3.1221876913645747 4.419236065562977 3.1140947943864683 4.474028566778149 1.4289429136809048e-37
3.484375 3.1220307694775413 4.419236065843156 3.1140051214714815 4.474527188035784 2.709319313161419e-37
3.515625 3.121873799727929 4.419236066132637 3.11391541131621 4.47502592671469 5.095304745953352e-37
3.546875 3.1217167820814167 4.419236066428743 3.113825658738161 4.475524770673169 9.512456240138327e-37
3.578125 3.1215597165036923 4.419236066728681 3.113735855387546 4.476023674206845 1.764039657518716e-36
3.609375 3.1214026029604005 4.419236067029675 3.1136460011917633 4.476522631017287 3.251223154159321e-36
3.640625 3.1212454414170985 4.419236067329068 3.1135561048659492 4.477021682891147 5.957967746992783e-36
3.671875 3.1210882318392317 4.419236067624375 3.1134661731437383 4.477520855463217 1.0859796109704051e-35
3.703125 3.120930974192135 4.419236067913291 3.1133762035924644 4.4780201173711 1.969481613251063e-35
3.734375 3.12077366844104 4.419236068193662 3.113286189677809 4.478519421897339 3.554705609886775e-35
3.765625 3.1206163145511026 4.4192360684634195 3.1131961295460986 4.479018770755975 6.386682306426079e-35
3.796875 3.1204589124874156 4.419236068720556 3.1131060263772636 4.479518210745073 1.142489249897584e-34
3.828125 3.120301462215024 4.4192360689630785 3.1130158815063416 4.480017771692136 2.0352048920353324e-34
3.859375 3.1201439636989194 4.419236069189013 3.1129256914333414 4.480517433219233 3.610838991254936e-34
3.890625 3.1199864169040197 4.41923606939647 3.1128354530010522 4.481017160129572 6.381297208125961e-34
3.921875 3.119828821795129 4.419236069583711 3.1127451686922227 4.481516948471015 1.123468433039923e-33
3.953125 3.11967117833689 4.419236069749306 3.112654844072596 4.482016817938016 1.9706444301768363e-33
3.984375 3.1195134864937453 4.419236069892213 3.112564480884215 4.482516771399852 3.444218049896123e-33
4.015625 3.1193557462299117 4.41923607001183 3.1124740752838087 4.4830167881136305 5.998506676741735e-33
4.046875 3.119197957509364 4.419236070108038 3.112383623200902 4.483516860660507 1.04111138669265e-32
4.078125 3.1190401202958613 4.419236070181136 3.1122931250280756 4.484017016881238 1.8008638503315503e-32
4.109375 3.118882234552992 4.419236070231734 3.112202583557912 4.484517290019064 3.104698038737646e-32
4.140625 3.1187243002442155 4.41923607026067 3.112111999087546 4.485017677207079 5.335009896503985e-32
4.171875 3.1185663173329123 4.419236070268854 3.112021369284909 4.485518143866148 9.137948787512768e-32
4.203125 3.11840828578243 4.4192360702571545 3.111930693820158 4.486018666576959 1.5601918693651058e-31
4.234375 3.1182502055561234 4.419236070226308 3.111839976340945 4.48651925544879 2.65545774288298e-31
4.265625 3.118092076617364 4.419236070176897 3.1117492201012062 4.487019930331778 4.505546363689017e-31
4.296875 3.117933898929551 4.4192360701093385 3.1116584230165367 4.487520690333483 7.621057735477044e-31
4.328125 3.1177756724560965 4.419236070023912 3.111567579273803 4.488021520045006 1.2851516331372023e-30
4.359375 3.117617397160397 4.419236069920835 3.1114766857089053 4.488522419086033 2.1606037380466126e-30
4.390625 3.1174590730058123 4.419236069800299 3.111385744675781 4.4890234087127565 3.621484103504994e-30
4.421875 3.1173006999556643 4.419236069662491 3.1112947602154843 4.4895245045739856 6.0519690049571036e-30
4.453125 3.117142277973237 4.419236069507584 3.111203733417437 4.490025693853724 1.0083523940785047e-29
4.484375 3.1169838070217986 4.4192360693356925 3.1111126630203105 4.490526948927204 1.6750947021985322e-29
4.515625 3.116825287064615 4.419236069146832 3.1110215490867947 4.491028259911337 2.774487006777097e-29
4.546875 3.1166667180649825 4.4192360689408625 3.110930393514003 4.4915296446698365 4.5819074330769235e-29
4.578125 3.11650809998623 4.41923606871744 3.110839196698615 4.492031126677368 7.544549486732463e-29
4.609375 3.116349432791723 4.419236068476046 3.110747955784433 4.4925327119756515 1.238642375332453e-28
4.640625 3.1161907164448364 4.419236068216036 3.1106566674611758 4.493034392109022 2.027615344466844e-28
4.671875 3.1160319509089245 4.419236067936707 3.110565331521256 4.493536161416259 3.3094267750190695e-28
4.703125 3.115873136147281 4.419236067637414 3.1104739504971306 4.4940380204123445 5.38576355657764e-28
4.734375 3.1157142721230846 4.419236067317705 3.110382526390463 4.494539963063766 8.73912572067705e-28
4.765625 3.1155553587993636 4.419236066977392 3.1102910590340276 4.495041972795241 1.4138812796945444e-27
4.796875 3.1153963961389666 4.419236066616618 3.110199547485262 4.495544039028422 2.2807587812770227e-27
4.828125 3.1152373841045637 4.419236066235861 3.110107991504419 4.496046172845448 3.668289004728993e-27
4.859375 3.115078322658672 4.419236065835895 3.110016390872787 4.4965483978544025 5.882486307471667e-27
4.890625 3.11491921176368 4.419236065417687 3.1099247441776905 4.497050726031904 9.405155247393542e-27
4.921875 3.1147600513819036 4.419236064982291 3.109833049621338 4.497553149386955 1.49924343140427e-26
4.953125 3.1146008414756317 4.419236064530716 3.10974130730211 4.498055655801739 2.3827139994964814e-26
4.984375 3.114441582007178 4.419236064063804 3.1096495200143117 4.498558244270566 3.775344399229274e-26
5.015625 3.1142822729389072 4.419236063582158 3.1095576912332876 4.499060919064814 5.963706537766583e-26
5.046875 3.1141229142332616 4.41923606308608 3.109465822308695 4.499563675794417 9.391605402168255e-26
5.078125 3.113963505852757 4.419236062575602 3.109373911796904 4.500066503719588 1.474398097469421e-25
5.109375 3.1138040477599374 4.419236062050558 3.1092819574358614 4.500569401782319 2.3074218514254646e-25
5.140625 3.1136445399173462 4.419236061510686 3.109189958412346 4.50107238297409 3.599654906553355e-25
5.171875 3.1134849822874884 4.419236060955715 3.1090979155771805 4.501575457763103 5.5975613110885925e-25
5.203125 3.113325374832802 4.419236060385434 3.1090058301073618 4.502078617372439 8.676038409735593e-25
5.234375 3.11316571751565 4.419236059799719 3.108913703115908 4.502581837575012 1.3403152088627167e-24
5.265625 3.113006010298326 4.4192360591985045 3.10882153697824 4.503085096135578 2.063626327147327e-24
5.296875 3.112846253143072 4.419236058581738 3.108729336107208 4.503588382388065 3.1664072085467803e-24
5.328125 3.1126864460121024 4.419236057949339 3.1086371053756467 4.504091691849787 4.8415436441065506e-24
5.359375 3.112526588867632 4.419236057301129 3.1085448480270346 4.50459501729222 7.376468727502132e-24
5.390625 3.1123666816718907 4.419236056636798 3.10845256613632 4.505098346331394 1.1197544736359961e-23
5.421875 3.112206724387124 4.419236055955901 3.1083602633592324 4.50560166241743 1.6934177460038927e-23
5.453125 3.1120467169755734 4.419236055257889 3.108267946731733 4.506104941829346 2.5510813027808987e-23
5.484375 3.1118866593994463 4.419236054542206 3.1081756260131534 4.506608147665043 3.8277972523577195e-23
5.515625 3.1117265516208725 4.419236053808377 3.108083312583716 4.507111228330003 5.719737357640802e-23
5.546875 3.111566393601872 4.419236053056109 3.1079910198767022 4.507614123041484 8.510108664216983e-23
5.578125 3.111406185304319 4.419236052285367 3.1078987642895672 4.508116767853695 1.2605058654817386e-22
5.609375 3.1112459266899335 4.4192360514964 3.1078065646365536 4.508619094459272 1.8582826090560647e-22
5.640625 3.11108561772028 4.419236050689738 3.107714441020022 4.5091210220981575 2.7260073698019643e-22
5.671875 3.110925258356783 4.419236049866154 3.107622415713911 4.509622449938496 3.977987490968176e-22
5.703125 3.1107648485607653 4.419236049026551 3.1075305162114804 4.510123255215962 5.77259160798956e-22
5.734375 3.110604388293509 4.419236048171841 3.107438777793783 4.510623293797141 8.326656155385357e-22
5.765625 3.110443877516296 4.419236047302814 3.1073472437173324 4.51112239635227 1.193295339358929e-21
5.796875 3.110283316190449 4.4192360464200835 3.1072559637013812 4.511620363534545 1.698014209741317e-21
5.828125 3.1101227042773387 4.419236045524022 3.1071649929070806 4.5121169676966115 2.397332648142728e-21
5.859375 3.109962041738392 4.419236044614766 3.1070743940077135 4.512611952690582 3.3550959936201877e-21
5.890625 3.109801328535072 4.41923604369226 3.1069842415915367 4.5131050221648525 4.648962114637106e-21
5.921875 3.1096405646288376 4.419236042756334 3.1068946218680304 4.51359583470006 6.368100805829833e-21
5.953125 3.109479749981104 4.419236041806801 3.106805626670865 4.51408401814682 8.605353010410987e-21
5.984375 3.109318884553228 4.419236040843534 3.1067173559868886 4.514569161475217 1.143913179228943e-20
6.015625 3.109157968306475 4.419236039866499 3.106629932196142 4.5150507674130935 1.489719778190366e-20
6.046875 3.1089970012020274 4.4192360388757645 3.1065435025873223 4.515528246260344 1.8889436847287846e-20
6.078125 3.108835983200988 4.419236037871474 3.1064582241622296 4.516000969751344 2.3088901174160298e-20
6.109375 3.1086749142644203 4.41923603685376 3.106374260994186 4.516468267747771 2.672813031849725e-20
6.140625 3.1085137943533727 4.419236035822674 3.1062918003656987 4.516929360360105 2.8258874022225216e-20
6.171875 3.1083526234288934 4.419236034778145 3.106211055872606 4.517383362966528 2.4794409328619503e-20
6.203125 3.108191401452053 4.419236033719934 3.1061322565624847 4.517829343077531 1.120966778113034e-20
6.234375 3.1080301283839304 4.419236032647672 3.106055649977621 4.518266305572251 -2.1292021952213176e-20
6.265625 3.1078688041855766 4.419236031560942 3.1059815117823084 4.518693146544832 -8.743644241968582e-20
6.296875 3.1077074288179913 4.41923603045935 3.1059101415414645 4.519108648741595 -2.1139984100659238e-19
6.328125 3.1075460022420716 4.419236029342619 3.105841855386186 4.519511494890007 -4.3225443940309184e-19
6.359375 3.1073845244185767 4.419236028210701 3.1057769893622056 4.5199002835560425 -8.123242558628094e-19
6.390625 3.1072229953081067 4.419236027063828 3.1057159081001533 4.520273544007022 -1.449916056694189e-18
6.421875 3.107061414871106 4.41923602590251 3.1056590055879174 4.520629748744492 -2.498590031010466e-18
6.453125 3.1068997830678686 4.4192360247275255 3.105606694264476 4.52096731100051 -4.1961531058258706e-18
6.484375 3.1067380998585663 4.419236023539825 3.1055593956687586 4.521284526118249 -6.908033070364404e-18
6.515625 3.106576365203295 4.419236022340433 3.1055175336829364 4.5215795085443435 -1.1191819602844879e-17
6.546875 3.1064145790621316 4.419236021130318 3.1054815313915105 4.5218502490285255 -1.7892814642745072e-17
6.578125 3.1062527413951817 4.419236019910263 3.105451836606182 4.522094837346147 -2.828480622676629e-17
6.609375 3.106090852162601 4.419236018680835 3.10542894319943 4.522311630624379 -4.427650759039602e-17
6.640625 3.1059289113246065 4.419236017442336 3.1054133389396448 4.522498977787933 -6.871293963104205e-17
6.671875 3.1057669188414643 4.419236016194833 3.1054054165268345 4.522654663197753 -1.0581352319837788e-16
6.703125 3.1056048746734577 4.41923601493824 3.105405500891625 4.522776170694535 -1.6180622920595578e-16
6.734375 3.1054427787808474 4.419236013672423 3.105413960104545 4.522861555579963 -2.4584179170539287e-16
6.765625 3.105280631123829 4.419236012397295 3.105431233100939 4.52290967469028 -3.7130643844254734e-16
6.796875 3.1051184316625258 4.419236011112842 3.1054577611277754 4.522919888387057 -5.576995431938721e-16
6.828125 3.1049561803569725 4.419236009819145 3.1054938042876126 4.522891060204528 -8.333090963179003e-16
6.859375 3.1047938771671197 4.419236008516378 3.1055391242837156 4.522818799504533 -1.2390097532254693e-15
6.890625 3.104631522052864 4.4192360072047485 3.105591910239328 4.522688988003621 -1.833634667520214e-15
6.921875 3.1044691149740666 4.419236005884408 3.1056482645288295 4.522473691715202 -2.7015457262591083e-15
6.953125 3.1043066558905883 4.419236004555408 3.1057032726558202 4.522138977054793 -3.963263749308563e-15
6.984375 3.1041441447622984 4.41923600321768 3.10575329205096 4.521660899053643 -5.790342783568785e-15
7.015625 3.103981581549081 4.419236001870987 3.1057977183257695 4.521038069267263 -8.426110147273168e-15
7.046875 3.103818966210824 4.419236000514986 3.105839002362535 4.520292685414254 -1.2214485147172358e-14
7.078125 3.103656298707377 4.4192359991493015 3.105882140484709 4.519462935532191 -1.7639885483553146e-14
7.109375 3.1034935789985076 4.4192359977736295 3.105931852643221 4.518592307215606 -2.53822982660602e-14
7.140625 3.103330807043861 4.419235996387846 3.1059902403127504 4.517701970917192 -3.63930197719041e-14
7.171875 3.103167982802927 4.419235994992105 3.1060566751695378 4.516799072368121 -5.1998468342356297e-14
7.203125 3.1030051062350226 4.4192359935868515 3.1061291146089305 4.51588165943409 -7.404199539793786e-14
7.234375 3.1028421772993062 4.419235992172808 3.1062052781645937 4.514947959498759 -1.050769502468153e-13
7.265625 3.1026791959547997 4.419235990750911 3.1062834018434744 4.514001405751483 -1.4862863863463673e-13
7.296875 3.1025161621604287 4.4192359893222015 3.1063621027961403 4.513049429388021 -2.0954856369736308e-13
7.328125 3.102353075875066 4.419235987887736 3.106439957177882 4.512100531707842 -2.9449184610589434e-13
7.359375 3.102189937057579 4.419235986448449 3.1065152571503796 4.511162914337591 -4.1255848706260836e-13
7.390625 3.102026745666882 4.419235985005055 3.1065859818342423 4.51024462904574 -5.761517913992377e-13
7.421875 3.101863501661935 4.419235983558014 3.1066499343622977 4.509353926846991 -8.021235938183894e-13
7.453125 3.1017002050017477 4.419235982107536 3.1067049996402067 4.508498956303246 -1.113296906264696e-12
7.484375 3.1015368556453473 4.419235980653645 3.1067493795936953 4.507687026803954 -1.5404834363647938e-12
7.515625 3.1013734535517288 4.41923597919629 3.1067814932279174 4.50692476199872 -2.1251475998174054e-12
7.546875 3.101209998679801 4.419235977735472 3.1067992827668327 4.506220750395531 -2.922911974610753e-12
7.578125 3.10104649098836 4.419235976271291 3.1067992180996584 4.505589348488137 -4.008153816462366e-12
7.609375 3.1008829304360503 4.419235974804037 3.1067761736274315 4.505051275082751 -5.480010911465506e-12
7.640625 3.1007193169813654 4.419235973334142 3.1067254855728876 4.504626006527392 -7.470200829441743e-12
7.671875 3.1005556505826455 4.419235971862139 3.1066460137687537 4.504316601327382 -1.0153164275917284e-11
7.703125 3.100391931198103 4.419235970388599 3.1065395100947564 4.504117738983608 -1.3759175065993107e-11
7.734375 3.1002281587858374 4.419235968914017 3.1063969380791527 4.504068437346037 -1.8591221278310382e-11
7.765625 3.1000643333038473 4.419235967438712 3.1061611328006236 4.504399022486223 -2.5046660111161175e-11
7.796875 3.0999004547100117 4.419235965962797 3.1056195271783786 4.505981630357094 -3.364488926874075e-11
7.828125 3.099736522962049 4.419235964486161 3.1039689509803283 4.512048144627813 -4.506256740414861e-11
7.859375 3.099572538017437 4.419235963008523 3.1002904916253025 4.526349420712363 -6.017826279695694e-11
7.890625 3.0994084998332867 4.4192359615295675 3.0943667475570953 4.5496916747871285 -8.012882088826562e-11
7.921875 3.099244408366176 4.419235960049119 3.0865816501558188 4.58042832251129 -1.0638022529341046e-10
7.953125 3.0990802635719947 4.41923595856724 3.0775397939305407 4.616027190923824 -1.4081629059050188e-10
7.984375 3.0989160654057493 4.419235957084371 3.067743072519908 4.654404837538668 -1.8584917425466984e-10
8.015625 3.0987518138213774 4.419235955601353 3.057496700829836 4.694299127889776 -2.445564327745659e-10
8.046875 3.0985875087715256 4.419235954119435 3.0469644546209222 4.735031871976079 -3.2085017244722926e-10
8.078125 3.098423150207318 4.4192359526401965 3.0362390514180073 4.776217790828935 -4.196847518033573e-10
8.109375 3.0982587380780657 4.419235951165458 3.0253794730016383 4.817612332478863 -5.473104646628257e-10
8.140625 3.0980942723309424 4.419235949697125 3.014425333780431 4.859051592384983 -7.115816430660233e-10
8.171875 3.0979297529105785 4.419235948236995 3.003403639968594 4.9004239516293735 -9.22328624068492e-10
8.203125 3.09776517975855 4.419235946786638 2.992333249862631 4.941651731343567 -1.191803958165589e-09
8.234375 3.097600552812741 4.41923594534727 2.981227761346303 4.982679097120707 -1.5352140059132596e-09
8.265625 3.0974358720065456 4.419235943919755 2.970097249969752 5.02346484365085 -1.971347542156692e-09
8.296875 3.097271137267915 4.419235942504621 2.9589493344717126 5.063978020540388 -2.523312985973188e-09
8.328125 3.097106348518229 4.419235941102152 2.947789870547586 5.104195012612935 -3.219395161131922e-09
8.359375 3.0969415056709693 4.419235939712549 2.936623428607676 5.144097543777279 -4.094040754180995e-09
8.390625 3.09677660863023 4.419235938336059 2.925453628647901 5.183671301340892 -5.1889784705830064e-09
8.421875 3.0966116572890683 4.41923593697306 2.9142833744150565 5.222904954841263 -6.554474776039984e-09
8.453125 3.096446651527722 4.419235935624101 2.903115020693957 5.26178945638708 -8.250718395545009e-09
8.484375 3.096281591211712 4.419235934289864 2.8919504944316032 5.300317539120837 -1.0349315607112637e-08
8.515625 3.096116476189858 4.4192359329710955 2.880791382288644 5.338483348157526 -1.2934862794373492e-08
8.546875 3.0959513062922674 4.4192359316685135 2.8696389949771692 5.376282167472309 -1.610654146399652e-08
8.578125 3.0957860813283897 4.41923593038276 2.8584944155641665 5.413710214833857 -1.9979652470463198e-08
8.609375 3.0956208010852886 4.419235929114361 2.847358536589174 5.450764481745163 -2.4686968687730042e-08
8.640625 3.0954554653263378 4.41923592786374 2.836232089918887 5.487442604385858 -3.037973662956737e-08
8.671875 3.095290073790647 4.419235926631325 2.8251156720131596 5.523742755811975 -3.722809494294276e-08
8.703125 3.0951246261935985 4.419235925417654 2.8140097662277803 5.55966355217018 -4.542059821685135e-08
8.734375 3.094959122229075 4.419235924223488 2.802914763192116 5.5952039691171045 -5.5162434587404565e-08
8.765625 3.094793561574039 4.419235923049881 2.791830979679901 5.630363266929654 -6.667180104523568e-08
8.796875 3.094627943896368 4.41923592189819 2.7807586758966836 5.665140924029911 -8.017374642759501e-08
8.828125 3.0944622688671024 4.419235920770003 2.7696980708694614 5.699536579755729 -9.589060343071351e-08
8.859375 3.0942965361784665 4.419235919667028 2.7586493554286156 5.733549987631146 -1.1402790157076528e-07
8.890625 3.094130745569471 4.419235918590976 2.7476127021721988 5.767180980265958 -1.3475437614470108e-07
8.921875 3.093964896861267 4.419235917543384 2.7365882719067995 5.80042944705888 -1.581743565263702e-07
8.953125 3.0937989900049327 4.419235916525494 2.7255762160896673 5.833295324816167 -1.842904225897277e-07
8.984375 3.093633025144979 4.419235915538212 2.714576675110757 5.865778601967119 -2.129537521443204e-07
9.015625 3.0934670027025946 4.419235914582077 2.7035897722538587 5.897879334702452 -2.4379903603245343e-07
9.046875 3.0933009234834388 4.41923591365733 2.6926156036645414 5.929597674258681 -2.7616020174017365e-07
9.078125 3.093134788815727 4.4192359127640195 2.6816542248093906 5.960933903007874 -3.089624517400078e-07
9.109375 3.0929686007254897 4.419235911902108 2.670705633912791 5.991888474195443 -3.405852802832484e-07
9.140625 3.0928023621570766 4.419235911071553 2.659769754293881 6.022462057888765 -3.686901735755997e-07
9.171875 3.0926360772483616 4.419235910272354 2.648846415269824 6.05265557654387 -3.900056158431509e-07
9.203125 3.0924697516716737 4.419235909504578 2.637935335978509 6.082470245894102 -4.00060811963365e-07
9.234375 3.092303393053184 4.4192359087683695 2.6270361105023503 6.111907589450215 -3.92858192564735e-07
9.265625 3.0921370114853945 4.419235908063937 2.616148200179236 6.1409694451150125 -3.6047328921586107e-07
9.296875 3.0919706201494357 4.419235907391513 2.605270935613853 6.169657953982149 -2.9256895874623466e-07
9.328125 3.0918042360661007 4.419235906751294 2.594403523217345 6.197975473086939 -1.75809204796358e-07
9.359375 3.0916378809969225 4.419235906143399 2.583545078393665 6.225924582488521 6.84399496390746e-09
9.390625 3.09147158251905 4.419235905567825 2.572694637105044 6.253507849193118 2.769693754259723e-07
9.421875 3.091305375300299 4.419235905024406 2.5618512252156167 6.280727914761038 6.6168109169794e-07
9.453125 3.091139302603262 4.419235904512786 2.551013895318434 6.307587102599187 1.1948019652308614e-06
9.484375 3.090973418050007 4.419235904032422 2.540181846820947 6.334087293078375 1.91823977061019e-06
9.515625 3.090807787681256 4.419235903582621 2.529354570176884 6.360229879250279 2.8835929655655025e-06
9.546875 3.0906424923462734 4.4192359031626145 2.5185317675002312 6.386014760817265 4.154014011294916e-06
9.578125 3.0904776304616024 4.419235902771667 2.507713557746215 6.411442786653052 5.806359934410772e-06
9.609375 3.090313321178299 4.419235902409188 2.4968998723355846 6.436512065837347 7.933660947464523e-06
9.640625 3.0901497079982967 4.419235902074787 2.4860915213253545 6.461223108765896 1.0647938659910819e-05
9.671875 3.0899869628806558 4.4192359017682845 2.475290192898985 6.485570047471654 1.4083405549510238e-05
9.703125 3.0898252908777755 4.419235901489676 2.4644999495626694 6.509543730898022 1.8400076786345152e-05
9.734375 3.0896649353397594 4.419235901239091 2.4537267228511377 6.533137600565636 2.3787824056655596e-05
9.765625 3.0895061837219684 4.419235901016636 2.442970353380643 6.556336881410109 3.047089856032277e-05
9.796875 3.0893493740260425 4.419235900822275 2.432221822170349 6.57919571628929 3.871294668531413e-05
9.828125 3.0891949018981784 4.419235900655748 2.4214442933835203 6.601741108018553 4.882253682205016e-05
9.859375 3.089043228399958 4.419235900516554 2.410649944965953 6.624013831973457 6.115920919813026e-05
9.890625 3.088894888456299 4.419235900404009 2.4001226514137906 6.64535410311951 7.614005232250465e-05
9.921875 3.0887504999719955 4.419235900317334 2.3909323431929934 6.663611866572239 9.424679947325484e-05
9.953125 3.0886107735924906 4.419235900255799 2.38515458844042 6.674786116985365 0.00011603342650898227
9.984375 3.088476523066107 4.4192359002188155 2.384665059334372 6.674761160234137 0.00014213421802187232
10.015625 3.0883486761434655 4.419235900206002 2.389197815612521 6.665296207666203 0.00017327225240822825
10.046875 3.0882282859256556 4.419235900217146 2.394683495085033 6.652724068635665 0.00021026823778249598
10.078125 3.08811654254546 4.419235900252101 2.397687713836559 6.646266239291985 0.00025404960983168684
10.109375 3.088014785036043 4.419235900310653 2.39868314483616 6.643770153046406 0.0003056597797921633
10.140625 3.087924513209056 4.419235900392357 2.3988918846667184 6.642061010396695 0.0003662673958988225
10.171875 3.087847399329383 4.41923590049643 2.3991158261730385 6.64098914222471 0.00043717545516134556
10.203125 3.087785299337341 4.419235900621728 2.399465926897394 6.64015020705998 0.0005198300745101878
10.234375 3.0877402633315074 4.419235900766793 2.399876128881088 6.638919102076371 0.0006158287016735327
10.265625 3.087714544987284 4.419235900929985 2.400282320311061 6.637270463392259 0.0007269275171483163
10.296875 3.0877106095487226 4.4192359011096425 2.400698216372415 6.6357913824685895 0.0008550477499748933
10.328125 3.0877311399949927 4.419235901304248 2.401170730961291 6.634675208752585 0.0010022806024855794
10.359375 3.0877790409494317 4.419235901512609 2.401704819290239 6.633517508457313 0.0011708904536466504
10.390625 3.08785743986975 4.419235901733938 2.402271950206307 6.632010782587038 0.00136331598802327
10.421875 3.0879696850340084 4.41923590196788 2.4028726897779182 6.630374175699435 0.0015821688788247121
10.453125 3.0881193398201576 4.4192359022144805 2.403529852576402 6.628982003595389 0.001830229640059798
10.484375 3.0883101727687645 4.419235902474112 2.404233979209394 6.627791750680618 0.0021104402557239545
10.515625 3.088546142920853 4.419235902747362 2.404978646404598 6.62645262058571 0.0024258931943456344
10.546875 3.0888313799370923 4.4192359030349095 2.405783025202048 6.624880482080746 0.002779816426326757
10.578125 3.089170158532596 4.419235903337458 2.406659577003625 6.623349357838245 0.0031755540804596885
10.609375 3.089566866804739 4.419235903655627 2.407587062002749 6.622077462785311 0.003616542405846326
10.640625 3.090025968091016 4.4192359039898825 2.408549493297567 6.620902458254483 0.004106280747108303
10.671875 3.0905519560708337 4.41923590434047 2.409568754454744 6.619570167004596 0.004648297295010989
10.703125 3.0911493029201473 4.4192359047073815 2.4106793623583727 6.618134817367464 0.005246109441955015
10.734375 3.091822400440962 4.4192359050903365 2.4118859844378733 6.616819688114013 0.00590317865247471
10.765625 3.0925754942187296 4.41923590548881 2.4131645771477253 6.615676443798473 0.006622859852864577
10.796875 3.093412611008506 4.4192359059021555 2.414496791917834 6.614534724449911 0.007408345450915949
10.828125 3.0943374797138956 4.419235906329673 2.4158883393203716 6.6133149566713545 0.008262604215674192
10.859375 3.0953534464989776 4.419235906770718 2.417368681391456 6.612186333205595 0.009188315376884767
10.890625 3.0964633847596343 4.419235907224712 2.4189549050443353 6.6111876811535435 0.01018779844269984
10.921875 3.0976696008732327 4.419235907691177 2.420637771484745 6.61022499162172 0.01126293938012599
10.953125 3.098973736840207 4.4192359081697035 2.4224015088893633 6.609202125456775 0.012415113953013106
10.984375 3.1003766711229233 4.41923590865991 2.424247863858336 6.608205076797736 0.013645109164084353
11.015625 3.1018784191706965 4.419235909161368 2.426185615225117 6.607342033406217 0.014953043897151557
11.046875 3.10347803528963 4.4192359096735965 2.4282121366309815 6.606584225640062 0.016338289999458067
11.078125 3.1051735176659836 4.419235910196074 2.4303226099707302 6.60581587822173 0.017799395177961152
11.109375 3.106961718476508 4.419235910728295 2.4325172355303444 6.605029986867984 0.019334009203016627
11.140625 3.108838261112921 4.419235911269881 2.434790190052272 6.6043139290562465 0.020938815013958157
11.171875 3.110797466605591 4.419235911820705 2.437128128851569 6.603714128918234 0.022609466399069394
11.203125 3.1128322913490845 4.419235912380977 2.4395216851979438 6.603189799943609 0.02434053397314911
11.234375 3.114934278206026 4.419235912951277 2.4419684822486802 6.602658330362501 0.026125461195244212
11.265625 3.1170935229932666 4.41923591353255 2.444466617817135 6.602124433552756 0.027956532153544326
11.296875 3.119298658234272 4.419235914125983 2.447003136558731 6.601654059473741 0.02982485279080091
11.328125 3.1215368558937864 4.419235914732832 2.449553865142689 6.60127240937773 0.031720347149536324
11.359375 3.1237938505961624 4.419235915354257 2.452096074834566 6.600936751395328 0.033631770080131254
11.390625 3.126053984569772 4.419235915991141 2.45461686958375 6.600609780744403 0.03554673767593849
11.421875 3.128300275259797 4.419235916643978 2.457107225094145 6.600310542761802 0.037451776478212004
11.453125 3.130514506215087 4.419235917312799 2.4595495620365586 6.600074029946189 0.039332392231319985
11.484375 3.132677341487021 4.419235917997214 2.4619165056256187 6.599891481619659 0.041173158668053204
11.515625 3.134768463385708 4.419235918696546 2.4641820986106433 6.599723032708296 0.04295782646966331
11.546875 3.136766733028254 4.419235919409985 2.466328191916314 6.599557682465417 0.04466945218057142
11.578125 3.1386503726925516 4.41923592013672 2.4683366015224992 6.599425049518649 0.04629054646961692
11.609375 3.140397168566013 4.419235920876062 2.4701799225989847 6.599345660258786 0.04780324072547297
11.640625 3.1419846920597188 4.4192359216274895 2.471826843086303 6.599301663131732 0.04918947056157731
11.671875 3.143390537452806 4.419235922390647 2.473254138638189 6.599259178317671 0.05043117439454236
11.703125 3.144592573247479 4.419235923165337 2.4744478104582193 6.599214280279113 0.051510504859034176
11.734375 3.1455692042598615 4.419235923951451 2.475385481571579 6.599197066655416 0.052410050441439045
11.765625 3.1462996411533632 4.419235924748952 2.4760372984055468 6.599215375058682 0.05311306436428788
11.796875 3.1467641738467385 4.419235925557813 2.4763710592594763 6.599259652648702 0.05360369744326279
11.828125 3.1469444450047943 4.419235926377964 2.476365719714521 6.599323556276079 0.05386723137812902
11.859375 3.1468237196519393 4.419235927209231 2.476014813833854 6.59940446624219 0.05389030873688286
11.890625 3.1463871468421574 4.4192359280513545 2.475316605130889 6.5994864597923595 0.05366115575656725
11.921875 3.1456220092777474 4.419235928903976 2.4742587178006525 6.599544379702074 0.05316979402112389
11.953125 3.1445179567957693 4.419235929766636 2.4728191365503536 6.599583535521951 0.05240823709138409
11.984375 3.1430672197373886 4.4192359306387825 2.470968384363979 6.599650384833071 0.05137066825821273
12.015625 2.141264798381159 4.419235931519768 2.4686986248709473 6.599774533837427 0.05005359576840977
12.046875 2.139108624855495 4.4192359324089034 2.466023247636875 6.599922984707424 0.048455982133748285
12.078125 2.1365996942455103 4.419235933305524 2.4629548442823106 6.600047064806574 0.046579344473933665
12.109375 2.1337421619708397 4.419235934209022 2.45949786347407 6.600134437405221 0.04442782325967287
12.140625 2.130543404928753 4.419235935118897 2.4556522054694545 6.600215447867793 0.04200821730578457
12.171875 2.1270140443642855 4.4192359360347755 2.4514224786031678 6.600320562594078 0.03932998340777328
12.203125 2.1231679289389005 4.419235936956422 2.446822903621081 6.6004442288987475 0.03640519960818808
12.234375 2.1190220770134878 4.419235937883657 2.441875938339039 6.600559830904286 0.033248491709506556
12.265625 2.1145965777318905 4.419235938816299 2.436607603794613 6.600656350935235 0.02987692330508533
12.296875 2.109914451079449 4.419235939754076 2.431043668288327 6.600746814183756 0.026309850264809496
12.328125 2.105001467689206 4.419235940696553 2.425210655092795 6.600841741497763 0.022568741272777516
12.359375 2.0998859297688774 4.419235941643121 2.4191389926075924 6.60093244854017 0.018676966655785724
12.390625 2.0945984151177903 4.419235942593051 2.4128632153211513 6.601007318573805 0.014659558348819613
12.421875 2.0891714867884983 4.419235943545583 2.4064193993909897 6.601071728545929 0.01054294440308875
12.453125 2.0836393715174157 4.4192359445000235 2.3998461271010614 6.601136465743259 0.006354661940193942
12.484375 2.078037610597481 4.41923594545587 2.393188176423995 6.601190655538449 0.002123052880951984
12.515625 2.0724026873888244 4.419235946412831 2.3864920618353285 6.601215765273282 -0.002123052880951984
12.546875 2.0667716361550443 4.419235947370797 2.3797950357887676 6.6012179318661826 -0.006354661940193942
12.578125 2.061181637366831 4.419235948329704 2.373133824904407 6.601217542440009 -0.01054294440308875
12.609375 2.055669605022927 4.419235949289337 2.366547618775415 6.601227496477744 -0.014659558348819613
12.640625 2.0502717718904893 4.419235950249066 2.360080269275695 6.60123823573524 -0.018676966655785724
12.671875 2.045023278849772 4.419235951207691 2.353784575620713 6.6012235421504135 -0.022568741272777516
12.703125 2.039957774726089 4.419235952163394 2.3477095137705786 6.60116625654398 -0.026309850264809496
12.734375 2.0351070330870833 4.419235953113776 2.3418865345556394 6.601086183713367 -0.02987692330508533
12.765625 2.030500592456364 4.419235954056054 2.3363376135676797 6.6010113735169105 -0.033248491709506556
12.796875 2.0261654262263624 4.419235954987384 2.33109134357444 6.600943338085464 -0.03640519960818808
12.828125 2.0221256482266874 4.419235955905157 2.326185610245318 6.600862125616132 -0.03932998340777328
12.859375 2.0184022594068214 4.419235956807298 2.32165571254847 6.6007540268085165 -0.04200821730578457
12.890625 2.0150129404178587 4.419235957692438 2.3175222271178506 6.600628676429929 -0.04442782325967287
12.921875 2.0119718940304074 4.419235958559964 2.3137969216809435 6.600499836101749 -0.046579344473933665
12.953125 2.009289740318712 4.419235959409892 2.3104937153395424 6.600365079684166 -0.048455982133748285
12.984375 2.006973466399802 4.419235960242651 2.3076279802704036 6.600212054461569 -0.05005359576840977
13.015625 2.005026431277475 4.419235961058879 2.3052065125899484 6.6000383094276645 -0.05137066825821273
13.046875 2.0034484250497986 4.419235961859236 2.3032256273425205 6.59985224800716 -0.05240823709138409
13.078125 2.0022357804477453 4.419235962644292 2.3016789055007396 6.59965816474093 -0.05316979402112389
13.109375 2.001381533436704 4.419235963414366 2.3005597060226375 6.599453737889467 -0.05366115575656725
13.140625 2.000875628485172 4.419235964169522 2.2998553342107106 6.599241883529795 -0.05389030873688286
13.171875 2.000705163134419 4.419235964909509 2.299548924231725 6.599026480762453 -0.05386723137812902
13.203125 2.000854665727406 4.419235965633719 2.2996291422689428 6.598795283205586 -0.05360369744326279
13.234375 2.001306399601755 4.419235966341267 2.3000848673041028 6.598531699247479 -0.05311306436428788
13.265625 2.002040686733066 4.419235967031069 2.300886086373064 6.598249790428265 -0.052410050441439045
13.296875 2.0030362437308127 4.41923596770191 2.3019867935137666 6.59798715214951 -0.051510504859034176
13.328125 2.00427052322629 4.419235968352539 2.30335521966864 6.597749315123053 -0.05043117439454236
13.359375 2.005720054027329 4.4192359689817104 2.304984261987344 6.597495996503072 -0.04918947056157731
13.390625 2.007360773916253 4.419235969588249 2.3068597696766653 6.597202571718329 -0.04780324072547297
13.421875 2.009168349600368 4.419235970170956 2.3089381167749448 6.596899280764992 -0.04629054646961692
13.453125 2.0111184790503573 4.419235970728577 2.3111713057900576 6.596620322122265 -0.04466945218057142
13.484375 2.0131871722450034 4.419235971259858 2.3135370084693063 6.596350114790471 -0.04295782646966331
13.515625 2.015351007146995 4.41923597176363 2.3160238902263606 6.5960570995785694 -0.041173158668053204
13.546875 2.0175873585348114 4.419235972239011 2.3186019356013325 6.595751113249516 -0.039332392231319985
13.578125 2.0198745980859276 4.419235972685616 2.321231408830309 6.595461289337158 -0.037451776478212004
13.609375 2.0221922648277886 4.419235973103705 2.3238905004989343 6.595180293349637 -0.03554673767593849
13.640625 2.0245212057318462 4.419235973494108 2.326570797300275 6.59487740739164 -0.033631770080131254
13.671875 2.0268436868132995 4.419235973858038 2.3292512525556885 6.594553976747898 -0.031720347149536324
13.703125 2.029143475610354 4.419235974196848 2.3319000754627224 6.594238572055413 -0.02982485279080091
13.734375 2.03140589635014 4.419235974511937 2.334499179296829 6.593933921899412 -0.027956532153544326
13.765625 2.0336178594649024 4.41923597480492 2.337044290308931 6.593615737871851 -0.026125461195244212
13.796875 2.0357678674046014 4.419235975077981 2.3395200399538085 6.593285970451147 -0.02434053397314911
13.828125 2.0378459989046824 4.419235975334068 2.3418982578623617 6.59297971681657 -0.022609466399069394
13.859375 2.039843874015596 4.419235975576486 2.3441669217570267 6.592704370539398 -0.020938815013958157
13.890625 2.041754602289121 4.419235975807691 2.346340953776143 6.592414405554079 -0.019334009203016627
13.921875 2.0435727165515667 4.4192359760275615 2.3484306603446825 6.592074205394859 -0.017799395177961152
13.953125 2.0452940946816325 4.419235976231978 2.3504161218934683 6.591713541485612 -0.016338289999458067
13.984375 2.046915871757069 4.419235976412922 2.3522681709928266 6.5913866781564545 -0.014953043897151557
14.015625 2.0484363448454146 4.419235976561002 2.3539843500723494 6.591096383424764 -0.013645109164084353
14.046875 2.0498548725955863 4.419235976670353 2.3555856238199118 6.590798229563349 -0.012415113953013106
14.078125 2.0511717716443885 4.419235976744343 2.357081101755103 6.590473030151586 -0.01126293938012599
14.109375 2.05238821168993 4.419235976799338 2.3584576774062334 6.590150776629857 -0.01018779844269984
14.140625 2.053506110907114 4.419235976863582 2.3597070395680135 6.589854861261526 -0.009188315376884767
14.171875 2.054528033193174 4.419235976969839 2.3608436936681954 6.589562619292235 -0.008262604215674192
14.203125 2.055457088538035 4.419235977143406 2.3618853486736517 6.589244072748843 -0.007408345450915949
14.234375 2.056296837619543 4.4192359773905645 2.3628299473439736 6.588911041036637 -0.006622859852864577
14.265625 2.0570512015314293 4.419235977695085 2.363667069617088 6.588595190843 -0.00590317865247471
14.296875 2.057724377366425 4.4192359780299135 2.364402605132937 6.5882958377989285 -0.005246109441955015
14.328125 2.058320760201096 4.419235978387163 2.365055001419183 6.587985492222131 -0.004648297295010989
14.359375 2.058844871864951 4.41923597882236 2.3656302098887356 6.587661384026722 -0.004106280747108303
14.390625 2.059301296725036 4.419235979501199 2.366119709516183 6.587351834040659 -0.003616542405846326
14.421875 2.0596946245787873 4.4192359807317345 2.3665259421858753 6.5870639270966915 -0.0031755540804596885
14.453125 2.0600294006221205 4.419235982964921 2.3668720000045536 6.586762014081849 -0.002779816426326757
14.484375 2.0603100823468186 4.419235986753171 2.367175009482725 6.586420801838054 -0.0024258931943456344
14.515625 2.0605410031220375 4.419235992668539 2.3674243613382204 6.586071324609007 -0.0021104402557239545
14.546875 2.0607263421307063 4.419236001195722 2.3676014215335623 6.585762168325324 -0.001830229640059798
14.578125 2.0608701002643395 4.4192360126255394 2.3677131683692556 6.585489394993772 -0.0015821688788247121
14.609375 2.0609760815306934 4.419236026977222 2.3677894077763164 6.585201176008042 -0.00136331598802327
14.640625 2.0610478794973117 4.419236043971691 2.367845828564173 6.584873047116839 -0.0011708904536466504
14.671875 2.061088868278751 4.419236063064076 2.3678691352020995 6.584539991043172 -0.0010022806024855794
14.703125 2.0611021975728896 4.419236083527174 2.3678444911707888 6.5842405303550695 -0.0008550477499748933
14.734375 2.0610907912584286 4.419236104563724 2.367782463287268 6.583960477280726 -0.0007269275171483163
14.765625 2.061057349078182 4.41923612541939 2.367705226896406 6.583660363134783 -0.0006158287016735327
14.796875 2.0610043509488953 4.419236145471393 2.3676155814137054 6.583339689806003 -0.0005198300745101878
14.828125 2.0609340634576503 4.419236164278095 2.3674987142141397 6.583034522090759 -0.00043717545516134556
14.859375 2.060848548127953 4.4192361815879835 2.3673516772003467 6.582756433699604 -0.0003662673958988225
14.890625 2.0607496710661684 4.419236197317348 2.3671924901635677 6.582473071599544 -0.0003056597797921633
14.921875 2.0606391136314532 4.419236211511014 2.3670341238137382 6.58216099940586 -0.00025404960983168684
14.953125 2.0605183838086734 4.419236224299793 2.366867294265923 6.581842510536984 -0.00021026823778249598
14.984375 2.0603888280024214 4.419236235863399 2.366680301596925 6.581545399569959 -0.00017327225240822825
15.015625 2.0602516430088333 4.419236246401654 2.366481990614241 6.581255212235218 -0.00014213421802187232
15.046875 2.0601078879586963 4.419236256112881 2.3662879088780375 6.580942370306776 -0.00011603342650898227
15.078125 2.0599584960592368 4.4192362651773385 2.366092105503866 6.580620255654183 -9.424679947325484e-05
15.109375 2.059804285992839 4.419236273744845 2.3658743970991654 6.580332097535241 -7.614005232250465e-05
15.140625 2.059645972859287 4.4192362819273345 2.365634755819027 6.580080165034855 -6.115920919813026e-05
15.171875 2.0594841785742246 4.419236289797919 2.3654004693328785 6.579810860866866 -4.882253682205016e-05
15.203125 2.05931944166073 4.419236297396802 2.365189266806527 6.579488666444501 -3.871294668531413e-05
15.234375 2.059152226392652 4.419236304742484 2.3649841698699023 6.5791487587762365 -3.047089856032277e-05
15.265625 2.058982931267381 4.419236311844667 2.3647580036316906 6.578848019109745 -2.3787824056655596e-05
15.296875 2.058811896801499 4.41923631871477 2.364511613057742 6.5785863512441285 -1.8400076786345152e-05
15.328125 2.058639412655154 4.4192363253712035 2.3642694633395287 6.578314777460355 -1.4083405549510238e-05
15.359375 2.0584657241006665 4.419236331838858 2.364041071742453 6.578013433452387 -1.0647938659910819e-05
15.390625 2.0582910378582993 4.419236338144628 2.363809627360605 6.5777164189302235 -7.933660947464523e-06
15.421875 2.0581155273281113 4.419236344312018 2.363562186773202 6.577450883868556 -5.806359934410772e-06
15.453125 2.0579393372516113 4.419236350357489 2.363311598317679 6.577192099108749 -4.154014011294916e-06
15.484375 2.05776258784077 4.419236356289849 2.363075750272534 6.576904083276118 -2.8835929655655025e-06
15.515625 2.0575853784144997 4.419236362112371 2.3628491224981314 6.57659758096477 -1.91823977061019e-06
15.546875 2.0574077905839423 4.419236367826166 2.3626129663652558 6.576310331122256 -1.1948019652308614e-06
15.578125 2.057229891027837 4.419236373433105 2.3623659777638233 6.576045284767655 -6.6168109169794e-07
15.609375 2.0570517338980685 4.4192363789372475 2.3621249457424285 6.575769116888111 -2.769693754259723e-07
15.640625 2.0568733628936426 4.41923638434465 2.3618940668621704 6.575473487816718 -6.84399496390746e-09
15.671875 2.056694813039042 4.419236389662188 2.361655907499706 6.5751938145944235 1.75809204796358e-07
15.703125 2.0565161122006157 4.419236394896265 2.3614012761314473 6.57494847904944 2.9256895874623466e-07
15.734375 2.0563372823723065 4.4192364000519975 2.361149623360394 6.574698403826972 3.6047328921586107e-07
15.765625 2.0561583407596706 4.419236405133095 2.3609221614372613 6.57440076293609 3.92858192564735e-07
15.796875 2.055979300688654 4.41923641014229 2.3607077598327777 6.574078234839103 4.00060811963365e-07
15.828125 2.055800172363212 4.419236415081906 2.360476436010426 6.573791684604324 3.900056158431509e-07
15.859375 2.055620963493284 4.419236419954322 2.360222063431017 6.573553089049519 3.686901735755997e-07
15.890625 2.0554416798122475 4.419236424762068 2.3599699031466717 6.5733110508314265 3.405852802832484e-07
15.921875 2.055262325500575 4.419236429507758 2.359737453710732 6.573029678115676 3.089624517400078e-07
15.953125 2.055082903530441 4.419236434193897 2.3595101239530045 6.572738849357402 2.7616020174017365e-07
15.984375 2.054903415944006 4.419236438822715 2.3592670234737536 6.572481714308278 2.4379903603245343e-07
16.015625 2.0547238640764425 4.419236443396102 2.359013946045532 6.57224727030883 2.129537521443204e-07
16.046875 2.054544248733251 4.419236447915676 2.3587724210192365 6.5719918948086775 1.842904225897277e-07
16.078125 2.0543645703300024 4.419236452382877 2.358544195223275 6.571711152650079 1.581743565263702e-07
16.109375 2.0541848290014526 4.419236456799036 2.3583096313405316 6.571444175233758 1.3475437614470108e-07
16.140625 2.054005024685827 4.419236461165458 2.3580604364482225 6.571207651567201 1.1402790157076528e-07
16.171875 2.0538251571891495 4.419236465483445 2.357813179945252 6.570968777454315 9.589060343071351e-08
16.203125 2.0536452262336606 4.4192364697542414 2.357581234064109 6.570700755495174 8.017374642759501e-08
16.234375 2.053465231493642 4.419236473978997 2.35735217232656 6.57042862327738 6.667180104523568e-08
16.265625 2.053285172621348 4.419236478158757 2.3571088681731585 6.570186556415253 5.5162434587404565e-08
16.296875 2.053105049265277 4.4192364822944725 2.356859987664484 6.569956924682199 4.542059821685135e-08
16.328125 2.052924861082601 4.419236486387048 2.3566280532033 6.569694456004078 3.722809494294276e-08
16.359375 2.05274460774715 4.419236490437317 2.356411281533159 6.569402839387426 3.037973662956737e-08
16.390625 2.0525642889541293 4.419236494446088 2.3561820463687897 6.569138045370409 2.4686968687730042e-08
16.421875 2.0523839044224457 4.419236498414143 2.3559277709017907 6.568925131478347 1.9979652470463198e-08
16.453125 2.0522034538953395 4.419236502342237 2.3556718642254277 6.568716872349607 1.610654146399652e-08
16.484375 2.0520229371398657 4.419236506231096 2.3554401963366756 6.5684608338176265 1.2934862794373492e-08
16.515625 2.051842353945614 4.419236510081404 2.355223404584038 6.568175986472779 1.0349315607112637e-08
16.546875 2.0516617041229557 4.419236513893811 2.354992488946567 6.567921077684543 8.250718395545009e-09
16.578125 2.051480987501063 4.419236517668943 2.354742216023465 6.5677067342630835 6.554474776039984e-09
16.609375 2.051300203925847 4.419236521407403 2.3544954295654557 6.56748704617768 5.1889784705830064e-09
16.640625 2.0511193532579193 4.419236525109797 2.354264412981303 6.567236852316649 4.094040754180995e-09
16.671875 2.0509384353706586 4.419236528776712 2.3540333843208057 6.566987867705859 3.219395161131922e-09
16.703125 2.0507574501484207 4.4192365324087275 2.3537874183751186 6.56676994174544 2.523312985973188e-09
16.734375 2.0505763974849116 4.419236536006405 2.353538004286135 6.566560018989382 1.971347542156692e-09
16.765625 2.0503952772817353 4.419236539570306 2.353303453675641 6.566321192284271 1.5352140059132596e-09
16.796875 2.0502140894471195 4.419236543100983 2.3530781460682393 6.566064823367425 1.191803958165589e-09
16.828125 2.050032833894808 4.419236546598981 2.3528429630774217 6.565829478059507 9.22328624068492e-10
16.859375 2.049851510543104 4.4192365500648325 2.3525981549916684 6.565614712754255 7.115816430660233e-10
16.890625 2.0496701193140483 4.419236553499067 2.3523629102848442 6.565381999959232 5.473104646628257e-10
16.921875 2.0494886601327447 4.419236556902195 2.3521413014122947 6.565122763020437 4.196847518033573e-10
16.953125 2.0493071329267707 4.419236560274728 2.3519115891449283 6.564880662796529 3.2085017244722926e-10
16.984375 2.049125537625694 4.419236563617162 2.3516586425732853 6.564686292534152 2.445564327745659e-10
17.015625 2.048943874160677 4.419236566929978 2.3514013797756115 6.5645021707766915 1.8584917425466984e-10
17.046875 2.048762142464144 4.419236570213655 2.3511698222552826 6.564268542282605 1.4081629059050188e-10
17.078125 2.0485803424695046 4.419236573468683 2.350960161081985 6.563992673175305 1.0638022529341046e-10
17.109375 2.0483984741109293 4.419236576695578 2.3507386252625118 6.5637419927115115 8.012882088826562e-11
17.140625 2.048216537323177 4.419236579894879 2.3504911307934395 6.5635438870514635 6.017826279695694e-11
17.171875 2.048034532041444 4.419236583067143 2.3502400622798323 6.563352986583338 4.506256740414861e-11
17.203125 2.0478524582012527 4.4192365862129375 2.350006243370674 6.563128169763594 3.364488926874075e-11
17.234375 2.047670315738353 4.419236589332872 2.3497791609066243 6.56289099139035 2.5046660111161175e-11
17.265625 2.0474881045886537 4.419236592427574 2.3495384108407933 6.562682287321228 1.8591221278310382e-11
17.296875 2.0473058246881726 4.419236595497692 2.349288434135441 6.562493157692029 1.3759175065993107e-11
17.328125 2.0471234759729926 4.419236598543867 2.349050517636387 6.562281966474249 1.0153164275917284e-11
17.359375 2.046941058379221 4.419236601566743 2.348826451947754 6.562045194733452 7.470200829441743e-12
17.390625 2.0467585718429673 4.419236604566977 2.3485970776571916 6.561820956880137 5.480010911465506e-12
17.421875 2.046576016300312 4.419236607545254 2.348354456167888 6.561623575425867 4.008153816462366e-12
17.453125 2.0463933916872827 4.419236610502294 2.348114935335932 6.561423824506552 2.922911974610753e-12
17.484375 2.0462106979398462 4.419236613438836 2.3478889954368523 6.561200175237369 2.1251475998174054e-12
17.515625 2.0460279349938926 4.419236616355651 2.3476611632102786 6.560984104170757 1.5404834363647938e-12
17.546875 2.045845102785228 4.419236619253534 2.3474142189187246 6.560810811665123 1.113296906264696e-12
17.578125 2.045662201249563 4.419236622133321 2.34716188276061 6.560652209251789 8.021235938183894e-13
17.609375 2.0454792303225022 4.419236624995929 2.346933272276125 6.560450367418562 5.761517913992377e-13
17.640625 2.045296189939497 4.419236627842416 2.3467264455147285 6.560207213038432 4.1255848706260836e-13
17.671875 2.0451130800358035 4.419236630674087 2.3465093378638566 6.5599896043850645 2.9449184610589434e-13
17.703125 2.044929900546422 4.419236633492626 2.346266267537226 6.5598299179862885 2.0954856369736308e-13
17.734375 2.0447466514060384 4.419236636300225 2.346018093046551 6.559687480934118 1.4862863863463673e-13
17.765625 2.0445633325490022 4.419236639099635 2.345789048222387 6.559517222219718 1.050769502468153e-13
17.796875 2.0443799439093726 4.419236641894033 2.3455707096733978 6.559337235545029 7.404199539793786e-14
17.828125 2.044196485421079 4.419236644686666 2.34534167138159 6.559191935505977 5.1998468342356297e-14
17.859375 2.044012957018171 4.419236647480279 2.3451009787418977 6.5590837587793445 3.63930197719041e-14
17.890625 2.0438293586351444 4.419236650276352 2.344869923369483 6.558965344696855 2.53822982660602e-14
17.921875 2.04364569020725 4.419236653074395 2.3446560160196275 6.55881613626123 1.7639885483553146e-14
17.953125 2.0434619516707264 4.419236655871403 2.344437828998931 6.558676100786333 1.2214485147172358e-14
17.984375 2.0432781429628695 4.419236658661708 2.344203216890613 6.558570943711975 8.426110147273168e-15
18.015625 2.043094264021875 4.419236661437339 2.343970144067816 6.5584767240417525 5.790342783568785e-15
18.046875 2.0429103147864622 4.419236664188918 2.3437569349424696 6.558376450499509 3.963263749308563e-15
18.078125 2.0427262951953313 4.419236666906901 2.34355037766668 6.558308355889068 2.7015457262591083e-15
18.109375 2.042542205186545 4.419236669583018 2.34332771477333 6.558322328577836 1.833634667520214e-15
18.140625 2.042358044697007 4.419236672211486 2.343105877423116 6.558361547652113 1.2390097532254693e-15
18.171875 2.0421738136621235 4.419236674789772 2.3429044043792406 6.558380351388306 8.333090963179003e-16
18.203125 2.041989512015739 4.419236677318732 2.342727029046063 6.558369663192218 5.576995431938721e-16
18.234375 2.041805139690358 4.419236679802106 2.342544558822943 6.558413086742023 3.7130643844254734e-16
18.265625 2.0416206966175605 4.419236682245545 2.3423268783541458 6.558578440441497 2.4584179170539287e-16
18.296875 2.041436182728522 4.419236684655411 2.342130079981253 6.558746500872812 1.6180622920595578e-16
18.328125 2.04125159795449 4.41923668703765 2.341926961246189 6.5589057453968485 1.0581352319837788e-16
18.359375 2.0410669422271255 4.419236689397007 2.3417831079672453 6.558959434512842 6.871293963104205e-17
18.390625 2.0408822154786477 4.419236691736687 2.3415480280234213 6.559163685830283 4.427650759039602e-17
18.421875 2.040697417641806 4.419236694058428 2.3413813031841375 6.559259443554943 2.828480622676629e-17
18.453125 2.0405125486496978 4.419236696362892 2.3411349250788787 6.5595387264502225 1.7892814642745072e-17
18.484375 2.040327608435573 4.419236698650133 2.3410597006737643 6.559555148055907 1.1191819602844879e-17
18.515625 2.0401425969326383 4.41923670092004 2.3407668205891694 6.5600714911104525 6.908033070364404e-18
18.546875 2.0399575140739543 4.419236703172594 2.340718574902853 6.560216229359487 4.1961531058258706e-18
18.578125 2.0397723597923862 4.419236705407954 2.340382168082047 6.56102686502938 2.498590031010466e-18
18.609375 2.0395871340206293 4.419236707626439 2.3405436009917073 6.560964058336205 1.449916056694189e-18
18.640625 2.0394018366912627 4.419236709828395 2.3400459299642753 6.562250096158427 8.123242558628094e-19
18.671875 2.0392164677367846 4.419236712014116 2.340316167669058 6.562049314657977 4.3225443940309184e-19
18.703125 2.0390310270896363 4.419236714183834 2.339544594142631 6.563768296539996 2.1139984100659238e-19
18.734375 2.0388455146821967 4.419236716337748 2.3402909974711283 6.562283907093553 8.743644241968582e-20
18.765625 2.0386599304467556 4.419236718476091 2.3390450183749234 6.564437941208089 2.1292021952213176e-20
18.796875 2.0384742743155013 4.419236720599173 2.3401479092900646 6.561672627887933 -1.120966778113034e-20
18.828125 2.0382885462205014 4.419236722707436 2.3379549635792065 6.565303373704351 -2.4794409328619503e-20
18.859375 2.0381027460937124 4.419236724801431 2.340320656191314 6.560085682044828 -2.8258874022225216e-20
18.890625 2.037916873866983 4.419236726881811 2.336993251644203 6.567000348090223 -2.672813031849725e-20
18.921875 2.037730929472069 4.419236728949321 2.3412391567313837 6.560348323094349 -2.3088901174160298e-20
18.953125 2.0375449128406418 4.419236731004785 2.335605355797399 6.576038254653881 -1.8889436847287846e-20
18.984375 2.0373588239042855 4.419236733049111 2.3440812074355106 6.562863998020794 -1.489719778190366e-20
19.015625 2.037172662594487 4.419236735083255 2.3351001341299074 6.590577798853548 -1.143913179228943e-20
19.046875 2.036986428842632 4.419236737108237 2.3430973830467767 6.567528316697649 -8.605353010410987e-21
19.078125 2.0368001225800034 4.419236739125097 2.3303737520301206 6.52498744900057 -6.368100805829833e-21
19.109375 2.036613743737779 4.4192367411348865 2.2818689504377145 6.144693027749583 -4.648962114637106e-21
19.140625 2.036427292247029 4.419236743138642 2.168747330288715 5.328743293741408 -3.3550959936201877e-21
19.171875 2.0362407680387227 4.419236745137354 2.0688267959697777 4.637297892859282 -2.397332648142728e-21
19.203125 2.036054171043719 4.419236747131952 2.0410612460796713 4.452522208233969 -1.698014209741317e-21
19.234375 2.035867501192765 4.4192367491233036 2.036870772962229 4.425902794764294 -1.193295339358929e-21
19.265625 2.0356807584164947 4.419236751112188 2.0358733584077138 4.420511392688321 -8.326656155385357e-22
19.296875 2.0354939426454295 4.41923675309931 2.035530587414367 4.419482644565747 -5.77259160798956e-22
19.328125 2.0353070538099676 4.419236755085311 2.0353141120110285 4.419283893534729 -3.977987490968176e-22
19.359375 2.0351200918403896 4.419236757070775 2.03512136921497 4.419245598919883 -2.7260073698019643e-22
19.390625 2.034933056666855 4.4192367590562505 2.0349332462758154 4.4192384303828 -1.8582826090560647e-22
19.421875 2.034745948219411 4.4192367610422805 2.034745930007237 4.419237066900522 -1.2605058654817386e-22
19.453125 2.0345587664280016 4.41923676302942 2.0345587091058106 4.419236819543473 -8.510108664216983e-23
19.484375 2.034371511222468 4.419236765018294 2.0343714532209445 4.419236811252766 -5.719737357640802e-23
19.515625 2.0341841825325537 4.419236767009644 2.0341841277308275 4.41923683290494 -3.8277972523577195e-23
19.546875 2.0339967802879135 4.419236769004366 2.0339967258571194 4.419236834784977 -2.5510813027808987e-23
19.578125 2.0338093044181225 4.4192367710035505 2.0338092488971204 4.419236827435299 -1.6934177460038927e-23
19.609375 2.0336217548526743 4.419236773008533 2.0336216992218183 4.419236827352785 -1.1197544736359961e-23
19.640625 2.0334341315209987 4.419236775020922 2.0334340765712273 4.419236831369344 -7.376468727502132e-24
19.671875 2.033246434352463 4.419236777042595 2.033246379828923 4.419236834565103 -4.8415436441065506e-24
19.703125 2.0330586632763596 4.419236779075752 2.0330586090089966 4.419236836046303 -3.1664072085467803e-24
19.734375 2.0328708182219257 4.419236781122892 2.0328707641783326 4.419236837395875 -2.063626327147327e-24
19.765625 2.0326828991183343 4.41923678318678 2.0326828453891372 4.4192368393533235 -1.3403152088627167e-24
19.796875 2.0324949058947075 4.419236785270398 2.032494852503336 4.419236841404928 -8.676038409735593e-25
19.828125 2.0323068384801077 4.419236787376862 2.0323067853911088 4.419236843276192 -5.5975613110885925e-25
19.859375 2.0321186968035247 4.419236789509377 2.03211864399306 4.419236845024745 -3.599654906553355e-25
19.890625 2.031930480793866 4.419236791671141 2.0319304282553006 4.419236846809777 -2.3074218514254646e-25
19.921875 2.0317421903799397 4.4192367938652515 2.031742138107459 4.41923684864837 -1.474398097469421e-25
19.953125 2.031553825490435 4.419236796094593 2.0315537734689917 4.41923685049608 -9.391605402168255e-26
19.984375 2.031365386053884 4.41923679836176 2.031365334264355 4.419236852329744 -5.963706537766583e-26
20.015625 2.0311768719986474 4.419236800668924 2.031176820425318 4.419236854161355 -3.775344399229274e-26
20.046875 2.030988283252879 4.419236803017739 2.0309882318822443 4.419236855997703 -2.3827139994964814e-26
20.078125 2.0307996197445046 4.4192368054092395 2.0307995685645386 4.419236857833358 -1.49924343140427e-26
20.109375 2.030610881401211 4.419236807843709 2.030610830400766 4.419236859660217 -9.405155247393542e-27
20.140625 2.030422068150425 4.419236810320582 2.0304220173196983 4.419236861475202 -5.882486307471667e-27
20.171875 2.0302331799193127 4.4192368128383475 2.030233129249903 4.419236863278002 -3.668289004728993e-27
20.203125 2.0300442166347805 4.4192368153944415 2.0300441661191924 4.419236865067728 -2.2807587812770227e-27
20.234375 2.0298551782234844 4.419236817985221 2.029855127854934 4.419236866843724 -1.4138812796945444e-27
20.265625 2.029666064611823 4.419236820605937 2.0296660143842793 4.419236868605805 -8.73912572067705e-28
20.296875 2.029476875725959 4.419236823250718 2.0294768256342453 4.4192368703542675 -5.38576355657764e-28
20.328125 2.0292876114918235 4.4192368259126455 2.029287561531759 4.419236872089241 -3.3094267750190695e-28
20.359375 2.0290982718351236 4.419236828583846 2.0290982220036486 4.419236873810613 -2.027615344466844e-28
20.390625 2.0289088566813493 4.419236831255619 2.028908806976656 4.419236875518303 -1.238642375332453e-28
20.421875 2.028719365955791 4.4192368339185775 2.028719316377399 4.419236877212365 -7.544549486732463e-29
20.453125 2.0285297995835454 4.419236836562858 2.0285297501323694 4.419236878892903 -4.5819074330769235e-29
20.484375 2.0283401574895383 4.419236839178302 2.0283401081678956 4.419236880559911 -2.774487006777097e-29
20.515625 2.0281504395985457 4.419236841754678 2.028150390410178 4.4192368822132995 -1.6750947021985322e-29
20.546875 2.0279606458352255 4.4192368442818655 2.0279605967852943 4.41923688385295 -1.0083523940785047e-29
20.578125 2.027770776124154 4.419236846750042 2.027770727219228 4.419236885478881 -6.0519690049571036e-30
20.609375 2.0275808303898586 4.4192368491499066 2.027580781637893 4.419236887091245 -3.621484103504994e-30
20.640625 2.0273908085568477 4.4192368514728475 2.0273907599671173 4.419236888690384 -2.1606037380466126e-30
20.671875 2.0272007105496392 4.419236853711128 2.0272006621326293 4.419236890276645 -1.2851516331372023e-30
20.703125 2.0270105362927926 4.41923685585801 2.02701048806001 4.41923689185028 -7.621057735477044e-31
20.734375 2.0268202857109285 4.419236857907895 2.026820237674687 4.419236893411229 -4.505546363689017e-31
20.765625 2.0266299587287517 4.419236859856431 2.026629910901927 4.4192368949592185 -2.65545774288298e-31
20.796875 2.026439555271063 4.419236861700594 2.0264395076668906 4.419236896493935 -1.5601918693651058e-31
20.828125 2.0262490752627738 4.419236863438682 2.0262490278946292 4.419236898015277 -9.137948787512768e-32
20.859375 2.026058518628896 4.419236865070361 2.026058471510129 4.4192368995233124 -5.335009896503985e-32
20.890625 2.0258678852945433 4.419236866596606 2.025867838438269 4.419236901018248 -3.104698038737646e-32
20.921875 2.0256771751849185 4.419236868019677 2.0256771286038067 4.4192369025002805 -1.8008638503315503e-32
20.953125 2.025486388225293 4.419236869343047 2.0254863419313907 4.419236903969551 -1.04111138669265e-32
20.984375 2.025295524340989 4.419236870571268 2.0252954783455417 4.419236905426217 -5.998506676741735e-33
21.015625 2.025104583457344 4.419236871709876 2.0251045377706722 4.419236906870482 -3.444218049896123e-33
21.046875 2.024913565499681 4.419236872765257 2.0249135201310473 4.41923690830239 -1.9706444301768363e-33
21.078125 2.0247224703932867 4.419236873744449 2.0247224253507774 4.419236909721808 -1.123468433039923e-33
21.109375 2.0245312980633736 4.419236874654969 2.024531253353851 4.419236911128498 -6.381297208125961e-34
21.140625 2.024340048435055 4.419236875504622 2.024340004064165 4.419236912522225 -3.610838991254936e-34
21.171875 2.024148721433334 4.419236876301329 2.024148677405488 4.419236913903054 -2.0352048920353324e-34
21.203125 2.0239573169830707 4.419236877052906 2.023957273301525 4.419236915271306 -1.142489249897584e-34
21.234375 2.0237658350089704 4.4192368777669255 2.0237657916758733 4.419236916627385 -6.386682306426079e-35
21.265625 2.023574275435549 4.419236878450568 2.023574232452017 4.419236917971599 -3.554705609886775e-35
21.296875 2.0233826381871243 4.419236879110486 2.0233825955532527 4.419236919303962 -1.969481613251063e-35
21.328125 2.0231909231877974 4.419236879752717 2.0231908809027224 4.41923692062421 -1.0859796109704051e-35
21.359375 2.022999130361428 4.419236880382598 2.022999088423421 4.419236921932068 -5.957967746992783e-36
21.390625 2.0228072596316373 4.4192368810047205 2.02280721803826 4.419236923227418 -3.251223154159321e-36
21.421875 2.02261531092181 4.419236881622886 2.022615269670077 4.419236924510428 -1.764039657518716e-36
21.453125 2.022423284155088 4.419236882240093 2.022423243241616 4.419236925781438 -9.512456240138327e-37
21.484375 2.0222311792543928 4.4192368828585185 2.022231138675493 4.4192369270408465 -5.095304745953352e-37
21.515625 2.0220389961424337 4.419236883479559 2.0220389558941694 4.419236928288843 -2.709319313161419e-37
21.546875 2.021846734741716 4.41923688410392 2.021846694819955 4.41923692952539 -1.4289429136809048e-37
21.578125 2.02165439497453 4.419236884731667 2.0216543553750115 4.419236930750365 -7.467854512244359e-38
21.609375 2.0214619767629562 4.419236885362381 2.0214619374813894 4.419236931963701 -3.862246412839405e-38
21.640625 2.0212694800288524 4.419236885995282 2.021269441061034 4.419236933165475 -1.9733640409492698e-38
21.671875 2.0210769046938806 4.419236886629295 2.021076866035793 4.4192369343558795 -9.937973385277114e-39
21.703125 2.020884250679549 4.419236887263093 2.02088421232739 4.41923693553513 -4.9171664344323987e-39
21.734375 2.020691517907302 4.419236887894965 2.020691479857407 4.419236936703392 -2.379148315477548e-39
21.765625 2.0204987062986413 4.419236888522726 2.020498668547281 4.419236937860777 -1.1175793032213454e-39
21.796875 2.0203058157752203 4.41923688914355 2.0203057783183214 4.419236939007362 -5.035814308975148e-40
21.828125 2.0201128462589186 4.419236889753899 2.0201128090917204 4.419236940143206 -2.128823627925937e-40
21.859375 2.0199197976718253 4.419236890349624 2.019919760788552 4.4192369412684105 -8.040211368904828e-41
21.890625 2.019726669936129 4.41923689092628 2.019726633329757 4.41923694238313 -2.3380523158598155e-41
21.921875 2.019533462973868 4.419236891479731 2.0195334266361415 4.419236943487541 -1.1041630246284527e-42
21.953125 2.019340176706612 4.419236892006899 2.019340140628384 4.419236944581811 5.97690423008472e-42
21.984375 2.019146811055111 4.419236892506546 2.0191467752270476 4.419236945666071 6.949926403797957e-42
22.015625 2.0189533659390557 4.419236892979791 2.01895333035257 4.419236946740437 5.846063377957028e-42
22.046875 2.0187598412770003 4.419236893430308 2.0187598059252556 4.419236947805031 4.325788212120148e-42
22.078125 2.0185662369864805 4.419236893863993 2.018566201865273 4.419236948860002 2.984371359915005e-42
22.109375 2.018372552984354 4.419236894288186 2.0183725180926517 4.419236949905513 1.9689254483153933e-42
22.140625 2.0181787891872798 4.41923689471051 2.018178754527304 4.419236950941714 1.258888113997978e-42
22.171875 2.017984945512233 4.419236895137693 2.0179849110890187 4.4192369519687436 7.862381985663504e-43
22.203125 2.017791021876932 4.4192368955745795 2.017790987697457 4.4192369529867275 4.8208921257584945e-43
22.234375 2.0175970182000733 4.419236896023526 2.017596984272146 4.419236953995813 2.91205779188509e-43
22.265625 2.0174029344013276 4.419236896484406 2.017402900732475 4.419236954996155 1.7371316768754017e-43
22.296875 2.017208770401113 4.419236896955095 2.0172087369976954 4.4192369559879205 1.025195040406753e-43
22.328125 2.0170145261202435 4.419236897432227 2.0170144929869336 4.419236956971252 5.993943055649722e-44
22.359375 2.0168202014795282 4.419236897912079 2.0168201686191947 4.419236957946269 3.4754386748737267e-44
22.390625 2.016625796399449 4.419236898391296 2.0166257638133485 4.419236958913109 2.0001391905388715e-44
22.421875 2.0164313107999527 4.4192368988673705 2.016431278488127 4.41923695987192 1.1432892156771465e-44
22.453125 2.0162367446003837 4.419236899338767 2.016236712562133 4.419236960822846 6.494345351696857e-45
22.484375 2.0160420977195583 4.4192368998047655 2.016042065953831 4.4192369617660265 3.6677085226756304e-45
22.515625 2.015847370075893 4.419236900265205 2.015847338581558 4.419236962701594 2.060150041016556e-45
22.546875 2.015652561587548 4.419236900720127 2.015652530363514 4.419236963629685 1.1512940178789018e-45
22.578125 2.0154576721725315 4.419236901169549 2.0154576412177656 4.419236964550439 6.402876193520721e-46
22.609375 2.0152627017487457 4.4192369016134 2.015262671062241 4.419236965463985 3.544595714090166e-46
22.640625 2.0150676502339833 4.419236902051518 2.015067619814746 4.419236966370442 1.9536579209753196e-46
22.671875 2.01487251754591 4.419236902483732 2.0148724873929518 4.419236967269926 1.0722511834554478e-46
22.703125 2.014677303602051 4.419236902909887 2.0146772737143896 4.419236968162549 5.8610728285051535e-47
22.734375 2.0144820083197663 4.419236903329898 2.0144819786964474 4.419236969048432 3.1911596593010844e-47
22.765625 2.014286631616259 4.4192369037437516 2.014286602256368 4.419236969927739 1.7308607822853055e-47
22.796875 2.0140911734085982 4.419236904151458 2.014091144311261 4.419236970800618 9.353267962350299e-48
22.828125 2.0138956336137266 4.419236904553022 2.0138956047781242 4.419236971667163 5.0360797287801475e-48
22.859375 2.0137000121484663 4.419236904948441 2.01369998357384 4.4192369725274165 2.702002356417873e-48
22.890625 2.0135043089295177 4.419236905337707 2.0135042806151446 4.419236973381441 1.4446905109718582e-48
22.921875 2.0133085238734423 4.419236905720824 2.013308495818611 4.419236974229352 7.698188899911537e-49
22.953125 2.0131126568966846 4.419236906097798 2.0131126291006662 4.419236975071281 4.0883930329748965e-49
22.984375 2.0129167079155503 4.419236906468653 2.0129166803776126 4.419236975907335 2.164163558795051e-49
23.015625 2.0127206768461967 4.419236906833443 2.0127206495656242 4.419236976737583 1.1418828486624206e-49
23.046875 2.012524563604644 4.4192369071922375 2.0125245365807327 4.419236977562119 6.005727064687491e-50
23.078125 2.012328368106784 4.419236907545091 2.012328341338818 4.419236978381068 3.1487547339947423e-50
23.109375 2.0121320902683744 4.419236907892049 2.0121320637556144 4.419236979194552 1.645720846417934e-50
23.140625 2.0119357300050336 4.419236908233149 2.011935703746742 4.419236980002655 8.574936586047256e-51
23.171875 2.0117392872322366 4.419236908568431 2.01173926122771 4.419236980805381 4.454253611117328e-51
23.203125 2.011542761865327 4.419236908897913 2.011542736113883 4.419236981602753 2.3067406877601848e-51
23.234375 2.0113461538195034 4.419236909221612 2.0113461283204623 4.4192369823948505 1.1909998921582205e-51
23.265625 2.0111494630098274 4.41923690953955 2.011149437762495 4.419236983181781 6.1308674558564455e-52
23.296875 2.010952689351218 4.419236909851738 2.010952664354905 4.419236983963614 3.1465632025112256e-52
23.328125 2.0107558327584543 4.41923691015817 2.010755808012476 4.4192369847404045 1.6101315822779676e-52
23.359375 2.010558893146171 4.419236910458837 2.0105588686498264 4.41923698551226 8.214889684997225e-53
23.390625 2.010361870428861 4.419236910753722 2.010361846181424 4.419236986279326 4.178897469918695e-53
23.421875 2.0101647645208782 4.419236911042815 2.010164740521633 4.419236987041667 2.119554414886232e-53
23.453125 2.009967575336434 4.419236911326102 2.0099675515847473 4.419236987799178 1.07189611230049e-53
23.484375 2.0097703027896054 4.419236911603555 2.0097702792849557 4.419236988551701 5.404899700758321e-54
23.515625 2.0095729467943224 4.419236911875155 2.00957292353624 4.419236989299147 2.71737836329482e-54
23.546875 2.009375507264365 4.419236912140901 2.009375484252317 4.419236990041779 1.3621972531801136e-54
23.578125 2.0091779841133715 4.4192369124007636 2.0091779613465746 4.419236990780231 6.808576983337657e-55
23.609375 2.008980377254839 4.419236912654721 2.008980354732142 4.419236991515368 3.3931056550831865e-55
23.640625 2.0087826866021214 4.4192369129027735 2.008782664322021 4.419236992248129 1.686011193240446e-55
23.671875 2.008584912068426 4.419236913144918 2.008584890029317 4.419236992978782 8.352991740634592e-56
23.703125 2.008387053566817 4.419236913381143 2.0083870317674806 4.419236993706496 4.126081146814488e-56
23.734375 2.008189111010217 4.419236913611444 2.0081890894503807 4.41923699442931 2.0320867377757505e-56
23.765625 2.0079910843114015 4.41923691383583 2.0079910629920006 4.419236995144516 9.978129800561989e-57
23.796875 2.007792973383001 4.419236914054313 2.0077929523058824 4.419236995850177 4.884848740431868e-57
23.828125 2.0075947781374897 4.419236914266903 2.0075947573042523 4.419236996546918 2.3841835575636754e-57
23.859375 2.0073964984872052 4.419236914473599 2.0073964778974354 4.419236997239275 1.1601261438237894e-57
23.890625 2.0071981343443377 4.41923691467441 2.0071981139937902 4.419236997935989 5.6277758939184945e-58
23.921875 2.0069996856209267 4.419236914869341 2.0069996655003375 4.419236998648211 2.7215866533612825e-58
23.953125 2.006801152228864 4.419236915058399 2.006801132324725 4.419236999385695 1.3120415267055653e-58
23.984375 2.0066025340798905 4.419236915241596 2.0066025143780415 4.419237000149401 6.305182608170241e-59
24.015625 2.006403831085603 4.419236915418954 2.006403811577171 4.419237000928272 3.0203361416968546e-59
24.046875 2.006205043157447 4.41923691559048 2.006205023846448 4.419237001693142 1.442119640701555e-59
24.078125 2.0060061702067116 4.419236915756183 2.006006151116361 4.419237002401614 6.863006283915339e-60
24.109375 2.0058072121445374 4.4192369159161 2.005807193323017 4.419237002997687 3.2551487659220895e-60
24.140625 2.0056081688819227 4.419236916070247 2.005608150404879 4.41923700342073 1.5386651948267813e-60
24.171875 2.005409040329714 4.419236916218635 2.0054090222984597 4.419237003613076 7.247774453020917e-61
24.203125 2.0052098263985987 4.419236916361298 2.0052098089322765 4.419237003535765 3.401882857024736e-61
24.234375 2.0050105269991176 4.4192369164982495 2.005010510221315 4.419237003179528 1.590929990931295e-61
24.265625 2.004811142041667 4.419236916629498 2.0048111260642822 4.419237002569548 7.4123871613528855e-62
24.296875 2.0046116714364848 4.419236916755068 2.004611656345443 4.419237001765964 3.4402769321153487e-62
24.328125 2.004412115093653 4.41923691687499 2.0044121009408613 4.419237000843637 1.5903905636321816e-62
24.359375 2.0042124729231103 4.419236916989285 2.004212459726136 4.419236999879319 7.321984942534789e-63
24.390625 2.0040127448346414 4.419236917097971 2.0040127325811548 4.419236998939993 3.356600044717967e-63
24.421875 2.003812930737876 4.4192369172010775 2.003812919392179 4.41923699807805 1.5319234162033377e-63
24.453125 2.003613030542291 4.419236917298626 2.0036130200523177 4.419236997329946 6.959052145299416e-64
24.484375 2.003413044157212 4.419236917390641 2.0034130344636747 4.419236996711791 3.145813634902412e-64
24.515625 2.0032129714918057 4.419236917477139 2.003212962537043 4.419236996218723 1.414693107295441e-64
24.546875 2.003012812455089 4.41923691755817 2.0030128041909525 4.419236995830721 6.326920398120275e-65
24.578125 2.002812566955919 4.419236917633741 2.00281255934607 4.419236995521497 2.8128757645194546e-65
24.609375 2.0026122349030056 4.419236917703913 2.0026122279209067 4.419236995268997 1.2425942366207413e-65
24.640625 2.002411816204891 4.419236917768657 2.0024118098291503 4.419236995061 5.451008665905134e-66
24.671875 2.002211310769978 4.4192369178280675 2.0022113049813033 4.419236994893182 2.372921497325267e-66
24.703125 2.002010718506492 4.419236917882091 2.002010713287556 4.4192369947620005 1.0241461876918614e-66
24.734375 2.0018100393225358 4.419236917930891 2.001810034659025 4.419236994660264 4.377446861968469e-67
24.765625 2.0016092731260073 4.419236917974317 2.0016092690059066 4.419236994582879 1.8502142513491473e-67
24.796875 2.001408419824716 4.4192369180126745 2.001408416237206 4.419236994527288 7.718206623049324e-68
24.828125 2.0012074793262093 4.4192369180456 2.0012074762624747 4.419236994489436 3.1691289287035775e-68
24.859375 2.001006451538024 4.419236918073684 2.0010064489920705 4.4192369944627155 1.275954546258792e-68
24.890625 2.000805336367332 4.419236918096139 2.0008053343356957 4.419236994442608 5.008720464462768e-69
24.921875 2.0006041337214504 4.4192369181141995 2.000604132201292 4.419236994425978 1.8996549218085223e-69
24.953125 2.000402843507112 4.419236918126147 2.000402842495882 4.419236994414739 6.85218368134225e-70
24.984375 2.000201465631502 4.419236918134386 2.0002014651261737 4.419236994407038 2.27822078484169e-70
