0.015625 2.0 0.0 2.1391647157705354 4.419236030640109 -2.27822078484169e-70
0.046875 2.0 0.0 2.139012885299671 4.419236031304805 -6.85218368134225e-70
0.078125 2.0 0.0 2.138860934610872 4.419236031955378 -1.8996549218085223e-69
0.109375 2.0 0.0 2.1387090206228683 4.419236032592339 -5.008720464462768e-69
0.140625 2.0 0.0 2.138557000222818 4.419236033216608 -1.275954546258792e-68
0.171875 2.0 0.0 2.1384049666371188 4.419236033829253 -3.1691289287035775e-68
0.203125 2.0 0.0 2.1382528796604 4.419236034431531 -7.718206623049324e-68
0.234375 2.0 0.0 2.138100749478398 4.419236035024708 -1.8502142513491473e-67
0.265625 2.0 0.0 2.137948574910383 4.419236035609991 -4.377446861968469e-67
0.296875 2.0 0.0 2.1377963559141744 4.419236036188425 -1.0241461876918614e-66
0.328125 2.0 0.0 2.137644092462256 4.419236036760875 -2.372921497325267e-66
0.359375 2.0 0.0 2.1374917845217034 4.419236037328021 -5.451008665905134e-66
0.390625 2.0 0.0 2.137339432061128 4.419236037890419 -1.2425942366207413e-65
0.421875 2.0 0.0 2.1371870350488247 4.419236038448576 -2.8128757645194546e-65
0.453125 2.0 0.0 2.1370345934530857 4.419236039003016 -6.326920398120275e-65
0.484375 2.0 0.0 2.136882107242129 4.419236039554347 -1.414693107295441e-64
0.515625 2.0 0.0 2.1367295763840817 4.4192360401033115 -3.145813634902412e-64
0.546875 2.0 0.0 2.136577000846993 4.419236040650761 -6.959052145299416e-64
0.578125 2.0 0.0 2.1364243805988545 4.41923604119761 -1.5319234162033377e-63
0.609375 2.0 0.0 2.136271715607622 4.419236041744773 -3.356600044717967e-63
0.640625 2.0 0.0 2.136119005841243 4.419236042293095 -7.321984942534789e-63
0.671875 2.0 0.0 2.135966251267679 4.419236042843282 -1.5903905636321816e-62
0.703125 2.0 0.0 2.1358134518549248 4.41923604339586 -3.4402769321153487e-62
0.734375 2.0 0.0 2.1356606075709994 4.419236043951228 -7.4123871613528855e-62
0.765625 2.0 0.0 2.1355077183839164 4.419236044509702 -1.590929990931295e-61
0.796875 2.0 0.0 2.1353547842616596 4.419236045071574 -3.401882857024736e-61
0.828125 2.0 0.0 2.1352018051721506 4.419236045637189 -7.247774453020917e-61
0.859375 2.0 0.0 2.135048781083217 4.419236046207036 -1.5386651948267813e-60
0.890625 2.0 0.0 2.134895711962567 4.419236046781826 -3.2551487659220895e-60
0.921875 2.0 0.0 2.1347425977777865 4.419236047362464 -6.863006283915339e-60
0.953125 2.0 0.0 2.1345894384963624 4.419236047950015 -1.442119640701555e-59
0.984375 2.0 0.0 2.134436234085696 4.419236048545649 -3.0203361416968546e-59
1.015625 2.0 0.0 2.134282984513157 4.419236049150534 -6.305182608170241e-59
1.046875 2.0 0.0 2.134129689746117 4.419236049765731 -1.3120415267055653e-58
1.078125 2.0 0.0 2.1339763497520026 4.419236050392057 -2.7215866533612825e-58
1.109375 2.0 0.0 2.1338229644983313 4.419236051030014 -5.6277758939184945e-58
1.140625 2.0 0.0 2.133669533952733 4.419236051679724 -1.1601261438237894e-57
1.171875 2.0 0.0 2.133516058082953 4.419236052340922 -2.3841835575636754e-57
1.203125 2.0 0.0 2.1333625368568567 4.41923605301295 -4.884848740431868e-57
1.234375 2.0 0.0 2.133208970242415 4.419236053694807 -9.978129800561989e-57
1.265625 2.0 0.0 2.133055358207672 4.419236054385191 -2.0320867377757505e-56
1.296875 2.0 0.0 2.1329017007207387 4.419236055082555 -4.126081146814488e-56
1.328125 2.0 0.0 2.1327479977497696 4.419236055785149 -8.352991740634592e-56
1.359375 2.0 0.0 2.1325942492629553 4.419236056491032 -1.686011193240446e-55
1.390625 2.0 0.0 2.1324404552285277 4.419236057198089 -3.3931056550831865e-55
1.421875 2.0 0.0 2.1322866156147535 4.4192360579040155 -6.808576983337657e-55
1.453125 2.0 0.0 2.132132730389954 4.419236058606294 -1.3621972531801136e-54
1.484375 2.0 0.0 2.131978799522517 4.4192360593021505 -2.71737836329482e-54
1.515625 2.0 0.0 2.131824822980904 4.419236059988528 -5.404899700758321e-54
1.546875 2.0 0.0 2.131670800733666 4.419236060662053 -1.07189611230049e-53
1.578125 2.0 0.0 2.1315167327494304 4.419236061319076 -2.119554414886232e-53
1.609375 2.0 0.0 2.131362618996863 4.419236061955772 -4.178897469918695e-53
1.640625 2.0 0.0 2.131208459444613 4.41923606256827 -8.214889684997225e-53
1.671875 2.0 0.0 2.131054254061214 4.4192360631528915 -1.6101315822779676e-52
1.703125 2.0 0.0 2.130900002815002 4.419236063706343 -3.1465632025112256e-52
1.734375 2.0 0.0 2.1307457056740295 4.419236064225958 -6.1308674558564455e-52
1.765625 2.0 0.0 2.1305913626059985 4.419236064709851 -1.1909998921582205e-51
1.796875 2.0 0.0 2.1304369735782345 4.419236065156989 -2.3067406877601848e-51
1.828125 2.0 0.0 2.130282538557691 4.419236065567144 -4.454253611117328e-51
1.859375 2.0 0.0 2.130128057511029 4.419236065940726 -8.574936586047256e-51
1.890625 2.0 0.0 2.129973530404734 4.419236066278489 -1.645720846417934e-50
1.921875 2.0 0.0 2.1298189572052286 4.41923606658123 -3.1487547339947423e-50
1.953125 2.0 0.0 2.129664337878978 4.419236066849535 -6.005727064687491e-50
1.984375 2.0 0.0 2.1295096723925546 4.419236067083615 -1.1418828486624206e-49
2.015625 2.0 0.0 2.1293549607126674 4.419236067283234 -2.164163558795051e-49
2.046875 2.0 0.0 2.1292002028061168 4.419236067447827 -4.0883930329748965e-49
2.078125 2.0 0.0 2.1290453986397138 4.419236067576678 -7.698188899911537e-49
2.109375 2.0 0.0 2.1288905481801814 4.419236067669205 -1.4446905109718582e-48
2.140625 2.0 0.0 2.1287356513940563 4.419236067725169 -2.702002356417873e-48
2.171875 2.0 0.0 2.1285807082476027 4.419236067744905 -5.0360797287801475e-48
2.203125 2.0 0.0 2.128425718706771 4.419236067729438 -9.353267962350299e-48
2.234375 2.0 0.0 2.1282706827372015 4.419236067680449 -1.7308607822853055e-47
2.265625 2.0 0.0 2.128115600304249 4.419236067600228 -3.1911596593010844e-47
2.296875 2.0 0.0 2.1279604713730405 4.419236067491517 -5.8610728285051535e-47
2.328125 2.0 0.0 2.1278052959085616 4.419236067357305 -1.0722511834554478e-46
2.359375 2.0 0.0 2.127650073875731 4.419236067200654 -1.9536579209753196e-46
2.390625 2.0 0.0 2.127494805239464 4.419236067024528 -3.544595714090166e-46
2.421875 2.0 0.0 2.1273394899647027 4.41923606683172 -6.402876193520721e-46
2.453125 2.0 0.0 2.1271841280164123 4.4192360666248565 -1.1512940178789018e-45
2.484375 2.0 0.0 2.1270287193595734 4.419236066406424 -2.060150041016556e-45
2.515625 2.0 0.0 2.126873263959147 4.41923606617887 -3.6677085226756304e-45
2.546875 2.0 0.0 2.1267177617800437 4.419236065944656 -6.494345351696857e-45
2.578125 2.0 0.0 2.1265622127870962 4.419236065706331 -1.1432892156771465e-44
2.609375 2.0 0.0 2.1264066169450357 4.419236065466601 -2.0001391905388715e-44
2.640625 2.0 0.0 2.126250974218484 4.419236065228355 -3.4754386748737267e-44
2.671875 2.0 0.0 2.1260952845719667 4.41923606499461 -5.993943055649722e-44
2.703125 2.0 0.0 2.1259395479699497 4.419236064768426 -1.025195040406753e-43
2.734375 2.0 0.0 2.1257837643768833 4.419236064552793 -1.7371316768754017e-43
2.765625 2.0 0.0 2.1256279337572312 4.419236064350583 -2.91205779188509e-43
2.796875 2.0 0.0 2.1254720560754987 4.419236064164459 -4.8208921257584945e-43
2.828125 2.0 0.0 2.1253161312962536 4.41923606399682 -7.862381985663504e-43
2.859375 2.0 0.0 2.1251601593841407 4.419236063849759 -1.258888113997978e-42
2.890625 2.0 0.0 2.125004140303865 4.419236063725119 -1.9689254483153933e-42
2.921875 2.0 0.0 2.124848074020208 4.419236063624469 -2.984371359915005e-42
2.953125 2.0 0.0 2.12469196049803 4.4192360635490635 -4.325788212120148e-42
2.984375 2.0 0.0 2.1245357997022887 4.4192360634998025 -5.846063377957028e-42
3.015625 2.0 0.0 2.1243795915980743 4.419236063477152 -6.949926403797957e-42
3.046875 2.0 0.0 2.1242233361506075 4.419236063481145 -5.97690423008472e-42
3.078125 2.0 0.0 2.1240670333252476 4.419236063511384 1.1041630246284527e-42
3.109375 2.0 0.0 2.123910683087467 4.419236063567074 2.3380523158598155e-41
3.140625 2.0 0.0 2.1237542854028013 4.419236063647172 8.040211368904828e-41
3.171875 2.0 0.0 2.1235978402367994 4.4192360637504855 2.128823627925937e-40
3.203125 2.0 0.0 2.123441347554964 4.419236063875829 5.035814308975148e-40
3.234375 2.0 0.0 2.123284807322719 4.41923606402214 1.1175793032213454e-39
3.265625 2.0 0.0 2.1231282195053662 4.4192360641885315 2.379148315477548e-39
3.296875 2.0 0.0 2.122971584068119 4.419236064374257 4.9171664344323987e-39
3.328125 2.0 0.0 2.122814900976125 4.419236064578621 9.937973385277114e-39
3.359375 2.0 0.0 2.122658170194531 4.419236064800842 1.9733640409492698e-38
3.390625 2.0 0.0 2.1225013916885302 4.419236065039922 3.862246412839405e-38
3.421875 2.0 0.0 2.1223445654234103 4.419236065294536 7.467854512244359e-38
3.453125 2.0 0.0 2.1221876913645747 4.419236065562977 1.4289429136809048e-37
3.484375 2.0 0.0 2.1220307694775413 4.419236065843156 2.709319313161419e-37
3.515625 2.0 0.0 2.121873799727929 4.419236066132637 5.095304745953352e-37
3.546875 2.0 0.0 2.1217167820814167 4.419236066428743 9.512456240138327e-37
3.578125 2.0 0.0 2.1215597165036923 4.419236066728681 1.764039657518716e-36
3.609375 2.0 0.0 2.1214026029604005 4.419236067029675 3.251223154159321e-36
3.640625 2.0 0.0 2.1212454414170985 4.419236067329068 5.957967746992783e-36
3.671875 2.0 0.0 2.1210882318392317 4.419236067624375 1.0859796109704051e-35
3.703125 2.0 0.0 2.120930974192135 4.419236067913291 1.969481613251063e-35
3.734375 2.0 0.0 2.12077366844104 4.419236068193662 3.554705609886775e-35
3.765625 2.0 0.0 2.1206163145511026 4.4192360684634195 6.386682306426079e-35
3.796875 2.0 0.0 2.1204589124874156 4.419236068720556 1.142489249897584e-34
3.828125 2.0 0.0 2.120301462215024 4.4192360689630785 2.0352048920353324e-34
3.859375 2.0 0.0 2.1201439636989194 4.419236069189013 3.610838991254936e-34
3.890625 2.0 0.0 2.1199864169040197 4.41923606939647 6.381297208125961e-34
3.921875 2.0 0.0 2.119828821795129 4.419236069583711 1.123468433039923e-33
3.953125 2.0 0.0 2.11967117833689 4.419236069749306 1.9706444301768363e-33
3.984375 2.0 0.0 2.1195134864937453 4.419236069892213 3.444218049896123e-33
4.015625 2.0 0.0 2.1193557462299117 4.41923607001183 5.998506676741735e-33
4.046875 2.0 0.0 2.119197957509364 4.419236070108038 1.04111138669265e-32
4.078125 2.0 0.0 2.1190401202958613 4.419236070181136 1.8008638503315503e-32
4.109375 2.0 0.0 2.118882234552992 4.419236070231734 3.104698038737646e-32
4.140625 2.0 0.0 2.1187243002442155 4.41923607026067 5.335009896503985e-32
4.171875 2.0 0.0 2.1185663173329123 4.419236070268854 9.137948787512768e-32
4.203125 2.0 0.0 2.11840828578243 4.4192360702571545 1.5601918693651058e-31
4.234375 2.0 0.0 2.1182502055561234 4.419236070226308 2.65545774288298e-31
4.265625 2.0 0.0 2.118092076617364 4.419236070176897 4.505546363689017e-31
4.296875 2.0 0.0 2.117933898929551 4.4192360701093385 7.621057735477044e-31
4.328125 2.0 0.0 2.1177756724560965 4.419236070023912 1.2851516331372023e-30
4.359375 2.0 0.0 2.117617397160397 4.419236069920835 2.1606037380466126e-30
4.390625 2.0 0.0 2.1174590730058123 4.419236069800299 3.621484103504994e-30
4.421875 2.0 0.0 2.1173006999556643 4.419236069662491 6.0519690049571036e-30
4.453125 2.0 0.0 2.117142277973237 4.419236069507584 1.0083523940785047e-29
4.484375 2.0 0.0 2.1169838070217986 4.4192360693356925 1.6750947021985322e-29
4.515625 2.0 0.0 2.116825287064615 4.419236069146832 2.774487006777097e-29
4.546875 2.0 0.0 2.1166667180649825 4.4192360689408625 4.5819074330769235e-29
4.578125 2.0 0.0 2.11650809998623 4.41923606871744 7.544549486732463e-29
4.609375 2.0 0.0 2.116349432791723 4.419236068476046 1.238642375332453e-28
4.640625 2.0 0.0 2.1161907164448364 4.419236068216036 2.027615344466844e-28
4.671875 2.0 0.0 2.1160319509089245 4.419236067936707 3.3094267750190695e-28
4.703125 2.0 0.0 2.115873136147281 4.419236067637414 5.38576355657764e-28
4.734375 2.0 0.0 2.1157142721230846 4.419236067317705 8.73912572067705e-28
4.765625 2.0 0.0 2.1155553587993636 4.419236066977392 1.4138812796945444e-27
4.796875 2.0 0.0 2.1153963961389666 4.419236066616618 2.2807587812770227e-27
4.828125 2.0 0.0 2.1152373841045637 4.419236066235861 3.668289004728993e-27
4.859375 2.0 0.0 2.115078322658672 4.419236065835895 5.882486307471667e-27
4.890625 2.0 0.0 2.11491921176368 4.419236065417687 9.405155247393542e-27
4.921875 2.0 0.0 2.1147600513819036 4.419236064982291 1.49924343140427e-26
4.953125 2.0 0.0 2.1146008414756317 4.419236064530716 2.3827139994964814e-26
4.984375 2.0 0.0 2.114441582007178 4.419236064063804 3.775344399229274e-26
5.015625 2.0 0.0 2.1142822729389072 4.419236063582158 5.963706537766583e-26
5.046875 2.0 0.0 2.1141229142332616 4.41923606308608 9.391605402168255e-26
5.078125 2.0 0.0 2.113963505852757 4.419236062575602 1.474398097469421e-25
5.109375 2.0 0.0 2.1138040477599374 4.419236062050558 2.3074218514254646e-25
5.140625 2.0 0.0 2.1136445399173462 4.419236061510686 3.599654906553355e-25
5.171875 2.0 0.0 2.1134849822874884 4.419236060955715 5.5975613110885925e-25
5.203125 2.0 0.0 2.113325374832802 4.419236060385434 8.676038409735593e-25
5.234375 2.0 0.0 2.11316571751565 4.419236059799719 1.3403152088627167e-24
5.265625 2.0 0.0 2.113006010298326 4.4192360591985045 2.063626327147327e-24
5.296875 2.0 0.0 2.112846253143072 4.419236058581738 3.1664072085467803e-24
5.328125 2.0 0.0 2.1126864460121024 4.419236057949339 4.8415436441065506e-24
5.359375 2.0 0.0 2.112526588867632 4.419236057301129 7.376468727502132e-24
5.390625 2.0 0.0 2.1123666816718907 4.419236056636798 1.1197544736359961e-23
5.421875 2.0 0.0 2.112206724387124 4.419236055955901 1.6934177460038927e-23
5.453125 2.0 0.0 2.1120467169755734 4.419236055257889 2.5510813027808987e-23
5.484375 2.0 0.0 2.1118866593994463 4.419236054542206 3.8277972523577195e-23
5.515625 2.0 0.0 2.1117265516208725 4.419236053808377 5.719737357640802e-23
5.546875 2.0 0.0 2.111566393601872 4.419236053056109 8.510108664216983e-23
5.578125 2.0 0.0 2.111406185304319 4.419236052285367 1.2605058654817386e-22
5.609375 2.0 0.0 2.1112459266899335 4.4192360514964 1.8582826090560647e-22
5.640625 2.0 0.0 2.11108561772028 4.419236050689738 2.7260073698019643e-22
5.671875 2.0 0.0 2.110925258356783 4.419236049866154 3.977987490968176e-22
5.703125 2.0 0.0 2.1107648485607653 4.419236049026551 5.77259160798956e-22
5.734375 2.0 0.0 2.110604388293509 4.419236048171841 8.326656155385357e-22
5.765625 2.0 0.0 2.110443877516296 4.419236047302814 1.193295339358929e-21
5.796875 2.0 0.0 2.110283316190449 4.4192360464200835 1.698014209741317e-21
5.828125 2.0 0.0 2.1101227042773387 4.419236045524022 2.397332648142728e-21
5.859375 2.0 0.0 2.109962041738392 4.419236044614766 3.3550959936201877e-21
5.890625 2.0 0.0 2.109801328535072 4.41923604369226 4.648962114637106e-21
5.921875 2.0 0.0 2.1096405646288376 4.419236042756334 6.368100805829833e-21
5.953125 2.0 0.0 2.109479749981104 4.419236041806801 8.605353010410987e-21
5.984375 2.0 0.0 2.109318884553228 4.419236040843534 1.143913179228943e-20
6.015625 2.0 0.0 2.109157968306475 4.419236039866499 1.489719778190366e-20
6.046875 2.0 0.0 2.1089970012020274 4.4192360388757645 1.8889436847287846e-20
6.078125 2.0 0.0 2.108835983200988 4.419236037871474 2.3088901174160298e-20
6.109375 2.0 0.0 2.1086749142644203 4.41923603685376 2.672813031849725e-20
6.140625 2.0 0.0 2.1085137943533727 4.419236035822674 2.8258874022225216e-20
6.171875 2.0 0.0 2.1083526234288934 4.419236034778145 2.4794409328619503e-20
6.203125 2.0 0.0 2.108191401452053 4.419236033719934 1.120966778113034e-20
6.234375 2.0 0.0 2.1080301283839304 4.419236032647672 -2.1292021952213176e-20
6.265625 2.0 0.0 2.1078688041855766 4.419236031560942 -8.743644241968582e-20
6.296875 2.0 0.0 2.1077074288179913 4.41923603045935 -2.1139984100659238e-19
6.328125 2.0 0.0 2.1075460022420716 4.419236029342619 -4.3225443940309184e-19
6.359375 2.0 0.0 2.1073845244185767 4.419236028210701 -8.123242558628094e-19
6.390625 2.0 0.0 2.1072229953081067 4.419236027063828 -1.449916056694189e-18
6.421875 2.0 0.0 2.107061414871106 4.41923602590251 -2.498590031010466e-18
6.453125 2.0 0.0 2.1068997830678686 4.4192360247275255 -4.1961531058258706e-18
6.484375 2.0 0.0 2.1067380998585663 4.419236023539825 -6.908033070364404e-18
6.515625 2.0 0.0 2.106576365203295 4.419236022340433 -1.1191819602844879e-17
6.546875 2.0 0.0 2.1064145790621316 4.419236021130318 -1.7892814642745072e-17
6.578125 2.0 0.0 2.1062527413951817 4.419236019910263 -2.828480622676629e-17
6.609375 2.0 0.0 2.106090852162601 4.419236018680835 -4.427650759039602e-17
6.640625 2.0 0.0 2.1059289113246065 4.419236017442336 -6.871293963104205e-17
6.671875 2.0 0.0 2.1057669188414643 4.419236016194833 -1.0581352319837788e-16
6.703125 1.9999999999999998 0.0 2.1056048746734577 4.41923601493824 -1.6180622920595578e-16
6.734375 1.9999999999999998 0.0 2.1054427787808474 4.419236013672423 -2.4584179170539287e-16
6.765625 1.9999999999999996 0.0 2.105280631123829 4.419236012397295 -3.7130643844254734e-16
6.796875 1.9999999999999993 0.0 2.1051184316625258 4.419236011112842 -5.576995431938721e-16
6.828125 1.9999999999999991 0.0 2.1049561803569725 4.419236009819145 -8.333090963179003e-16
6.859375 1.9999999999999987 0.0 2.1047938771671197 4.419236008516378 -1.2390097532254693e-15
6.890625 1.9999999999999982 0.0 2.104631522052864 4.4192360072047485 -1.833634667520214e-15
6.921875 1.9999999999999973 0.0 2.1044691149740666 4.419236005884408 -2.7015457262591083e-15
6.953125 1.999999999999996 0.0 2.1043066558905883 4.419236004555408 -3.963263749308563e-15
6.984375 1.9999999999999942 0.0 2.1041441447622984 4.41923600321768 -5.790342783568785e-15
7.015625 1.9999999999999916 0.0 2.103981581549081 4.419236001870987 -8.426110147273168e-15
7.046875 1.9999999999999878 0.0 2.103818966210824 4.419236000514986 -1.2214485147172358e-14
7.078125 1.9999999999999825 0.0 2.103656298707377 4.4192359991493015 -1.7639885483553146e-14
7.109375 1.9999999999999747 0.0 2.1034935789985076 4.4192359977736295 -2.53822982660602e-14
7.140625 1.9999999999999636 0.0 2.103330807043861 4.419235996387846 -3.63930197719041e-14
7.171875 1.999999999999948 0.0 2.103167982802927 4.419235994992105 -5.1998468342356297e-14
7.203125 1.999999999999926 0.0 2.1030051062350226 4.4192359935868515 -7.404199539793786e-14
7.234375 1.999999999999895 0.0 2.1028421772993062 4.419235992172808 -1.050769502468153e-13
7.265625 1.9999999999998515 0.0 2.1026791959547997 4.419235990750911 -1.4862863863463673e-13
7.296875 1.9999999999997904 0.0 2.1025161621604287 4.4192359893222015 -2.0954856369736308e-13
7.328125 1.9999999999997056 0.0 2.102353075875066 4.419235987887736 -2.9449184610589434e-13
7.359375 1.9999999999995874 0.0 2.102189937057579 4.419235986448449 -4.1255848706260836e-13
7.390625 1.9999999999994238 0.0 2.102026745666882 4.419235985005055 -5.761517913992377e-13
7.421875 1.999999999999198 0.0 2.101863501661935 4.419235983558014 -8.021235938183894e-13
7.453125 1.9999999999988867 0.0 2.1017002050017477 4.419235982107536 -1.113296906264696e-12
7.484375 1.9999999999984595 0.0 2.1015368556453473 4.419235980653645 -1.5404834363647938e-12
7.515625 2.000099999997875 0.0 2.1013734535517288 4.41923597919629 -2.1251475998174054e-12
7.546875 2.000099999997077 0.0 2.101209998679801 4.419235977735472 -2.922911974610753e-12
7.578125 2.000099999995992 0.0 2.10104649098836 4.419235976271291 -4.008153816462366e-12
7.609375 2.00009999999452 0.0 2.1008829304360503 4.419235974804037 -5.480010911465506e-12
7.640625 2.0000999999925297 0.0 2.1007193169813654 4.419235973334142 -7.470200829441743e-12
7.671875 2.000099999989847 0.0 2.1005556505826455 4.419235971862139 -1.0153164275917284e-11
7.703125 2.000099999986241 0.0 2.100391931198103 4.419235970388599 -1.3759175065993107e-11
7.734375 2.000099999981409 0.0 2.1002281587858374 4.419235968914017 -1.8591221278310382e-11
7.765625 2.0000999999749536 0.0 2.1000643333038473 4.419235967438712 -2.5046660111161175e-11
7.796875 2.000099999966355 0.0 2.0999004547100117 4.419235965962797 -3.364488926874075e-11
7.828125 2.0000999999549376 0.0 2.099736522962049 4.419235964486161 -4.506256740414861e-11
7.859375 2.0000999999398217 0.0 2.099572538017437 4.419235963008523 -6.017826279695694e-11
7.890625 2.0000999999198714 0.0 2.0994084998332867 4.4192359615295675 -8.012882088826562e-11
7.921875 2.00009999989362 0.0 2.099244408366176 4.419235960049119 -1.0638022529341046e-10
7.953125 2.000099999859184 0.0 2.0990802635719947 4.41923595856724 -1.4081629059050188e-10
7.984375 2.000099999814151 0.0 2.0989160654057493 4.419235957084371 -1.8584917425466984e-10
8.015625 2.000099999755444 0.0 2.0987518138213774 4.419235955601353 -2.445564327745659e-10
8.046875 2.0000999996791498 0.0 2.0985875087715256 4.419235954119435 -3.2085017244722926e-10
8.078125 2.0000999995803155 0.0 2.098423150207318 4.4192359526401965 -4.196847518033573e-10
8.109375 2.0000999994526896 0.0 2.0982587380780657 4.419235951165458 -5.473104646628257e-10
8.140625 2.0000999992884183 0.0 2.0980942723309424 4.419235949697125 -7.115816430660233e-10
8.171875 2.0000999990776713 0.0 2.0979297529105785 4.419235948236995 -9.22328624068492e-10
8.203125 2.0000999988081962 0.0 2.09776517975855 4.419235946786638 -1.191803958165589e-09
8.234375 2.000099998464786 0.0 2.097600552812741 4.41923594534727 -1.5352140059132596e-09
8.265625 2.0000999980286527 0.0 2.0974358720065456 4.419235943919755 -1.971347542156692e-09
8.296875 2.000099997476687 0.0 2.097271137267915 4.419235942504621 -2.523312985973188e-09
8.328125 2.000099996780605 0.0 2.097106348518229 4.419235941102152 -3.219395161131922e-09
8.359375 2.0000999959059595 0.0 2.0969415056709693 4.419235939712549 -4.094040754180995e-09
8.390625 2.0000999948110216 0.0 2.09677660863023 4.419235938336059 -5.1889784705830064e-09
8.421875 2.0000999934455255 0.0 2.0966116572890683 4.41923593697306 -6.554474776039984e-09
8.453125 2.000099991749282 0.0 2.096446651527722 4.419235935624101 -8.250718395545009e-09
8.484375 2.0000999896506846 0.0 2.096281591211712 4.419235934289864 -1.0349315607112637e-08
8.515625 2.0000999870651373 0.0 2.096116476189858 4.4192359329710955 -1.2934862794373492e-08
8.546875 2.0000999838934588 0.0 2.0959513062922674 4.4192359316685135 -1.610654146399652e-08
8.578125 2.0000999800203476 0.0 2.0957860813283897 4.41923593038276 -1.9979652470463198e-08
8.609375 2.0000999753130313 0.0 2.0956208010852886 4.419235929114361 -2.4686968687730042e-08
8.640625 2.0000999696202633 0.0 2.0954554653263378 4.41923592786374 -3.037973662956737e-08
8.671875 2.000099962771905 0.0 2.095290073790647 4.419235926631325 -3.722809494294276e-08
8.703125 2.000099954579402 0.0 2.0951246261935985 4.419235925417654 -4.542059821685135e-08
8.734375 2.0000999448375656 0.0 2.094959122229075 4.419235924223488 -5.5162434587404565e-08
8.765625 2.0000999333281992 0.0 2.094793561574039 4.419235923049881 -6.667180104523568e-08
8.796875 2.0000999198262535 0.0 2.094627943896368 4.41923592189819 -8.017374642759501e-08
8.828125 2.0000999041093968 0.0 2.0944622688671024 4.419235920770003 -9.589060343071351e-08
8.859375 2.0000998859720984 0.0 2.0942965361784665 4.419235919667028 -1.1402790157076528e-07
8.890625 2.000099865245624 0.0 2.094130745569471 4.419235918590976 -1.3475437614470108e-07
8.921875 2.0000998418256435 0.0 2.093964896861267 4.419235917543384 -1.581743565263702e-07
8.953125 2.0000998157095773 0.0 2.0937989900049327 4.419235916525494 -1.842904225897277e-07
8.984375 2.000099787046248 0.0 2.093633025144979 4.419235915538212 -2.129537521443204e-07
9.015625 2.000099756200964 0.0 2.0934670027025946 4.419235914582077 -2.4379903603245343e-07
9.046875 2.0000997238397984 0.0 2.0933009234834388 4.41923591365733 -2.7616020174017365e-07
9.078125 2.000099691037548 0.0 2.093134788815727 4.4192359127640195 -3.089624517400078e-07
9.109375 2.00009965941472 0.0 2.0929686007254897 4.419235911902108 -3.405852802832484e-07
9.140625 2.0000996313098267 0.0 2.0928023621570766 4.419235911071553 -3.686901735755997e-07
9.171875 2.0000996099943844 0.0 2.0926360772483616 4.419235910272354 -3.900056158431509e-07
9.203125 2.000099599939188 0.0 2.0924697516716737 4.419235909504578 -4.00060811963365e-07
9.234375 2.0000996071418076 0.0 2.092303393053184 4.4192359087683695 -3.92858192564735e-07
9.265625 2.0000996395267108 0.0 2.0921370114853945 4.419235908063937 -3.6047328921586107e-07
9.296875 2.0000997074310414 0.0 2.0919706201494357 4.419235907391513 -2.9256895874623466e-07
9.328125 2.0000998241907952 0.0 2.0918042360661007 4.419235906751294 -1.75809204796358e-07
9.359375 2.0001000068439954 0.0 2.0916378809969225 4.419235906143399 6.84399496390746e-09
9.390625 2.0001002769693756 0.0 2.09147158251905 4.419235905567825 2.769693754259723e-07
9.421875 2.000100661681092 0.0 2.091305375300299 4.419235905024406 6.6168109169794e-07
9.453125 2.0001011948019656 0.0 2.091139302603262 4.419235904512786 1.1948019652308614e-06
9.484375 2.000101918239771 0.0 2.090973418050007 4.419235904032422 1.91823977061019e-06
9.515625 2.0000028835929657 0.0 2.090807787681256 4.419235903582621 2.8835929655655025e-06
9.546875 2.0000041540140114 0.0 2.0906424923462734 4.4192359031626145 4.154014011294916e-06
9.578125 2.000005806359934 0.0 2.0904776304616024 4.419235902771667 5.806359934410772e-06
9.609375 2.0000079336609473 0.0 2.090313321178299 4.419235902409188 7.933660947464523e-06
9.640625 2.00001064793866 0.0 2.0901497079982967 4.419235902074787 1.0647938659910819e-05
9.671875 2.0000140834055493 0.0 2.0899869628806558 4.4192359017682845 1.4083405549510238e-05
9.703125 2.000018400076786 0.0 2.0898252908777755 4.419235901489676 1.8400076786345152e-05
9.734375 2.0000237878240568 0.0 2.0896649353397594 4.419235901239091 2.3787824056655596e-05
9.765625 2.0000304708985603 0.0 2.0895061837219684 4.419235901016636 3.047089856032277e-05
9.796875 2.0000387129466852 0.0 2.0893493740260425 4.419235900822275 3.871294668531413e-05
9.828125 2.0000488225368223 0.0 2.0891949018981784 4.419235900655748 4.882253682205016e-05
9.859375 2.000061159209198 0.0 2.089043228399958 4.419235900516554 6.115920919813026e-05
9.890625 2.0000761400523226 0.0 2.088894888456299 4.419235900404009 7.614005232250465e-05
9.921875 2.000094246799473 0.0 2.0887504999719955 4.419235900317334 9.424679947325484e-05
9.953125 2.000116033426509 0.0 2.0886107735924906 4.419235900255799 0.00011603342650898227
9.984375 2.000142134218022 0.0 2.088476523066107 4.4192359002188155 0.00014213421802187232
10.015625 2.0001732722524084 0.0 2.0883486761434655 4.419235900206002 0.00017327225240822825
10.046875 2.0002102682377827 0.0 2.0882282859256556 4.419235900217146 0.00021026823778249598
10.078125 2.0002540496098318 0.0 2.08811654254546 4.419235900252101 0.00025404960983168684
10.109375 2.000305659779792 0.0 2.088014785036043 4.419235900310653 0.0003056597797921633
10.140625 2.000366267395899 0.0 2.087924513209056 4.419235900392357 0.0003662673958988225
10.171875 2.0004371754551613 0.0 2.087847399329383 4.41923590049643 0.00043717545516134556
10.203125 2.00051983007451 0.0 2.087785299337341 4.419235900621728 0.0005198300745101878
10.234375 2.0006158287016733 0.0 2.0877402633315074 4.419235900766793 0.0006158287016735327
10.265625 2.000726927517148 0.0 2.087714544987284 4.419235900929985 0.0007269275171483163
10.296875 2.0008550477499747 0.0 2.0877106095487226 4.4192359011096425 0.0008550477499748933
10.328125 2.0010022806024854 0.0 2.0877311399949927 4.419235901304248 0.0010022806024855794
10.359375 2.0011708904536465 0.0 2.0877790409494317 4.419235901512609 0.0011708904536466504
10.390625 2.0013633159880233 0.0 2.08785743986975 4.419235901733938 0.00136331598802327
10.421875 2.0015821688788247 0.0 2.0879696850340084 4.41923590196788 0.0015821688788247121
10.453125 2.00183022964006 0.0 2.0881193398201576 4.4192359022144805 0.001830229640059798
10.484375 2.002110440255724 0.0 2.0883101727687645 4.419235902474112 0.0021104402557239545
10.515625 2.0024258931943457 0.0 2.088546142920853 4.419235902747362 0.0024258931943456344
10.546875 2.002779816426327 0.0 2.0888313799370923 4.4192359030349095 0.002779816426326757
10.578125 2.00317555408046 0.0 2.089170158532596 4.419235903337458 0.0031755540804596885
10.609375 2.0036165424058465 0.0 2.089566866804739 4.419235903655627 0.003616542405846326
10.640625 2.0041062807471084 0.0 2.090025968091016 4.4192359039898825 0.004106280747108303
10.671875 2.004648297295011 0.0 2.0905519560708337 4.41923590434047 0.004648297295010989
10.703125 2.005246109441955 0.0 2.0911493029201473 4.4192359047073815 0.005246109441955015
10.734375 2.0059031786524746 0.0 2.091822400440962 4.4192359050903365 0.00590317865247471
10.765625 2.0066228598528646 0.0 2.0925754942187296 4.41923590548881 0.006622859852864577
10.796875 2.0074083454509157 0.0 2.093412611008506 4.4192359059021555 0.007408345450915949
10.828125 2.008262604215674 0.0 2.0943374797138956 4.419235906329673 0.008262604215674192
10.859375 2.0091883153768846 0.0 2.0953534464989776 4.419235906770718 0.009188315376884767
10.890625 2.0101877984426997 0.0 2.0964633847596343 4.419235907224712 0.01018779844269984
10.921875 2.011262939380126 0.0 2.0976696008732327 4.419235907691177 0.01126293938012599
10.953125 2.012415113953013 0.0 2.098973736840207 4.4192359081697035 0.012415113953013106
10.984375 2.0136451091640843 0.0 2.1003766711229233 4.41923590865991 0.013645109164084353
11.015625 2.0149530438971515 0.0 2.1018784191706965 4.419235909161368 0.014953043897151557
11.046875 2.016338289999458 0.0 2.10347803528963 4.4192359096735965 0.016338289999458067
11.078125 2.017799395177961 0.0 2.1051735176659836 4.419235910196074 0.017799395177961152
11.109375 2.0193340092030168 0.0 2.106961718476508 4.419235910728295 0.019334009203016627
11.140625 2.0209388150139582 0.0 2.108838261112921 4.419235911269881 0.020938815013958157
11.171875 2.0226094663990692 0.0 2.110797466605591 4.419235911820705 0.022609466399069394
11.203125 2.0243405339731493 0.0 2.1128322913490845 4.419235912380977 0.02434053397314911
11.234375 2.026125461195244 0.0 2.114934278206026 4.419235912951277 0.026125461195244212
11.265625 2.0279565321535444 0.0 2.1170935229932666 4.41923591353255 0.027956532153544326
11.296875 2.0298248527908007 0.0 2.119298658234272 4.419235914125983 0.02982485279080091
11.328125 2.031720347149536 0.0 2.1215368558937864 4.419235914732832 0.031720347149536324
11.359375 2.0336317700801314 0.0 2.1237938505961624 4.419235915354257 0.033631770080131254
11.390625 2.0355467376759386 0.0 2.126053984569772 4.419235915991141 0.03554673767593849
11.421875 2.037451776478212 0.0 2.128300275259797 4.419235916643978 0.037451776478212004
11.453125 2.03933239223132 0.0 2.130514506215087 4.419235917312799 0.039332392231319985
11.484375 2.041173158668053 0.0 2.132677341487021 4.419235917997214 0.041173158668053204
11.515625 2.0429578264696633 0.0 2.134768463385708 4.419235918696546 0.04295782646966331
11.546875 2.0446694521805715 0.0 2.136766733028254 4.419235919409985 0.04466945218057142
11.578125 2.046290546469617 0.0 2.1386503726925516 4.41923592013672 0.04629054646961692
11.609375 2.047803240725473 0.0 2.140397168566013 4.419235920876062 0.04780324072547297
11.640625 2.0491894705615774 0.0 2.1419846920597188 4.4192359216274895 0.04918947056157731
11.671875 2.0504311743945425 0.0 2.143390537452806 4.419235922390647 0.05043117439454236
11.703125 2.051510504859034 0.0 2.144592573247479 4.419235923165337 0.051510504859034176
11.734375 2.052410050441439 0.0 2.1455692042598615 4.419235923951451 0.052410050441439045
11.765625 2.053113064364288 0.0 2.1462996411533632 4.419235924748952 0.05311306436428788
11.796875 2.053603697443263 0.0 2.1467641738467385 4.419235925557813 0.05360369744326279
11.828125 2.053867231378129 0.0 2.1469444450047943 4.419235926377964 0.05386723137812902
11.859375 2.0538903087368827 0.0 2.1468237196519393 4.419235927209231 0.05389030873688286
11.890625 2.053661155756567 0.0 2.1463871468421574 4.4192359280513545 0.05366115575656725
11.921875 2.053169794021124 0.0 2.1456220092777474 4.419235928903976 0.05316979402112389
11.953125 2.052408237091384 0.0 2.1445179567957693 4.419235929766636 0.05240823709138409
11.984375 2.0513706682582127 0.0 2.1430672197373886 4.4192359306387825 0.05137066825821273
12.015625 2.05005359576841 0.0 2.141264798381159 4.419235931519768 0.05005359576840977
12.046875 2.0484559821337482 0.0 2.139108624855495 4.4192359324089034 0.048455982133748285
12.078125 2.0465793444739337 0.0 2.1365996942455103 4.419235933305524 0.046579344473933665
12.109375 2.0444278232596726 0.0 2.1337421619708397 4.419235934209022 0.04442782325967287
12.140625 2.0420082173057845 0.0 2.130543404928753 4.419235935118897 0.04200821730578457
12.171875 2.0393299834077734 0.0 2.1270140443642855 4.4192359360347755 0.03932998340777328
12.203125 2.036405199608188 0.0 2.1231679289389005 4.419235936956422 0.03640519960818808
12.234375 2.0332484917095064 0.0 2.1190220770134878 4.419235937883657 0.033248491709506556
12.265625 2.0298769233050855 0.0 2.1145965777318905 4.419235938816299 0.02987692330508533
12.296875 2.0263098502648096 0.0 2.109914451079449 4.419235939754076 0.026309850264809496
12.328125 2.0225687412727775 0.0 2.105001467689206 4.419235940696553 0.022568741272777516
12.359375 2.0186769666557858 0.0 2.0998859297688774 4.419235941643121 0.018676966655785724
12.390625 2.0146595583488196 0.0 2.0945984151177903 4.419235942593051 0.014659558348819613
12.421875 2.0105429444030887 0.0 2.0891714867884983 4.419235943545583 0.01054294440308875
12.453125 2.0063546619401937 0.0 2.0836393715174157 4.4192359445000235 0.006354661940193942
12.484375 2.002123052880952 0.0 2.078037610597481 4.41923594545587 0.002123052880951984
12.515625 1.997876947119048 0.0 2.0724026873888244 4.419235946412831 -0.002123052880951984
12.546875 1.993645338059806 0.0 2.0667716361550443 4.419235947370797 -0.006354661940193942
12.578125 1.9894570555969113 0.0 2.061181637366831 4.419235948329704 -0.01054294440308875
12.609375 1.9853404416511804 0.0 2.055669605022927 4.419235949289337 -0.014659558348819613
12.640625 1.9813230333442142 0.0 2.0502717718904893 4.419235950249066 -0.018676966655785724
12.671875 1.9774312587272225 0.0 2.045023278849772 4.419235951207691 -0.022568741272777516
12.703125 1.9736901497351904 0.0 2.039957774726089 4.419235952163394 -0.026309850264809496
12.734375 1.9701230766949147 0.0 2.0351070330870833 4.419235953113776 -0.02987692330508533
12.765625 1.9667515082904934 0.0 2.030500592456364 4.419235954056054 -0.033248491709506556
12.796875 1.963594800391812 0.0 2.0261654262263624 4.419235954987384 -0.03640519960818808
12.828125 1.9606700165922266 0.0 2.0221256482266874 4.419235955905157 -0.03932998340777328
12.859375 1.9579917826942155 0.0 2.0184022594068214 4.419235956807298 -0.04200821730578457
12.890625 1.9555721767403271 0.0 2.0150129404178587 4.419235957692438 -0.04442782325967287
12.921875 1.9534206555260663 0.0 2.0119718940304074 4.419235958559964 -0.046579344473933665
12.953125 1.9515440178662518 0.0 2.009289740318712 4.419235959409892 -0.048455982133748285
12.984375 1.9499464042315902 0.0 2.006973466399802 4.419235960242651 -0.05005359576840977
13.015625 1.9486293317417873 0.0 2.005026431277475 4.419235961058879 -0.05137066825821273
13.046875 1.947591762908616 0.0 2.0034484250497986 4.419235961859236 -0.05240823709138409
13.078125 1.946830205978876 0.0 2.0022357804477453 4.419235962644292 -0.05316979402112389
13.109375 1.9463388442434328 0.0 2.001381533436704 4.419235963414366 -0.05366115575656725
13.140625 1.946109691263117 0.0 2.000875628485172 4.419235964169522 -0.05389030873688286
13.171875 1.946132768621871 0.0 2.000705163134419 4.419235964909509 -0.05386723137812902
13.203125 1.9463963025567372 0.0 2.000854665727406 4.419235965633719 -0.05360369744326279
13.234375 1.9468869356357121 0.0 2.001306399601755 4.419235966341267 -0.05311306436428788
13.265625 1.947589949558561 0.0 2.002040686733066 4.419235967031069 -0.052410050441439045
13.296875 1.948489495140966 0.0 2.0030362437308127 4.41923596770191 -0.051510504859034176
13.328125 1.9495688256054577 0.0 2.00427052322629 4.419235968352539 -0.05043117439454236
13.359375 1.9508105294384226 0.0 2.005720054027329 4.4192359689817104 -0.04918947056157731
13.390625 1.952196759274527 0.0 2.007360773916253 4.419235969588249 -0.04780324072547297
13.421875 1.9537094535303832 0.0 2.009168349600368 4.419235970170956 -0.04629054646961692
13.453125 1.9553305478194285 0.0 2.0111184790503573 4.419235970728577 -0.04466945218057142
13.484375 1.9570421735303367 0.0 2.0131871722450034 4.419235971259858 -0.04295782646966331
13.515625 1.9588268413319467 0.0 2.015351007146995 4.41923597176363 -0.041173158668053204
13.546875 1.96066760776868 0.0 2.0175873585348114 4.419235972239011 -0.039332392231319985
13.578125 1.962548223521788 0.0 2.0198745980859276 4.419235972685616 -0.037451776478212004
13.609375 1.9644532623240616 0.0 2.0221922648277886 4.419235973103705 -0.03554673767593849
13.640625 1.9663682299198688 0.0 2.0245212057318462 4.419235973494108 -0.033631770080131254
13.671875 1.9682796528504636 0.0 2.0268436868132995 4.419235973858038 -0.031720347149536324
13.703125 1.970175147209199 0.0 2.029143475610354 4.419235974196848 -0.02982485279080091
13.734375 1.9720434678464556 0.0 2.03140589635014 4.419235974511937 -0.027956532153544326
13.765625 1.9738745388047558 0.0 2.0336178594649024 4.41923597480492 -0.026125461195244212
13.796875 1.975659466026851 0.0 2.0357678674046014 4.419235975077981 -0.02434053397314911
13.828125 1.9773905336009305 0.0 2.0378459989046824 4.419235975334068 -0.022609466399069394
13.859375 1.9790611849860418 0.0 2.039843874015596 4.419235975576486 -0.020938815013958157
13.890625 1.9806659907969835 0.0 2.041754602289121 4.419235975807691 -0.019334009203016627
13.921875 1.9822006048220389 0.0 2.0435727165515667 4.4192359760275615 -0.017799395177961152
13.953125 1.983661710000542 0.0 2.0452940946816325 4.419235976231978 -0.016338289999458067
13.984375 1.9850469561028485 0.0 2.046915871757069 4.419235976412922 -0.014953043897151557
14.015625 1.9863548908359157 0.0 2.0484363448454146 4.419235976561002 -0.013645109164084353
14.046875 1.987584886046987 0.0 2.0498548725955863 4.419235976670353 -0.012415113953013106
14.078125 1.988737060619874 0.0 2.0511717716443885 4.419235976744343 -0.01126293938012599
14.109375 1.9898122015573 0.0 2.05238821168993 4.419235976799338 -0.01018779844269984
14.140625 1.9908116846231152 0.0 2.053506110907114 4.419235976863582 -0.009188315376884767
14.171875 1.9917373957843258 0.0 2.054528033193174 4.419235976969839 -0.008262604215674192
14.203125 1.992591654549084 0.0 2.055457088538035 4.419235977143406 -0.007408345450915949
14.234375 1.9933771401471354 0.0 2.056296837619543 4.4192359773905645 -0.006622859852864577
14.265625 1.9940968213475252 0.0 2.0570512015314293 4.419235977695085 -0.00590317865247471
14.296875 1.994753890558045 0.0 2.057724377366425 4.4192359780299135 -0.005246109441955015
14.328125 1.995351702704989 0.0 2.058320760201096 4.419235978387163 -0.004648297295010989
14.359375 1.9958937192528916 0.0 2.058844871864951 4.41923597882236 -0.004106280747108303
14.390625 1.9963834575941537 0.0 2.059301296725036 4.419235979501199 -0.003616542405846326
14.421875 1.9968244459195403 0.0 2.0596946245787873 4.4192359807317345 -0.0031755540804596885
14.453125 1.9972201835736731 0.0 2.0600294006221205 4.419235982964921 -0.002779816426326757
14.484375 1.9975741068056543 0.0 2.0603100823468186 4.419235986753171 -0.0024258931943456344
14.515625 1.997889559744276 0.0 2.0605410031220375 4.419235992668539 -0.0021104402557239545
14.546875 1.9981697703599401 0.0 2.0607263421307063 4.419236001195722 -0.001830229640059798
14.578125 1.9984178311211753 0.0 2.0608701002643395 4.4192360126255394 -0.0015821688788247121
14.609375 1.9986366840119767 0.0 2.0609760815306934 4.419236026977222 -0.00136331598802327
14.640625 1.9988291095463533 0.0 2.0610478794973117 4.419236043971691 -0.0011708904536466504
14.671875 1.9989977193975144 0.0 2.061088868278751 4.419236063064076 -0.0010022806024855794
14.703125 1.999144952250025 0.0 2.0611021975728896 4.419236083527174 -0.0008550477499748933
14.734375 1.9992730724828516 0.0 2.0610907912584286 4.419236104563724 -0.0007269275171483163
14.765625 1.9993841712983265 0.0 2.061057349078182 4.41923612541939 -0.0006158287016735327
14.796875 1.9994801699254898 0.0 2.0610043509488953 4.419236145471393 -0.0005198300745101878
14.828125 1.9995628245448387 0.0 2.0609340634576503 4.419236164278095 -0.00043717545516134556
14.859375 1.9996337326041012 0.0 2.060848548127953 4.4192361815879835 -0.0003662673958988225
14.890625 1.9996943402202079 0.0 2.0607496710661684 4.419236197317348 -0.0003056597797921633
14.921875 1.9997459503901682 0.0 2.0606391136314532 4.419236211511014 -0.00025404960983168684
14.953125 1.9997897317622175 0.0 2.0605183838086734 4.419236224299793 -0.00021026823778249598
14.984375 1.9998267277475918 0.0 2.0603888280024214 4.419236235863399 -0.00017327225240822825
15.015625 1.999857865781978 0.0 2.0602516430088333 4.419236246401654 -0.00014213421802187232
15.046875 1.999883966573491 0.0 2.0601078879586963 4.419236256112881 -0.00011603342650898227
15.078125 1.9999057532005267 0.0 2.0599584960592368 4.4192362651773385 -9.424679947325484e-05
15.109375 1.9999238599476774 0.0 2.059804285992839 4.419236273744845 -7.614005232250465e-05
15.140625 1.9999388407908019 0.0 2.059645972859287 4.4192362819273345 -6.115920919813026e-05
15.171875 1.999951177463178 0.0 2.0594841785742246 4.419236289797919 -4.882253682205016e-05
15.203125 1.9999612870533148 0.0 2.05931944166073 4.419236297396802 -3.871294668531413e-05
15.234375 1.9999695291014397 0.0 2.059152226392652 4.419236304742484 -3.047089856032277e-05
15.265625 1.9999762121759432 0.0 2.058982931267381 4.419236311844667 -2.3787824056655596e-05
15.296875 1.9999815999232136 0.0 2.058811896801499 4.41923631871477 -1.8400076786345152e-05
15.328125 1.9999859165944505 0.0 2.058639412655154 4.4192363253712035 -1.4083405549510238e-05
15.359375 1.99998935206134 0.0 2.0584657241006665 4.419236331838858 -1.0647938659910819e-05
15.390625 1.9999920663390525 0.0 2.0582910378582993 4.419236338144628 -7.933660947464523e-06
15.421875 1.9999941936400656 0.0 2.0581155273281113 4.419236344312018 -5.806359934410772e-06
15.453125 1.9999958459859888 0.0 2.0579393372516113 4.419236350357489 -4.154014011294916e-06
15.484375 1.9999971164070345 0.0 2.05776258784077 4.419236356289849 -2.8835929655655025e-06
15.515625 1.9999980817602294 0.0 2.0575853784144997 4.419236362112371 -1.91823977061019e-06
15.546875 1.9999988051980349 0.0 2.0574077905839423 4.419236367826166 -1.1948019652308614e-06
15.578125 1.9999993383189083 0.0 2.057229891027837 4.419236373433105 -6.6168109169794e-07
15.609375 1.9999997230306246 0.0 2.0570517338980685 4.4192363789372475 -2.769693754259723e-07
15.640625 1.999999993156005 0.0 2.0568733628936426 4.41923638434465 -6.84399496390746e-09
15.671875 2.000000175809205 0.0 2.056694813039042 4.419236389662188 1.75809204796358e-07
15.703125 2.000000292568959 0.0 2.0565161122006157 4.419236394896265 2.9256895874623466e-07
15.734375 2.000000360473289 0.0 2.0563372823723065 4.4192364000519975 3.6047328921586107e-07
15.765625 2.0000003928581926 0.0 2.0561583407596706 4.419236405133095 3.92858192564735e-07
15.796875 2.000000400060812 0.0 2.055979300688654 4.41923641014229 4.00060811963365e-07
15.828125 2.000000390005616 0.0 2.055800172363212 4.419236415081906 3.900056158431509e-07
15.859375 2.0000003686901735 0.0 2.055620963493284 4.419236419954322 3.686901735755997e-07
15.890625 2.0000003405852804 0.0 2.0554416798122475 4.419236424762068 3.405852802832484e-07
15.921875 2.0000003089624516 0.0 2.055262325500575 4.419236429507758 3.089624517400078e-07
15.953125 2.000000276160202 0.0 2.055082903530441 4.419236434193897 2.7616020174017365e-07
15.984375 2.000000243799036 0.0 2.054903415944006 4.419236438822715 2.4379903603245343e-07
16.015625 2.000000212953752 0.0 2.0547238640764425 4.419236443396102 2.129537521443204e-07
16.046875 2.0000001842904225 0.0 2.054544248733251 4.419236447915676 1.842904225897277e-07
16.078125 2.0000001581743567 0.0 2.0543645703300024 4.419236452382877 1.581743565263702e-07
16.109375 2.000000134754376 0.0 2.0541848290014526 4.419236456799036 1.3475437614470108e-07
16.140625 2.000000114027902 0.0 2.054005024685827 4.419236461165458 1.1402790157076528e-07
16.171875 2.0000000958906035 0.0 2.0538251571891495 4.419236465483445 9.589060343071351e-08
16.203125 2.0000000801737463 0.0 2.0536452262336606 4.4192364697542414 8.017374642759501e-08
16.234375 2.000000066671801 0.0 2.053465231493642 4.419236473978997 6.667180104523568e-08
16.265625 2.0000000551624346 0.0 2.053285172621348 4.419236478158757 5.5162434587404565e-08
16.296875 2.0000000454205984 0.0 2.053105049265277 4.4192364822944725 4.542059821685135e-08
16.328125 2.000000037228095 0.0 2.052924861082601 4.419236486387048 3.722809494294276e-08
16.359375 2.0000000303797365 0.0 2.05274460774715 4.419236490437317 3.037973662956737e-08
16.390625 2.0000000246869685 0.0 2.0525642889541293 4.419236494446088 2.4686968687730042e-08
16.421875 2.0000000199796526 0.0 2.0523839044224457 4.419236498414143 1.9979652470463198e-08
16.453125 2.0000000161065414 0.0 2.0522034538953395 4.419236502342237 1.610654146399652e-08
16.484375 2.000000012934863 0.0 2.0520229371398657 4.419236506231096 1.2934862794373492e-08
16.515625 2.0000000103493156 0.0 2.051842353945614 4.419236510081404 1.0349315607112637e-08
16.546875 2.0000000082507183 0.0 2.0516617041229557 4.419236513893811 8.250718395545009e-09
16.578125 2.0000000065544747 0.0 2.051480987501063 4.419236517668943 6.554474776039984e-09
16.609375 2.0000000051889786 0.0 2.051300203925847 4.419236521407403 5.1889784705830064e-09
16.640625 2.0000000040940407 0.0 2.0511193532579193 4.419236525109797 4.094040754180995e-09
16.671875 2.000000003219395 0.0 2.0509384353706586 4.419236528776712 3.219395161131922e-09
16.703125 2.000000002523313 0.0 2.0507574501484207 4.4192365324087275 2.523312985973188e-09
16.734375 2.0000000019713475 0.0 2.0505763974849116 4.419236536006405 1.971347542156692e-09
16.765625 2.000000001535214 0.0 2.0503952772817353 4.419236539570306 1.5352140059132596e-09
16.796875 2.000000001191804 0.0 2.0502140894471195 4.419236543100983 1.191803958165589e-09
16.828125 2.0000000009223284 0.0 2.050032833894808 4.419236546598981 9.22328624068492e-10
16.859375 2.0000000007115815 0.0 2.049851510543104 4.4192365500648325 7.115816430660233e-10
16.890625 2.0000000005473106 0.0 2.0496701193140483 4.419236553499067 5.473104646628257e-10
16.921875 2.0000000004196847 0.0 2.0494886601327447 4.419236556902195 4.196847518033573e-10
16.953125 2.00000000032085 0.0 2.0493071329267707 4.419236560274728 3.2085017244722926e-10
16.984375 2.0000000002445564 0.0 2.049125537625694 4.419236563617162 2.445564327745659e-10
17.015625 2.000000000185849 0.0 2.048943874160677 4.419236566929978 1.8584917425466984e-10
17.046875 2.0000000001408162 0.0 2.048762142464144 4.419236570213655 1.4081629059050188e-10
17.078125 2.0000000001063802 0.0 2.0485803424695046 4.419236573468683 1.0638022529341046e-10
17.109375 2.000000000080129 0.0 2.0483984741109293 4.419236576695578 8.012882088826562e-11
17.140625 2.000000000060178 0.0 2.048216537323177 4.419236579894879 6.017826279695694e-11
17.171875 2.0000000000450626 0.0 2.048034532041444 4.419236583067143 4.506256740414861e-11
17.203125 2.000000000033645 0.0 2.0478524582012527 4.4192365862129375 3.364488926874075e-11
17.234375 2.0000000000250466 0.0 2.047670315738353 4.419236589332872 2.5046660111161175e-11
17.265625 2.0000000000185914 0.0 2.0474881045886537 4.419236592427574 1.8591221278310382e-11
17.296875 2.000000000013759 0.0 2.0473058246881726 4.419236595497692 1.3759175065993107e-11
17.328125 2.000000000010153 0.0 2.0471234759729926 4.419236598543867 1.0153164275917284e-11
17.359375 2.00000000000747 0.0 2.046941058379221 4.419236601566743 7.470200829441743e-12
17.390625 2.00000000000548 0.0 2.0467585718429673 4.419236604566977 5.480010911465506e-12
17.421875 2.0000000000040083 0.0 2.046576016300312 4.419236607545254 4.008153816462366e-12
17.453125 2.000000000002923 0.0 2.0463933916872827 4.419236610502294 2.922911974610753e-12
17.484375 2.000000000002125 0.0 2.0462106979398462 4.419236613438836 2.1251475998174054e-12
17.515625 2.0000000000015405 0.0 2.0460279349938926 4.419236616355651 1.5404834363647938e-12
17.546875 2.0000000000011133 0.0 2.045845102785228 4.419236619253534 1.113296906264696e-12
17.578125 2.000000000000802 0.0 2.045662201249563 4.419236622133321 8.021235938183894e-13
17.609375 2.000000000000576 0.0 2.0454792303225022 4.419236624995929 5.761517913992377e-13
17.640625 2.0000000000004126 0.0 2.045296189939497 4.419236627842416 4.1255848706260836e-13
17.671875 2.0000000000002944 0.0 2.0451130800358035 4.419236630674087 2.9449184610589434e-13
17.703125 2.0000000000002096 0.0 2.044929900546422 4.419236633492626 2.0954856369736308e-13
17.734375 2.0000000000001488 0.0 2.0447466514060384 4.419236636300225 1.4862863863463673e-13
17.765625 2.0000000000001052 0.0 2.0445633325490022 4.419236639099635 1.050769502468153e-13
17.796875 2.000000000000074 0.0 2.0443799439093726 4.419236641894033 7.404199539793786e-14
17.828125 2.000000000000052 0.0 2.044196485421079 4.419236644686666 5.1998468342356297e-14
17.859375 2.0000000000000364 0.0 2.044012957018171 4.419236647480279 3.63930197719041e-14
17.890625 2.0000000000000253 0.0 2.0438293586351444 4.419236650276352 2.53822982660602e-14
17.921875 2.0000000000000178 0.0 2.04364569020725 4.419236653074395 1.7639885483553146e-14
17.953125 2.0000000000000124 0.0 2.0434619516707264 4.419236655871403 1.2214485147172358e-14
17.984375 2.0000000000000084 0.0 2.0432781429628695 4.419236658661708 8.426110147273168e-15
18.015625 2.0000000000000058 0.0 2.043094264021875 4.419236661437339 5.790342783568785e-15
18.046875 2.000000000000004 0.0 2.0429103147864622 4.419236664188918 3.963263749308563e-15
18.078125 2.0000000000000027 0.0 2.0427262951953313 4.419236666906901 2.7015457262591083e-15
18.109375 2.0000000000000018 0.0 2.042542205186545 4.419236669583018 1.833634667520214e-15
18.140625 2.0000000000000013 0.0 2.042358044697007 4.419236672211486 1.2390097532254693e-15
18.171875 2.000000000000001 0.0 2.0421738136621235 4.419236674789772 8.333090963179003e-16
18.203125 2.0000000000000004 0.0 2.041989512015739 4.419236677318732 5.576995431938721e-16
18.234375 2.0000000000000004 0.0 2.041805139690358 4.419236679802106 3.7130643844254734e-16
18.265625 2.0000000000000004 0.0 2.0416206966175605 4.419236682245545 2.4584179170539287e-16
18.296875 2.0 0.0 2.041436182728522 4.419236684655411 1.6180622920595578e-16
18.328125 2.0 0.0 2.04125159795449 4.41923668703765 1.0581352319837788e-16
18.359375 2.0 0.0 2.0410669422271255 4.419236689397007 6.871293963104205e-17
18.390625 2.0 0.0 2.0408822154786477 4.419236691736687 4.427650759039602e-17
18.421875 2.0 0.0 2.040697417641806 4.419236694058428 2.828480622676629e-17
18.453125 2.0 0.0 2.0405125486496978 4.419236696362892 1.7892814642745072e-17
18.484375 2.0 0.0 2.040327608435573 4.419236698650133 1.1191819602844879e-17
18.515625 2.0 0.0 2.0401425969326383 4.41923670092004 6.908033070364404e-18
18.546875 2.0 0.0 2.0399575140739543 4.419236703172594 4.1961531058258706e-18
18.578125 2.0 0.0 2.0397723597923862 4.419236705407954 2.498590031010466e-18
18.609375 2.0 0.0 2.0395871340206293 4.419236707626439 1.449916056694189e-18
18.640625 2.0 0.0 2.0394018366912627 4.419236709828395 8.123242558628094e-19
18.671875 2.0 0.0 2.0392164677367846 4.419236712014116 4.3225443940309184e-19
18.703125 2.0 0.0 2.0390310270896363 4.419236714183834 2.1139984100659238e-19
18.734375 2.0 0.0 2.0388455146821967 4.419236716337748 8.743644241968582e-20
18.765625 2.0 0.0 2.0386599304467556 4.419236718476091 2.1292021952213176e-20
18.796875 2.0 0.0 2.0384742743155013 4.419236720599173 -1.120966778113034e-20
18.828125 2.0 0.0 2.0382885462205014 4.419236722707436 -2.4794409328619503e-20
18.859375 2.0 0.0 2.0381027460937124 4.419236724801431 -2.8258874022225216e-20
18.890625 2.0 0.0 2.037916873866983 4.419236726881811 -2.672813031849725e-20
18.921875 2.0 0.0 2.037730929472069 4.419236728949321 -2.3088901174160298e-20
18.953125 2.0 0.0 2.0375449128406418 4.419236731004785 -1.8889436847287846e-20
18.984375 2.0 0.0 2.0373588239042855 4.419236733049111 -1.489719778190366e-20
19.015625 2.0 0.0 2.037172662594487 4.419236735083255 -1.143913179228943e-20
19.046875 2.0 0.0 2.036986428842632 4.419236737108237 -8.605353010410987e-21
19.078125 2.0 0.0 2.0368001225800034 4.419236739125097 -6.368100805829833e-21
19.109375 2.0 0.0 2.036613743737779 4.4192367411348865 -4.648962114637106e-21
19.140625 2.0 0.0 2.036427292247029 4.419236743138642 -3.3550959936201877e-21
19.171875 2.0 0.0 2.0362407680387227 4.419236745137354 -2.397332648142728e-21
19.203125 2.0 0.0 2.036054171043719 4.419236747131952 -1.698014209741317e-21
19.234375 2.0 0.0 2.035867501192765 4.4192367491233036 -1.193295339358929e-21
19.265625 2.0 0.0 2.0356807584164947 4.419236751112188 -8.326656155385357e-22
19.296875 2.0 0.0 2.0354939426454295 4.41923675309931 -5.77259160798956e-22
19.328125 2.0 0.0 2.0353070538099676 4.419236755085311 -3.977987490968176e-22
19.359375 2.0 0.0 2.0351200918403896 4.419236757070775 -2.7260073698019643e-22
19.390625 2.0 0.0 2.034933056666855 4.4192367590562505 -1.8582826090560647e-22
19.421875 2.0 0.0 2.034745948219411 4.4192367610422805 -1.2605058654817386e-22
19.453125 2.0 0.0 2.0345587664280016 4.41923676302942 -8.510108664216983e-23
19.484375 2.0 0.0 2.034371511222468 4.419236765018294 -5.719737357640802e-23
19.515625 2.0 0.0 2.0341841825325537 4.419236767009644 -3.8277972523577195e-23
19.546875 2.0 0.0 2.0339967802879135 4.419236769004366 -2.5510813027808987e-23
19.578125 2.0 0.0 2.0338093044181225 4.4192367710035505 -1.6934177460038927e-23
19.609375 2.0 0.0 2.0336217548526743 4.419236773008533 -1.1197544736359961e-23
19.640625 2.0 0.0 2.0334341315209987 4.419236775020922 -7.376468727502132e-24
19.671875 2.0 0.0 2.033246434352463 4.419236777042595 -4.8415436441065506e-24
19.703125 2.0 0.0 2.0330586632763596 4.419236779075752 -3.1664072085467803e-24
19.734375 2.0 0.0 2.0328708182219257 4.419236781122892 -2.063626327147327e-24
19.765625 2.0 0.0 2.0326828991183343 4.41923678318678 -1.3403152088627167e-24
19.796875 2.0 0.0 2.0324949058947075 4.419236785270398 -8.676038409735593e-25
19.828125 2.0 0.0 2.0323068384801077 4.419236787376862 -5.5975613110885925e-25
19.859375 2.0 0.0 2.0321186968035247 4.419236789509377 -3.599654906553355e-25
19.890625 2.0 0.0 2.031930480793866 4.419236791671141 -2.3074218514254646e-25
19.921875 2.0 0.0 2.0317421903799397 4.4192367938652515 -1.474398097469421e-25
19.953125 2.0 0.0 2.031553825490435 4.419236796094593 -9.391605402168255e-26
19.984375 2.0 0.0 2.031365386053884 4.41923679836176 -5.963706537766583e-26
20.015625 2.0 0.0 2.0311768719986474 4.419236800668924 -3.775344399229274e-26
20.046875 2.0 0.0 2.030988283252879 4.419236803017739 -2.3827139994964814e-26
20.078125 2.0 0.0 2.0307996197445046 4.4192368054092395 -1.49924343140427e-26
20.109375 2.0 0.0 2.030610881401211 4.419236807843709 -9.405155247393542e-27
20.140625 2.0 0.0 2.030422068150425 4.419236810320582 -5.882486307471667e-27
20.171875 2.0 0.0 2.0302331799193127 4.4192368128383475 -3.668289004728993e-27
20.203125 2.0 0.0 2.0300442166347805 4.4192368153944415 -2.2807587812770227e-27
20.234375 2.0 0.0 2.0298551782234844 4.419236817985221 -1.4138812796945444e-27
20.265625 2.0 0.0 2.029666064611823 4.419236820605937 -8.73912572067705e-28
20.296875 2.0 0.0 2.029476875725959 4.419236823250718 -5.38576355657764e-28
20.328125 2.0 0.0 2.0292876114918235 4.4192368259126455 -3.3094267750190695e-28
20.359375 2.0 0.0 2.0290982718351236 4.419236828583846 -2.027615344466844e-28
20.390625 2.0 0.0 2.0289088566813493 4.419236831255619 -1.238642375332453e-28
20.421875 2.0 0.0 2.028719365955791 4.4192368339185775 -7.544549486732463e-29
20.453125 2.0 0.0 2.0285297995835454 4.419236836562858 -4.5819074330769235e-29
20.484375 2.0 0.0 2.0283401574895383 4.419236839178302 -2.774487006777097e-29
20.515625 2.0 0.0 2.0281504395985457 4.419236841754678 -1.6750947021985322e-29
20.546875 2.0 0.0 2.0279606458352255 4.4192368442818655 -1.0083523940785047e-29
20.578125 2.0 0.0 2.027770776124154 4.419236846750042 -6.0519690049571036e-30
20.609375 2.0 0.0 2.0275808303898586 4.4192368491499066 -3.621484103504994e-30
20.640625 2.0 0.0 2.0273908085568477 4.4192368514728475 -2.1606037380466126e-30
20.671875 2.0 0.0 2.0272007105496392 4.419236853711128 -1.2851516331372023e-30
20.703125 2.0 0.0 2.0270105362927926 4.41923685585801 -7.621057735477044e-31
20.734375 2.0 0.0 2.0268202857109285 4.419236857907895 -4.505546363689017e-31
20.765625 2.0 0.0 2.0266299587287517 4.419236859856431 -2.65545774288298e-31
20.796875 2.0 0.0 2.026439555271063 4.419236861700594 -1.5601918693651058e-31
20.828125 2.0 0.0 2.0262490752627738 4.419236863438682 -9.137948787512768e-32
20.859375 2.0 0.0 2.026058518628896 4.419236865070361 -5.335009896503985e-32
20.890625 2.0 0.0 2.0258678852945433 4.419236866596606 -3.104698038737646e-32
20.921875 2.0 0.0 2.0256771751849185 4.419236868019677 -1.8008638503315503e-32
20.953125 2.0 0.0 2.025486388225293 4.419236869343047 -1.04111138669265e-32
20.984375 2.0 0.0 2.025295524340989 4.419236870571268 -5.998506676741735e-33
21.015625 2.0 0.0 2.025104583457344 4.419236871709876 -3.444218049896123e-33
21.046875 2.0 0.0 2.024913565499681 4.419236872765257 -1.9706444301768363e-33
21.078125 2.0 0.0 2.0247224703932867 4.419236873744449 -1.123468433039923e-33
21.109375 2.0 0.0 2.0245312980633736 4.419236874654969 -6.381297208125961e-34
21.140625 2.0 0.0 2.024340048435055 4.419236875504622 -3.610838991254936e-34
21.171875 2.0 0.0 2.024148721433334 4.419236876301329 -2.0352048920353324e-34
21.203125 2.0 0.0 2.0239573169830707 4.419236877052906 -1.142489249897584e-34
21.234375 2.0 0.0 2.0237658350089704 4.4192368777669255 -6.386682306426079e-35
21.265625 2.0 0.0 2.023574275435549 4.419236878450568 -3.554705609886775e-35
21.296875 2.0 0.0 2.0233826381871243 4.419236879110486 -1.969481613251063e-35
21.328125 2.0 0.0 2.0231909231877974 4.419236879752717 -1.0859796109704051e-35
21.359375 2.0 0.0 2.022999130361428 4.419236880382598 -5.957967746992783e-36
21.390625 2.0 0.0 2.0228072596316373 4.4192368810047205 -3.251223154159321e-36
21.421875 2.0 0.0 2.02261531092181 4.419236881622886 -1.764039657518716e-36
21.453125 2.0 0.0 2.022423284155088 4.419236882240093 -9.512456240138327e-37
21.484375 2.0 0.0 2.0222311792543928 4.4192368828585185 -5.095304745953352e-37
21.515625 2.0 0.0 2.0220389961424337 4.419236883479559 -2.709319313161419e-37
21.546875 2.0 0.0 2.021846734741716 4.41923688410392 -1.4289429136809048e-37
21.578125 2.0 0.0 2.02165439497453 4.419236884731667 -7.467854512244359e-38
21.609375 2.0 0.0 2.0214619767629562 4.419236885362381 -3.862246412839405e-38
21.640625 2.0 0.0 2.0212694800288524 4.419236885995282 -1.9733640409492698e-38
21.671875 2.0 0.0 2.0210769046938806 4.419236886629295 -9.937973385277114e-39
21.703125 2.0 0.0 2.020884250679549 4.419236887263093 -4.9171664344323987e-39
21.734375 2.0 0.0 2.020691517907302 4.419236887894965 -2.379148315477548e-39
21.765625 2.0 0.0 2.0204987062986413 4.419236888522726 -1.1175793032213454e-39
21.796875 2.0 0.0 2.0203058157752203 4.41923688914355 -5.035814308975148e-40
21.828125 2.0 0.0 2.0201128462589186 4.419236889753899 -2.128823627925937e-40
21.859375 2.0 0.0 2.0199197976718253 4.419236890349624 -8.040211368904828e-41
21.890625 2.0 0.0 2.019726669936129 4.41923689092628 -2.3380523158598155e-41
21.921875 2.0 0.0 2.019533462973868 4.419236891479731 -1.1041630246284527e-42
21.953125 2.0 0.0 2.019340176706612 4.419236892006899 5.97690423008472e-42
21.984375 2.0 0.0 2.019146811055111 4.419236892506546 6.949926403797957e-42
22.015625 2.0 0.0 2.0189533659390557 4.419236892979791 5.846063377957028e-42
22.046875 2.0 0.0 2.0187598412770003 4.419236893430308 4.325788212120148e-42
22.078125 2.0 0.0 2.0185662369864805 4.419236893863993 2.984371359915005e-42
22.109375 2.0 0.0 2.018372552984354 4.419236894288186 1.9689254483153933e-42
22.140625 2.0 0.0 2.0181787891872798 4.41923689471051 1.258888113997978e-42
22.171875 2.0 0.0 2.017984945512233 4.419236895137693 7.862381985663504e-43
22.203125 2.0 0.0 2.017791021876932 4.4192368955745795 4.8208921257584945e-43
22.234375 2.0 0.0 2.0175970182000733 4.419236896023526 2.91205779188509e-43
22.265625 2.0 0.0 2.0174029344013276 4.419236896484406 1.7371316768754017e-43
22.296875 2.0 0.0 2.017208770401113 4.419236896955095 1.025195040406753e-43
22.328125 2.0 0.0 2.0170145261202435 4.419236897432227 5.993943055649722e-44
22.359375 2.0 0.0 2.0168202014795282 4.419236897912079 3.4754386748737267e-44
22.390625 2.0 0.0 2.016625796399449 4.419236898391296 2.0001391905388715e-44
22.421875 2.0 0.0 2.0164313107999527 4.4192368988673705 1.1432892156771465e-44
22.453125 2.0 0.0 2.0162367446003837 4.419236899338767 6.494345351696857e-45
22.484375 2.0 0.0 2.0160420977195583 4.4192368998047655 3.6677085226756304e-45
22.515625 2.0 0.0 2.015847370075893 4.419236900265205 2.060150041016556e-45
22.546875 2.0 0.0 2.015652561587548 4.419236900720127 1.1512940178789018e-45
22.578125 2.0 0.0 2.0154576721725315 4.419236901169549 6.402876193520721e-46
22.609375 2.0 0.0 2.0152627017487457 4.4192369016134 3.544595714090166e-46
22.640625 2.0 0.0 2.0150676502339833 4.419236902051518 1.9536579209753196e-46
22.671875 2.0 0.0 2.01487251754591 4.419236902483732 1.0722511834554478e-46
22.703125 2.0 0.0 2.014677303602051 4.419236902909887 5.8610728285051535e-47
22.734375 2.0 0.0 2.0144820083197663 4.419236903329898 3.1911596593010844e-47
22.765625 2.0 0.0 2.014286631616259 4.4192369037437516 1.7308607822853055e-47
22.796875 2.0 0.0 2.0140911734085982 4.419236904151458 9.353267962350299e-48
22.828125 2.0 0.0 2.0138956336137266 4.419236904553022 5.0360797287801475e-48
22.859375 2.0 0.0 2.0137000121484663 4.419236904948441 2.702002356417873e-48
22.890625 2.0 0.0 2.0135043089295177 4.419236905337707 1.4446905109718582e-48
22.921875 2.0 0.0 2.0133085238734423 4.419236905720824 7.698188899911537e-49
22.953125 2.0 0.0 2.0131126568966846 4.419236906097798 4.0883930329748965e-49
22.984375 2.0 0.0 2.0129167079155503 4.419236906468653 2.164163558795051e-49
23.015625 2.0 0.0 2.0127206768461967 4.419236906833443 1.1418828486624206e-49
23.046875 2.0 0.0 2.012524563604644 4.4192369071922375 6.005727064687491e-50
23.078125 2.0 0.0 2.012328368106784 4.419236907545091 3.1487547339947423e-50
23.109375 2.0 0.0 2.0121320902683744 4.419236907892049 1.645720846417934e-50
23.140625 2.0 0.0 2.0119357300050336 4.419236908233149 8.574936586047256e-51
23.171875 2.0 0.0 2.0117392872322366 4.419236908568431 4.454253611117328e-51
23.203125 2.0 0.0 2.011542761865327 4.419236908897913 2.3067406877601848e-51
23.234375 2.0 0.0 2.0113461538195034 4.419236909221612 1.1909998921582205e-51
23.265625 2.0 0.0 2.0111494630098274 4.41923690953955 6.1308674558564455e-52
23.296875 2.0 0.0 2.010952689351218 4.419236909851738 3.1465632025112256e-52
23.328125 2.0 0.0 2.0107558327584543 4.41923691015817 1.6101315822779676e-52
23.359375 2.0 0.0 2.010558893146171 4.419236910458837 8.214889684997225e-53
23.390625 2.0 0.0 2.010361870428861 4.419236910753722 4.178897469918695e-53
23.421875 2.0 0.0 2.0101647645208782 4.419236911042815 2.119554414886232e-53
23.453125 2.0 0.0 2.009967575336434 4.419236911326102 1.07189611230049e-53
23.484375 2.0 0.0 2.0097703027896054 4.419236911603555 5.404899700758321e-54
23.515625 2.0 0.0 2.0095729467943224 4.419236911875155 2.71737836329482e-54
23.546875 2.0 0.0 2.009375507264365 4.419236912140901 1.3621972531801136e-54
23.578125 2.0 0.0 2.0091779841133715 4.4192369124007636 6.808576983337657e-55
23.609375 2.0 0.0 2.008980377254839 4.419236912654721 3.3931056550831865e-55
23.640625 2.0 0.0 2.0087826866021214 4.4192369129027735 1.686011193240446e-55
23.671875 2.0 0.0 2.008584912068426 4.419236913144918 8.352991740634592e-56
23.703125 2.0 0.0 2.008387053566817 4.419236913381143 4.126081146814488e-56
23.734375 2.0 0.0 2.008189111010217 4.419236913611444 2.0320867377757505e-56
23.765625 2.0 0.0 2.0079910843114015 4.41923691383583 9.978129800561989e-57
23.796875 2.0 0.0 2.007792973383001 4.419236914054313 4.884848740431868e-57
23.828125 2.0 0.0 2.0075947781374897 4.419236914266903 2.3841835575636754e-57
23.859375 2.0 0.0 2.0073964984872052 4.419236914473599 1.1601261438237894e-57
23.890625 2.0 0.0 2.0071981343443377 4.41923691467441 5.6277758939184945e-58
23.921875 2.0 0.0 2.0069996856209267 4.419236914869341 2.7215866533612825e-58
23.953125 2.0 0.0 2.006801152228864 4.419236915058399 1.3120415267055653e-58
23.984375 2.0 0.0 2.0066025340798905 4.419236915241596 6.305182608170241e-59
24.015625 2.0 0.0 2.006403831085603 4.419236915418954 3.0203361416968546e-59
24.046875 2.0 0.0 2.006205043157447 4.41923691559048 1.442119640701555e-59
24.078125 2.0 0.0 2.0060061702067116 4.419236915756183 6.863006283915339e-60
24.109375 2.0 0.0 2.0058072121445374 4.4192369159161 3.2551487659220895e-60
24.140625 2.0 0.0 2.0056081688819227 4.419236916070247 1.5386651948267813e-60
24.171875 2.0 0.0 2.005409040329714 4.419236916218635 7.247774453020917e-61
24.203125 2.0 0.0 2.0052098263985987 4.419236916361298 3.401882857024736e-61
24.234375 2.0 0.0 2.0050105269991176 4.4192369164982495 1.590929990931295e-61
24.265625 2.0 0.0 2.004811142041667 4.419236916629498 7.4123871613528855e-62
24.296875 2.0 0.0 2.0046116714364848 4.419236916755068 3.4402769321153487e-62
24.328125 2.0 0.0 2.004412115093653 4.41923691687499 1.5903905636321816e-62
24.359375 2.0 0.0 2.0042124729231103 4.419236916989285 7.321984942534789e-63
24.390625 2.0 0.0 2.0040127448346414 4.419236917097971 3.356600044717967e-63
24.421875 2.0 0.0 2.003812930737876 4.4192369172010775 1.5319234162033377e-63
24.453125 2.0 0.0 2.003613030542291 4.419236917298626 6.959052145299416e-64
24.484375 2.0 0.0 2.003413044157212 4.419236917390641 3.145813634902412e-64
24.515625 2.0 0.0 2.0032129714918057 4.419236917477139 1.414693107295441e-64
24.546875 2.0 0.0 2.003012812455089 4.41923691755817 6.326920398120275e-65
24.578125 2.0 0.0 2.002812566955919 4.419236917633741 2.8128757645194546e-65
24.609375 2.0 0.0 2.0026122349030056 4.419236917703913 1.2425942366207413e-65
24.640625 2.0 0.0 2.002411816204891 4.419236917768657 5.451008665905134e-66
24.671875 2.0 0.0 2.002211310769978 4.4192369178280675 2.372921497325267e-66
24.703125 2.0 0.0 2.002010718506492 4.419236917882091 1.0241461876918614e-66
24.734375 2.0 0.0 2.0018100393225358 4.419236917930891 4.377446861968469e-67
24.765625 2.0 0.0 2.0016092731260073 4.419236917974317 1.8502142513491473e-67
24.796875 2.0 0.0 2.001408419824716 4.4192369180126745 7.718206623049324e-68
24.828125 2.0 0.0 2.0012074793262093 4.4192369180456 3.1691289287035775e-68
24.859375 2.0 0.0 2.001006451538024 4.419236918073684 1.275954546258792e-68
24.890625 2.0 0.0 2.000805336367332 4.419236918096139 5.008720464462768e-69
24.921875 2.0 0.0 2.0006041337214504 4.4192369181141995 1.8996549218085223e-69
24.953125 2.0 0.0 2.000402843507112 4.419236918126147 6.85218368134225e-70
24.984375 2.0 0.0 2.000201465631502 4.419236918134386 2.27822078484169e-70
