0.015625 3.1391647157705354 4.419236030640109 3.2718580442755627 4.410697564450852 -2.27822078484169e-70
0.046875 3.139012885299671 4.419236031304805 3.271012724933422 4.406871268551717 -6.85218368134225e-70
0.078125 3.138860934610872 4.419236031955378 3.270228799074908 4.403136960475376 -1.8996549218085223e-69
0.109375 3.1387090206228683 4.419236032592339 3.269450920932622 4.399465755026959 -5.008720464462768e-69
0.140625 3.138557000222818 4.419236033216608 3.2686710269737067 4.395790174701471 -1.275954546258792e-68
0.171875 3.1384049666371188 4.419236033829253 3.267886259960798 4.392072091600418 -3.1691289287035775e-68
0.203125 3.1382528796604 4.419236034431531 3.267096042151369 4.388313443099594 -7.718206623049324e-68
0.234375 3.138100749478398 4.419236035024708 3.266306558199617 4.384561158574147 -1.8502142513491473e-67
0.265625 3.137948574910383 4.419236035609991 3.265523216134354 4.3808449365438245 -4.377446861968469e-67
0.296875 3.1377963559141744 4.419236036188425 3.264744101995908 4.3771593599347 -1.0241461876918614e-66
0.328125 3.137644092462256 4.419236036760875 3.2639639182630678 4.3734606192453125 -2.372921497325267e-66
0.359375 3.1374917845217034 4.419236037328021 3.2631783165704373 4.369723003132928 -5.451008665905134e-66
0.390625 3.137339432061128 4.419236037890419 3.2623894947949195 4.365959544885493 -1.2425942366207413e-65
0.421875 3.1371870350488247 4.419236038448576 3.2616029852915114 4.362211172691819 -2.8128757645194546e-65
0.453125 3.1370345934530857 4.419236039003016 3.260821909641031 4.358496124171891 -6.326920398120275e-65
0.484375 3.136882107242129 4.419236039554347 3.260043703705739 4.354801188746166 -1.414693107295441e-64
0.515625 3.1367295763840817 4.4192360401033115 3.259262918682979 4.351084283509637 -3.145813634902412e-64
0.546875 3.136577000846993 4.419236040650761 3.2584772063102303 4.347330773427176 -6.959052145299416e-64
0.578125 3.1364243805988545 4.41923604119761 3.2576898972242443 4.343562927841381 -1.5319234162033377e-63
0.609375 3.136271715607622 4.419236041744773 3.2569059666187368 4.339816510446869 -3.356600044717967e-63
0.640625 3.136119005841243 4.419236042293095 3.25612692506074 4.336101144775403 -7.321984942534789e-63
0.671875 3.135966251267679 4.419236042843282 3.2553491093773417 4.332392794904328 -1.5903905636321816e-62
0.703125 3.1358134518549248 4.41923604339586 3.2545678027505227 4.328657279999384 -3.4402769321153487e-62
0.734375 3.1356606075709994 4.419236043951228 3.253782437949728 4.324891175741328 -7.4123871613528855e-62
0.765625 3.1355077183839164 4.419236044509702 3.252997069480501 4.321122202378596 -1.590929990931295e-61
0.796875 3.1353547842616596 4.419236045071574 3.2522157958406797 4.317379018703125 -3.401882857024736e-61
0.828125 3.1352018051721506 4.419236045637189 3.2514384007675905 4.313660179789817 -7.247774453020917e-61
0.859375 3.135048781083217 4.419236046207036 3.2506606315024658 4.309936242524399 -1.5386651948267813e-60
0.890625 3.134895711962567 4.419236046781826 3.249878930496527 4.306182725032834 -3.2551487659220895e-60
0.921875 3.1347425977777865 4.419236047362464 3.249094329972052 4.302406670202283 -6.863006283915339e-60
0.953125 3.1345894384963624 4.419236047950015 3.248311137924826 4.298638062631582 -1.442119640701555e-59
0.984375 3.134436234085696 4.419236048545649 3.247532220300685 4.294896358893464 -3.0203361416968546e-59
1.015625 3.134282984513157 4.419236049150534 3.2467559257835448 4.29117028287138 -6.305182608170241e-59
1.046875 3.134129689746117 4.419236049765731 3.245977998879365 4.2874299611112345 -1.3120415267055653e-58
1.078125 3.1339763497520026 4.419236050392057 3.2451963129914017 4.283661119958676 -2.7215866533612825e-58
1.109375 3.1338229644983313 4.419236051030014 3.244413098282306 4.279879298994601 -5.6277758939184945e-58
1.140625 3.133669533952733 4.419236051679724 3.2436323493362686 4.2761124822020875 -1.1601261438237894e-57
1.171875 3.133516058082953 4.419236052340922 3.2428554476577327 4.272369904732727 -2.3841835575636754e-57
1.203125 3.1333625368568567 4.41923605301295 3.2420797082279105 4.268632827226228 -4.884848740431868e-57
1.234375 3.133208970242415 4.419236053694807 3.2413014502530437 4.264875343670968 -9.978129800561989e-57
1.265625 3.133055358207672 4.419236054385191 3.2405200808471437 4.261093532253376 -2.0320867377757505e-56
1.296875 3.1329017007207387 4.419236055082555 3.23973863190127 4.257308657987044 -4.126081146814488e-56
1.328125 3.1327479977497696 4.419236055785149 3.2389603390632944 4.2535434578397275 -8.352991740634592e-56
1.359375 3.1325942492629553 4.419236056491032 3.238185093958826 4.2497972227854 -1.686011193240446e-55
1.390625 3.1324404552285277 4.419236057198089 3.2374096307704905 4.24604707088751 -3.3931056550831865e-55
1.421875 3.1322866156147535 4.4192360579040155 3.236631208651296 4.242273720751051 -6.808576983337657e-55
1.453125 3.132132730389954 4.419236058606294 3.2358506178737843 4.238482484459475 -1.3621972531801136e-54
1.484375 3.131978799522517 4.4192360593021505 3.2350712018980454 4.234696677445155 -2.71737836329482e-54
1.515625 3.131824822980904 4.419236059988528 3.2342951344186943 4.230931572366442 -5.404899700758321e-54
1.546875 3.131670800733666 4.419236060662053 3.233521057015771 4.227178060566061 -1.07189611230049e-53
1.578125 3.1315167327494304 4.419236061319076 3.2327456622547452 4.223413166473575 -2.119554414886232e-53
1.609375 3.131362618996863 4.419236061955772 3.2319673952576995 4.219626001294373 -4.178897469918695e-53
1.640625 3.131208459444613 4.41923606256827 3.2311881059477194 4.215829088070813 -8.214889684997225e-53
1.671875 3.131054254061214 4.4192360631528915 3.2304109058107695 4.212043869962075 -1.6101315822779676e-52
1.703125 3.130900002815002 4.419236063706343 3.229636713735058 4.208276741125406 -3.1465632025112256e-52
1.734375 3.1307457056740295 4.419236064225958 3.228863294498736 4.20451248620703 -6.1308674558564455e-52
1.765625 3.1305913626059985 4.419236064709851 3.228087820953311 4.200731714033563 -1.1909998921582205e-51
1.796875 3.1304369735782345 4.419236065156989 3.2273100265129666 4.196932668723122 -2.3067406877601848e-51
1.828125 3.130282538557691 4.419236065567144 3.226532423897411 4.193132589226662 -4.454253611117328e-51
1.859375 3.130128057511029 4.419236065940726 3.2257574586636926 4.189348148160212 -8.574936586047256e-51
1.890625 3.129973530404734 4.419236066278489 3.2249848107975776 4.18557697461649 -1.645720846417934e-50
1.921875 3.1298189572052286 4.41923606658123 3.224211814974601 4.181800648619564 -3.1487547339947423e-50
1.953125 3.129664337878978 4.419236066849535 3.2234364742071255 4.178005585883566 -6.005727064687491e-50
1.984375 3.1295096723925546 4.419236067083615 3.2226596421000915 4.174197927640094 -1.1418828486624206e-49
2.015625 3.1293549607126674 4.419236067283234 3.2218839816634253 4.17039618357347 -2.164163558795051e-49
2.046875 3.1292002028061168 4.419236067447827 3.2211109722772653 4.166610424006777 -4.0883930329748965e-49
2.078125 3.1290453986397138 4.419236067576678 3.220339313165464 4.16283141870268 -7.698188899911537e-49
2.109375 3.1288905481801814 4.419236067669205 3.2195664619471946 4.15904138360058 -1.4446905109718582e-48
2.140625 3.1287356513940563 4.419236067725169 3.2187915064769728 4.155234067283288 -2.702002356417873e-48
2.171875 3.1285807082476027 4.419236067744905 3.218016117039948 4.151421232960337 -5.0360797287801475e-48
2.203125 3.128425718706771 4.419236067729438 3.2172425933749214 4.147619026252807 -9.353267962350299e-48
2.234375 3.1282706827372015 4.419236067680449 3.2164712775417192 4.143829892851377 -1.7308607822853055e-47
2.265625 3.128115600304249 4.419236067600228 3.2157002278614644 4.140040277550584 -3.1911596593010844e-47
2.296875 3.1279604713730405 4.419236067491517 3.2149274700136035 4.1362362697696655 -5.8610728285051535e-47
2.328125 3.1278052959085616 4.419236067357305 3.2141532225040366 4.132419197183468 -1.0722511834554478e-46
2.359375 3.127650073875731 4.419236067200654 3.2133795909662415 4.128603637041991 -1.9536579209753196e-46
2.390625 3.127494805239464 4.419236067024528 3.2126081543926994 4.124800720320024 -3.544595714090166e-46
2.421875 3.1273394899647027 4.41923606683172 3.211838195111803 4.121005761680468 -6.402876193520721e-46
2.453125 3.1271841280164123 4.4192360666248565 3.211067548746214 4.117203895449309 -1.1512940178789018e-45
2.484375 3.1270287193595734 4.419236066406424 3.2102950694182915 4.113387063709816 -2.060150041016556e-45
2.515625 3.126873263959147 4.41923606617887 3.2095218942358597 4.109562829708015 -3.6677085226756304e-45
2.546875 3.1267177617800437 4.419236065944656 3.2087501200638373 4.105745474785405 -6.494345351696857e-45
2.578125 3.1265622127870962 4.419236065706331 3.207980443798003 4.101939855925957 -1.1432892156771465e-44
2.609375 3.1264066169450357 4.419236065466601 3.207211422303595 4.098136281743304 -2.0001391905388715e-44
2.640625 3.126250974218484 4.419236065228355 3.206441145136715 4.094321830705716 -3.4754386748737267e-44
2.671875 3.1260952845719667 4.41923606499461 3.2056693786058252 4.090494959394222 -5.993943055649722e-44
2.703125 3.1259395479699497 4.419236064768426 3.204897761376779 4.086666779927091 -1.025195040406753e-43
2.734375 3.1257837643768833 4.419236064552793 3.20412790552425 4.082848118920882 -1.7371316768754017e-43
2.765625 3.1256279337572312 4.419236064350583 3.203359596064965 4.079037337340979 -2.91205779188509e-43
2.796875 3.1254720560754987 4.419236064164459 3.2025911015677924 4.075222585111017 -4.8208921257584945e-43
2.828125 3.1253161312962536 4.41923606399682 3.2018211801408616 4.071395566365643 -7.862381985663504e-43
2.859375 3.1251601593841407 4.419236063849759 3.2010504570699165 4.067560822323453 -1.258888113997978e-42
2.890625 3.125004140303865 4.419236063725119 3.2002806435879463 4.0637301711829945 -1.9689254483153933e-42
2.921875 3.124848074020208 4.419236063624469 3.1995125613170776 4.059909082693513 -2.984371359915005e-42
2.953125 3.12469196049803 4.4192360635490635 3.1987452429209897 4.0560906417959135 -4.325788212120148e-42
2.984375 3.1245357997022887 4.4192360634998025 3.197977098122373 4.052263760022578 -5.846063377957028e-42
3.015625 3.1243795915980743 4.419236063477152 3.197207754572624 4.0484259622731855 -6.949926403797957e-42
3.046875 3.1242233361506075 4.419236063481145 3.196438449630109 4.044586004418248 -5.97690423008472e-42
3.078125 3.1240670333252476 4.419236063511384 3.195670571449822 4.040753655971518 1.1041630246284527e-42
3.109375 3.123910683087467 4.419236063567074 3.1949040630710224 4.036928562412679 2.3380523158598155e-41
3.140625 3.1237542854028013 4.419236063647172 3.194137513230654 4.03310083946695 8.040211368904828e-41
3.171875 3.1235978402367994 4.4192360637504855 3.1933697956062823 4.029262481817241 2.128823627925937e-40
3.203125 3.123441347554964 4.419236063875829 3.1926013456158655 4.025416338180193 5.035814308975148e-40
3.234375 3.123284807322719 4.41923606402214 3.1918336268446676 4.021572554209609 1.1175793032213454e-39
3.265625 3.1231282195053662 4.4192360641885315 3.191067444698681 4.017736923593145 2.379148315477548e-39
3.296875 3.122971584068119 4.419236064374257 3.1903020527082626 4.013904556643796 4.9171664344323987e-39
3.328125 3.122814900976125 4.419236064578621 3.1895360485118927 4.010065842914449 9.937973385277114e-39
3.359375 3.122658170194531 4.419236064800842 3.1887689898307157 4.006217534212295 1.9733640409492698e-38
3.390625 3.1225013916885302 4.419236065039922 3.188001865392302 4.002366133673671 3.862246412839405e-38
3.421875 3.1223445654234103 4.419236065294536 3.187235922877691 3.9985200760627597 7.467854512244359e-38
3.453125 3.1221876913645747 4.419236065562977 3.186471241067864 3.994680037715486 1.4289429136809048e-37
3.484375 3.1220307694775413 4.419236065843156 3.185706679031278 3.9908384841569893 2.709319313161419e-37
3.515625 3.121873799727929 4.419236066132637 3.1849412172301816 3.986988639275373 5.095304745953352e-37
3.546875 3.1217167820814167 4.419236066428743 3.1841751103274603 3.9831322193998955 9.512456240138327e-37
3.578125 3.1215597165036923 4.419236066728681 3.183409541577049 3.9792770846070105 1.764039657518716e-36
3.609375 3.1214026029604005 4.419236067029675 3.1826452326027503 3.9754279117249958 3.251223154159321e-36
3.640625 3.1212454414170985 4.419236067329068 3.1818816376112737 3.9715808893990823 5.957967746992783e-36
3.671875 3.1210882318392317 4.419236067624375 3.1811176261437817 3.96772844859247 1.0859796109704051e-35
3.703125 3.120930974192135 4.419236067913291 3.1803528149511733 3.9638682487123713 1.969481613251063e-35
3.734375 3.12077366844104 4.419236068193662 3.1795879866684054 3.960005817863342 3.554705609886775e-35
3.765625 3.1206163145511026 4.4192360684634195 3.1788241439630207 3.9561479478184616 6.386682306426079e-35
3.796875 3.1204589124874156 4.419236068720556 3.1780613386198118 3.9522947428657456 1.142489249897584e-34
3.828125 3.120301462215024 4.4192360689630785 3.177298638398176 3.948439590127469 2.0352048920353324e-34
3.859375 3.1201439636989194 4.419236069189013 3.176535238019361 3.9445769423027244 3.610838991254936e-34
3.890625 3.1199864169040197 4.41923606939647 3.175771389398878 3.9407087087081862 6.381297208125961e-34
3.921875 3.119828821795129 4.419236069583711 3.1750080750157927 3.936841874891031 1.123468433039923e-33
3.953125 3.11967117833689 4.419236069749306 3.1742458415264263 3.9329803236753946 1.9706444301768363e-33
3.984375 3.1195134864937453 4.419236069892213 3.17348417234244 3.929120437096132 3.444218049896123e-33
4.015625 3.1193557462299117 4.41923607001183 3.1727221167042616 3.925255461562299 5.998506676741735e-33
4.046875 3.119197957509364 4.419236070108038 3.1719594115432272 3.9213833737901673 1.04111138669265e-32
4.078125 3.1190401202958613 4.419236070181136 3.1711967756766466 3.9175090658708793 1.8008638503315503e-32
4.109375 3.118882234552992 4.419236070231734 3.170435055395561 3.9136385278544576 3.104698038737646e-32
4.140625 3.1187243002442155 4.41923607026067 3.169674242924981 3.909771986169861 5.335009896503985e-32
4.171875 3.1185663173329123 4.419236070268854 3.1689135089711673 3.905903906298984 9.137948787512768e-32
4.203125 3.11840828578243 4.4192360702571545 3.168152184119787 3.9020295893191816 1.5601918693651058e-31
4.234375 3.1182502055561234 4.419236070226308 3.1673905226264862 3.898150484367444 2.65545774288298e-31
4.265625 3.118092076617364 4.419236070176897 3.1666293713805045 3.8942721564882183 4.505546363689017e-31
4.296875 3.117933898929551 4.4192360701093385 3.1658691664527527 3.8903976162758993 7.621057735477044e-31
4.328125 3.1177756724560965 4.419236070023912 3.165109442899472 3.886523952988662 1.2851516331372023e-30
4.359375 3.117617397160397 4.419236069920835 3.1643494077171415 3.882646033906357 2.1606037380466126e-30
4.390625 3.1174590730058123 4.419236069800299 3.1635888712926445 3.878762635145886 3.621484103504994e-30
4.421875 3.1173006999556643 4.419236069662491 3.1628284418471 3.8748777107470445 6.0519690049571036e-30
4.453125 3.117142277973237 4.419236069507584 3.1620687888859993 3.87099552904943 1.0083523940785047e-29
4.484375 3.1169838070217986 4.4192360693356925 3.1613098706786076 3.867115648724297 1.6750947021985322e-29
4.515625 3.116825287064615 4.419236069146832 3.1605510236682015 3.8632336538435816 2.774487006777097e-29
4.546875 3.1166667180649825 4.4192360689408625 3.159791768410285 3.8593465583506283 4.5819074330769235e-29
4.578125 3.11650809998623 4.41923606871744 3.159032355347409 3.8554562984884218 7.544549486732463e-29
4.609375 3.116349432791723 4.419236068476046 3.158273425103519 3.8515672382938395 1.238642375332453e-28
4.640625 3.1161907164448364 4.419236068216036 3.1575152279058187 3.847680860251332 2.027615344466844e-28
4.671875 3.1160319509089245 4.419236067936707 3.156757344607303 3.8437940458591813 3.3094267750190695e-28
4.703125 3.115873136147281 4.419236067637414 3.1559992174475537 3.839902897722898 5.38576355657764e-28
4.734375 3.1157142721230846 4.419236067317705 3.155240823785037 3.836007402294068 8.73912572067705e-28
4.765625 3.1155553587993636 4.419236066977392 3.1544826821631426 3.832111358510343 1.4138812796945444e-27
4.796875 3.1153963961389666 4.419236066616618 3.1537252092186567 3.82821779211779 2.2807587812770227e-27
4.828125 3.1152373841045637 4.419236066235861 3.1529682218247657 3.824325421920804 3.668289004728993e-27
4.859375 3.115078322658672 4.419236065835895 3.1522111791632805 3.820430332936416 5.882486307471667e-27
4.890625 3.11491921176368 4.419236065417687 3.1514538520207873 3.816530711796979 9.405155247393542e-27
4.921875 3.1147600513819036 4.419236064982291 3.150696598826638 3.8126289235069937 1.49924343140427e-26
4.953125 3.1146008414756317 4.419236064530716 3.149939922200976 3.8087285556916406 2.3827139994964814e-26
4.984375 3.114441582007178 4.419236064063804 3.1491838546009263 3.8048301094995 3.775344399229274e-26
5.015625 3.1142822729389072 4.419236063582158 3.1484279176540597 3.8009304965228123 5.963706537766583e-26
5.046875 3.1141229142332616 4.41923606308608 3.147671697871113 3.7970268108492977 9.391605402168255e-26
5.078125 3.113963505852757 4.419236062575602 3.146915339677817 3.793119743044646 1.474398097469421e-25
5.109375 3.1138040477599374 4.419236062050558 3.146159367472731 3.789212594894092 2.3074218514254646e-25
5.140625 3.1136445399173462 4.419236061510686 3.145404061152065 3.785307240522791 3.599654906553355e-25
5.171875 3.1134849822874884 4.419236060955715 3.144649135643063 3.781401958948686 5.5975613110885925e-25
5.203125 3.113325374832802 4.419236060385434 3.1438940963668793 3.7774936511104906 8.676038409735593e-25
5.234375 3.11316571751565 4.419236059799719 3.143138832073991 3.773581624826211 1.3403152088627167e-24
5.265625 3.113006010298326 4.4192360591985045 3.1423837391146727 3.7696683510459463 2.063626327147327e-24
5.296875 3.112846253143072 4.419236058581738 3.141629247806213 3.7657563875553572 3.1664072085467803e-24
5.328125 3.1126864460121024 4.419236057949339 3.1408753288571347 3.7618452775596216 4.8415436441065506e-24
5.359375 3.112526588867632 4.419236057301129 3.14012155694598 3.7579321279385036 7.376468727502132e-24
5.390625 3.1123666816718907 4.419236056636798 3.1393676298130564 3.754015056072182 1.1197544736359961e-23
5.421875 3.112206724387124 4.419236055955901 3.1386137141470147 3.7500953063424367 1.6934177460038927e-23
5.453125 3.1120467169755734 4.419236055257889 3.13786022922801 3.746175583573298 2.5510813027808987e-23
5.484375 3.1118866593994463 4.419236054542206 3.1371073600396464 3.7422567355865946 3.8277972523577195e-23
5.515625 3.1117265516208725 4.419236053808377 3.1363548858611097 3.738336766431104 5.719737357640802e-23
5.546875 3.111566393601872 4.419236053056109 3.135602499027699 3.73441321829349 8.510108664216983e-23
5.578125 3.111406185304319 4.419236052285367 3.134850201577084 3.730485941892018 1.2605058654817386e-22
5.609375 3.1112459266899335 4.4192360514964 3.1340983083976597 3.726556995899922 1.8582826090560647e-22
5.640625 3.11108561772028 4.419236050689738 3.133347087692461 3.7226279816686256 2.7260073698019643e-22
5.671875 3.110925258356783 4.419236049866154 3.1325964958611294 3.7186980784209176 3.977987490968176e-22
5.703125 3.1107648485607653 4.419236049026551 3.131846313245287 3.7147649869703026 5.77259160798956e-22
5.734375 3.110604388293509 4.419236048171841 3.1310964847111924 3.710827442831412 8.326656155385357e-22
5.765625 3.110443877516296 4.419236047302814 3.130347241979727 3.7068862527531845 1.193295339358929e-21
5.796875 3.110283316190449 4.4192360464200835 3.1295988795174603 3.702942803568395 1.698014209741317e-21
5.828125 3.1101227042773387 4.419236045524022 3.1288514793348874 3.6989970175732663 2.397332648142728e-21
5.859375 3.109962041738392 4.419236044614766 3.128104921413657 3.6950471599254238 3.3550959936201877e-21
5.890625 3.109801328535072 4.41923604369226 3.12735915038422 3.6910915187106106 4.648962114637106e-21
5.921875 3.1096405646288376 4.419236042756334 3.126614363989467 3.687129830074752 6.368100805829833e-21
5.953125 3.109479749981104 4.419236041806801 3.1258709099069346 3.6831628345250946 8.605353010410987e-21
5.984375 3.109318884553228 4.419236040843534 3.1251290345518763 3.6791906677566946 1.143913179228943e-20
6.015625 3.109157968306475 4.419236039866499 3.124388779780274 3.675212071786005 1.489719778190366e-20
6.046875 3.1089970012020274 4.4192360388757645 3.1236501305704687 3.671225202241287 1.8889436847287846e-20
6.078125 3.108835983200988 4.419236037871474 3.122913230595343 3.6672288800181856 2.3088901174160298e-20
6.109375 3.1086749142644203 4.41923603685376 3.12217841023133 3.663222838519704 2.672813031849725e-20
6.140625 3.1085137943533727 4.419236035822674 3.1214460140194262 3.6592068461350253 2.8258874022225216e-20
6.171875 3.1083526234288934 4.419236034778145 3.1207162668480732 3.6551797691603616 2.4794409328619503e-20
6.203125 3.108191401452053 4.419236033719934 3.119989323610991 3.6511396705193544 1.120966778113034e-20
6.234375 3.1080301283839304 4.419236032647672 3.1192653904140633 3.6470849166238772 -2.1292021952213176e-20
6.265625 3.1078688041855766 4.419236031560942 3.1185447721054103 3.6430148193550007 -8.743644241968582e-20
6.296875 3.1077074288179913 4.41923603045935 3.117827829843966 3.638928749945472 -2.1139984100659238e-19
6.328125 3.1075460022420716 4.419236029342619 3.117114843936373 3.6348246726115674 -4.3225443940309184e-19
6.359375 3.1073845244185767 4.419236028210701 3.1164058747030596 3.630698977658527 -8.123242558628094e-19
6.390625 3.1072229953081067 4.419236027063828 3.1157008605332406 3.62654796441279 -1.449916056694189e-18
6.421875 3.107061414871106 4.41923602590251 3.1150000244385896 3.622369973972405 -2.498590031010466e-18
6.453125 3.1068997830678686 4.4192360247275255 3.1143042620918746 3.618167135611464 -4.1961531058258706e-18
6.484375 3.1067380998585663 4.419236023539825 3.1136150627830026 3.613945218365944 -6.908033070364404e-18
6.515625 3.106576365203295 4.419236022340433 3.112933880676575 3.60971032365465 -1.1191819602844879e-17
6.546875 3.1064145790621316 4.419236021130318 3.1122612001957757 3.60546277131251 -1.7892814642745072e-17
6.578125 3.1062527413951817 4.419236019910263 3.111595931330678 3.601192521756005 -2.828480622676629e-17
6.609375 3.106090852162601 4.419236018680835 3.1109364944265097 3.596886142115653 -4.427650759039602e-17
6.640625 3.1059289113246065 4.419236017442336 3.110284629859783 3.5925526488649733 -6.871293963104205e-17
6.671875 3.1057669188414643 4.419236016194833 3.109650984984623 3.5882621096543144 -1.0581352319837788e-16
6.703125 3.1056048746734577 4.41923601493824 3.109060247749217 3.5841765520346875 -1.6180622920595578e-16
6.734375 3.1054427787808474 4.419236013672423 3.1085490820238495 3.5805413564599875 -2.4584179170539287e-16
6.765625 3.105280631123829 4.419236012397295 3.1081526706375575 3.5775913116224842 -3.7130643844254734e-16
6.796875 3.1051184316625258 4.419236011112842 3.1078907052661817 3.575458595329229 -5.576995431938721e-16
6.828125 3.1049561803569725 4.419236009819145 3.1077587373904243 3.574116219840194 -8.333090963179003e-16
6.859375 3.1047938771671197 4.419236008516378 3.1077242790434187 3.573349937729931 -1.2390097532254693e-15
6.890625 3.104631522052864 4.4192360072047485 3.107736689530899 3.572826259764737 -1.833634667520214e-15
6.921875 3.1044691149740666 4.419236005884408 3.107754907920035 3.5722767614558486 -2.7015457262591083e-15
6.953125 3.1043066558905883 4.419236004555408 3.10776385567982 3.5716059458769838 -3.963263749308563e-15
6.984375 3.1041441447622984 4.41923600321768 3.107766188891066 3.5708395977582517 -5.790342783568785e-15
7.015625 3.103981581549081 4.419236001870987 3.1077691123795077 3.5700339927944817 -8.426110147273168e-15
7.046875 3.103818966210824 4.419236000514986 3.107776498878527 3.5692245184131126 -1.2214485147172358e-14
7.078125 3.103656298707377 4.4192359991493015 3.107788178717322 3.5684210457765855 -1.7639885483553146e-14
7.109375 3.1034935789985076 4.4192359977736295 3.107801971612142 3.567621579936867 -2.53822982660602e-14
7.140625 3.103330807043861 4.419235996387846 3.107815464741404 3.5668237683447312 -3.63930197719041e-14
7.171875 3.103167982802927 4.419235994992105 3.107826900501256 3.566029851597755 -5.1998468342356297e-14
7.203125 3.1030051062350226 4.4192359935868515 3.107835210795444 3.565246343753759 -7.404199539793786e-14
7.234375 3.1028421772993062 4.419235992172808 3.107839437911029 3.5644815562706746 -1.050769502468153e-13
7.265625 3.1026791959547997 4.419235990750911 3.1078380883957046 3.563744155002441 -1.4862863863463673e-13
7.296875 3.1025161621604287 4.4192359893222015 3.1078290339207593 3.5630429432016535 -2.0954856369736308e-13
7.328125 3.102353075875066 4.419235987887736 3.1078102255999567 3.5623854575230647 -2.9449184610589434e-13
7.359375 3.102189937057579 4.419235986448449 3.107780773205552 3.5617748278099643 -4.1255848706260836e-13
7.390625 3.102026745666882 4.419235985005055 3.107741175117238 3.5612088908249104 -5.761517913992377e-13
7.421875 3.101863501661935 4.419235983558014 3.1076915866613937 3.560687402483151 -8.021235938183894e-13
7.453125 3.1017002050017477 4.419235982107536 3.1076284032337638 3.560226239311782 -1.113296906264696e-12
7.484375 3.1015368556453473 4.419235980653645 3.107541961091912 3.5598670652884907 -1.5404834363647938e-12
7.515625 3.1013734535517288 4.41923597919629 3.107419101338472 3.5596688574450344 -2.1251475998174054e-12
7.546875 3.101209998679801 4.419235977735472 3.1072491644469227 3.5596747371693076 -2.922911974610753e-12
7.578125 3.10104649098836 4.419235976271291 3.1070255327999465 3.5599162540383738 -4.008153816462366e-12
7.609375 3.1008829304360503 4.419235974804037 3.1067204940827193 3.5605128302146167 -5.480010911465506e-12
7.640625 3.1007193169813654 4.419235973334142 3.106144722339569 3.5623105207127193 -7.470200829441743e-12
7.671875 3.1005556505826455 4.419235971862139 3.1045635695230853 3.568451083687564 -1.0153164275917284e-11
7.703125 3.100391931198103 4.419235970388599 3.101110059417781 3.582757549704292 -1.3759175065993107e-11
7.734375 3.1002281587858374 4.419235968914017 3.0956199409357676 3.6058735541350555 -1.8591221278310382e-11
7.765625 3.1000643333038473 4.419235967438712 3.088514616025666 3.6358397689722763 -2.5046660111161175e-11
7.796875 3.0999004547100117 4.419235965962797 3.0804073720912957 3.6699297714457573 -3.364488926874075e-11
7.828125 3.099736522962049 4.419235964486161 3.0717598141304863 3.7061001835540566 -4.506256740414861e-11
7.859375 3.099572538017437 4.419235963008523 3.062809220448444 3.7432900632943236 -6.017826279695694e-11
7.890625 3.0994084998332867 4.4192359615295675 3.0536601487908843 3.7810345110115136 -8.012882088826562e-11
7.921875 3.099244408366176 4.419235960049119 3.044370951315869 3.8190722848868655 -1.0638022529341046e-10
7.953125 3.0990802635719947 4.41923595856724 3.0349867823771235 3.8571999694203907 -1.4081629059050188e-10
7.984375 3.0989160654057493 4.419235957084371 3.0255430664414695 3.8952612286182964 -1.8584917425466984e-10
8.015625 3.0987518138213774 4.419235955601353 3.016064331362028 3.933148247485875 -2.445564327745659e-10
8.046875 3.0985875087715256 4.419235954119435 3.0065666249347966 3.970790925230876 -3.2085017244722926e-10
8.078125 3.098423150207318 4.4192359526401965 2.9970609677159485 4.0081414362640615 -4.196847518033573e-10
8.109375 3.0982587380780657 4.419235951165458 2.9875555533977813 4.045164018577829 -5.473104646628257e-10
8.140625 3.0980942723309424 4.419235949697125 2.9780568562548675 4.081831111224254 -7.115816430660233e-10
8.171875 3.0979297529105785 4.419235948236995 2.9685699784835986 4.118121729652441 -9.22328624068492e-10
8.203125 3.09776517975855 4.419235946786638 2.9590988217986287 4.154019738335 -1.191803958165589e-09
8.234375 3.097600552812741 4.41923594534727 2.9496463616864235 4.189512968760138 -1.5352140059132596e-09
8.265625 3.0974358720065456 4.419235943919755 2.9402149375172697 4.224592517641337 -1.971347542156692e-09
8.296875 3.097271137267915 4.419235942504621 2.930806408575048 4.25925164243224 -2.523312985973188e-09
8.328125 3.097106348518229 4.419235941102152 2.921422259446248 4.293484958869647 -3.219395161131922e-09
8.359375 3.0969415056709693 4.419235939712549 2.9120637333073813 4.32728823280135 -4.094040754180995e-09
8.390625 3.09677660863023 4.419235938336059 2.902731902820578 4.36065823598323 -5.1889784705830064e-09
8.421875 3.0966116572890683 4.41923593697306 2.8934276760431312 4.393592382618274 -6.554474776039984e-09
8.453125 3.096446651527722 4.419235935624101 2.8841518060437448 4.426088608130786 -8.250718395545009e-09
8.484375 3.096281591211712 4.419235934289864 2.874904930982927 4.458145471940038 -1.0349315607112637e-08
8.515625 3.096116476189858 4.4192359329710955 2.8656875932286985 4.489762087217391 -1.2934862794373492e-08
8.546875 3.0959513062922674 4.4192359316685135 2.8565002397753743 4.520937904306112 -1.610654146399652e-08
8.578125 3.0957860813283897 4.41923593038276 2.847343241311461 4.551672655763609 -1.9979652470463198e-08
8.609375 3.0956208010852886 4.419235929114361 2.838216909001334 4.58196642407877 -2.4686968687730042e-08
8.640625 3.0954554653263378 4.41923592786374 2.8291214799316275 4.611819619627533 -3.037973662956737e-08
8.671875 3.095290073790647 4.419235926631325 2.820057089529179 4.641232961887772 -3.722809494294276e-08
8.703125 3.0951246261935985 4.419235925417654 2.8110237614000564 4.670207571118883 -4.542059821685135e-08
8.734375 3.094959122229075 4.419235924223488 2.802021404650503 4.698745039863754 -5.5162434587404565e-08
8.765625 3.094793561574039 4.419235923049881 2.7930498071120313 4.7268473877267745 -6.667180104523568e-08
8.796875 3.094627943896368 4.41923592189819 2.7841086374636204 4.7545170030317365 -8.017374642759501e-08
8.828125 3.0944622688671024 4.419235920770003 2.775197461582227 4.7817566248430845 -9.589060343071351e-08
8.859375 3.0942965361784665 4.419235919667028 2.766315764141935 4.808569269100195 -1.1402790157076528e-07
8.890625 3.094130745569471 4.419235918590976 2.7574629776009467 4.83495806251127 -1.3475437614470108e-07
8.921875 3.093964896861267 4.419235917543384 2.748638532597739 4.860926051563304 -1.581743565263702e-07
8.953125 3.0937989900049327 4.419235916525494 2.739841926026452 4.886476010130071 -1.842904225897277e-07
8.984375 3.093633025144979 4.419235915538212 2.7310727908081813 4.911610200062648 -2.129537521443204e-07
9.015625 3.0934670027025946 4.419235914582077 2.7223309992913394 4.9363300463585915 -2.4379903603245343e-07
9.046875 3.0933009234834388 4.41923591365733 2.713616905832645 4.960635358669771 -2.7616020174017365e-07
9.078125 3.093134788815727 4.4192359127640195 2.7049318545827368 4.984522700537502 -3.089624517400078e-07
9.109375 3.0929686007254897 4.419235911902108 2.6962786356172885 5.007984219333226 -3.405852802832484e-07
9.140625 3.0928023621570766 4.419235911071553 2.6876601506701814 5.0310117219323045 -3.686901735755997e-07
9.171875 3.0926360772483616 4.419235910272354 2.6790742790263717 5.053613810940212 -3.900056158431509e-07
9.203125 3.0924697516716737 4.419235909504578 2.670509645882359 5.075828969189487 -4.00060811963365e-07
9.234375 3.092303393053184 4.4192359087683695 2.661970137201193 5.097643465446039 -3.92858192564735e-07
9.265625 3.0921370114853945 4.419235908063937 2.65358397803077 5.118655225907211 -3.6047328921586107e-07
9.296875 3.0919706201494357 4.419235907391513 2.645807351042496 5.137438145465623 -2.9256895874623466e-07
9.328125 3.0918042360661007 4.419235906751294 2.639551858415306 5.151185392261057 -1.75809204796358e-07
9.359375 3.0916378809969225 4.419235906143399 2.635866268653366 5.156747614738727 6.84399496390746e-09
9.390625 3.09147158251905 4.419235905567825 2.635195405307768 5.152778524580121 2.769693754259723e-07
9.421875 3.091305375300299 4.419235905024406 2.636760801741444 5.14190599519422 6.6168109169794e-07
9.453125 3.091139302603262 4.419235904512786 2.638334906018418 5.13089591604547 1.1948019652308614e-06
9.484375 3.090973418050007 4.419235904032422 2.6383521423703664 5.124942660216648 1.91823977061019e-06
9.515625 3.090807787681256 4.419235903582621 2.637244723903722 5.122479565793926 2.8835929655655025e-06
9.546875 3.0906424923462734 4.4192359031626145 2.6361023969220736 5.119968850079044 4.154014011294916e-06
9.578125 3.0904776304616024 4.419235902771667 2.6351679929377623 5.1169906652476485 5.806359934410772e-06
9.609375 3.090313321178299 4.419235902409188 2.6343370596555924 5.113616486148793 7.933660947464523e-06
9.640625 3.0901497079982967 4.419235902074787 2.633467845602879 5.110271286152159 1.0647938659910819e-05
9.671875 3.0899869628806558 4.4192359017682845 2.6325222909794634 5.107232263215073 1.4083405549510238e-05
9.703125 3.0898252908777755 4.419235901489676 2.6315268335982607 5.104360138416009 1.8400076786345152e-05
9.734375 3.0896649353397594 4.419235901239091 2.6305298430056774 5.1014271273172245 2.3787824056655596e-05
9.765625 3.0895061837219684 4.419235901016636 2.6295752480137145 5.098368241407115 3.047089856032277e-05
9.796875 3.0893493740260425 4.419235900822275 2.6286705833415605 5.095175207400336 3.871294668531413e-05
9.828125 3.0891949018981784 4.419235900655748 2.6277897197939115 5.091881001618919 4.882253682205016e-05
9.859375 3.089043228399958 4.419235900516554 2.6268998791332177 5.088605247805287 6.115920919813026e-05
9.890625 3.088894888456299 4.419235900404009 2.6259841451159733 5.085427066115692 7.614005232250465e-05
9.921875 3.0887504999719955 4.419235900317334 2.625057140472008 5.082280545493083 9.424679947325484e-05
9.953125 3.0886107735924906 4.419235900255799 2.624155330203563 5.079047738595723 0.00011603342650898227
9.984375 3.088476523066107 4.4192359002188155 2.623295609982665 5.0756948516980795 0.00014213421802187232
10.015625 3.0883486761434655 4.419235900206002 2.622454576320866 5.07229437829795 0.00017327225240822825
10.046875 3.0882282859256556 4.419235900217146 2.6216000046892205 5.068942066679828 0.00021026823778249598
10.078125 3.08811654254546 4.419235900252101 2.620727420715017 5.065661669958807 0.00025404960983168684
10.109375 3.088014785036043 4.419235900310653 2.619855811449609 5.062399458835844 0.0003056597797921633
10.140625 3.087924513209056 4.419235900392357 2.6190024897033544 5.059100101654334 0.0003662673958988225
10.171875 3.087847399329383 4.41923590049643 2.6181734948624276 5.055750867160289 0.00043717545516134556
10.203125 3.087785299337341 4.419235900621728 2.6173675924375925 5.052364291671306 0.0005198300745101878
10.234375 3.0877402633315074 4.419235900766793 2.6165772234770497 5.048968116653672 0.0006158287016735327
10.265625 3.087714544987284 4.419235900929985 2.615789825773448 5.045607299902646 0.0007269275171483163
10.296875 3.0877106095487226 4.4192359011096425 2.614998731171153 5.042311457204558 0.0008550477499748933
10.328125 3.0877311399949927 4.419235901304248 2.6142134834108766 5.039057966290088 0.0010022806024855794
10.359375 3.0877790409494317 4.419235901512609 2.6134532987242416 5.035793928914913 0.0011708904536466504
10.390625 3.08785743986975 4.419235901733938 2.6127294398156717 5.032493978182761 0.00136331598802327
10.421875 3.0879696850340084 4.41923590196788 2.6120381038095433 5.029180445676781 0.0015821688788247121
10.453125 3.0881193398201576 4.4192359022144805 2.611370202598438 5.025891761581921 0.001830229640059798
10.484375 3.0883101727687645 4.419235902474112 2.610722945660025 5.022647659337535 0.0021104402557239545
10.515625 3.088546142920853 4.419235902747362 2.6101005664611847 5.01944669403278 0.0024258931943456344
10.546875 3.0888313799370923 4.4192359030349095 2.609509017681144 5.016282059887056 0.002779816426326757
10.578125 3.089170158532596 4.419235903337458 2.608954860332466 5.013145615335473 0.0031755540804596885
10.609375 3.089566866804739 4.419235903655627 2.6084476677269963 5.0100205276957475 0.003616542405846326
10.640625 3.090025968091016 4.4192359039898825 2.6079977996804056 5.006887677058986 0.004106280747108303
10.671875 3.0905519560708337 4.41923590434047 2.6076093214817795 5.003747795352335 0.004648297295010989
10.703125 3.0911493029201473 4.4192359047073815 2.6072779692315144 5.000627865084926 0.005246109441955015
10.734375 3.091822400440962 4.4192359050903365 2.606998575985953 4.997557358523496 0.00590317865247471
10.765625 3.0925754942187296 4.41923590548881 2.6067727547052995 4.994543907633129 0.006622859852864577
10.796875 3.093412611008506 4.4192359059021555 2.606608059281074 4.991576021093623 0.007408345450915949
10.828125 3.0943374797138956 4.419235906329673 2.6065133089751953 4.9886375529593465 0.008262604215674192
10.859375 3.0953534464989776 4.419235906770718 2.6064979154320125 4.9857094749202115 0.009188315376884767
10.890625 3.0964633847596343 4.419235907224712 2.6065717728468694 4.982770056075177 0.01018779844269984
10.921875 3.0976696008732327 4.419235907691177 2.606739211857565 4.979813591576093 0.01126293938012599
10.953125 3.098973736840207 4.4192359081697035 2.606993106955974 4.976868464583095 0.012415113953013106
10.984375 3.1003766711229233 4.41923590865991 2.607320536813707 4.973978960726784 0.013645109164084353
11.015625 3.1018784191706965 4.419235909161368 2.6077165770502653 4.971161628931055 0.014953043897151557
11.046875 3.10347803528963 4.4192359096735965 2.6081896100480364 4.968388372400763 0.016338289999458067
11.078125 3.1051735176659836 4.419235910196074 2.6087515539934483 4.965617024081086 0.017799395177961152
11.109375 3.106961718476508 4.419235910728295 2.609405870869535 4.962828876880645 0.019334009203016627
11.140625 3.108838261112921 4.419235911269881 2.610146854487164 4.9600305848982735 0.020938815013958157
11.171875 3.110797466605591 4.419235911820705 2.61096629123187 4.957232844859956 0.022609466399069394
11.203125 3.1128322913490845 4.419235912380977 2.6118553166241556 4.954444347683235 0.02434053397314911
11.234375 3.114934278206026 4.419235912951277 2.612800806432708 4.951683020871773 0.026125461195244212
11.265625 3.1170935229932666 4.41923591353255 2.613786548610311 4.948972169568398 0.027956532153544326
11.296875 3.119298658234272 4.419235914125983 2.6148016836974963 4.946313682470427 0.02982485279080091
11.328125 3.1215368558937864 4.419235914732832 2.61584524193269 4.943673693465659 0.031720347149536324
11.359375 3.1237938505961624 4.419235915354257 2.6169184309773765 4.941007123149962 0.033631770080131254
11.390625 3.126053984569772 4.419235915991141 2.618012474536412 4.938296371657499 0.03554673767593849
11.421875 3.128300275259797 4.419235916643978 2.6191056866971834 4.935560745865749 0.037451776478212004
11.453125 3.130514506215087 4.419235917312799 2.6201710967606857 4.932832420466438 0.039332392231319985
11.484375 3.132677341487021 4.419235917997214 2.621183974601528 4.930132807872921 0.041173158668053204
11.515625 3.134768463385708 4.419235918696546 2.6221227410857706 4.927470067776152 0.04295782646966331
11.546875 3.136766733028254 4.419235919409985 2.622967880241718 4.924843053787006 0.04466945218057142
11.578125 3.1386503726925516 4.41923592013672 2.6237039130759183 4.922235564706499 0.04629054646961692
11.609375 3.140397168566013 4.419235920876062 2.624320526750934 4.919613384514053 0.04780324072547297
11.640625 3.1419846920597188 4.4192359216274895 2.624806995328578 4.91694282048655 0.04918947056157731
11.671875 3.143390537452806 4.419235922390647 2.6251435695173937 4.9142189377843515 0.05043117439454236
11.703125 3.144592573247479 4.419235923165337 2.6252999352007684 4.911471165374387 0.051510504859034176
11.734375 3.1455692042598615 4.419235923951451 2.6252434043223327 4.908737779119642 0.052410050441439045
11.765625 3.1462996411533632 4.419235924748952 2.624948147060081 4.9060371495900625 0.05311306436428788
11.796875 3.1467641738467385 4.419235925557813 2.6243970003731323 4.903362866651517 0.05360369744326279
11.828125 3.1469444450047943 4.419235926377964 2.6235776503978214 4.9006969129193045 0.05386723137812902
11.859375 3.1468237196519393 4.419235927209231 2.622480101633114 4.8980186724950885 0.05389030873688286
11.890625 3.1463871468421574 4.4192359280513545 2.621096662867185 4.895305831905473 0.05366115575656725
11.921875 3.1456220092777474 4.419235928903976 2.619420146250711 4.892540951828076 0.05316979402112389
11.953125 3.1445179567957693 4.419235929766636 2.617439641438068 4.889725664873707 0.05240823709138409
11.984375 3.1430672197373886 4.4192359306387825 2.615139425073387 4.886884652597119 0.05137066825821273
12.015625 2.141264798381159 4.419235931519768 2.6125043958748844 4.8840486726099055 0.05005359576840977
12.046875 2.139108624855495 4.4192359324089034 2.609527313281202 4.88123191892165 0.048455982133748285
12.078125 2.1365996942455103 4.419235933305524 2.6062109165994443 4.8784258404670755 0.046579344473933665
12.109375 2.1337421619708397 4.419235934209022 2.602564633784894 4.875610146447961 0.04442782325967287
12.140625 2.130543404928753 4.419235935118897 2.5986010933249033 4.872764208468484 0.04200821730578457
12.171875 2.1270140443642855 4.4192359360347755 2.5943349584435937 4.869870843510034 0.03932998340777328
12.203125 2.1231679289389005 4.419235936956422 2.589781701802231 4.866920094539529 0.03640519960818808
12.234375 2.1190220770134878 4.419235937883657 2.5849550820967666 4.863916889063201 0.033248491709506556
12.265625 2.1145965777318905 4.419235938816299 2.5798665117609434 4.860882467736674 0.02987692330508533
12.296875 2.109914451079449 4.419235939754076 2.574528840158263 4.857841800312531 0.026309850264809496
12.328125 2.105001467689206 4.419235940696553 2.568961549373451 4.854806703007708 0.022568741272777516
12.359375 2.0998859297688774 4.419235941643121 2.563192401980604 4.85177025815004 0.018676966655785724
12.390625 2.0945984151177903 4.419235942593051 2.5572550151598223 4.848713933681415 0.014659558348819613
12.421875 2.0891714867884983 4.419235943545583 2.5511856928139913 4.845616772996 0.01054294440308875
12.453125 2.0836393715174157 4.4192359445000235 2.545021136687694 4.842461583503799 0.006354661940193942
12.484375 2.078037610597481 4.41923594545587 2.538795930606425 4.839241598621268 0.002123052880951984
12.515625 2.0724026873888244 4.419235946412831 2.5325401586390375 4.835966499315768 -0.002123052880951984
12.546875 2.0667716361550443 4.419235947370797 2.526279893094055 4.83265946049338 -0.006354661940193942
12.578125 2.061181637366831 4.419235948329704 2.5200411880330247 4.829343550750171 -0.01054294440308875
12.609375 2.055669605022927 4.419235949289337 2.5138541574060267 4.8260281981439 -0.014659558348819613
12.640625 2.0502717718904893 4.419235950249066 2.507753857873465 4.822705679910566 -0.018676966655785724
12.671875 2.045023278849772 4.419235951207691 2.5017782680280503 4.819356497150642 -0.022568741272777516
12.703125 2.039957774726089 4.419235952163394 2.495965057732495 4.815958302332422 -0.026309850264809496
12.734375 2.0351070330870833 4.419235953113776 2.4903477561457557 4.812496466401313 -0.02987692330508533
12.765625 2.030500592456364 4.419235954056054 2.484952444000308 4.8089728960140565 -0.033248491709506556
12.796875 2.0261654262263624 4.419235954987384 2.4797974919587364 4.8054056544654395 -0.03640519960818808
12.828125 2.0221256482266874 4.419235955905157 2.474896926527738 4.801817913878274 -0.03932998340777328
12.859375 2.0184022594068214 4.419235956807298 2.470264401463204 4.798225473246233 -0.04200821730578457
12.890625 2.0150129404178587 4.419235957692438 2.4659149950384633 4.794631092630837 -0.04442782325967287
12.921875 2.0119718940304074 4.419235958559964 2.46186505013332 4.791024836175994 -0.046579344473933665
12.953125 2.009289740318712 4.419235959409892 2.4581305793936257 4.7873887565530335 -0.048455982133748285
12.984375 2.006973466399802 4.419235960242651 2.454723697666064 4.783707424190973 -0.05005359576840977
13.015625 2.005026431277475 4.419235961058879 2.4516489495105915 4.779978707794589 -0.05137066825821273
13.046875 2.0034484250497986 4.419235961859236 2.4489036008141043 4.776212869839211 -0.05240823709138409
13.078125 2.0022357804477453 4.419235962644292 2.4464815957984483 4.772421062713464 -0.05316979402112389
13.109375 2.001381533436704 4.419235963414366 2.4443756555816787 4.768609569213666 -0.05366115575656725
13.140625 2.000875628485172 4.419235964169522 2.4425756264792087 4.764785210145964 -0.05389030873688286
13.171875 2.000705163134419 4.419235964909509 2.4410680570062215 4.760957168112695 -0.05386723137812902
13.203125 2.000854665727406 4.419235965633719 2.4398394616957613 4.757128062386275 -0.05360369744326279
13.234375 2.001306399601755 4.419235966341267 2.438878208989027 4.753289199415331 -0.05311306436428788
13.265625 2.002040686733066 4.419235967031069 2.4381717968971195 4.749429412272881 -0.052410050441439045
13.296875 2.0030362437308127 4.41923596770191 2.4377043770284383 4.745543129877438 -0.051510504859034176
13.328125 2.00427052322629 4.419235968352539 2.4374583141995636 4.741626583680235 -0.05043117439454236
13.359375 2.005720054027329 4.4192359689817104 2.437415223434755 4.737675583140232 -0.04918947056157731
13.390625 2.007360773916253 4.419235969588249 2.4375526935613507 4.733695954897589 -0.04780324072547297
13.421875 2.009168349600368 4.419235970170956 2.437842315016374 4.729710089109039 -0.04629054646961692
13.453125 2.0111184790503573 4.419235970728577 2.4382550854663845 4.725741745411874 -0.04466945218057142
13.484375 2.0131871722450034 4.419235971259858 2.438769299439332 4.721793549966071 -0.04295782646966331
13.515625 2.015351007146995 4.41923597176363 2.4393713790873734 4.71784527879225 -0.041173158668053204
13.546875 2.0175873585348114 4.419235972239011 2.440049220124214 4.713874139804687 -0.039332392231319985
13.578125 2.0198745980859276 4.419235972685616 2.4407864619054047 4.709872224160962 -0.037451776478212004
13.609375 2.0221922648277886 4.419235973103705 2.4415630545161573 4.705845261795094 -0.03554673767593849
13.640625 2.0245212057318462 4.419235973494108 2.4423592413950166 4.701801213090825 -0.033631770080131254
13.671875 2.0268436868132995 4.419235973858038 2.443157672511626 4.697744340352702 -0.031720347149536324
13.703125 2.029143475610354 4.419235974196848 2.443942453717588 4.693678289595704 -0.02982485279080091
13.734375 2.03140589635014 4.419235974511937 2.4446980475763325 4.689609528180924 -0.027956532153544326
13.765625 2.0336178594649024 4.41923597480492 2.4454104592855934 4.685543916501544 -0.026125461195244212
13.796875 2.0357678674046014 4.419235975077981 2.446069245463218 4.681480779868353 -0.02434053397314911
13.828125 2.0378459989046824 4.419235975334068 2.446667171717417 4.677413940824882 -0.022609466399069394
13.859375 2.039843874015596 4.419235975576486 2.4471978881530214 4.673338607071634 -0.020938815013958157
13.890625 2.041754602289121 4.419235975807691 2.447655485863543 4.669252589162137 -0.019334009203016627
13.921875 2.0435727165515667 4.4192359760275615 2.448036717766368 4.665149521486919 -0.017799395177961152
13.953125 2.0452940946816325 4.419235976231978 2.448341277242973 4.661017866584119 -0.016338289999458067
13.984375 2.046915871757069 4.419235976412922 2.4485675439841175 4.6568534375727015 -0.014953043897151557
14.015625 2.0484363448454146 4.419235976561002 2.4487088493213296 4.652670301292199 -0.013645109164084353
14.046875 2.0498548725955863 4.419235976670353 2.4487563359493736 4.648491885222333 -0.012415113953013106
14.078125 2.0511717716443885 4.419235976744343 2.4487060627027093 4.644329385974159 -0.01126293938012599
14.109375 2.05238821168993 4.419235976799338 2.448562095741077 4.64017228552407 -0.01018779844269984
14.140625 2.053506110907114 4.419235976863582 2.448332201402529 4.636001098994367 -0.009188315376884767
14.171875 2.054528033193174 4.419235976969839 2.448021359638311 4.6318066166741865 -0.008262604215674192
14.203125 2.055457088538035 4.419235977143406 2.447629960370725 4.627595006561546 -0.007408345450915949
14.234375 2.056296837619543 4.4192359773905645 2.447157770491606 4.623375562966636 -0.006622859852864577
14.265625 2.0570512015314293 4.419235977695085 2.446608739949546 4.619146000152545 -0.00590317865247471
14.296875 2.057724377366425 4.4192359780299135 2.445991004289977 4.614892272173545 -0.005246109441955015
14.328125 2.058320760201096 4.419235978387163 2.4453115624213946 4.610604420912763 -0.004648297295010989
14.359375 2.058844871864951 4.41923597882236 2.4445714029894035 4.606291016917073 -0.004106280747108303
14.390625 2.059301296725036 4.419235979501199 2.443767081847052 4.601974149120178 -0.003616542405846326
14.421875 2.0596946245787873 4.4192359807317345 2.4428974853207484 4.597668863093931 -0.0031755540804596885
14.453125 2.0600294006221205 4.419235982964921 2.4419682532108955 4.593369756815669 -0.002779816426326757
14.484375 2.0603100823468186 4.419235986753171 2.4409892101712742 4.589058685630484 -0.0024258931943456344
14.515625 2.0605410031220375 4.419235992668539 2.4399683052326138 4.584722946323774 -0.0021104402557239545
14.546875 2.0607263421307063 4.419236001195722 2.4389086555645925 4.580364056761269 -0.001830229640059798
14.578125 2.0608701002643395 4.4192360126255394 2.437810825352388 4.575990771712306 -0.0015821688788247121
14.609375 2.0609760815306934 4.419236026977222 2.4366770334064585 4.57160635011291 -0.00136331598802327
14.640625 2.0610478794973117 4.419236043971691 2.435512829076698 4.567203502777618 -0.0011708904536466504
14.671875 2.061088868278751 4.419236063064076 2.434324547758859 4.562772053228228 -0.0010022806024855794
14.703125 2.0611021975728896 4.419236083527174 2.4331150173714287 4.558311822214133 -0.0008550477499748933
14.734375 2.0610907912584286 4.419236104563724 2.4318822501423747 4.553836493291225 -0.0007269275171483163
14.765625 2.061057349078182 4.41923612541939 2.4306231564846135 4.549362395273732 -0.0006158287016735327
14.796875 2.0610043509488953 4.419236145471393 2.4293385835850945 4.544893382246952 -0.0005198300745101878
14.828125 2.0609340634576503 4.419236164278095 2.4280341650278183 4.540418373579431 -0.00043717545516134556
14.859375 2.060848548127953 4.4192361815879835 2.426716324312478 4.535923445165286 -0.0003662673958988225
14.890625 2.0607496710661684 4.419236197317348 2.4253881258301644 4.53140430937083 -0.0003056597797921633
14.921875 2.0606391136314532 4.419236211511014 2.424049105814839 4.526866794788076 -0.00025404960983168684
14.953125 2.0605183838086734 4.419236224299793 2.4226985270858608 4.522317065238386 -0.00021026823778249598
14.984375 2.0603888280024214 4.419236235863399 2.4213383590127733 4.517752719151863 -0.00017327225240822825
15.015625 2.0602516430088333 4.419236246401654 2.4199728924631723 4.513164022453357 -0.00014213421802187232
15.046875 2.0601078879586963 4.419236256112881 2.4186051514438547 4.508544731374929 -0.00011603342650898227
15.078125 2.0599584960592368 4.4192362651773385 2.417233804766468 4.503901352024048 -9.424679947325484e-05
15.109375 2.059804285992839 4.419236273744845 2.4158544322185347 4.499249297528228 -7.614005232250465e-05
15.140625 2.059645972859287 4.4192362819273345 2.414464301760933 4.494598551321572 -6.115920919813026e-05
15.171875 2.0594841785742246 4.419236289797919 2.4130653623071043 4.489944765386701 -4.882253682205016e-05
15.203125 2.05931944166073 4.419236297396802 2.4116621275910646 4.4852757143907525 -3.871294668531413e-05
15.234375 2.059152226392652 4.419236304742484 2.4102572547182914 4.480584610005408 -3.047089856032277e-05
15.265625 2.058982931267381 4.419236311844667 2.4088499008856146 4.475875010417073 -2.3787824056655596e-05
15.296875 2.058811896801499 4.41923631871477 2.4074381453268 4.47115352521228 -1.8400076786345152e-05
15.328125 2.058639412655154 4.4192363253712035 2.4060223153956177 4.466419857515556 -1.4083405549510238e-05
15.359375 2.0584657241006665 4.419236331838858 2.4046055181166763 4.461665274427402 -1.0647938659910819e-05
15.390625 2.0582910378582993 4.419236338144628 2.4031907070591583 4.45688145662349 -7.933660947464523e-06
15.421875 2.0581155273281113 4.419236344312018 2.4017773979203803 4.452070336642412 -5.806359934410772e-06
15.453125 2.0579393372516113 4.419236350357489 2.4003619984317766 4.447243052372915 -4.154014011294916e-06
15.484375 2.05776258784077 4.419236356289849 2.3989416930267207 4.442408274017394 -2.8835929655655025e-06
15.515625 2.0575853784144997 4.419236362112371 2.3975171516000895 4.437564131777117 -1.91823977061019e-06
15.546875 2.0574077905839423 4.419236367826166 2.3960907369369506 4.432703658958789 -1.1948019652308614e-06
15.578125 2.057229891027837 4.419236373433105 2.3946629865651854 4.42782535145463 -6.6168109169794e-07
15.609375 2.0570517338980685 4.4192363789372475 2.3932321544643536 4.422934504310332 -2.769693754259723e-07
15.640625 2.0568733628936426 4.41923638434465 2.391796944323882 4.418035001020655 -6.84399496390746e-09
15.671875 2.056694813039042 4.419236389662188 2.3903585554920523 4.413123215535542 1.75809204796358e-07
15.703125 2.0565161122006157 4.419236394896265 2.3889197442400034 4.408190874918747 2.9256895874623466e-07
15.734375 2.0563372823723065 4.4192364000519975 2.387482244438401 4.403232801394386 3.6047328921586107e-07
15.765625 2.0561583407596706 4.419236405133095 2.386045280041895 4.398251334450464 3.92858192564735e-07
15.796875 2.055979300688654 4.41923641014229 2.3846067800838453 4.393252648219805 4.00060811963365e-07
15.828125 2.055800172363212 4.419236415081906 2.3831661300421336 4.388238511701383 3.900056158431509e-07
15.859375 2.055620963493284 4.419236419954322 2.3817249655214368 4.383203957412107 3.686901735755997e-07
15.890625 2.0554416798122475 4.419236424762068 2.380284489599899 4.378145339244474 3.405852802832484e-07
15.921875 2.055262325500575 4.419236429507758 2.3788428792847336 4.373068059065653 3.089624517400078e-07
15.953125 2.055082903530441 4.419236434193897 2.3773968392649403 4.367981863263896 2.7616020174017365e-07
15.984375 2.054903415944006 4.419236438822715 2.375945427140367 4.362889403219966 2.4379903603245343e-07
16.015625 2.0547238640764425 4.419236443396102 2.374490885052047 4.3577838104824895 2.129537521443204e-07
16.046875 2.054544248733251 4.419236447915676 2.373035655910453 4.35265766473252 1.842904225897277e-07
16.078125 2.0543645703300024 4.419236452382877 2.3715798657408795 4.347510502991704 1.581743565263702e-07
16.109375 2.0541848290014526 4.419236456799036 2.3701221544087594 4.342346289701037 1.3475437614470108e-07
16.140625 2.054005024685827 4.419236461165458 2.368662151646916 4.337166003116982 1.1402790157076528e-07
16.171875 2.0538251571891495 4.419236465483445 2.3672013057839028 4.331965191514973 9.589060343071351e-08
16.203125 2.0536452262336606 4.4192364697542414 2.365741009637177 4.326739602392536 8.017374642759501e-08
16.234375 2.053465231493642 4.419236473978997 2.364280445703776 4.321491597296251 6.667180104523568e-08
16.265625 2.053285172621348 4.419236478158757 2.3628174883073645 4.3162274081240035 5.5162434587404565e-08
16.296875 2.053105049265277 4.4192364822944725 2.36135189523711 4.310947605484518 4.542059821685135e-08
16.328125 2.052924861082601 4.419236486387048 2.359885844426038 4.305645553883678 3.722809494294276e-08
16.359375 2.05274460774715 4.419236490437317 2.358420323739171 4.300318214253317 3.037973662956737e-08
16.390625 2.0525642889541293 4.419236494446088 2.3569528034590586 4.294973034262119 2.4686968687730042e-08
16.421875 2.0523839044224457 4.419236498414143 2.3554801138721886 4.289619302356817 1.9979652470463198e-08
16.453125 2.0522034538953395 4.419236502342237 2.3540023012767484 4.284256672201624 1.610654146399652e-08
16.484375 2.0520229371398657 4.419236506231096 2.3525220813122383 4.278876868611713 1.2934862794373492e-08
16.515625 2.051842353945614 4.419236510081404 2.351041514248969 4.273473627857154 1.0349315607112637e-08
16.546875 2.0516617041229557 4.419236513893811 2.3495605409381617 4.268047026710993 8.250718395545009e-09
16.578125 2.051480987501063 4.419236517668943 2.348078109150067 4.262600096784047 6.554474776039984e-09
16.609375 2.051300203925847 4.419236521407403 2.3465937807627104 4.2571340421595165 5.1889784705830064e-09
16.640625 2.0511193532579193 4.419236525109797 2.3451081819946946 4.251646916429965 4.094040754180995e-09
16.671875 2.0509384353706586 4.419236528776712 2.34362175509005 4.246137333860252 3.219395161131922e-09
16.703125 2.0507574501484207 4.4192365324087275 2.342133519685089 4.2406081405614575 2.523312985973188e-09
16.734375 2.0505763974849116 4.419236536006405 2.34064250721758 4.235062144802452 1.971347542156692e-09
16.765625 2.0503952772817353 4.419236539570306 2.339150101904538 4.229495199888608 1.5352140059132596e-09
16.796875 2.0502140894471195 4.419236543100983 2.3376585172144853 4.223900768090455 1.191803958165589e-09
16.828125 2.050032833894808 4.419236546598981 2.3361668360958747 4.218281672283281 9.22328624068492e-10
16.859375 2.049851510543104 4.4192365500648325 2.3346714084008187 4.212648837437565 7.115816430660233e-10
16.890625 2.0496701193140483 4.419236553499067 2.3331705586399787 4.207007316269318 5.473104646628257e-10
16.921875 2.0494886601327447 4.419236556902195 2.3316661345600997 4.2013517418609485 4.196847518033573e-10
16.953125 2.0493071329267707 4.419236560274728 2.3301603959404704 4.195675606213678 3.2085017244722926e-10
16.984375 2.049125537625694 4.419236563617162 2.328653986162074 4.189977192726154 2.445564327745659e-10
17.015625 2.048943874160677 4.419236566929978 2.327146538432562 4.184257815854909 1.8584917425466984e-10
17.046875 2.048762142464144 4.419236570213655 2.3256374866748923 4.178519436972902 1.4081629059050188e-10
17.078125 2.0485803424695046 4.419236573468683 2.324126916556929 4.172762221192812 1.0638022529341046e-10
17.109375 2.0483984741109293 4.419236576695578 2.3226155914899307 4.166984280552725 8.012882088826562e-11
17.140625 2.048216537323177 4.419236579894879 2.321103405412889 4.1611863317977225 6.017826279695694e-11
17.171875 2.048034532041444 4.419236583067143 2.3195889488188755 4.155372882603661 4.506256740414861e-11
17.203125 2.0478524582012527 4.4192365862129375 2.318071836685008 4.1495455702564605 3.364488926874075e-11
17.234375 2.047670315738353 4.419236589332872 2.3165544632198696 4.143697555114886 2.5046660111161175e-11
17.265625 2.0474881045886537 4.419236592427574 2.3150386236102145 4.137823836731525 1.8591221278310382e-11
17.296875 2.0473058246881726 4.419236595497692 2.3135216742488005 4.13193243547082 1.3759175065993107e-11
17.328125 2.0471234759729926 4.419236598543867 2.3120016790416122 4.126030207370997 1.0153164275917284e-11
17.359375 2.046941058379221 4.419236601566743 2.3104805353731273 4.12011272082238 7.470200829441743e-12
17.390625 2.0467585718429673 4.419236604566977 2.308958060292952 4.114181824649599 5.480010911465506e-12
17.421875 2.046576016300312 4.419236607545254 2.3074331151782346 4.108239970719585 4.008153816462366e-12
17.453125 2.0463933916872827 4.419236610502294 2.3059066033239075 4.102284570525982 2.922911974610753e-12
17.484375 2.0462106979398462 4.419236613438836 2.3043777569909736 4.096319362349533 2.1251475998174054e-12
17.515625 2.0460279349938926 4.419236616355651 2.3028492339611972 4.0903423314688965 1.5404834363647938e-12
17.546875 2.045845102785228 4.419236619253534 2.3013228999005113 4.084349523030686 1.113296906264696e-12
17.578125 2.045662201249563 4.419236622133321 2.29979555830668 4.078349773804289 8.021235938183894e-13
17.609375 2.0454792303225022 4.419236624995929 2.2982705058496675 4.072327524094156 5.761517913992377e-13
17.640625 2.045296189939497 4.419236627842416 2.2967456991289175 4.066295616163709 4.1255848706260836e-13
17.671875 2.0451130800358035 4.419236630674087 2.2952148016840113 4.060281869791792 2.9449184610589434e-13
17.703125 2.044929900546422 4.419236633492626 2.2936932429915204 4.054259988292615 2.0954856369736308e-13
17.734375 2.0447466514060384 4.419236636300225 2.2921737879820245 4.0482466137304005 1.4862863863463673e-13
17.765625 2.0445633325490022 4.419236639099635 2.2906454829788467 4.042265891399621 1.050769502468153e-13
17.796875 2.0443799439093726 4.419236641894033 2.28913337160055 4.0362148494125005 7.404199539793786e-14
17.828125 2.044196485421079 4.419236644686666 2.287619171496657 4.030173094160485 5.1998468342356297e-14
17.859375 2.044012957018171 4.419236647480279 2.2860911068313463 4.024176893199023 3.63930197719041e-14
17.890625 2.0438293586351444 4.419236650276352 2.2845932329941325 4.0181045862367375 2.53822982660602e-14
17.921875 2.04364569020725 4.419236653074395 2.2830632016483965 4.012058235939135 1.7639885483553146e-14
17.953125 2.0434619516707264 4.419236655871403 2.281519629403711 4.006013868398616 1.2214485147172358e-14
17.984375 2.0432781429628695 4.419236658661708 2.28002579515968 3.9997559581523636 8.426110147273168e-15
18.015625 2.043094264021875 4.419236661437339 2.2784666089838246 3.9937282302063197 5.790342783568785e-15
18.046875 2.0429103147864622 4.419236664188918 2.2769189406973727 3.9876242898465453 3.963263749308563e-15
18.078125 2.0427262951953313 4.419236666906901 2.2754770274462466 3.9813329283312875 2.7015457262591083e-15
18.109375 2.042542205186545 4.419236669583018 2.2738575114199593 3.975448153528146 1.833634667520214e-15
18.140625 2.042358044697007 4.419236672211486 2.272345548291656 3.96919943271909 1.2390097532254693e-15
18.171875 2.0421738136621235 4.419236674789772 2.270883740616562 3.962266354842119 8.333090963179003e-16
18.203125 2.041989512015739 4.419236677318732 2.2690033544586754 3.9569584832172318 5.576995431938721e-16
18.234375 2.041805139690358 4.419236679802106 2.2679725514248474 3.9487253940518663 3.7130643844254734e-16
18.265625 2.0416206966175605 4.419236682245545 2.2657200319823554 3.9462012052157243 2.4584179170539287e-16
18.296875 2.041436182728522 4.419236684655411 2.265673860437974 3.9370251437015087 1.6180622920595578e-16
18.328125 2.04125159795449 4.41923668703765 2.2628137597328966 3.9410512185144047 1.0581352319837788e-16
18.359375 2.0410669422271255 4.419236689397007 2.2652324798134256 3.9295806424378723 6.871293963104205e-17
18.390625 2.0408822154786477 4.419236691736687 2.259259899657959 3.951658113920129 4.427650759039602e-17
18.421875 2.040697417641806 4.419236694058428 2.2684554384564244 3.9087365913791534 2.828480622676629e-17
18.453125 2.0405125486496978 4.419236696362892 2.253438793285172 3.9398932303076086 1.7892814642745072e-17
18.484375 2.040327608435573 4.419236698650133 2.2439077342808083 3.8031692737405773 1.1191819602844879e-17
18.515625 2.0401425969326383 4.41923670092004 2.182901108287169 3.448057265225223 6.908033070364404e-18
18.546875 2.0399575140739543 4.419236703172594 2.0996841690955232 2.9406779340194484 4.1961531058258706e-18
18.578125 2.0397723597923862 4.419236705407954 2.052263744750574 2.6625028344767117 2.498590031010466e-18
18.609375 2.0395871340206293 4.419236707626439 2.043031236425323 2.611019391560047 1.449916056694189e-18
18.640625 2.0394018366912627 4.419236709828395 2.0410902931302326 2.600675775676165 8.123242558628094e-19
18.671875 2.0392164677367846 4.419236712014116 2.0406190191577624 2.598758816927188 4.3225443940309184e-19
18.703125 2.0390310270896363 4.419236714183834 2.0404554706207936 2.5985492094664577 2.1139984100659238e-19
18.734375 2.0388455146821967 4.419236716337748 2.0402796401800605 2.5983652652505898 8.743644241968582e-20
18.765625 2.0386599304467556 4.419236718476091 2.040101283336792 2.598133847719929 2.1292021952213176e-20
18.796875 2.0384742743155013 4.419236720599173 2.0399471239585703 2.598056908655632 -1.120966778113034e-20
18.828125 2.0382885462205014 4.419236722707436 2.039808331749759 2.5980626509201827 -2.4794409328619503e-20
18.859375 2.0381027460937124 4.419236724801431 2.0396716196142712 2.5980845279395597 -2.8258874022225216e-20
18.890625 2.037916873866983 4.419236726881811 2.0395390357586938 2.5981317294910666 -2.672813031849725e-20
18.921875 2.037730929472069 4.419236728949321 2.0394150177318395 2.598228164499352 -2.3088901174160298e-20
18.953125 2.0375449128406418 4.419236731004785 2.0392994313614636 2.598374244781253 -1.8889436847287846e-20
18.984375 2.0373588239042855 4.419236733049111 2.0391899588007436 2.598556437067284 -1.489719778190366e-20
19.015625 2.037172662594487 4.419236735083255 2.039085401108032 2.59876799129632 -1.143913179228943e-20
19.046875 2.036986428842632 4.419236737108237 2.038985752752287 2.5990089222228603 -8.605353010410987e-21
19.078125 2.0368001225800034 4.419236739125097 2.038890871262624 2.5992784697296445 -6.368100805829833e-21
19.109375 2.036613743737779 4.4192367411348865 2.0388001149196207 2.5995729990150336 -4.648962114637106e-21
19.140625 2.036427292247029 4.419236743138642 2.0387127383313324 2.59988827159143 -3.3550959936201877e-21
19.171875 2.0362407680387227 4.419236745137354 2.0386281286647012 2.6002208026851874 -2.397332648142728e-21
19.203125 2.036054171043719 4.419236747131952 2.038545735953085 2.600567461980531 -1.698014209741317e-21
19.234375 2.035867501192765 4.4192367491233036 2.0384649819061096 2.6009249501365783 -1.193295339358929e-21
19.265625 2.0356807584164947 4.419236751112188 2.0383852702834764 2.6012898579293666 -8.326656155385357e-22
19.296875 2.0354939426454295 4.41923675309931 2.0383060268720103 2.6016588958980895 -5.77259160798956e-22
19.328125 2.0353070538099676 4.419236755085311 2.038226710689367 2.602028959038846 -3.977987490968176e-22
19.359375 2.0351200918403896 4.419236757070775 2.038146808412707 2.6023970951776274 -2.7260073698019643e-22
19.390625 2.034933056666855 4.4192367590562505 2.038065834357568 2.6027605051794094 -1.8582826090560647e-22
19.421875 2.034745948219411 4.4192367610422805 2.0379833364774185 2.603116577784048 -1.2605058654817386e-22
19.453125 2.0345587664280016 4.41923676302942 2.037898900912118 2.6034629161803906 -8.510108664216983e-23
19.484375 2.034371511222468 4.419236765018294 2.037812153463084 2.6037973469658526 -5.719737357640802e-23
19.515625 2.0341841825325537 4.419236767009644 2.0377227601927403 2.6041179240863315 -3.8277972523577195e-23
19.546875 2.0339967802879135 4.419236769004366 2.037630428134686 2.6044229334174482 -2.5510813027808987e-23
19.578125 2.0338093044181225 4.4192367710035505 2.0375349056075303 2.604710895071583 -1.6934177460038927e-23
19.609375 2.0336217548526743 4.419236773008533 2.03743598175945 2.60498056127971 -1.1197544736359961e-23
19.640625 2.0334341315209987 4.419236775020922 2.0373334855055054 2.6052309107697615 -7.376468727502132e-24
19.671875 2.033246434352463 4.419236777042595 2.0372272840830705 2.6054611409295756 -4.8415436441065506e-24
19.703125 2.0330586632763596 4.419236779075752 2.037117281285788 2.605670658097381 -3.1664072085467803e-24
19.734375 2.0328708182219257 4.419236781122892 2.0370034153841425 2.6058590660230454 -2.063626327147327e-24
19.765625 2.0326828991183343 4.41923678318678 2.036885656786219 2.606026152805173 -1.3403152088627167e-24
19.796875 2.0324949058947075 4.419236785270398 2.036764005517193 2.606171876753153 -8.676038409735593e-25
19.828125 2.0323068384801077 4.419236787376862 2.0366384885819917 2.606296351543297 -5.5975613110885925e-25
19.859375 2.0321186968035247 4.419236789509377 2.03650915725908 2.606399830944552 -3.599654906553355e-25
19.890625 2.031930480793866 4.419236791671141 2.0363760843684626 2.6064826933613525 -2.3074218514254646e-25
19.921875 2.0317421903799397 4.4192367938652515 2.036239361556112 2.6065454264372474 -1.474398097469421e-25
19.953125 2.031553825490435 4.419236796094593 2.0360990966346937 2.606588611949679 -9.391605402168255e-26
19.984375 2.031365386053884 4.41923679836176 2.0359554110135423 2.6066129111864367 -5.963706537766583e-26
20.015625 2.0311768719986474 4.419236800668924 2.0358084372392184 2.6066190509255556 -3.775344399229274e-26
20.046875 2.030988283252879 4.419236803017739 2.0356583166623547 2.606607810123098 -2.3827139994964814e-26
20.078125 2.0307996197445046 4.4192368054092395 2.0355051972575526 2.6065800074490806 -1.49924343140427e-26
20.109375 2.030610881401211 4.419236807843709 2.035349231608479 2.6065364897476093 -9.405155247393542e-27
20.140625 2.030422068150425 4.419236810320582 2.035190575057724 2.6064781214299466 -5.882486307471667e-27
20.171875 2.0302331799193127 4.4192368128383475 2.0350293840283977 2.606405774834128 -3.668289004728993e-27
20.203125 2.0300442166347805 4.4192368153944415 2.034865814520458 2.6063203215728827 -2.2807587812770227e-27
20.234375 2.0298551782234844 4.419236817985221 2.03470002078074 2.6062226248661036 -1.4138812796945444e-27
20.265625 2.029666064611823 4.419236820605937 2.0345321541428127 2.606113532837493 -8.73912572067705e-28
20.296875 2.029476875725959 4.419236823250718 2.0343623620310334 2.605993872744847 -5.38576355657764e-28
20.328125 2.0292876114918235 4.4192368259126455 2.034190787121715 2.6058644461051665 -3.3094267750190695e-28
20.359375 2.0290982718351236 4.419236828583846 2.0340175666531444 2.6057260246684306 -2.027615344466844e-28
20.390625 2.0289088566813493 4.419236831255619 2.0338428318751576 2.6055793471882196 -1.238642375332453e-28
20.421875 2.028719365955791 4.4192368339185775 2.033666707628239 2.605425116932863 -7.544549486732463e-29
20.453125 2.0285297995835454 4.419236836562858 2.033489312041604 2.605263999877678 -4.5819074330769235e-29
20.484375 2.0283401574895383 4.419236839178302 2.0333107563393993 2.6050966235169675 -2.774487006777097e-29
20.515625 2.0281504395985457 4.419236841754678 2.033131144744058 2.6049235762336638 -1.6750947021985322e-29
20.546875 2.0279606458352255 4.4192368442818655 2.032950574465864 2.604745407164612 -1.0083523940785047e-29
20.578125 2.027770776124154 4.419236846750042 2.032769135767967 2.604562626500358 -6.0519690049571036e-30
20.609375 2.0275808303898586 4.4192368491499066 2.0325869120964173 2.604375706160123 -3.621484103504994e-30
20.640625 2.0273908085568477 4.4192368514728475 2.0324039802652165 2.604185080784955 -2.1606037380466126e-30
20.671875 2.0272007105496392 4.419236853711128 2.0322204106868886 2.60399114899505 -1.2851516331372023e-30
20.703125 2.0270105362927926 4.41923685585801 2.0320362676397403 2.603794274860594 -7.621057735477044e-31
20.734375 2.0268202857109285 4.419236857907895 2.031851609563578 2.6035947895393337 -4.505546363689017e-31
20.765625 2.0266299587287517 4.419236859856431 2.031666489376427 2.60339299303809 -2.65545774288298e-31
20.796875 2.026439555271063 4.419236861700594 2.0314809548054757 2.603189156059406 -1.5601918693651058e-31
20.828125 2.0262490752627738 4.419236863438682 2.0312950487261974 2.6029835218987047 -9.137948787512768e-32
20.859375 2.026058518628896 4.419236865070361 2.031108809504309 2.6027763083612454 -5.335009896503985e-32
20.890625 2.0258678852945433 4.419236866596606 2.0309222713359034 2.602567709672103 -3.104698038737646e-32
20.921875 2.0256771751849185 4.419236868019677 2.0307354645817592 2.602357898356148 -1.8008638503315503e-32
20.953125 2.025486388225293 4.419236869343047 2.0305484160924796 2.602147027068622 -1.04111138669265e-32
20.984375 2.025295524340989 4.419236870571268 2.0303611495217 2.601935230360427 -5.998506676741735e-33
21.015625 2.025104583457344 4.419236871709876 2.030173685625191 2.601722626365521 -3.444218049896123e-33
21.046875 2.024913565499681 4.419236872765257 2.029986042544216 2.6015093184007387 -1.9706444301768363e-33
21.078125 2.0247224703932867 4.419236873744449 2.0297982360719993 2.6012953964711594 -1.123468433039923e-33
21.109375 2.0245312980633736 4.419236874654969 2.029610279902534 2.601080938676767 -6.381297208125961e-34
21.140625 2.024340048435055 4.419236875504622 2.0294221858613617 2.6008660125182326 -3.610838991254936e-34
21.171875 2.024148721433334 4.419236876301329 2.029233964118307 2.600650676101379 -2.0352048920353324e-34
21.203125 2.0239573169830707 4.419236877052906 2.0290456233825296 2.6004349792411277 -1.142489249897584e-34
21.234375 2.0237658350089704 4.4192368777669255 2.0288571710803653 2.6002189644673566 -6.386682306426079e-35
21.265625 2.023574275435549 4.419236878450568 2.0286686135162273 2.6000026679373645 -3.554705609886775e-35
21.296875 2.0233826381871243 4.419236879110486 2.0284799560170135 2.5997861202602195 -1.969481613251063e-35
21.328125 2.0231909231877974 4.419236879752717 2.0282912030618303 2.599569347235077 -1.0859796109704051e-35
21.359375 2.022999130361428 4.419236880382598 2.0281023583995434 2.5993523705038775 -5.957967746992783e-36
21.390625 2.0228072596316373 4.4192368810047205 2.0279134251538595 2.599135208128157 -3.251223154159321e-36
21.421875 2.02261531092181 4.419236881622886 2.0277244059112807 2.5989178751136874 -1.764039657518716e-36
21.453125 2.022423284155088 4.419236882240093 2.02753530279192 2.598700383891784 -9.512456240138327e-37
21.484375 2.0222311792543928 4.4192368828585185 2.0273461175194747 2.598482744714322 -5.095304745953352e-37
21.515625 2.0220389961424337 4.419236883479559 2.0271568515076996 2.5982649659160764 -2.709319313161419e-37
21.546875 2.021846734741716 4.41923688410392 2.0269675059362515 2.598047054139122 -1.4289429136809048e-37
21.578125 2.02165439497453 4.419236884731667 2.0267780817454715 2.5978290147502316 -7.467854512244359e-38
21.609375 2.0214619767629562 4.419236885362381 2.026588579560839 2.5976108524228962 -3.862246412839405e-38
21.640625 2.0212694800288524 4.419236885995282 2.0263989997507745 2.5973925712439545 -1.9733640409492698e-38
21.671875 2.0210769046938806 4.419236886629295 2.0262093427916037 2.597174173803035 -9.937973385277114e-39
21.703125 2.020884250679549 4.419236887263093 2.026019609576999 2.596955660426266 -4.9171664344323987e-39
21.734375 2.020691517907302 4.419236887894965 2.0258298008448614 2.5967370311787157 -2.379148315477548e-39
21.765625 2.0204987062986413 4.419236888522726 2.0256399157883633 2.596518290410609 -1.1175793032213454e-39
21.796875 2.0203058157752203 4.41923688914355 2.0254499520345153 2.596299446917544 -5.035814308975148e-40
21.828125 2.0201128462589186 4.419236889753899 2.0252599092421693 2.596080502612901 -2.128823627925937e-40
21.859375 2.0199197976718253 4.419236890349624 2.025069793469338 2.595861438817783 -8.040211368904828e-41
21.890625 2.019726669936129 4.41923689092628 2.024879613514662 2.5956422280452234 -2.3380523158598155e-41
21.921875 2.019533462973868 4.419236891479731 2.0246893656122897 2.5954228825847934 -1.1041630246284527e-42
21.953125 2.019340176706612 4.419236892006899 2.024499022837824 2.5952034878502666 5.97690423008472e-42
21.984375 2.019146811055111 4.419236892506546 2.0243085581570064 2.594984128968788 6.949926403797957e-42
22.015625 2.0189533659390557 4.419236892979791 2.024118001049083 2.5947647114935357 5.846063377957028e-42
22.046875 2.0187598412770003 4.419236893430308 2.0239274618534417 2.5945448854369966 4.325788212120148e-42
22.078125 2.0185662369864805 4.419236893863993 2.023737029137053 2.594324371870772 2.984371359915005e-42
22.109375 2.018372552984354 4.419236894288186 2.0235465356510787 2.5941037035613768 1.9689254483153933e-42
22.140625 2.0181787891872798 4.41923689471051 2.0233553655195573 2.59388483057222 1.258888113997978e-42
22.171875 2.017984945512233 4.419236895137693 2.0231625564889484 2.593670788281094 7.862381985663504e-43
22.203125 2.017791021876932 4.4192368955745795 2.022967270288251 2.593464202354008 4.8208921257584945e-43
22.234375 2.0175970182000733 4.419236896023526 2.0227693502965858 2.5932655259104935 2.91205779188509e-43
22.265625 2.0174029344013276 4.419236896484406 2.022569499808421 2.593072487954635 1.7371316768754017e-43
22.296875 2.017208770401113 4.419236896955095 2.022368847955611 2.5928814832514453 1.025195040406753e-43
22.328125 2.0170145261202435 4.419236897432227 2.0221681769552573 2.5926900247371343 5.993943055649722e-44
22.359375 2.0168202014795282 4.419236897912079 2.021967402973101 2.592498379467944 3.4754386748737267e-44
22.390625 2.016625796399449 4.419236898391296 2.021765699071742 2.592309163178461 2.0001391905388715e-44
22.421875 2.0164313107999527 4.4192368988673705 2.0215621037049063 2.592125402127816 1.1432892156771465e-44
22.453125 2.0162367446003837 4.419236899338767 2.021356087034865 2.591948739798929 6.494345351696857e-45
22.484375 2.0160420977195583 4.4192368998047655 2.0211476767312986 2.5917790471175532 3.6677085226756304e-45
22.515625 2.015847370075893 4.419236900265205 2.0209371871969575 2.591615289056345 2.060150041016556e-45
22.546875 2.015652561587548 4.419236900720127 2.0207248892422136 2.5914565742794062 1.1512940178789018e-45
22.578125 2.0154576721725315 4.419236901169549 2.020510879519701 2.591302566925834 6.402876193520721e-46
22.609375 2.0152627017487457 4.4192369016134 2.0202951448175748 2.591153279970383 3.544595714090166e-46
22.640625 2.0150676502339833 4.419236902051518 2.0200776662746147 2.5910087438174165 1.9536579209753196e-46
22.671875 2.01487251754591 4.419236902483732 2.01985845913644 2.5908688806399116 1.0722511834554478e-46
22.703125 2.014677303602051 4.419236902909887 2.019637558791022 2.5907335491922865 5.8610728285051535e-47
22.734375 2.0144820083197663 4.419236903329898 2.019415004551048 2.5906025964304136 3.1911596593010844e-47
22.765625 2.014286631616259 4.4192369037437516 2.0191908383777917 2.5904758615962953 1.7308607822853055e-47
22.796875 2.0140911734085982 4.419236904151458 2.018965104154648 2.5903531785549174 9.353267962350299e-48
22.828125 2.0138956336137266 4.419236904553022 2.0187378397375118 2.5902344009487877 5.0360797287801475e-48
22.859375 2.0137000121484663 4.419236904948441 2.018509070981656 2.5901194209582403 2.702002356417873e-48
22.890625 2.0135043089295177 4.419236905337707 2.0182788153543196 2.590008157668308 1.4446905109718582e-48
22.921875 2.0133085238734423 4.419236905720824 2.0180470900460277 2.58990053129722 7.698188899911537e-49
22.953125 2.0131126568966846 4.419236906097798 2.0178139159609003 2.5897964505952444 4.0883930329748965e-49
22.984375 2.0129167079155503 4.419236906468653 2.0175793163435616 2.589695817254074 2.164163558795051e-49
23.015625 2.0127206768461967 4.419236906833443 2.017343314408489 2.589598533437126 1.1418828486624206e-49
23.046875 2.012524563604644 4.4192369071922375 2.017105932496906 2.5895045044407485 6.005727064687491e-50
23.078125 2.012328368106784 4.419236907545091 2.0168671918352263 2.589413639440369 3.1487547339947423e-50
23.109375 2.0121320902683744 4.419236907892049 2.0166271120310357 2.5893258530609935 1.645720846417934e-50
23.140625 2.0119357300050336 4.419236908233149 2.016385710966115 2.5892410656858735 8.574936586047256e-51
23.171875 2.0117392872322366 4.419236908568431 2.016143005481928 2.5891592012629543 4.454253611117328e-51
23.203125 2.011542761865327 4.419236908897913 2.0158990121000326 2.5890801850140566 2.3067406877601848e-51
23.234375 2.0113461538195034 4.419236909221612 2.015653747145158 2.5890039430418375 1.1909998921582205e-51
23.265625 2.0111494630098274 4.41923690953955 2.015407226549775 2.588930402943652 6.1308674558564455e-52
23.296875 2.010952689351218 4.419236909851738 2.01515946566711 2.5888594943953374 3.1465632025112256e-52
23.328125 2.0107558327584543 4.41923691015817 2.0149104788115593 2.588791150591107 1.6101315822779676e-52
23.359375 2.010558893146171 4.419236910458837 2.014660278389962 2.588725310963971 8.214889684997225e-53
23.390625 2.010361870428861 4.419236910753722 2.014408874553652 2.588661922246115 4.178897469918695e-53
23.421875 2.0101647645208782 4.419236911042815 2.0141562768992416 2.588600933063338 2.119554414886232e-53
23.453125 2.009967575336434 4.419236911326102 2.0139024985395095 2.588542281092887 1.07189611230049e-53
23.484375 2.0097703027896054 4.419236911603555 2.0136475600688386 2.5884858806362683 5.404899700758321e-54
23.515625 2.0095729467943224 4.419236911875155 2.0133914888644426 2.5884316249701103 2.71737836329482e-54
23.546875 2.009375507264365 4.419236912140901 2.0131343109677244 2.5883794120605703 1.3621972531801136e-54
23.578125 2.0091779841133715 4.4192369124007636 2.0128760391120535 2.5883291822510546 6.808576983337657e-55
23.609375 2.008980377254839 4.419236912654721 2.0126166666863368 2.588280937011649 3.3931056550831865e-55
23.640625 2.0087826866021214 4.4192369129027735 2.0123561762298907 2.58823471180552 1.686011193240446e-55
23.671875 2.008584912068426 4.419236913144918 2.0120945599964113 2.5881905111283903 8.352991740634592e-56
23.703125 2.008387053566817 4.419236913381143 2.011831836959876 2.588148255165727 4.126081146814488e-56
23.734375 2.008189111010217 4.419236913611444 2.011568048914148 2.5881077926085316 2.0320867377757505e-56
23.765625 2.0079910843114015 4.41923691383583 2.011303234321241 2.5880689834105146 9.978129800561989e-57
23.796875 2.007792973383001 4.419236914054313 2.0110374010494607 2.588031784501583 4.884848740431868e-57
23.828125 2.0075947781374897 4.419236914266903 2.0107705252009254 2.5879962528555693 2.3841835575636754e-57
23.859375 2.0073964984872052 4.419236914473599 2.0105025811364703 2.587962450410859 1.1601261438237894e-57
23.890625 2.0071981343443377 4.41923691467441 2.010233575375203 2.5879303374090634 5.6277758939184945e-58
23.921875 2.0069996856209267 4.419236914869341 2.0099635491598793 2.587899765003967 2.7215866533612825e-58
23.953125 2.006801152228864 4.419236915058399 2.0096925448230927 2.587870581692776 1.3120415267055653e-58
23.984375 2.0066025340798905 4.419236915241596 2.0094205705199144 2.5878427442296417 6.305182608170241e-59
24.015625 2.006403831085603 4.419236915418954 2.0091476014747895 2.5878163129653764 3.0203361416968546e-59
24.046875 2.006205043157447 4.41923691559048 2.008873616167144 2.587791337519506 1.442119640701555e-59
24.078125 2.0060061702067116 4.419236915756183 2.008598626724014 2.587767761260527 6.863006283915339e-60
24.109375 2.0058072121445374 4.4192369159161 2.0083226703019403 2.587745449218546 3.2551487659220895e-60
24.140625 2.0056081688819227 4.419236916070247 2.0080457737426234 2.5877242994102945 1.5386651948267813e-60
24.171875 2.005409040329714 4.419236916218635 2.007767933424378 2.587704306199024 7.247774453020917e-61
24.203125 2.0052098263985987 4.419236916361298 2.007489131081626 2.5876855095659077 3.401882857024736e-61
24.234375 2.0050105269991176 4.4192369164982495 2.007209363322533 2.5876679027492933 1.590929990931295e-61
24.265625 2.004811142041667 4.419236916629498 2.0069286494528633 2.587651407103552 7.4123871613528855e-62
24.296875 2.0046116714364848 4.419236916755068 2.006647012651874 2.5876359329548078 3.4402769321153487e-62
24.328125 2.004412115093653 4.41923691687499 2.0063644601956128 2.587621439838 1.5903905636321816e-62
24.359375 2.0042124729231103 4.419236916989285 2.0060809858183415 2.5876079315322817 7.321984942534789e-63
24.390625 2.0040127448346414 4.419236917097971 2.005796585962188 2.5875954007570154 3.356600044717967e-63
24.421875 2.003812930737876 4.4192369172010775 2.0055112696180384 2.5875838042595185 1.5319234162033377e-63
24.453125 2.003613030542291 4.419236917298626 2.0052250504954454 2.587573079044782 6.959052145299416e-64
24.484375 2.003413044157212 4.419236917390641 2.00493793737938 2.5875631852178396 3.145813634902412e-64
24.515625 2.0032129714918057 4.419236917477139 2.004649930386717 2.5875540994039863 1.414693107295441e-64
24.546875 2.003012812455089 4.41923691755817 2.004361030941115 2.587545809824007 6.326920398120275e-65
24.578125 2.002812566955919 4.419236917633741 2.004071242689042 2.587538274836877 2.8128757645194546e-65
24.609375 2.0026122349030056 4.419236917703913 2.003780576006303 2.5875314650485697 1.2425942366207413e-65
24.640625 2.002411816204891 4.419236917768657 2.003489034048928 2.5875253254488877 5.451008665905134e-66
24.671875 2.002211310769978 4.4192369178280675 2.0031966248709723 2.587519856097072 2.372921497325267e-66
24.703125 2.002010718506492 4.419236917882091 2.0029033442654525 2.587514993258538 1.0241461876918614e-66
24.734375 2.0018100393225358 4.419236917930891 2.0026092061560137 2.5875107649742115 4.377446861968469e-67
24.765625 2.0016092731260073 4.419236917974317 2.002314201279625 2.5875070561552245 1.8502142513491473e-67
24.796875 2.001408419824716 4.4192369180126745 2.002018360490509 2.5875039407527916 7.718206623049324e-68
24.828125 2.0012074793262093 4.4192369180456 2.001721672757842 2.5875011646557944 3.1691289287035775e-68
24.859375 2.001006451538024 4.419236918073684 2.0014241264819734 2.58749901223186 1.275954546258792e-68
24.890625 2.000805336367332 4.419236918096139 2.0011240195502324 2.587505127846759 5.008720464462768e-69
24.921875 2.0006041337214504 4.4192369181141995 2.0008280777791105 2.587468919580126 1.8996549218085223e-69
24.953125 2.000402843507112 4.419236918126147 2.000532685518513 2.587509972686809 6.85218368134225e-70
24.984375 2.000201465631502 4.419236918134386 2.0002201453751245 2.5874851448151883 2.27822078484169e-70
