0.015625 2.1391647157705354 4.419236030640109 2.1391647074052176 4.41923603120593 -2.27822078484169e-70
0.046875 2.139012885299671 4.419236031304805 2.139012877259062 4.419236030545745 -6.85218368134225e-70
0.078125 2.138860934610872 4.419236031955378 2.138860926888902 4.419236029884807 -1.8996549218085223e-69
0.109375 2.1387090206228683 4.419236032592339 2.1387090132123276 4.419236029225969 -5.008720464462768e-69
0.140625 2.138557000222818 4.419236033216608 2.138556993115989 4.419236028572271 -1.275954546258792e-68
0.171875 2.1384049666371188 4.419236033829253 2.138404959825346 4.419236027926871 -3.1691289287035775e-68
0.203125 2.1382528796604 4.419236034431531 2.1382528731344133 4.419236027292966 -7.718206623049324e-68
0.234375 2.138100749478398 4.419236035024708 2.138100743228229 4.419236026673697 -1.8502142513491473e-67
0.265625 2.137948574910383 4.419236035609991 2.1379485689254234 4.419236026072076 -4.377446861968469e-67
0.296875 2.1377963559141744 4.419236036188425 2.137796350183199 4.419236025490901 -1.0241461876918614e-66
0.328125 2.137644092462256 4.419236036760875 2.1376440869734408 4.41923602493274 -2.372921497325267e-66
0.359375 2.1374917845217034 4.419236037328021 2.1374917792626604 4.419236024399907 -5.451008665905134e-66
0.390625 2.137339432061128 4.419236037890419 2.137339427018955 4.419236023894446 -1.2425942366207413e-65
0.421875 2.1371870350488247 4.419236038448576 2.1371870302101934 4.419236023418155 -2.8128757645194546e-65
0.453125 2.1370345934530857 4.419236039003016 2.1370345888043536 4.41923602297255 -6.326920398120275e-65
0.484375 2.136882107242129 4.419236039554347 2.1368821027695133 4.4192360225588185 -1.414693107295441e-64
0.515625 2.1367295763840817 4.4192360401033115 2.136729572073867 4.4192360221777705 -3.145813634902412e-64
0.546875 2.136577000846993 4.419236040650761 2.136576996685741 4.419236021829791 -6.959052145299416e-64
0.578125 2.1364243805988545 4.41923604119761 2.136424376573589 4.419236021514861 -1.5319234162033377e-63
0.609375 2.136271715607622 4.419236041744773 2.136271711705977 4.419236021232594 -3.356600044717967e-63
0.640625 2.136119005841243 4.419236042293095 2.1361190020515326 4.419236020982361 -7.321984942534789e-63
0.671875 2.135966251267679 4.419236042843282 2.1359662475789074 4.419236020763384 -1.5903905636321816e-62
0.703125 2.1358134518549248 4.41923604339586 2.135813448256714 4.419236020574892 -3.4402769321153487e-62
0.734375 2.1356606075709994 4.419236043951228 2.1356606040534913 4.4192360204162195 -7.4123871613528855e-62
0.765625 2.1355077183839164 4.419236044509702 2.1355077149376793 4.419236020286839 -1.590929990931295e-61
0.796875 2.1353547842616596 4.419236045071574 2.135354780877625 4.419236020186357 -3.401882857024736e-61
0.828125 2.1352018051721506 4.419236045637189 2.135201801841616 4.419236020114434 -7.247774453020917e-61
0.859375 2.135048781083217 4.419236046207036 2.1350487777979232 4.419236020070673 -1.5386651948267813e-60
0.890625 2.134895711962567 4.419236046781826 2.1348957087148603 4.419236020054468 -3.2551487659220895e-60
0.921875 2.1347425977777865 4.419236047362464 2.134742594560818 4.419236020064919 -6.863006283915339e-60
0.953125 2.1345894384963624 4.419236047950015 2.1345894353042922 4.41923602010075 -1.442119640701555e-59
0.984375 2.134436234085696 4.419236048545649 2.134436230913884 4.419236020160312 -3.0203361416968546e-59
1.015625 2.134282984513157 4.419236049150534 2.1342829813582944 4.419236020241598 -6.305182608170241e-59
1.046875 2.134129689746117 4.419236049765731 2.1341296866062924 4.419236020342337 -1.3120415267055653e-58
1.078125 2.1339763497520026 4.419236050392057 2.133976346626662 4.419236020460089 -2.7215866533612825e-58
1.109375 2.1338229644983313 4.419236051030014 2.1338229613881556 4.419236020592394 -5.6277758939184945e-58
1.140625 2.133669533952733 4.419236051679724 2.133669530859454 4.419236020736859 -1.1601261438237894e-57
1.171875 2.133516058082953 4.419236052340922 2.13351605500914 4.41923602089123 -2.3841835575636754e-57
1.203125 2.1333625368568567 4.41923605301295 2.133362533805691 4.419236021053422 -4.884848740431868e-57
1.234375 2.133208970242415 4.419236053694807 2.133208967217488 4.419236021221487 -9.978129800561989e-57
1.265625 2.133055358207672 4.419236054385191 2.13305535521283 4.419236021393562 -2.0320867377757505e-56
1.296875 2.1329017007207387 4.419236055082555 2.132901697759956 4.419236021567836 -4.126081146814488e-56
1.328125 2.1327479977497696 4.419236055785149 2.132747994827061 4.419236021742505 -8.352991740634592e-56
1.359375 2.1325942492629553 4.419236056491032 2.132594246382291 4.419236021915797 -1.686011193240446e-55
1.390625 2.1324404552285277 4.419236057198089 2.1324404523937357 4.419236022085997 -3.3931056550831865e-55
1.421875 2.1322866156147535 4.4192360579040155 2.132286612829397 4.419236022251498 -6.808576983337657e-55
1.453125 2.132132730389954 4.419236058606294 2.1321327276571482 4.419236022410929 -1.3621972531801136e-54
1.484375 2.131978799522517 4.4192360593021505 2.1319787968446873 4.419236022563271 -2.71737836329482e-54
1.515625 2.131824822980904 4.419236059988528 2.1318248203595145 4.4192360227079135 -5.404899700758321e-54
1.546875 2.131670800733666 4.419236060662053 2.131670798168905 4.419236022844727 -1.07189611230049e-53
1.578125 2.1315167327494304 4.419236061319076 2.1315167302399303 4.419236022973992 -2.119554414886232e-53
1.609375 2.131362618996863 4.419236061955772 2.1313626165394943 4.419236023096353 -4.178897469918695e-53
1.640625 2.131208459444613 4.41923606256827 2.131208457034366 4.419236023212692 -8.214889684997225e-53
1.671875 2.131054254061214 4.4192360631528915 2.131054251691223 4.41923602332403 -1.6101315822779676e-52
1.703125 2.130900002815002 4.419236063706343 2.1309000004767022 4.419236023431413 -3.1465632025112256e-52
1.734375 2.1307457056740295 4.419236064225958 2.13074570335743 4.419236023535815 -6.1308674558564455e-52
1.765625 2.1305913626059985 4.419236064709851 2.1305913603000572 4.419236023638086 -1.1909998921582205e-51
1.796875 2.1304369735782345 4.419236065156989 2.13043697127126 4.419236023738907 -2.3067406877601848e-51
1.828125 2.130282538557691 4.419236065567144 2.13028253623773 4.419236023838819 -4.454253611117328e-51
1.859375 2.130128057511029 4.419236065940726 2.130128055166163 4.41923602393827 -8.574936586047256e-51
1.890625 2.129973530404734 4.419236066278489 2.1299735280232337 4.419236024037664 -1.645720846417934e-50
1.921875 2.1298189572052286 4.41923606658123 2.1298189547755837 4.4192360241373905 -3.1487547339947423e-50
1.953125 2.129664337878978 4.419236066849535 2.129664335389809 4.419236024237835 -6.005727064687491e-50
1.984375 2.1295096723925546 4.419236067083615 2.129509669832486 4.41923602433933 -1.1418828486624206e-49
2.015625 2.1293549607126674 4.419236067283234 2.1293549580701816 4.419236024442126 -2.164163558795051e-49
2.046875 2.1292002028061168 4.419236067447827 2.1292002000694783 4.419236024546315 -4.0883930329748965e-49
2.078125 2.1290453986397138 4.419236067576678 2.1290453957969855 4.419236024651812 -7.698188899911537e-49
2.109375 2.1288905481801814 4.419236067669205 2.1288905452193405 4.419236024758339 -1.4446905109718582e-48
2.140625 2.1287356513940563 4.419236067725169 2.1287356483032047 4.419236024865454 -2.702002356417873e-48
2.171875 2.1285807082476027 4.419236067744905 2.128580705015244 4.419236024972571 -5.0360797287801475e-48
2.203125 2.128425718706771 4.419236067729438 2.1284257153220887 4.419236025079073 -9.353267962350299e-48
2.234375 2.1282706827372015 4.419236067680449 2.1282706791902837 4.419236025184435 -1.7308607822853055e-47
2.265625 2.128115600304249 4.419236067600228 2.128115596586258 4.4192360252883045 -3.1911596593010844e-47
2.296875 2.1279604713730405 4.419236067491517 2.127960467476281 4.419236025390601 -5.8610728285051535e-47
2.328125 2.1278052959085616 4.419236067357305 2.127805291826459 4.419236025491543 -1.0722511834554478e-46
2.359375 2.127650073875731 4.419236067200654 2.1276500696027405 4.41923602559163 -1.9536579209753196e-46
2.390625 2.127494805239464 4.419236067024528 2.1274948007709322 4.419236025691591 -3.544595714090166e-46
2.421875 2.1273394899647027 4.41923606683172 2.1273394852967398 4.419236025792284 -6.402876193520721e-46
2.453125 2.1271841280164123 4.4192360666248565 2.1271841231458213 4.419236025894596 -1.1512940178789018e-45
2.484375 2.1270287193595734 4.419236066406424 2.127028714283817 4.419236025999341 -2.060150041016556e-45
2.515625 2.126873263959147 4.41923606617887 2.1268732586763988 4.419236026107136 -3.6677085226756304e-45
2.546875 2.1267177617800437 4.419236065944656 2.1267177562893083 4.419236026218335 -6.494345351696857e-45
2.578125 2.1265622127870962 4.419236065706331 2.126562207088358 4.419236026333017 -1.1432892156771465e-44
2.609375 2.1264066169450357 4.419236065466601 2.126406611039413 4.419236026451019 -2.0001391905388715e-44
2.640625 2.126250974218484 4.419236065228355 2.126250968108368 4.419236026572007 -3.4754386748737267e-44
2.671875 2.1260952845719667 4.41923606499461 2.1260952782611104 4.419236026695574 -5.993943055649722e-44
2.703125 2.1259395479699497 4.419236064768426 2.125939541463479 4.41923602682134 -1.025195040406753e-43
2.734375 2.1257837643768833 4.419236064552793 2.1257837576812504 4.41923602694898 -1.7371316768754017e-43
2.765625 2.1256279337572312 4.419236064350583 2.1256279268801346 4.41923602707825 -2.91205779188509e-43
2.796875 2.1254720560754987 4.419236064164459 2.1254720490257872 4.419236027208941 -4.8208921257584945e-43
2.828125 2.1253161312962536 4.41923606399682 2.125316124083822 4.419236027340862 -7.862381985663504e-43
2.859375 2.1251601593841407 4.419236063849759 2.1251601520198307 4.4192360274737705 -1.258888113997978e-42
2.890625 2.125004140303865 4.419236063725119 2.12500413279941 4.419236027607337 -1.9689254483153933e-42
2.921875 2.124848074020208 4.419236063624469 2.124848066388174 4.41923602774109 -2.984371359915005e-42
2.953125 2.12469196049803 4.4192360635490635 2.124691952751757 4.419236027874433 -4.325788212120148e-42
2.984375 2.1245357997022887 4.4192360634998025 2.1245357918557843 4.41923602800669 -5.846063377957028e-42
3.015625 2.1243795915980743 4.419236063477152 2.124379583665843 4.419236028137167 -6.949926403797957e-42
3.046875 2.1242233361506075 4.419236063481145 2.124223328147444 4.419236028265268 -5.97690423008472e-42
3.078125 2.1240670333252476 4.419236063511384 2.124067025266001 4.419236028390569 1.1041630246284527e-42
3.109375 2.123910683087467 4.419236063567074 2.123910674986787 4.419236028512889 2.3380523158598155e-41
3.140625 2.1237542854028013 4.419236063647172 2.123754277274929 4.419236028632302 8.040211368904828e-41
3.171875 2.1235978402367994 4.4192360637504855 2.1235978320954194 4.419236028749131 2.128823627925937e-40
3.203125 2.123441347554964 4.419236063875829 2.1234413394131226 4.419236028863923 5.035814308975148e-40
3.234375 2.123284807322719 4.41923606402214 2.123284799192817 4.41923602897735 1.1175793032213454e-39
3.265625 2.1231282195053662 4.4192360641885315 2.1231282113992402 4.4192360290900625 2.379148315477548e-39
3.296875 2.122971584068119 4.419236064374257 2.1229715759971386 4.419236029202603 4.9171664344323987e-39
3.328125 2.122814900976125 4.419236064578621 2.1228148929512924 4.419236029315323 9.937973385277114e-39
3.359375 2.122658170194531 4.419236064800842 2.1226581622265366 4.419236029428358 1.9733640409492698e-38
3.390625 2.1225013916885302 4.419236065039922 2.122501383787756 4.419236029541617 3.862246412839405e-38
3.421875 2.1223445654234103 4.419236065294536 2.1223445575998703 4.4192360296548205 7.467854512244359e-38
3.453125 2.1221876913645747 4.419236065562977 2.122187683627801 4.4192360297675854 1.4289429136809048e-37
3.484375 2.1220307694775413 4.419236065843156 2.1220307618364345 4.419236029879525 2.709319313161419e-37
3.515625 2.121873799727929 4.419236066132637 2.1218737921905957 4.419236029990308 5.095304745953352e-37
3.546875 2.1217167820814167 4.419236066428743 2.1217167746550367 4.419236030099683 9.512456240138327e-37
3.578125 2.1215597165036923 4.419236066728681 2.121559709194429 4.4192360302075 1.764039657518716e-36
3.609375 2.1214026029604005 4.419236067029675 2.1214025957733815 4.419236030313671 3.251223154159321e-36
3.640625 2.1212454414170985 4.419236067329068 2.1212454343564575 4.419236030418125 5.957967746992783e-36
3.671875 2.1210882318392317 4.419236067624375 2.1210882249082097 4.419236030520722 1.0859796109704051e-35
3.703125 2.120930974192135 4.419236067913291 2.1209309673932 4.419236030621205 1.969481613251063e-35
3.734375 2.12077366844104 4.419236068193662 2.1207736617760116 4.419236030719171 3.554705609886775e-35
3.765625 2.1206163145511026 4.4192360684634195 2.1206163080212286 4.4192360308141225 6.386682306426079e-35
3.796875 2.1204589124874156 4.419236068720556 2.1204589060934307 4.419236030905475 1.142489249897584e-34
3.828125 2.120301462215024 4.4192360689630785 2.1203014559571542 4.4192360309926615 2.0352048920353324e-34
3.859375 2.1201439636989194 4.419236069189013 2.120143957576846 4.4192360310752345 3.610838991254936e-34
3.890625 2.1199864169040197 4.41923606939647 2.119986410916832 4.419236031152959 6.381297208125961e-34
3.921875 2.119828821795129 4.419236069583711 2.1198288159412977 4.4192360312258545 1.123468433039923e-33
3.953125 2.11967117833689 4.419236069749306 2.119671172614286 4.419236031294195 1.9706444301768363e-33
3.984375 2.1195134864937453 4.419236069892213 2.1195134808997063 4.419236031358489 3.444218049896123e-33
4.015625 2.1193557462299117 4.41923607001183 2.1193557407613386 4.419236031419471 5.998506676741735e-33
4.046875 2.119197957509364 4.419236070108038 2.1191979521628683 4.419236031478012 1.04111138669265e-32
4.078125 2.1190401202958613 4.419236070181136 2.1190401150679827 4.419236031534865 1.8008638503315503e-32
4.109375 2.118882234552992 4.419236070231734 2.1188822294404597 4.419236031590478 3.104698038737646e-32
4.140625 2.1187243002442155 4.41923607026067 2.118724295244092 4.419236031645168 5.335009896503985e-32
4.171875 2.1185663173329123 4.419236070268854 2.118566312442478 4.41923603169961 9.137948787512768e-32
4.203125 2.11840828578243 4.4192360702571545 2.118408280999175 4.419236031754481 1.5601918693651058e-31
4.234375 2.1182502055561234 4.419236070226308 2.118250200878468 4.4192360318085555 2.65545774288298e-31
4.265625 2.118092076617364 4.419236070176897 2.1180920720454757 4.41923603185844 4.505546363689017e-31
4.296875 2.117933898929551 4.4192360701093385 2.1179338944638344 4.419236031904337 7.621057735477044e-31
4.328125 2.1177756724560965 4.419236070023912 2.1177756680933832 4.419236031955607 1.2851516331372023e-30
4.359375 2.117617397160397 4.419236069920835 2.117617392895005 4.419236032019134 2.1606037380466126e-30
4.390625 2.1174590730058123 4.419236069800299 2.1174590688413137 4.419236032072435 3.621484103504994e-30
4.421875 2.1173006999556643 4.419236069662491 2.1173006959123 4.419236032074771 6.0519690049571036e-30
4.453125 2.117142277973237 4.419236069507584 2.117142274060928 4.419236032052753 1.0083523940785047e-29
4.484375 2.1169838070217986 4.4192360693356925 2.116983803193196 4.419236032146755 1.6750947021985322e-29
4.515625 2.116825287064615 4.419236069146832 2.116825283245965 4.41923603242463 2.774487006777097e-29
4.546875 2.1166667180649825 4.4192360689408625 2.116666714315763 4.419236032555062 4.5819074330769235e-29
4.578125 2.11650809998623 4.41923606871744 2.116508096580584 4.419236032007203 7.544549486732463e-29
4.609375 2.116349432791723 4.419236068476046 2.116349429869855 4.419236031121844 1.238642375332453e-28
4.640625 2.1161907164448364 4.419236068216036 2.1161907134059437 4.419236031701841 2.027615344466844e-28
4.671875 2.1160319509089245 4.419236067936707 2.1160319466658417 4.419236034989131 3.3094267750190695e-28
4.703125 2.115873136147281 4.419236067637414 2.1158731309995433 4.419236037515728 5.38576355657764e-28
4.734375 2.1157142721230846 4.419236067317705 2.115714269446163 4.419236031682939 8.73912572067705e-28
4.765625 2.1155553587993636 4.419236066977392 2.1155553625337786 4.419236016280312 1.4138812796945444e-27
4.796875 2.1153963961389666 4.419236066616618 2.1153964036977024 4.41923600697428 2.2807587812770227e-27
4.828125 2.1152373841045637 4.419236066235861 2.115237384840176 4.419236024501272 3.668289004728993e-27
4.859375 2.115078322658672 4.419236065835895 2.11507831621243 4.419236041332963 5.882486307471667e-27
4.890625 2.11491921176368 4.419236065417687 2.1149192616215933 4.419235904772222 9.405155247393542e-27
4.921875 2.1147600513819036 4.419236064982291 2.1147604121524983 4.419235139795937 1.49924343140427e-26
4.953125 2.1146008414756317 4.419236064530716 2.114602322958941 4.419232382286641 2.3827139994964814e-26
4.984375 2.114441582007178 4.419236064063804 2.114447853834214 4.419220506034089 3.775344399229274e-26
5.015625 2.1142822729389072 4.419236063582158 2.1143006360460688 4.419191004047342 5.963706537766583e-26
5.046875 2.1141229142332616 4.41923606308608 2.114158723431416 4.4191474347517445 9.391605402168255e-26
5.078125 2.113963505852757 4.419236062575602 2.1140156962997474 4.4191077877036165 1.474398097469421e-25
5.109375 2.1138040477599374 4.419236062050558 2.1138665141275013 4.419083049049579 2.3074218514254646e-25
5.140625 2.1136445399173462 4.419236061510686 2.113711527036423 4.419069795072053 3.599654906553355e-25
5.171875 2.1134849822874884 4.419236060955715 2.1135545643773948 4.419065530439825 5.5975613110885925e-25
5.203125 2.113325374832802 4.419236060385434 2.113395949113083 4.419063362517228 8.676038409735593e-25
5.234375 2.11316571751565 4.419236059799719 2.113236642968927 4.4190610447383305 1.3403152088627167e-24
5.265625 2.113006010298326 4.4192360591985045 2.1130770648549664 4.4190608967928995 2.063626327147327e-24
5.296875 2.112846253143072 4.419236058581738 2.112917317240664 4.419062028184487 3.1664072085467803e-24
5.328125 2.1126864460121024 4.419236057949339 2.112757337730016 4.419062403523823 4.8415436441065506e-24
5.359375 2.112526588867632 4.419236057301129 2.112597285761562 4.419062143963366 7.376468727502132e-24
5.390625 2.1123666816718907 4.419236056636798 2.1124373668170726 4.419062395489055 1.1197544736359961e-23
5.421875 2.112206724387124 4.419236055955901 2.112277510650063 4.419062789458245 1.6934177460038927e-23
5.453125 2.1120467169755734 4.419236055257889 2.112117541242349 4.4190626362496515 2.5510813027808987e-23
5.484375 2.1118866593994463 4.419236054542206 2.1119574708073205 4.419062346677704 3.8277972523577195e-23
5.515625 2.1117265516208725 4.419236053808377 2.111797381021691 4.419062481494067 5.719737357640802e-23
5.546875 2.111566393601872 4.419236053056109 2.111637255599053 4.419062752960935 8.510108664216983e-23
5.578125 2.111406185304319 4.419236052285367 2.1114770474306517 4.419062750083617 1.2605058654817386e-22
5.609375 2.1112459266899335 4.4192360514964 2.1113167806770923 4.419062643024823 1.8582826090560647e-22
5.640625 2.11108561772028 4.419236050689738 2.1111564917800956 4.4190627335113035 2.7260073698019643e-22
5.671875 2.110925258356783 4.419236049866154 2.110996158849211 4.419062890746932 3.977987490968176e-22
5.703125 2.1107648485607653 4.419236049026551 2.110835752350738 4.41906291386197 5.77259160798956e-22
5.734375 2.110604388293509 4.419236048171841 2.1106752882179176 4.419062887549185 8.326656155385357e-22
5.765625 2.110443877516296 4.419236047302814 2.110514791504481 4.419062967772144 1.193295339358929e-21
5.796875 2.110283316190449 4.4192360464200835 2.11035425048329 4.4190630835469 1.698014209741317e-21
5.828125 2.1101227042773387 4.419236045524022 2.1101936449760754 4.419063117906864 2.397332648142728e-21
5.859375 2.109962041738392 4.419236044614766 2.1100329827967865 4.4190631190345915 3.3550959936201877e-21
5.890625 2.109801328535072 4.41923604369226 2.109872280714151 4.419063188454398 4.648962114637106e-21
5.921875 2.1096405646288376 4.419236042756334 2.1097115331969984 4.419063287672884 6.368100805829833e-21
5.953125 2.109479749981104 4.419236041806801 2.1095507264629827 4.419063332227115 8.605353010410987e-21
5.984375 2.109318884553228 4.419236040843534 2.109389864127894 4.419063345064476 1.143913179228943e-20
6.015625 2.109157968306475 4.419236039866499 2.109228958098548 4.4190634030796065 1.489719778190366e-20
6.046875 2.1089970012020274 4.4192360388757645 2.1090680063413916 4.419063491447023 1.8889436847287846e-20
6.078125 2.108835983200988 4.419236037871474 2.1089069984056588 4.419063544068282 2.3088901174160298e-20
6.109375 2.1086749142644203 4.41923603685376 2.108745934561424 4.419063564305926 2.672813031849725e-20
6.140625 2.1085137943533727 4.419236035822674 2.1085848235319027 4.419063610471234 2.8258874022225216e-20
6.171875 2.1083526234288934 4.419236034778145 2.108423666063107 4.419063686531244 2.4794409328619503e-20
6.203125 2.108191401452053 4.419236033719934 2.108262454805925 4.419063744974156 1.120966778113034e-20
6.234375 2.1080301283839304 4.419236032647672 2.1081011883052305 4.419063776866606 -2.1292021952213176e-20
6.265625 2.1078688041855766 4.419236031560942 2.10793987260204 4.419063822108405 -8.743644241968582e-20
6.296875 2.1077074288179913 4.41923603045935 2.107778509519176 4.419063892178661 -2.1139984100659238e-19
6.328125 2.1075460022420716 4.419236029342619 2.107617093792602 4.419063952861901 -4.3225443940309184e-19
6.359375 2.1073845244185767 4.419236028210701 2.107455623105868 4.4190639895133526 -8.123242558628094e-19
6.390625 2.1072229953081067 4.419236027063828 2.107294101755362 4.419064030661151 -1.449916056694189e-18
6.421875 2.107061414871106 4.41923602590251 2.107132532367518 4.419064093325795 -2.498590031010466e-18
6.453125 2.1068997830678686 4.4192360247275255 2.1069709115009445 4.419064155084233 -4.1961531058258706e-18
6.484375 2.1067380998585663 4.419236023539825 2.106809236424975 4.419064198525978 -6.908033070364404e-18
6.515625 2.106576365203295 4.419236022340433 2.1066475097425332 4.419064241073116 -1.1191819602844879e-17
6.546875 2.1064145790621316 4.419236021130318 2.106485734076902 4.419064299746077 -1.7892814642745072e-17
6.578125 2.1062527413951817 4.419236019910263 2.106323907392514 4.419064361249061 -2.828480622676629e-17
6.609375 2.106090852162601 4.419236018680835 2.106162027132096 4.419064409788154 -4.427650759039602e-17
6.640625 2.1059289113246065 4.419236017442336 2.106000094723306 4.41906445602222 -6.871293963104205e-17
6.671875 2.1057669188414643 4.419236016194833 2.105838112410815 4.4190645145506 -1.0581352319837788e-16
6.703125 2.1056048746734577 4.41923601493824 2.1056760789768876 4.419064576394613 -1.6180622920595578e-16
6.734375 2.1054427787808474 4.419236013672423 2.1055139922951316 4.419064628144138 -2.4584179170539287e-16
6.765625 2.105280631123829 4.419236012397295 2.105351853681684 4.419064675423094 -3.7130643844254734e-16
6.796875 2.1051184316625258 4.419236011112842 2.1051896682011915 4.419064725451889 -5.576995431938721e-16
6.828125 2.1049561803569725 4.419236009819145 2.10502744077763 4.419064755911629 -8.333090963179003e-16
6.859375 2.1047938771671197 4.419236008516378 2.1048651699412644 4.419064752199529 -1.2390097532254693e-15
6.890625 2.104631522052864 4.4192360072047485 2.1047028293514423 4.419064785865502 -1.833634667520214e-15
6.921875 2.1044691149740666 4.419236005884408 2.1045403236154137 4.419065101613084 -2.7015457262591083e-15
6.953125 2.1043066558905883 4.419236004555408 2.104377383426386 4.4190663620118915 -3.963263749308563e-15
6.984375 2.1041441447622984 4.41923600321768 2.104213045594279 4.419070900413634 -5.790342783568785e-15
7.015625 2.103981581549081 4.419236001870987 2.1040435600640484 4.4190879727443555 -8.426110147273168e-15
7.046875 2.103818966210824 4.419236000514986 2.1038667329378264 4.419122360012551 -1.2214485147172358e-14
7.078125 2.103656298707377 4.4192359991493015 2.1036863346797054 4.419166561404031 -1.7639885483553146e-14
7.109375 2.1034935789985076 4.4192359977736295 2.103508802307428 4.419201630856412 -2.53822982660602e-14
7.140625 2.103330807043861 4.419235996387846 2.1033376426683392 4.419222293340692 -3.63930197719041e-14
7.171875 2.103167982802927 4.419235994992105 2.103171387407701 4.419232278823474 -5.1998468342356297e-14
7.203125 2.1030051062350226 4.4192359935868515 2.103006402349365 4.419235490754895 -7.404199539793786e-14
7.234375 2.1028421772993062 4.419235992172808 2.1028427169326154 4.419237455580269 -1.050769502468153e-13
7.265625 2.1026791959547997 4.419235990750911 2.10267953700429 4.419239248130565 -1.4862863863463673e-13
7.296875 2.1025161621604287 4.4192359893222015 2.102516429743393 4.419239151525071 -2.0954856369736308e-13
7.328125 2.102353075875066 4.419235987887736 2.102353370417596 4.419238152729148 -2.9449184610589434e-13
7.359375 2.102189937057579 4.419235986448449 2.102190407389412 4.419237995546911 -4.1255848706260836e-13
7.390625 2.102026745666882 4.419235985005055 2.102027356193157 4.419238329039629 -5.761517913992377e-13
7.421875 2.101863501661935 4.419235983558014 2.1018640822529058 4.419238170084093 -8.021235938183894e-13
7.453125 2.1017002050017477 4.419235982107536 2.1017006899462394 4.419237912989121 -1.113296906264696e-12
7.484375 2.1015368556453473 4.419235980653645 2.101537328208847 4.419238124271642 -1.5404834363647938e-12
7.515625 2.101473453551729 4.41923597919629 2.1013739630188617 4.419238385754445 -2.1251475998174054e-12
7.546875 2.101309998679801 4.419235977735472 2.1012105063664737 4.419238260256663 -2.922911974610753e-12
7.578125 2.10114649098836 4.419235976271291 2.101046976285228 4.41923805989771 -4.008153816462366e-12
7.609375 2.1009829304360506 4.419235974804037 2.100883421149639 4.419238146555635 -5.480010911465506e-12
7.640625 2.1008193169813656 4.419235973334142 2.1007198215195837 4.419238311561882 -7.470200829441743e-12
7.671875 2.1006556505826457 4.419235971862139 2.1005561447305867 4.419238273740804 -1.0153164275917284e-11
7.703125 2.1004919311981034 4.419235970388599 2.1003924103272853 4.419238169259654 -1.3759175065993107e-11
7.734375 2.1003281587858376 4.419235968914017 2.10022864461429 4.4192382056033 -1.8591221278310382e-11
7.765625 2.1001643333038476 4.419235967438712 2.100064831644334 4.419238291766041 -2.5046660111161175e-11
7.796875 2.100000454710012 4.419235965962797 2.099900949038921 4.419238273904043 -3.364488926874075e-11
7.828125 2.099836522962049 4.419235964486161 2.0997370078617137 4.419238214736694 -4.506256740414861e-11
7.859375 2.0996725380174373 4.419235963008523 2.099573026146504 4.419238229973798 -6.017826279695694e-11
7.890625 2.099508499833287 4.4192359615295675 2.099408996305841 4.419238278012932 -8.012882088826562e-11
7.921875 2.0993444083661763 4.419235960049119 2.0992449034253173 4.4192382681689955 -1.0638022529341046e-10
7.953125 2.099180263571995 4.41923595856724 2.099080752154199 4.4192382294664565 -1.4081629059050188e-10
7.984375 2.0990160654057495 4.419235957084371 2.0989165543883965 4.419238236597225 -1.8584917425466984e-10
8.015625 2.0988518138213776 4.419235955601353 2.098752307129779 4.419238270158493 -2.445564327745659e-10
8.046875 2.0986875087715258 4.419235954119435 2.0985880005633386 4.4192382669447206 -3.2085017244722926e-10
8.078125 2.0985231502073183 4.4192359526401965 2.0984236365440645 4.419238239500574 -4.196847518033573e-10
8.109375 2.098358738078066 4.419235951165458 2.0982592235201336 4.41923824321335 -5.473104646628257e-10
8.140625 2.0981942723309426 4.419235949697125 2.0980947605252855 4.419238270985714 -7.115816430660233e-10
8.171875 2.0980297529105787 4.419235948236995 2.0979302400137265 4.41923827314608 -9.22328624068492e-10
8.203125 2.0978651797585504 4.419235946786638 2.0977656619929217 4.419238251107175 -1.191803958165589e-09
8.234375 2.097700552812741 4.41923594534727 2.097601033010306 4.419238249293076 -1.5352140059132596e-09
8.265625 2.097535872006546 4.419235943919755 2.0974363536279137 4.419238271509833 -1.971347542156692e-09
8.296875 2.097371137267915 4.419235942504621 2.097271617925075 4.419238278731838 -2.523312985973188e-09
8.328125 2.0972063485182293 4.419235941102152 2.097106824553837 4.419238262880324 -3.219395161131922e-09
8.359375 2.0970415056709695 4.419235939712549 2.0969419785858068 4.419238258551799 -4.094040754180995e-09
8.390625 2.09687660863023 4.419235938336059 2.096777081887974 4.419238278602757 -5.1889784705830064e-09
8.421875 2.0967116572890685 4.41923593697306 2.0966121300744507 4.41923829452212 -6.554474776039984e-09
8.453125 2.096546651527722 4.419235935624101 2.096447120618195 4.4192382906105605 -8.250718395545009e-09
8.484375 2.096381591211712 4.419235934289864 2.096282056711018 4.419238289178511 -1.0349315607112637e-08
8.515625 2.0962164761898583 4.4192359329710955 2.096116940655228 4.41923830650671 -1.2934862794373492e-08
8.546875 2.0960513062922677 4.4192359316685135 2.095951769568091 4.419238324572746 -1.610654146399652e-08
8.578125 2.09588608132839 4.41923593038276 2.0957865406970146 4.419238326540797 -1.9979652470463198e-08
8.609375 2.095720801085289 4.419235929114361 2.095621255983972 4.419238326911904 -2.4686968687730042e-08
8.640625 2.095555465326338 4.41923592786374 2.095455917905169 4.419238343777756 -3.037973662956737e-08
8.671875 2.095390073790647 4.419235926631325 2.095290524716177 4.419238367343818 -3.722809494294276e-08
8.703125 2.0952246261935987 4.419235925417654 2.095125073430231 4.419238379770276 -4.542059821685135e-08
8.734375 2.0950591222290753 4.419235924223488 2.094959564488017 4.419238386158119 -5.5162434587404565e-08
8.765625 2.094893561574039 4.419235923049881 2.0947939998459706 4.419238401711597 -6.667180104523568e-08
8.796875 2.0947279438963684 4.41923592189819 2.094628378670131 4.419238423148915 -8.017374642759501e-08
8.828125 2.0945622688671026 4.419235920770003 2.09446269851775 4.419238436506001 -9.589060343071351e-08
8.859375 2.0943965361784667 4.419235919667028 2.0942969592935263 4.419238443273983 -1.1402790157076528e-07
8.890625 2.094230745569471 4.419235918590976 2.094131162666201 4.419238456304997 -1.3475437614470108e-07
8.921875 2.0940648968612674 4.419235917543384 2.0939653085375456 4.419238476149069 -1.581743565263702e-07
8.953125 2.093898990004933 4.419235916525494 2.0937993952565 4.419238492189221 -1.842904225897277e-07
8.984375 2.0937330251449793 4.419235915538212 2.093633422826052 4.419238503499437 -2.129537521443204e-07
9.015625 2.0935670027025948 4.419235914582077 2.0934673930582317 4.419238519289339 -2.4379903603245343e-07
9.046875 2.093400923483439 4.41923591365733 2.093301306866952 4.419238540229617 -2.7616020174017365e-07
9.078125 2.093234788815727 4.4192359127640195 2.09313516422763 4.419238557278856 -3.089624517400078e-07
9.109375 2.09306860072549 4.419235911902108 2.0929689670339253 4.419238569482977 -3.405852802832484e-07
9.140625 2.092902362157077 4.419235911071553 2.0928027196829397 4.419238586374003 -3.686901735755997e-07
9.171875 2.092736077248362 4.419235910272354 2.092636426715929 4.419238610483661 -3.900056158431509e-07
9.203125 2.092569751671674 4.419235909504578 2.092470092435399 4.419238632552755 -4.00060811963365e-07
9.234375 2.0924033930531842 4.4192359087683695 2.092303723814134 4.41923864806035 -3.92858192564735e-07
9.265625 2.0922370114853948 4.419235908063937 2.092137332174206 4.419238664945786 -3.6047328921586107e-07
9.296875 2.092070620149436 4.419235907391513 2.091970931660421 4.419238689346543 -2.9256895874623466e-07
9.328125 2.091904236066101 4.419235906751294 2.091804538472671 4.419238715526114 -1.75809204796358e-07
9.359375 2.0917378809969227 4.419235906143399 2.0916381734589504 4.419238737101627 6.84399496390746e-09
9.390625 2.0915715825190504 4.419235905567825 2.0914718648855324 4.41923875829791 2.769693754259723e-07
9.421875 2.0914053753002992 4.419235905024406 2.0913056484564416 4.419238785603264 6.6168109169794e-07
9.453125 2.0912393026032623 4.419235904512786 2.0911395670336743 4.41923881593371 1.1948019652308614e-06
9.484375 2.0910734180500072 4.419235904032422 2.090973673232205 4.419238842144454 1.91823977061019e-06
9.515625 2.090807787681256 4.419235903582621 2.090808033270438 4.4192388649271095 2.8835929655655025e-06
9.546875 2.0906424923462734 4.4192359031626145 2.0906427289619867 4.419238890159011 4.154014011294916e-06
9.578125 2.0904776304616024 4.419235902771667 2.090477858818552 4.4192389179137415 5.806359934410772e-06
9.609375 2.090313321178299 4.419235902409188 2.0903135412809357 4.419238942887029 7.933660947464523e-06
9.640625 2.0901497079982967 4.419235902074787 2.090149919782654 4.419238964008839 1.0647938659910819e-05
9.671875 2.0899869628806558 4.4192359017682845 2.089987166996755 4.419238985376869 1.4083405549510238e-05
9.703125 2.0898252908777755 4.419235901489676 2.0898254882077283 4.419239007865581 1.8400076786345152e-05
9.734375 2.0896649353397594 4.419235901239091 2.089665126223545 4.41923902718786 2.3787824056655596e-05
9.765625 2.0895061837219684 4.419235901016636 2.0895063682896367 4.419239041247447 3.047089856032277e-05
9.796875 2.0893493740260425 4.419235900822275 2.0893495529817523 4.419239053143034 3.871294668531413e-05
9.828125 2.0891949018981784 4.419235900655748 2.089195076414639 4.419239065265263 4.882253682205016e-05
9.859375 2.089043228399958 4.419235900516554 2.0890433994583626 4.419239075618284 6.115920919813026e-05
9.890625 2.088894888456299 4.419235900404009 2.088895056785588 4.419239081804841 7.614005232250465e-05
9.921875 2.0887504999719955 4.419235900317334 2.0887506664602835 4.419239084168606 9.424679947325484e-05
9.953125 2.0886107735924906 4.419235900255799 2.0886109392968484 4.419239083131972 0.00011603342650898227
9.984375 2.088476523066107 4.4192359002188155 2.0884766889775443 4.419239077576908 0.00014213421802187232
10.015625 2.0883486761434655 4.419235900206002 2.088348843426611 4.41923906800487 0.00017327225240822825
10.046875 2.0882282859256556 4.419235900217146 2.0882284563056395 4.41923905752218 0.00021026823778249598
10.078125 2.08811654254546 4.419235900252101 2.0881167179908333 4.419239047169594 0.00025404960983168684
10.109375 2.088014785036043 4.419235900310653 2.08801496707167 4.419239033473392 0.0003056597797921633
10.140625 2.087924513209056 4.419235900392357 2.0879247029540084 4.419239013268126 0.0003662673958988225
10.171875 2.087847399329383 4.41923590049643 2.087847598196493 4.419238988096685 0.00043717545516134556
10.203125 2.087785299337341 4.419235900621728 2.087785509234266 4.419238960907432 0.0005198300745101878
10.234375 2.0877402633315074 4.419235900766793 2.0877404860894373 4.41923893092866 0.0006158287016735327
10.265625 2.087714544987284 4.419235900929985 2.0877147820381463 4.41923889532712 0.0007269275171483163
10.296875 2.0877106095487226 4.4192359011096425 2.087710862353625 4.419238854202289 0.0008550477499748933
10.328125 2.0877311399949927 4.419235901304248 2.087731410407529 4.419238810161005 0.0010022806024855794
10.359375 2.0877790409494317 4.419235901512609 2.0877793308878414 4.419238763730667 0.0011708904536466504
10.390625 2.08785743986975 4.419235901733938 2.087857750914887 4.41923871287257 0.00136331598802327
10.421875 2.0879696850340084 4.41923590196788 2.087970018640779 4.419238657059866 0.0015821688788247121
10.453125 2.0881193398201576 4.4192359022144805 2.0881196977082035 4.419238598471917 0.001830229640059798
10.484375 2.0883101727687645 4.419235902474112 2.0883105567794304 4.419238538450539 0.0021104402557239545
10.515625 2.088546142920853 4.419235902747362 2.0885465546033015 4.419238475701549 0.0024258931943456344
10.546875 2.0888313799370923 4.4192359030349095 2.0888318205699963 4.419238409187315 0.002779816426326757
10.578125 2.089170158532596 4.419235903337458 2.089170629473518 4.419238340301025 0.0031755540804596885
10.609375 2.089566866804739 4.419235903655627 2.089567369478375 4.4192382704649305 0.003616542405846326
10.640625 2.090025968091016 4.4192359039898825 2.0900265035626493 4.419238198370003 0.004106280747108303
10.671875 2.0905519560708337 4.41923590434047 2.090552524865666 4.419238121604411 0.004648297295010989
10.703125 2.0911493029201473 4.4192359047073815 2.0911499053790066 4.4192380402092315 0.005246109441955015
10.734375 2.091822400440962 4.4192359050903365 2.0918230371322224 4.419237957043642 0.00590317865247471
10.765625 2.0925754942187296 4.41923590548881 2.092576165922293 4.419237874932939 0.006622859852864577
10.796875 2.093412611008506 4.4192359059021555 2.093413318359831 4.4192377943990175 0.007408345450915949
10.828125 2.0943374797138956 4.419235906329673 2.094338222860001 4.419237713729218 0.008262604215674192
10.859375 2.0953534464989776 4.419235906770718 2.0953542249757837 4.419237630432643 0.009188315376884767
10.890625 2.0964633847596343 4.419235907224712 2.096464197663956 4.419237543186603 0.01018779844269984
10.921875 2.0976696008732327 4.419235907691177 2.09767044726146 4.419237453327488 0.01126293938012599
10.953125 2.098973736840207 4.4192359081697035 2.0989746160313913 4.419237364202475 0.012415113953013106
10.984375 2.1003766711229233 4.41923590865991 2.1003775825937705 4.4192372784436005 0.013645109164084353
11.015625 2.1018784191706965 4.419235909161368 2.101879362210199 4.419237196357003 0.014953043897151557
11.046875 2.10347803528963 4.4192359096735965 2.1034790088961577 4.419237117519831 0.016338289999458067
11.078125 2.1051735176659836 4.419235910196074 2.105174520767539 4.41923704291313 0.017799395177961152
11.109375 2.106961718476508 4.419235910728295 2.106962750019908 4.419236974038611 0.019334009203016627
11.140625 2.108838261112921 4.419235911269881 2.1088393197712967 4.4192369103707865 0.020938815013958157
11.171875 2.110797466605591 4.419235911820705 2.11079855048989 4.419236849373048 0.022609466399069394
11.203125 2.1128322913490845 4.419235912380977 2.1128333981566767 4.4192367893934295 0.02434053397314911
11.234375 2.114934278206026 4.419235912951277 2.1149354056350806 4.419236731421716 0.026125461195244212
11.265625 2.1170935229932666 4.41923591353255 2.1170946689514336 4.419236677716802 0.027956532153544326
11.296875 2.119298658234272 4.419235914125983 2.1192998207587936 4.419236629884293 0.02982485279080091
11.328125 2.1215368558937864 4.419235914732832 2.12153803306506 4.41923658883022 0.031720347149536324
11.359375 2.1237938505961624 4.419235915354257 2.1237950405450343 4.4192365553828505 0.033631770080131254
11.390625 2.126053984569772 4.419235915991141 2.126055185410042 4.419236529796796 0.03554673767593849
11.421875 2.128300275259797 4.419235916643978 2.1283014849271606 4.419236511134165 0.037451776478212004
11.453125 2.130514506215087 4.419235917312799 2.130515722435117 4.419236498126115 0.039332392231319985
11.484375 2.132677341487021 4.419235917997214 2.132678561938803 4.4192364904770125 0.041173158668053204
11.515625 2.134768463385708 4.419235918696546 2.1347696858236445 4.419236488590189 0.04295782646966331
11.546875 2.136766733028254 4.419235919409985 2.1367679552025436 4.419236492233533 0.04466945218057142
11.578125 2.1386503726925516 4.41923592013672 2.1386515922458016 4.419236500384861 0.04629054646961692
11.609375 2.140397168566013 4.419235920876062 2.140398383125667 4.419236512539348 0.04780324072547297
11.640625 2.1419846920597188 4.4192359216274895 2.1419858994364462 4.419236529423513 0.04918947056157731
11.671875 2.143390537452806 4.419235922390647 2.143391735685949 4.419236551993911 0.05043117439454236
11.703125 2.144592573247479 4.419235923165337 2.1445937604452903 4.419236580091102 0.051510504859034176
11.734375 2.1455692042598615 4.419235923951451 2.1455703784395252 4.4192366124561175 0.052410050441439045
11.765625 2.1462996411533632 4.419235924748952 2.146300800263006 4.419236647955873 0.05311306436428788
11.796875 2.1467641738467385 4.419235925557813 2.1467653159338718 4.419236686564513 0.05360369744326279
11.828125 2.1469444450047943 4.419235926377964 2.1469455683514322 4.419236729136039 0.05386723137812902
11.859375 2.1468237196519393 4.419235927209231 2.146824822742704 4.419236776277912 0.05389030873688286
11.890625 2.1463871468421574 4.4192359280513545 2.1463882282147044 4.4192368275518055 0.05366115575656725
11.921875 2.1456220092777474 4.419235928903976 2.145623067466628 4.419236882087523 0.05316979402112389
11.953125 2.1445179567957693 4.419235929766636 2.1445189905168767 4.419236940194796 0.05240823709138409
11.984375 2.1430672197373886 4.4192359306387825 2.1430682281550895 4.419237003954434 0.05137066825821273
12.015625 2.141264798381159 4.419235931519768 2.141265781093371 4.419237075423448 0.05005359576840977
12.046875 2.139108624855495 4.4192359324089034 2.1391095814600503 4.41923715396594 0.048455982133748285
12.078125 2.1365996942455103 4.419235933305524 2.136600623812842 4.419237235732944 0.046579344473933665
12.109375 2.1337421619708397 4.419235934209022 2.1337430628768086 4.4192373161144065 0.04442782325967287
12.140625 2.130543404928753 4.419235935118897 2.1305442751293 4.419237392704023 0.04200821730578457
12.171875 2.1270140443642855 4.4192359360347755 2.1270148818035794 4.419237466111488 0.03932998340777328
12.203125 2.1231679289389005 4.419235936956422 2.123168731806277 4.419237538760789 0.03640519960818808
12.234375 2.1190220770134878 4.419235937883657 2.1190228438257575 4.419237613482519 0.033248491709506556
12.265625 2.1145965777318905 4.419235938816299 2.114597307335469 4.4192376927075685 0.02987692330508533
12.296875 2.109914451079449 4.419235939754076 2.10991514260411 4.419237777880354 0.026309850264809496
12.328125 2.105001467689206 4.419235940696553 2.1050021204729803 4.419237869108938 0.022568741272777516
12.359375 2.0998859297688774 4.419235941643121 2.099886543344029 4.419237965525992 0.018676966655785724
12.390625 2.0945984151177903 4.419235942593051 2.094598989284558 4.419238065996206 0.014659558348819613
12.421875 2.0891714867884983 4.419235943545583 2.08917202164201 4.419238169097607 0.01054294440308875
12.453125 2.0836393715174157 4.4192359445000235 2.0836398673221526 4.4192382723730566 0.006354661940193942
12.484375 2.078037610597481 4.41923594545587 2.0780380676146875 4.419238372345976 0.002123052880951984
12.515625 2.0724026873888244 4.419235946412831 2.0724031058780423 4.419238466034612 -0.002123052880951984
12.546875 2.0667716361550443 4.419235947370797 2.0667720166020516 4.419238552499051 -0.006354661940193942
12.578125 2.061181637366831 4.419235948329704 2.0611819806830036 4.41923863270308 -0.01054294440308875
12.609375 2.055669605022927 4.419235949289337 2.055669912489874 4.419238707899325 -0.014659558348819613
12.640625 2.0502717718904893 4.419235950249066 2.050272044966173 4.419238778408177 -0.018676966655785724
12.671875 2.045023278849772 4.419235951207691 2.0450235190715924 4.419238844205944 -0.022568741272777516
12.703125 2.039957774726089 4.419235952163394 2.0399579838247557 4.419238906341192 -0.026309850264809496
12.734375 2.0351070330870833 4.419235953113776 2.0351072131874113 4.419238967167262 -0.02987692330508533
12.765625 2.030500592456364 4.419235954056054 2.0305007460465365 4.419239028935134 -0.033248491709506556
12.796875 2.0261654262263624 4.419235954987384 2.0261655558341514 4.419239091818682 -0.03640519960818808
12.828125 2.0221256482266874 4.419235955905157 2.02212575601374 4.419239153119179 -0.03932998340777328
12.859375 2.0184022594068214 4.419235956807298 2.018402346885512 4.419239208369941 -0.04200821730578457
12.890625 2.0150129404178587 4.419235957692438 2.015013008468533 4.419239253077706 -0.04442782325967287
12.921875 2.0119718940304074 4.419235958559964 2.0119719431185734 4.419239284183146 -0.046579344473933665
12.953125 2.009289740318712 4.419235959409892 2.0092897708213022 4.4192393010393705 -0.048455982133748285
12.984375 2.006973466399802 4.419235960242651 2.0069734790894973 4.419239306013624 -0.05005359576840977
13.015625 2.005026431277475 4.419235961058879 2.005026427715431 4.419239304566309 -0.05137066825821273
13.046875 2.0034484250497986 4.419235961859236 2.003448407755856 4.419239303296042 -0.05240823709138409
13.078125 2.0022357804477453 4.419235962644292 2.0022357526355643 4.419239307064091 -0.05316979402112389
13.109375 2.001381533436704 4.419235963414366 2.0013814984460376 4.419239317570194 -0.05366115575656725
13.140625 2.000875628485172 4.419235964169522 2.0008755894548242 4.419239333617703 -0.05389030873688286
13.171875 2.000705163134419 4.419235964909509 2.0007051226665036 4.41923935280367 -0.05386723137812902
13.203125 2.000854665727406 4.419235965633719 2.000854625794424 4.419239371417571 -0.05360369744326279
13.234375 2.001306399601755 4.419235966341267 2.0013063614463036 4.419239385164903 -0.05311306436428788
13.265625 2.002040686733066 4.419235967031069 2.0020406508970625 4.419239391392075 -0.052410050441439045
13.296875 2.0030362437308127 4.41923596770191 2.003036210929103 4.41923938998109 -0.051510504859034176
13.328125 2.00427052322629 4.419235968352539 2.0042704941195257 4.419239384447883 -0.05043117439454236
13.359375 2.005720054027329 4.4192359689817104 2.0057200296735025 4.419239376102828 -0.04918947056157731
13.390625 2.007360773916253 4.419235969588249 2.0073607551268036 4.419239363707822 -0.04780324072547297
13.421875 2.009168349600368 4.419235970170956 2.009168336029163 4.419239346800406 -0.04629054646961692
13.453125 2.0111184790503573 4.419235970728577 2.011118471490625 4.419239320543617 -0.04466945218057142
13.484375 2.0131871722450034 4.419235971259858 2.0131871693690804 4.419239289760436 -0.04295782646966331
13.515625 2.015351007146995 4.41923597176363 2.0153510098530747 4.419239256320056 -0.041173158668053204
13.546875 2.0175873585348114 4.419235972239011 2.0175873709449137 4.4192392366257955 -0.039332392231319985
13.578125 2.0198745980859276 4.419235972685616 2.0198746224563426 4.4192392630053146 -0.037451776478212004
13.609375 2.0221922648277886 4.419235973103705 2.022192314037971 4.4192393139986414 -0.03554673767593849
13.640625 2.0245212057318462 4.419235973494108 2.024521271328238 4.419239376564462 -0.033631770080131254
13.671875 2.0268436868132995 4.419235973858038 2.0268437630969105 4.419239360292724 -0.031720347149536324
13.703125 2.029143475610354 4.419235974196848 2.029143553669067 4.419239230387639 -0.02982485279080091
13.734375 2.03140589635014 4.419235974511937 2.0314059438287164 4.419239117153534 -0.027956532153544326
13.765625 2.0336178594649024 4.41923597480492 2.0336179314088367 4.4192388884464355 -0.026125461195244212
13.796875 2.0357678674046014 4.419235975077981 2.0357678859036565 4.419238936811507 -0.02434053397314911
13.828125 2.0378459989046824 4.419235975334068 2.0378461001403347 4.419238725337275 -0.022609466399069394
13.859375 2.039843874015596 4.419235975576486 2.0398438959075063 4.419239077784847 -0.020938815013958157
13.890625 2.041754602289121 4.419235975807691 2.0417548018656744 4.419238897239468 -0.019334009203016627
13.921875 2.0435727165515667 4.4192359760275615 2.043572797176041 4.4192397880925665 -0.017799395177961152
13.953125 2.0452940946816325 4.419235976231978 2.0452945351974217 4.419239673486831 -0.016338289999458067
13.984375 2.046915871757069 4.419235976412922 2.0469161223478043 4.4192418153116115 -0.014953043897151557
14.015625 2.0484363448454146 4.419235976561002 2.0484373263733984 4.41924263208106 -0.013645109164084353
14.046875 2.0498548725955863 4.419235976670353 2.049856195607454 4.419247597029724 -0.012415113953013106
14.078125 2.0511717716443885 4.419235976744343 2.0511748544064687 4.419258159610178 -0.01126293938012599
14.109375 2.05238821168993 4.419235976799338 2.0523949654934412 4.419282764848278 -0.01018779844269984
14.140625 2.053506110907114 4.419235976863582 2.0535184915285805 4.4193200223317985 -0.009188315376884767
14.171875 2.054528033193174 4.419235976969839 2.0545464589396447 4.4193601304584815 -0.008262604215674192
14.203125 2.055457088538035 4.419235977143406 2.0554801663386475 4.419390975389222 -0.007408345450915949
14.234375 2.056296837619543 4.4192359773905645 2.0563223272283504 4.41940695460797 -0.006622859852864577
14.265625 2.0570512015314293 4.419235977695085 2.0570774037801156 4.419411651338718 -0.00590317865247471
14.296875 2.057724377366425 4.4192359780299135 2.0577507792481167 4.419412945092957 -0.005246109441955015
14.328125 2.058320760201096 4.419235978387163 2.0583472257697246 4.419413335589212 -0.004648297295010989
14.359375 2.058844871864951 4.41923597882236 2.058871356590199 4.419413442939775 -0.004106280747108303
14.390625 2.059301296725036 4.419235979501199 2.059327786307331 4.41941345836377 -0.003616542405846326
14.421875 2.0596946245787873 4.4192359807317345 2.0597211134273268 4.419413438749829 -0.0031755540804596885
14.453125 2.0600294006221205 4.419235982964921 2.0600558859760665 4.419413402240032 -0.002779816426326757
14.484375 2.0603100823468186 4.419235986753171 2.0603365626060217 4.419413354473527 -0.0024258931943456344
14.515625 2.0605410031220375 4.419235992668539 2.060567477735226 4.419413300476951 -0.0021104402557239545
14.546875 2.0607263421307063 4.419236001195722 2.0607528117413376 4.419413246522923 -0.001830229640059798
14.578125 2.0608701002643395 4.4192360126255394 2.0608965663260177 4.419413196883978 -0.0015821688788247121
14.609375 2.0609760815306934 4.419236026977222 2.0610025454884586 4.419413151175253 -0.00136331598802327
14.640625 2.0610478794973117 4.419236043971691 2.0610743420983457 4.419413105293658 -0.0011708904536466504
14.671875 2.061088868278751 4.419236063064076 2.0611153294795237 4.419413055276834 -0.0010022806024855794
14.703125 2.0611021975728896 4.419236083527174 2.0611286570213254 4.419413000901782 -0.0008550477499748933
14.734375 2.0610907912584286 4.419236104563724 2.06111724883385 4.419412945745169 -0.0007269275171483163
14.765625 2.061057349078182 4.41923612541939 2.0610838048931823 4.419412893279581 -0.0006158287016735327
14.796875 2.0610043509488953 4.419236145471393 2.061030804709355 4.419412842399524 -0.0005198300745101878
14.828125 2.0609340634576503 4.419236164278095 2.0609605138175855 4.41941278718568 -0.00043717545516134556
14.859375 2.060848548127953 4.4192361815879835 2.0608749928788646 4.419412722477248 -0.0003662673958988225
14.890625 2.0607496710661684 4.419236197317348 2.060776108361136 4.419412650807284 -0.0003056597797921633
14.921875 2.0606391136314532 4.419236211511014 2.060665543393622 4.4194125836239735 -0.00025404960983168684
14.953125 2.0605183838086734 4.419236224299793 2.0605448080073048 4.419412534142206 -0.00021026823778249598
14.984375 2.0603888280024214 4.419236235863399 2.060415249399771 4.419412506942536 -0.00017327225240822825
15.015625 2.0602516430088333 4.419236246401654 2.0602780632320643 4.419412493818054 -0.00014213421802187232
15.046875 2.0601078879586963 4.419236256112881 2.060134306252959 4.419412478496231 -0.00011603342650898227
15.078125 2.0599584960592368 4.4192362651773385 2.059984909690159 4.419412446959992 -9.424679947325484e-05
15.109375 2.059804285992839 4.419236273744845 2.0598306916261757 4.419412395019917 -7.614005232250465e-05
15.140625 2.059645972859287 4.4192362819273345 2.0596723680303635 4.419412328107189 -6.115920919813026e-05
15.171875 2.0594841785742246 4.419236289797919 2.059510562373478 4.4194122557180116 -4.882253682205016e-05
15.203125 2.05931944166073 4.419236297396802 2.0593458142555425 4.419412186026154 -3.871294668531413e-05
15.234375 2.059152226392652 4.419236304742484 2.0591785884846736 4.41941212115549 -3.047089856032277e-05
15.265625 2.058982931267381 4.419236311844667 2.0590092832917763 4.419412059857146 -2.3787824056655596e-05
15.296875 2.058811896801499 4.41923631871477 2.0588382387999755 4.419412000865284 -1.8400076786345152e-05
15.328125 2.058639412655154 4.4192363253712035 2.058665745425314 4.419411945035787 -1.4083405549510238e-05
15.359375 2.0584657241006665 4.419236331838858 2.05849204819187 4.419411896639287 -1.0647938659910819e-05
15.390625 2.0582910378582993 4.419236338144628 2.058317354281538 4.4194118538775164 -7.933660947464523e-06
15.421875 2.0581155273281113 4.419236344312018 2.0581418362613855 4.41941180960222 -5.806359934410772e-06
15.453125 2.0579393372516113 4.419236350357489 2.0579656366727916 4.419411761813654 -4.154014011294916e-06
15.484375 2.05776258784077 4.419236356289849 2.0577888781708227 4.419411702759431 -2.8835929655655025e-06
15.515625 2.0575853784144997 4.419236362112371 2.057611657338218 4.419411640589436 -1.91823977061019e-06
15.546875 2.0574077905839423 4.419236367826166 2.0574340556682174 4.419411565281901 -1.1948019652308614e-06
15.578125 2.057229891027837 4.419236373433105 2.057256142837664 4.419411463765082 -6.6168109169794e-07
15.609375 2.0570517338980685 4.4192363789372475 2.0570779638857135 4.4194113673377355 -2.769693754259723e-07
15.640625 2.0568733628936426 4.41923638434465 2.0568995838609028 4.419411280475922 -6.84399496390746e-09
15.671875 2.056694813039042 4.419236389662188 2.056721029504927 4.419411268967491 1.75809204796358e-07
15.703125 2.0565161122006157 4.419236394896265 2.056542329573782 4.419411349166543 2.9256895874623466e-07
15.734375 2.0563372823723065 4.4192364000519975 2.056363529652197 4.419411386426418 3.6047328921586107e-07
15.765625 2.0561583407596706 4.419236405133095 2.05618456271559 4.419411540590159 3.92858192564735e-07
15.796875 2.055979300688654 4.41923641014229 2.0560055751457793 4.419411420474681 4.00060811963365e-07
15.828125 2.055800172363212 4.419236415081906 2.055826364979713 4.41941157467497 3.900056158431509e-07
15.859375 2.055620963493284 4.419236419954322 2.0556472372254397 4.419411162576888 3.686901735755997e-07
15.890625 2.0554416798122475 4.419236424762068 2.0554677760186078 4.419411298725263 3.405852802832484e-07
15.921875 2.055262325500575 4.419236429507758 2.055288543730681 4.419410344193134 3.089624517400078e-07
15.953125 2.055082903530441 4.419236434193897 2.0551087583267393 4.419410424544292 2.7616020174017365e-07
15.984375 2.054903415944006 4.419236438822715 2.0549294685560042 4.419408193790623 2.4379903603245343e-07
16.015625 2.0547238640764425 4.419236443396102 2.054749176911101 4.419407386056616 2.129537521443204e-07
16.046875 2.054544248733251 4.419236447915676 2.054569226250626 4.419402317659111 1.842904225897277e-07
16.078125 2.0543645703300024 4.419236452382877 2.0543877602713403 4.419391569088125 1.581743565263702e-07
16.109375 2.0541848290014526 4.419236456799036 2.054204297974983 4.4193665722975695 1.3475437614470108e-07
16.140625 2.054005024685827 4.419236461165458 2.054018811182924 4.4193289012595685 1.1402790157076528e-07
16.171875 2.0538251571891495 4.419236465483445 2.053832890975562 4.419288695332295 9.589060343071351e-08
16.203125 2.0536452262336606 4.4192364697542414 2.0536483662766445 4.419258191175482 8.017374642759501e-08
16.234375 2.053465231493642 4.419236473978997 2.053466045860735 4.419242739458797 6.667180104523568e-08
16.265625 2.053285172621348 4.419236478158757 2.053285323230602 4.419238328131414 5.5162434587404565e-08
16.296875 2.053105049265277 4.4192364822944725 2.053105016378567 4.41923710697696 4.542059821685135e-08
16.328125 2.052924861082601 4.419236486387048 2.0529247732698064 4.419236746157322 3.722809494294276e-08
16.359375 2.05274460774715 4.419236490437317 2.0527445054317672 4.419236645338682 3.037973662956737e-08
16.390625 2.0525642889541293 4.419236494446088 2.0525641834939217 4.419236620999381 2.4686968687730042e-08
16.421875 2.0523839044224457 4.419236498414143 2.05238379882827 4.41923661738209 1.9979652470463198e-08
16.453125 2.0522034538953395 4.419236502342237 2.0522033485703037 4.4192366163165415 1.610654146399652e-08
16.484375 2.0520229371398657 4.419236506231096 2.0520228319988636 4.4192366146895825 1.2934862794373492e-08
16.515625 2.051842353945614 4.419236510081404 2.05184224911127 4.41923661391243 1.0349315607112637e-08
16.546875 2.0516617041229557 4.419236513893811 2.0516615998626646 4.419236614948639 8.250718395545009e-09
16.578125 2.051480987501063 4.419236517668943 2.0514808840071703 4.4192366172999265 6.554474776039984e-09
16.609375 2.051300203925847 4.419236521407403 2.0513001012324823 4.419236619915365 5.1889784705830064e-09
16.640625 2.0511193532579193 4.419236525109797 2.0511192513019556 4.419236622148814 4.094040754180995e-09
16.671875 2.0509384353706586 4.419236528776712 2.0509383340865 4.419236623983593 3.219395161131922e-09
16.703125 2.0507574501484207 4.4192365324087275 2.050757349513419 4.419236625704629 2.523312985973188e-09
16.734375 2.0505763974849116 4.419236536006405 2.0505762975087674 4.419236627526534 1.971347542156692e-09
16.765625 2.0503952772817353 4.419236539570306 2.050395177977616 4.41923662947216 1.5352140059132596e-09
16.796875 2.0502140894471195 4.419236543100983 2.050213990816232 4.419236631461955 1.191803958165589e-09
16.828125 2.050032833894808 4.419236546598981 2.0500327359290234 4.419236633433835 9.22328624068492e-10
16.859375 2.049851510543104 4.4192365500648325 2.049851413233623 4.419236635383228 7.115816430660233e-10
16.890625 2.0496701193140483 4.419236553499067 2.049670022655784 4.419236637334635 5.473104646628257e-10
16.921875 2.0494886601327447 4.419236556902195 2.0494885641232075 4.4192366393051925 4.196847518033573e-10
16.953125 2.0493071329267707 4.419236560274728 2.049307037563459 4.419236641294682 3.2085017244722926e-10
16.984375 2.049125537625694 4.419236563617162 2.049125442905008 4.419236643295667 2.445564327745659e-10
17.015625 2.048943874160677 4.419236566929978 2.0489437800784014 4.419236645303988 1.8584917425466984e-10
17.046875 2.048762142464144 4.419236570213655 2.0487620490162017 4.4192366473204965 1.4081629059050188e-10
17.078125 2.0485803424695046 4.419236573468683 2.048580249652166 4.419236649347475 1.0638022529341046e-10
17.109375 2.0483984741109293 4.419236576695578 2.0483983819206184 4.419236651385833 8.012882088826562e-11
17.140625 2.048216537323177 4.419236579894879 2.0482164457562746 4.419236653435128 6.017826279695694e-11
17.171875 2.048034532041444 4.419236583067143 2.04803444109427 4.419236655494773 4.506256740414861e-11
17.203125 2.0478524582012527 4.4192365862129375 2.047852367870139 4.41923665756467 3.364488926874075e-11
17.234375 2.047670315738353 4.419236589332872 2.047670226019707 4.419236659645028 2.5046660111161175e-11
17.265625 2.0474881045886537 4.419236592427574 2.0474880154789545 4.419236661736015 1.8591221278310382e-11
17.296875 2.0473058246881726 4.419236595497692 2.047305736183953 4.419236663837628 1.3759175065993107e-11
17.328125 2.0471234759729926 4.419236598543867 2.0471233880708244 4.419236665949822 1.0153164275917284e-11
17.359375 2.046941058379221 4.419236601566743 2.0469409710757214 4.419236668072566 7.470200829441743e-12
17.390625 2.0467585718429673 4.419236604566977 2.04675848513481 4.41923667020587 5.480010911465506e-12
17.421875 2.046576016300312 4.419236607545254 2.04657593018423 4.419236672349754 4.008153816462366e-12
17.453125 2.0463933916872827 4.419236610502294 2.0463933061600836 4.419236674504204 2.922911974610753e-12
17.484375 2.0462106979398462 4.419236613438836 2.0462106129984368 4.419236676669149 2.1251475998174054e-12
17.515625 2.0460279349938926 4.419236616355651 2.046027850635312 4.419236678844472 1.5404834363647938e-12
17.546875 2.045845102785228 4.419236619253534 2.0458450190066784 4.419236681030025 1.113296906264696e-12
17.578125 2.045662201249563 4.419236622133321 2.0456621180484507 4.419236683225595 8.021235938183894e-13
17.609375 2.0454792303225022 4.419236624995929 2.04547914769648 4.419236685430935 5.761517913992377e-13
17.640625 2.045296189939497 4.419236627842416 2.0452961078865433 4.419236687645762 4.1255848706260836e-13
17.671875 2.0451130800358035 4.419236630674087 2.045112998554341 4.419236689869762 2.9449184610589434e-13
17.703125 2.044929900546422 4.419236633492626 2.044929819635483 4.419236692102621 2.0954856369736308e-13
17.734375 2.0447466514060384 4.419236636300225 2.0447465710654753 4.419236694344047 1.4862863863463673e-13
17.765625 2.0445633325490022 4.419236639099635 2.0445632527797217 4.41923669659376 1.050769502468153e-13
17.796875 2.0443799439093726 4.419236641894033 2.0443798647135183 4.41923669885152 7.404199539793786e-14
17.828125 2.044196485421079 4.419236644686666 2.0441964068020457 4.419236701117122 5.1998468342356297e-14
17.859375 2.044012957018171 4.419236647480279 2.0440128789803893 4.4192367033903635 3.63930197719041e-14
17.890625 2.0438293586351444 4.419236650276352 2.0438292811835415 4.419236705671045 2.53822982660602e-14
17.921875 2.04364569020725 4.419236653074395 2.043645613346417 4.419236707958923 1.7639885483553146e-14
17.953125 2.0434619516707264 4.419236655871403 2.043461875403848 4.419236710253708 1.2214485147172358e-14
17.984375 2.0432781429628695 4.419236658661708 2.0432780672905904 4.419236712555058 8.426110147273168e-15
18.015625 2.043094264021875 4.419236661437339 2.043094188941336 4.419236714862573 5.790342783568785e-15
18.046875 2.0429103147864622 4.419236664188918 2.042910240290704 4.419236717175787 3.963263749308563e-15
18.078125 2.0427262951953313 4.419236666906901 2.042726221273238 4.419236719494184 2.7015457262591083e-15
18.109375 2.042542205186545 4.419236669583018 2.0425421318233936 4.419236721817235 1.833634667520214e-15
18.140625 2.042358044697007 4.419236672211486 2.0423579718755294 4.419236724144415 1.2390097532254693e-15
18.171875 2.0421738136621235 4.419236674789772 2.0421737413639023 4.419236726475196 8.333090963179003e-16
18.203125 2.041989512015739 4.419236677318732 2.0419894402226584 4.419236728809089 5.576995431938721e-16
18.234375 2.041805139690358 4.419236679802106 2.0418050683858344 4.419236731145636 3.7130643844254734e-16
18.265625 2.0416206966175605 4.419236682245545 2.0416206257873517 4.419236733484421 2.4584179170539287e-16
18.296875 2.041436182728522 4.419236684655411 2.041436112361021 4.419236735825052 1.6180622920595578e-16
18.328125 2.04125159795449 4.41923668703765 2.0412515280405548 4.419236738167124 1.0581352319837788e-16
18.359375 2.0410669422271255 4.419236689397007 2.0410668727595644 4.41923674051025 6.871293963104205e-17
18.390625 2.0408822154786477 4.419236691736687 2.0408821464515583 4.419236742854055 4.427650759039602e-17
18.421875 2.040697417641806 4.419236694058428 2.0406973490499496 4.419236745198155 2.828480622676629e-17
18.453125 2.0405125486496978 4.419236696362892 2.0405124804880557 4.4192367475421594 1.7892814642745072e-17
18.484375 2.040327608435573 4.419236698650133 2.0403275406991077 4.419236749885636 1.1191819602844879e-17
18.515625 2.0401425969326383 4.41923670092004 2.040142529616244 4.419236752228133 6.908033070364404e-18
18.546875 2.0399575140739543 4.419236703172594 2.0399574471725206 4.419236754569168 4.1961531058258706e-18
18.578125 2.0397723597923862 4.419236705407954 2.0397722933009073 4.419236756908218 2.498590031010466e-18
18.609375 2.0395871340206293 4.419236707626439 2.039587067934285 4.41923675924473 1.449916056694189e-18
18.640625 2.0394018366912627 4.419236709828395 2.039401771005438 4.419236761578142 8.123242558628094e-19
18.671875 2.0392164677367846 4.419236712014116 2.0392164024470523 4.419236763907874 4.3225443940309184e-19
18.703125 2.0390310270896363 4.419236714183834 2.039030962191709 4.419236766233363 2.1139984100659238e-19
18.734375 2.0388455146821967 4.419236716337748 2.0388454501718827 4.4192367685540574 8.743644241968582e-20
18.765625 2.0386599304467556 4.419236718476091 2.0386598663199345 4.419236770869432 2.1292021952213176e-20
18.796875 2.0384742743155013 4.419236720599173 2.0384742105681033 4.419236773179004 -1.120966778113034e-20
18.828125 2.0382885462205014 4.419236722707436 2.038288482848508 4.419236775482325 -2.4794409328619503e-20
18.859375 2.0381027460937124 4.419236724801431 2.038102683093156 4.419236777778974 -2.8258874022225216e-20
18.890625 2.037916873866983 4.419236726881811 2.037916811233947 4.419236780068564 -2.672813031849725e-20
18.921875 2.037730929472069 4.419236728949321 2.0377308672026775 4.419236782350705 -2.3088901174160298e-20
18.953125 2.0375449128406418 4.419236731004785 2.037544850931033 4.419236784625017 -1.8889436847287846e-20
18.984375 2.0373588239042855 4.419236733049111 2.037358762350603 4.419236786891119 -1.489719778190366e-20
19.015625 2.037172662594487 4.419236735083255 2.037172601392868 4.419236789148632 -1.143913179228943e-20
19.046875 2.036986428842632 4.419236737108237 2.0369863679892033 4.419236791397196 -8.605353010410987e-21
19.078125 2.0368001225800034 4.419236739125097 2.0368000620708733 4.419236793636486 -6.368100805829833e-21
19.109375 2.036613743737779 4.4192367411348865 2.036613683569038 4.419236795866186 -4.648962114637106e-21
19.140625 2.036427292247029 4.419236743138642 2.0364272324147525 4.419236798085972 -3.3550959936201877e-21
19.171875 2.0362407680387227 4.419236745137354 2.0362407085389784 4.419236800295507 -2.397332648142728e-21
19.203125 2.036054171043719 4.419236747131952 2.036054111872585 4.419236802494437 -1.698014209741317e-21
19.234375 2.035867501192765 4.4192367491233036 2.0358674423463583 4.419236804682368 -1.193295339358929e-21
19.265625 2.0356807584164947 4.419236751112188 2.035680699890996 4.419236806858893 -8.326656155385357e-22
19.296875 2.0354939426454295 4.41923675309931 2.035493884437094 4.419236809023596 -5.77259160798956e-22
19.328125 2.0353070538099676 4.419236755085311 2.0353069959151346 4.419236811176084 -3.977987490968176e-22
19.359375 2.0351200918403896 4.419236757070775 2.0351200342554674 4.4192368133160365 -2.7260073698019643e-22
19.390625 2.034933056666855 4.4192367590562505 2.0349329993883103 4.419236815443201 -1.8582826090560647e-22
19.421875 2.034745948219411 4.4192367610422805 2.0347458912437832 4.419236817557299 -1.2605058654817386e-22
19.453125 2.0345587664280016 4.41923676302942 2.034558709751993 4.419236819657872 -8.510108664216983e-23
19.484375 2.034371511222468 4.419236765018294 2.0343714548431038 4.4192368217441 -5.719737357640802e-23
19.515625 2.0341841825325537 4.419236767009644 2.0341841264474385 4.419236823814559 -3.8277972523577195e-23
19.546875 2.0339967802879135 4.419236769004366 2.0339967244955233 4.419236825867118 -2.5510813027808987e-23
19.578125 2.0338093044181225 4.4192367710035505 2.0338092489180695 4.41923682789898 -1.6934177460038927e-23
19.609375 2.0336217548526743 4.419236773008533 2.033621699645869 4.419236829906923 -1.1197544736359961e-23
19.640625 2.0334341315209987 4.419236775020922 2.0334340766095758 4.419236831887813 -7.376468727502132e-24
19.671875 2.033246434352463 4.419236777042595 2.0332463797394187 4.419236833839252 -4.8415436441065506e-24
19.703125 2.0330586632763596 4.419236779075752 2.033058608964894 4.4192368357603025 -3.1664072085467803e-24
19.734375 2.0328708182219257 4.419236781122892 2.0328707642145285 4.419236837652008 -2.063626327147327e-24
19.765625 2.0326828991183343 4.41923678318678 2.0326828454157875 4.419236839517597 -1.3403152088627167e-24
19.796875 2.0324949058947075 4.419236785270398 2.032494852495176 4.419236841362249 -8.676038409735593e-25
19.828125 2.0323068384801077 4.419236787376862 2.032306785378516 4.419236843192466 -5.5975613110885925e-25
19.859375 2.0321186968035247 4.419236789509377 2.032118643991369 4.419236845015109 -3.599654906553355e-25
19.890625 2.031930480793866 4.419236791671141 2.031930428259497 4.419236846836321 -2.3074218514254646e-25
19.921875 2.0317421903799397 4.4192367938652515 2.0317421381092804 4.419236848660581 -1.474398097469421e-25
19.953125 2.031553825490435 4.419236796094593 2.031553773467973 4.419236850490112 -9.391605402168255e-26
19.984375 2.031365386053884 4.41923679836176 2.031365334263742 4.419236852324819 -5.963706537766583e-26
20.015625 2.0311768719986474 4.419236800668924 2.031176820425501 4.419236854162643 -3.775344399229274e-26
20.046875 2.030988283252879 4.419236803017739 2.0309882318826236 4.419236856000231 -2.3827139994964814e-26
20.078125 2.0307996197445046 4.4192368054092395 2.030799568564583 4.419236857833755 -1.49924343140427e-26
20.109375 2.030610881401211 4.419236807843709 2.030610830400644 4.41923685965962 -9.405155247393542e-27
20.140625 2.030422068150425 4.419236810320582 2.0304220173196414 4.41923686147498 -5.882486307471667e-27
20.171875 2.0302331799193127 4.4192368128383475 2.030233129249882 4.419236863277964 -3.668289004728993e-27
20.203125 2.0300442166347805 4.4192368153944415 2.030044166119164 4.419236865067594 -2.2807587812770227e-27
20.234375 2.0298551782234844 4.419236817985221 2.0298551278549013 4.419236866843521 -1.4138812796945444e-27
20.265625 2.029666064611823 4.419236820605937 2.029666014384256 4.41923686860572 -8.73912572067705e-28
20.296875 2.029476875725959 4.419236823250718 2.029476825634238 4.419236870354279 -5.38576355657764e-28
20.328125 2.0292876114918235 4.4192368259126455 2.02928756153176 4.4192368720892485 -3.3094267750190695e-28
20.359375 2.0290982718351236 4.419236828583846 2.0290982220036513 4.419236873810605 -2.027615344466844e-28
20.390625 2.0289088566813493 4.419236831255619 2.02890880697665 4.419236875518299 -1.238642375332453e-28
20.421875 2.028719365955791 4.4192368339185775 2.028719316377376 4.419236877212283 -7.544549486732463e-29
20.453125 2.0285297995835454 4.419236836562858 2.028529750132309 4.419236878892576 -4.5819074330769235e-29
20.484375 2.0283401574895383 4.419236839178302 2.028340108167794 4.419236880559243 -2.774487006777097e-29
20.515625 2.0281504395985457 4.419236841754678 2.0281503904100484 4.419236882212385 -1.6750947021985322e-29
20.546875 2.0279606458352255 4.4192368442818655 2.0279605967851753 4.419236883852106 -1.0083523940785047e-29
20.578125 2.027770776124154 4.419236846750042 2.027770727219174 4.419236885478483 -6.0519690049571036e-30
20.609375 2.0275808303898586 4.4192368491499066 2.0275807816379414 4.41923688709157 -3.621484103504994e-30
20.640625 2.0273908085568477 4.4192368514728475 2.0273907599672665 4.419236888691393 -2.1606037380466126e-30
20.671875 2.0272007105496392 4.419236853711128 2.0272006621328242 4.419236890277993 -1.2851516331372023e-30
20.703125 2.0270105362927926 4.41923685585801 2.0270104880601725 4.4192368918514084 -7.621057735477044e-31
20.734375 2.0268202857109285 4.419236857907895 2.0268202376747513 4.419236893411682 -4.505546363689017e-31
20.765625 2.0266299587287517 4.419236859856431 2.0266299109018773 4.419236894958871 -2.65545774288298e-31
20.796875 2.026439555271063 4.419236861700594 2.026439507666751 4.419236896493041 -1.5601918693651058e-31
20.828125 2.0262490752627738 4.419236863438682 2.026249027894464 4.419236898014233 -9.137948787512768e-32
20.859375 2.026058518628896 4.419236865070361 2.0260584715099905 4.419236899522479 -5.335009896503985e-32
20.890625 2.0258678852945433 4.419236866596606 2.0258678384381916 4.419236901017827 -3.104698038737646e-32
20.921875 2.0256771751849185 4.419236868019677 2.0256771286038093 4.41923690250032 -1.8008638503315503e-32
20.953125 2.025486388225293 4.419236869343047 2.0254863419314626 4.419236903970005 -1.04111138669265e-32
20.984375 2.025295524340989 4.419236870571268 2.0252954783456523 4.419236905426927 -5.998506676741735e-33
21.015625 2.025104583457344 4.419236871709876 2.025104537770768 4.419236906871125 -3.444218049896123e-33
21.046875 2.024913565499681 4.419236872765257 2.0249135201310784 4.419236908302645 -1.9706444301768363e-33
21.078125 2.0247224703932867 4.419236873744449 2.024722425350733 4.41923690972152 -1.123468433039923e-33
21.109375 2.0245312980633736 4.419236874654969 2.024531253353759 4.419236911127804 -6.381297208125961e-34
21.140625 2.024340048435055 4.419236875504622 2.024340004064065 4.419236912521556 -3.610838991254936e-34
21.171875 2.024148721433334 4.419236876301329 2.0241486774054422 4.419236913902822 -2.0352048920353324e-34
21.203125 2.0239573169830707 4.419236877052906 2.023957273301563 4.419236915271654 -1.142489249897584e-34
21.234375 2.0237658350089704 4.4192368777669255 2.0237657916759733 4.419236916628107 -6.386682306426079e-35
21.265625 2.023574275435549 4.419236878450568 2.023574232452105 4.419236917972228 -3.554705609886775e-35
21.296875 2.0233826381871243 4.419236879110486 2.023382595553265 4.419236919304072 -1.969481613251063e-35
21.328125 2.0231909231877974 4.419236879752717 2.023190880902636 4.419236920623706 -1.0859796109704051e-35
21.359375 2.022999130361428 4.419236880382598 2.022999088423279 4.41923692193121 -5.957967746992783e-36
21.390625 2.0228072596316373 4.4192368810047205 2.0228072180381336 4.41923692322665 -3.251223154159321e-36
21.421875 2.02261531092181 4.419236881622886 2.022615269670023 4.419236924510095 -1.764039657518716e-36
21.453125 2.022423284155088 4.419236882240093 2.0224232432416427 4.419236925781622 -9.512456240138327e-37
21.484375 2.0222311792543928 4.4192368828585185 2.022231138675562 4.419236927041314 -5.095304745953352e-37
21.515625 2.0220389961424337 4.419236883479559 2.022038955894229 4.419236928289259 -2.709319313161419e-37
21.546875 2.021846734741716 4.41923688410392 2.0218466948199665 4.419236929525539 -1.4289429136809048e-37
21.578125 2.02165439497453 4.419236884731667 2.02165435537498 4.419236930750237 -7.467854512244359e-38
21.609375 2.0214619767629562 4.419236885362381 2.021461937481342 4.419236931963449 -3.862246412839405e-38
21.640625 2.0212694800288524 4.419236885995282 2.0212694410610013 4.419236933165278 -1.9733640409492698e-38
21.671875 2.0210769046938806 4.419236886629295 2.021076866035784 4.419236934355823 -9.937973385277114e-39
21.703125 2.020884250679549 4.419236887263093 2.0208842123273945 4.4192369355351815 -4.9171664344323987e-39
21.734375 2.020691517907302 4.419236887894965 2.020691479857408 4.419236936703466 -2.379148315477548e-39
21.765625 2.0204987062986413 4.419236888522726 2.020498668547271 4.419236937860795 -1.1175793032213454e-39
21.796875 2.0203058157752203 4.41923688914355 2.020305778318306 4.419236939007292 -5.035814308975148e-40
21.828125 2.0201128462589186 4.419236889753899 2.0201128090917027 4.419236940143089 -2.128823627925937e-40
21.859375 2.0199197976718253 4.419236890349624 2.0199197607885306 4.419236941268305 -8.040211368904828e-41
21.890625 2.019726669936129 4.41923689092628 2.019726633329732 4.419236942383068 -2.3380523158598155e-41
21.921875 2.019533462973868 4.419236891479731 2.019533426636117 4.419236943487526 -1.1041630246284527e-42
21.953125 2.019340176706612 4.419236892006899 2.019340140628369 4.419236944581807 5.97690423008472e-42
21.984375 2.019146811055111 4.419236892506546 2.0191467752270427 4.4192369456660465 6.949926403797957e-42
22.015625 2.0189533659390557 4.419236892979791 2.0189533303525677 4.419236946740396 5.846063377957028e-42
22.046875 2.0187598412770003 4.419236893430308 2.0187598059252476 4.419236947804998 4.325788212120148e-42
22.078125 2.0185662369864805 4.419236893863993 2.018566201865255 4.419236948859981 2.984371359915005e-42
22.109375 2.018372552984354 4.419236894288186 2.0183725180926295 4.419236949905492 1.9689254483153933e-42
22.140625 2.0181787891872798 4.41923689471051 2.0181787545272876 4.419236950941674 1.258888113997978e-42
22.171875 2.017984945512233 4.419236895137693 2.017984911089013 4.419236951968688 7.862381985663504e-43
22.203125 2.017791021876932 4.4192368955745795 2.017790987697456 4.419236952986676 4.8208921257584945e-43
22.234375 2.0175970182000733 4.419236896023526 2.0175969842721413 4.419236953995778 2.91205779188509e-43
22.265625 2.0174029344013276 4.419236896484406 2.017402900732462 4.419236954996135 1.7371316768754017e-43
22.296875 2.017208770401113 4.419236896955095 2.0172087369976786 4.419236955987896 1.025195040406753e-43
22.328125 2.0170145261202435 4.419236897432227 2.0170144929869207 4.419236956971209 5.993943055649722e-44
22.359375 2.0168202014795282 4.419236897912079 2.0168201686191845 4.419236957946224 3.4754386748737267e-44
22.390625 2.016625796399449 4.419236898391296 2.0166257638133382 4.419236958913069 2.0001391905388715e-44
22.421875 2.0164313107999527 4.4192368988673705 2.0164312784881178 4.4192369598718795 1.1432892156771465e-44
22.453125 2.0162367446003837 4.419236899338767 2.0162367125621223 4.419236960822806 6.494345351696857e-45
22.484375 2.0160420977195583 4.4192368998047655 2.0160420659538185 4.419236961765992 3.6677085226756304e-45
22.515625 2.015847370075893 4.419236900265205 2.0158473385815423 4.41923696270157 2.060150041016556e-45
22.546875 2.015652561587548 4.419236900720127 2.015652530363497 4.4192369636296664 1.1512940178789018e-45
22.578125 2.0154576721725315 4.419236901169549 2.015457641217747 4.419236964550424 6.402876193520721e-46
22.609375 2.0152627017487457 4.4192369016134 2.015262671062227 4.419236965463968 3.544595714090166e-46
22.640625 2.0150676502339833 4.419236902051518 2.0150676198147384 4.419236966370414 1.9536579209753196e-46
22.671875 2.01487251754591 4.419236902483732 2.0148724873929442 4.419236967269882 1.0722511834554478e-46
22.703125 2.014677303602051 4.419236902909887 2.014677273714373 4.419236968162501 5.8610728285051535e-47
22.734375 2.0144820083197663 4.419236903329898 2.0144819786964234 4.419236969048402 3.1911596593010844e-47
22.765625 2.014286631616259 4.4192369037437516 2.01428660225635 4.4192369699277085 1.7308607822853055e-47
22.796875 2.0140911734085982 4.419236904151458 2.014091144311278 4.419236970800522 9.353267962350299e-48
22.828125 2.0138956336137266 4.419236904553022 2.0138956047781953 4.41923697166696 5.0360797287801475e-48
22.859375 2.0137000121484663 4.419236904948441 2.0136999835739564 4.419236972527116 2.702002356417873e-48
22.890625 2.0135043089295177 4.419236905337707 2.0135042806152783 4.419236973381097 1.4446905109718582e-48
22.921875 2.0133085238734423 4.419236905720824 2.0133084958187393 4.41923697422901 7.698188899911537e-49
22.953125 2.0131126568966846 4.419236906097798 2.013112629100786 4.419236975070948 4.0883930329748965e-49
22.984375 2.0129167079155503 4.419236906468653 2.0129166803777205 4.41923697590702 2.164163558795051e-49
23.015625 2.0127206768461967 4.419236906833443 2.012720649565712 4.4192369767373165 1.1418828486624206e-49
23.046875 2.012524563604644 4.4192369071922375 2.0125245365807896 4.419236977561932 6.005727064687491e-50
23.078125 2.012328368106784 4.419236907545091 2.012328341338842 4.419236978380964 3.1487547339947423e-50
23.109375 2.0121320902683744 4.419236907892049 2.0121320637556224 4.419236979194498 1.645720846417934e-50
23.140625 2.0119357300050336 4.419236908233149 2.011935703746751 4.419236980002602 8.574936586047256e-51
23.171875 2.0117392872322366 4.419236908568431 2.0117392612277167 4.419236980805334 4.454253611117328e-51
23.203125 2.011542761865327 4.419236908897913 2.011542736113875 4.419236981602733 2.3067406877601848e-51
23.234375 2.0113461538195034 4.419236909221612 2.0113461283204455 4.419236982394847 1.1909998921582205e-51
23.265625 2.0111494630098274 4.41923690953955 2.0111494377625005 4.4192369831817295 6.1308674558564455e-52
23.296875 2.010952689351218 4.419236909851738 2.0109526643549467 4.419236983963479 3.1465632025112256e-52
23.328125 2.0107558327584543 4.41923691015817 2.010755808012535 4.419236984740232 1.6101315822779676e-52
23.359375 2.010558893146171 4.419236910458837 2.010558868649875 4.41923698551212 8.214889684997225e-53
23.390625 2.010361870428861 4.419236910753722 2.0103618461814543 4.419236986279231 4.178897469918695e-53
23.421875 2.0101647645208782 4.419236911042815 2.0101647405216654 4.419236987041568 2.119554414886232e-53
23.453125 2.009967575336434 4.419236911326102 2.0099675515848086 4.419236987799014 1.07189611230049e-53
23.484375 2.0097703027896054 4.419236911603555 2.009770279285056 4.41923698855142 5.404899700758321e-54
23.515625 2.0095729467943224 4.419236911875155 2.009572923536385 4.419236989298761 2.71737836329482e-54
23.546875 2.009375507264365 4.419236912140901 2.0093754842524905 4.4192369900413135 1.3621972531801136e-54
23.578125 2.0091779841133715 4.4192369124007636 2.0091779613467553 4.419236990779742 6.808576983337657e-55
23.609375 2.008980377254839 4.419236912654721 2.0089803547322926 4.419236991514978 3.3931056550831865e-55
23.640625 2.0087826866021214 4.4192369129027735 2.008782664322111 4.419236992247874 1.686011193240446e-55
23.671875 2.008584912068426 4.419236913144918 2.008584890029346 4.4192369929786635 8.352991740634592e-56
23.703125 2.008387053566817 4.419236913381143 2.008387031767488 4.419236993706467 4.126081146814488e-56
23.734375 2.008189111010217 4.419236913611444 2.0081890894504113 4.419236994429218 2.0320867377757505e-56
23.765625 2.0079910843114015 4.41923691383583 2.007991062992101 4.419236995144279 9.978129800561989e-57
23.796875 2.007792973383001 4.419236914054313 2.0077929523060476 4.419236995849781 4.884848740431868e-57
23.828125 2.0075947781374897 4.419236914266903 2.007594757304477 4.419236996546377 2.3841835575636754e-57
23.859375 2.0073964984872052 4.419236914473599 2.0073964778977076 4.419236997238656 1.1601261438237894e-57
23.890625 2.0071981343443377 4.41923691467441 2.0071981139940602 4.41923699793533 5.6277758939184945e-58
23.921875 2.0069996856209267 4.419236914869341 2.0069996655006648 4.419236998647429 2.7215866533612825e-58
23.953125 2.006801152228864 4.419236915058399 2.006801132325254 4.41923699938431 1.3120415267055653e-58
23.984375 2.0066025340798905 4.419236915241596 2.006602514378665 4.419237000148051 6.305182608170241e-59
24.015625 2.006403831085603 4.419236915418954 2.006403811577414 4.41923700092771 3.0203361416968546e-59
24.046875 2.006205043157447 4.41923691559048 2.006205023845464 4.419237001695398 1.442119640701555e-59
24.078125 2.0060061702067116 4.419236915756183 2.006006151114362 4.419237002405995 6.863006283915339e-60
24.109375 2.0058072121445374 4.4192369159161 2.0058071933212864 4.419237003001533 3.2551487659220895e-60
24.140625 2.0056081688819227 4.419236916070247 2.005608150405121 4.419237003419971 1.5386651948267813e-60
24.171875 2.005409040329714 4.419236916218635 2.005409022301256 4.4192370036067885 7.247774453020917e-61
24.203125 2.0052098263985987 4.419236916361298 2.0052098089363426 4.419237003526709 3.401882857024736e-61
24.234375 2.0050105269991176 4.4192369164982495 2.0050105102243094 4.419237003172553 1.590929990931295e-61
24.265625 2.004811142041667 4.419236916629498 2.004811126064808 4.419237002568648 7.4123871613528855e-62
24.296875 2.0046116714364848 4.419236916755068 2.004611656344541 4.419237001767824 3.4402769321153487e-62
24.328125 2.004412115093653 4.41923691687499 2.0044121009412335 4.419237000842529 1.5903905636321816e-62
24.359375 2.0042124729231103 4.419236916989285 2.0042124597292843 4.419236999872192 7.321984942534789e-63
24.390625 2.0040127448346414 4.419236917097971 2.004012732585707 4.419236998929983 3.356600044717967e-63
24.421875 2.003812930737876 4.4192369172010775 2.003812919394932 4.419236998072101 1.5319234162033377e-63
24.453125 2.003613030542291 4.419236917298626 2.0036130200514504 4.41923699733192 6.959052145299416e-64
24.484375 2.003413044157212 4.419236917390641 2.0034130344599195 4.419236996719773 3.145813634902412e-64
24.515625 2.0032129714918057 4.419236917477139 2.003212962533079 4.419236996227655 1.414693107295441e-64
24.546875 2.003012812455089 4.41923691755817 2.0030128041883972 4.419236995836648 6.326920398120275e-65
24.578125 2.002812566955919 4.419236917633741 2.0028125593446084 4.419236995524752 2.8128757645194546e-65
24.609375 2.0026122349030056 4.419236917703913 2.0026122279190472 4.419236995272689 1.2425942366207413e-65
24.640625 2.002411816204891 4.419236917768657 2.0024118098263766 4.419236995066909 5.451008665905134e-66
24.671875 2.002211310769978 4.4192369178280675 2.0022113049785855 4.419236994899352 2.372921497325267e-66
24.703125 2.002010718506492 4.419236917882091 2.0020107132859284 4.419236994765697 1.0241461876918614e-66
24.734375 2.0018100393225358 4.419236917930891 2.0018100346579746 4.419236994662533 4.377446861968469e-67
24.765625 2.0016092731260073 4.419236917974317 2.0016092690044864 4.419236994586085 1.8502142513491473e-67
24.796875 2.001408419824716 4.4192369180126745 2.0014084162355243 4.419236994530995 7.718206623049324e-68
24.828125 2.0012074793262093 4.4192369180456 2.0012074762613494 4.4192369944920005 3.1691289287035775e-68
24.859375 2.001006451538024 4.419236918073684 2.0010064489916863 4.4192369944634375 1.275954546258792e-68
24.890625 2.000805336367332 4.419236918096139 2.000805334335671 4.419236994442439 5.008720464462768e-69
24.921875 2.0006041337214504 4.4192369181141995 2.0006041322012162 4.419236994425867 1.8996549218085223e-69
24.953125 2.000402843507112 4.419236918126147 2.000402842495885 4.419236994414811 6.85218368134225e-70
24.984375 2.000201465631502 4.419236918134386 2.000201465126178 4.419236994407032 2.27822078484169e-70
