0.125 2.138417067024235 4.413701785334028 2.138417067816553 4.413701785289479 -8.023378137447364e-69
0.375 2.1371940389784188 4.4147650774176785 2.137194039748234 4.41476507748725 -8.237583357394523e-66
0.625 2.13596309942879 4.415006583340141 2.1359631001789565 4.415006583504413 -4.960217038783217e-63
0.875 2.1347392456667005 4.415043715660885 2.1347392464012334 4.415043715905387 -2.2389513277987053e-60
1.125 2.1335150083897605 4.415048657630127 2.1335150091163086 4.4150486579381845 -8.083295968589929e-58
1.375 2.132288835204894 4.415048345436475 2.132288835914752 4.415048345826664 -2.3927033740792414e-55
1.625 2.1310593264580264 4.4150486795812345 2.1310593270891074 4.415048680210015 -5.861267598663116e-53
1.875 2.129827031256047 4.415048595649949 2.1298270316548082 4.415048596900522 -1.1883943908134718e-50
2.125 2.1285917435496673 4.415048634211404 2.1285917438002904 4.415048635872177 -1.976589158084722e-48
2.375 2.1273535209221723 4.415048620975082 2.1273535223425037 4.415048619762619 -2.632942317395744e-46
2.625 2.126112319188218 4.415048625882466 2.126112324904103 4.415048614031101 -2.638888646042497e-44
2.875 2.124868131273087 4.415048623821873 2.124868141527321 4.415048600770563 -1.5796414191572262e-42
3.125 2.1236209359296137 4.415048624321658 2.1236209322584307 4.4150486359683185 4.567817789604015e-41
3.375 2.1223707169489754 4.415048623865417 2.1223706460822767 4.41504880222077 2.7652750956800404e-38
3.625 2.1211174560125574 4.415048623768849 2.121117268510127 4.415049090438378 4.404258009248603e-36
3.875 2.1198611353574 4.41504862354292 2.1198609625101317 4.415049053560713 4.802503147034089e-34
4.125 2.11860173677999 4.415048623369896 2.1186021905925356 4.415047491844893 4.0714940949284585e-32
4.375 2.1173392420047445 4.415048623181867 2.117341734062114 4.415042310345843 2.798298194819873e-30
4.625 2.1160736325435354 4.415048623004105 2.1160814209619843 4.415028474424748 1.5853487713817023e-28
4.875 2.114804889744901 4.415048622827159 2.11482531757513 4.414996828969211 7.44089836681967e-27
5.125 2.113532994772492 4.415048622654585 2.11357405507282 4.414947779348248 2.8831502816409013e-25
5.375 2.1122579286098038 4.415048622484902 2.1123156895459743 4.414906075925608 9.092577194644609e-24
5.625 2.1109796720551843 4.415048622319025 2.1110466219626813 4.41488415809462 2.252142269674823e-22
5.875 2.109698205720017 4.415048622155533 2.10976918105909 4.414875197723915 3.954656992153136e-21
6.125 2.108413510026763 4.415048621997703 2.1084852616471865 4.414874162253485 2.789761923259548e-20
6.375 2.107125565204003 4.415048621836656 2.107195123947145 4.414880440442025 -1.0909101867037715e-18
6.625 2.1058343512905813 4.415048621696121 2.1058981978282123 4.414895323587721 -5.5213930824722155e-17
6.875 2.1045398481144484 4.41504862151217 2.1045922801876027 4.4149244410598705 -1.5081395283077498e-15
7.125 2.103242035339174 4.415048621459858 2.1032750560464977 4.414970995992711 -3.0406459207729985e-14
7.375 2.101940892323898 4.415048621081026 2.10195608440229 4.415015547405176 -4.87731075149774e-13
7.625 2.100736398467722 4.415048621688168 2.100641292024386 4.415040559405975 -6.400550420574792e-12
7.875 2.0994285321417454 4.415048620075214 2.0993286246989653 4.41505205953047 -6.946621751012237e-11
8.125 2.0981172729061695 4.415048626116549 2.0980159663514075 4.415055303296065 -6.243021272063907e-10
8.375 2.096802592461985 4.415048615310924 2.0967025423009016 4.415052013150095 -4.611047172371882e-09
8.625 2.095484467900102 4.415048641754857 2.0953872740922916 4.415045058086364 -2.7399979986059073e-08
8.875 2.0941628258549243 4.415048408140111 2.0940671144698135 4.415041439899491 -1.240590773561188e-07
9.125 2.0928378074277822 4.415047828960092 2.092740084315428 4.415045481531576 -3.552572240524588e-07
9.375 2.0915107641495596 4.415042920908929 2.091407044890003 4.4150573057717395 1.2942058380315937e-07
9.625 2.090097670464017 4.415010281184232 2.090088177245899 4.4150341112942835 9.209599773068e-06
9.875 2.0889014776660675 4.414764508724649 2.088897753612981 4.41477607158782 6.829060285179713e-05
10.125 2.0882764418251565 4.413440000665499 2.0882786565430442 4.413436901574567 0.00033476072351890226
10.375 2.0874947463607207 4.4164370623388995 2.0874973458553736 4.416431657441545 0.0012639670514472895
10.625 2.089486984032827 4.417596933256972 2.0894879284447203 4.417596028746977 0.003855097550723615
10.875 2.095635680176084 4.418612951300251 2.0956357860655714 4.418615834151644 0.009678706501005496
11.125 2.1074537465504504 4.4188411593835895 2.107456768452666 4.418839103271052 0.02012788497491368
11.375 2.124462504813664 4.4186120796824895 2.124452940712252 4.418633401768855 0.03458962805843038
11.625 2.1353564297262153 4.436886348213962 2.135356817661349 4.436885629867961 0.0485132950314933
11.875 2.1470382495820597 4.401926234466611 2.147043210181068 4.4019193911414 0.053807929155783495
12.125 2.1332655823869846 4.39655933308932 2.133272814148578 4.396544237435825 0.0432510018706274
12.375 2.098029700492847 4.404969349900079 2.0980416661513575 4.404941951197737 0.01668234441309194
12.625 2.053867161146957 4.406762688083235 2.0538782199513497 4.406750632717555 -0.01668234441309194
12.875 2.020636927229249 4.397658172894362 2.0206358107457394 4.3976667521202915 -0.0432510018706274
13.125 2.004673662667254 4.397652700689814 2.0046631357060494 4.397676931397625 -0.053807929155783495
13.375 2.0065015439995264 4.420831736714499 2.0064962623144 4.420854736903339 -0.0485132950314933
13.625 2.022504015713248 4.419110570231613 2.022498884773505 4.419152567902572 -0.03458962805843038
13.875 2.0398988757761067 4.418695999891753 2.0399147129426494 4.418754184081193 -0.02012788497491368
14.125 2.051730857685933 4.419097813769271 2.051747549681197 4.419178849965657 -0.009678706501005496
14.375 2.058308545909864 4.417615963459469 2.0583276399402926 4.417734603607326 -0.003855097550723615
14.625 2.0605206086092354 4.41672265939534 2.0605413130125583 4.416872400502587 -0.0012639670514472895
14.875 2.060553090556951 4.4146833672624375 2.060579554402044 4.414840960676916 -0.00033476072351890226
15.125 2.0595231493682764 4.414769403053652 2.059549391401435 4.4149388129818865 -6.829060285179713e-05
15.375 2.058157935038528 4.414981884203187 2.058184138726536 4.415149444536379 -9.209599773068e-06
15.625 2.0567413217128854 4.4150340822537455 2.0567622037921383 4.415191774108562 -1.2942058380315937e-07
15.875 2.055311775353104 4.415046682648047 2.0553302797560162 4.4151704621919965 3.552572240524588e-07
16.125 2.053878284186966 4.415048433346595 2.0538921341584384 4.4151394351678555 1.240590773561188e-07
16.375 2.0524408188699668 4.415048555769154 2.0524495235391007 4.415106990206246 2.7399979986059073e-08
16.625 2.0509990763819568 4.415048627996954 2.0510035188406146 4.415079246478567 4.611047172371882e-09
16.875 2.049553075778617 4.415048612535156 2.0495546400525315 4.41506005305943 6.243021272063907e-10
17.125 2.0481027371218037 4.415048617884851 2.048102825542126 4.415049552368017 6.946621751012237e-11
17.375 2.0466480392235216 4.415048615275287 2.046647566206181 4.415045499039961 6.400550420574792e-12
17.625 2.045188944676406 4.415048615944482 2.045188418701392 4.415045126332053 4.87731075149774e-13
17.875 2.043725422800165 4.415048615500167 2.04372507150607 4.415046284526782 3.0406459207729985e-14
18.125 2.0422574400665026 4.415048615497441 2.042257285160235 4.415047586211257 1.5081395283077498e-15
18.375 2.0407849634996302 4.415048615337131 2.0407849344206763 4.415048421603294 5.5213930824722155e-17
18.625 2.0393079593757206 4.415048615238226 2.0393079804955656 4.4150487551766755 1.0909101867037715e-18
18.875 2.0378263936956165 4.415048615118275 2.03782641961656 4.415048787214328 -2.789761923259548e-20
19.125 2.0363402319987127 4.4150486150077874 2.0363402471266223 4.415048715618255 -3.954656992153136e-21
19.375 2.0348494394228087 4.415048614895317 2.034849444475533 4.4150486486770255 -2.252142269674823e-22
19.625 2.033353980672081 4.415048614785131 2.0333539807979872 4.41504861586195 -9.092577194644609e-24
19.875 2.0318538200190983 4.415048614675576 2.031853819067849 4.415048608595439 -2.8831502816409013e-25
20.125 2.0303489212940105 4.415048614567514 2.030348920802534 4.415048611545343 -7.44089836681967e-27
20.375 2.028839247878083 4.415048614460133 2.0288392479735213 4.415048615355217 -1.5853487713817023e-28
20.625 2.027324762695975 4.4150486143553795 2.027324763080962 4.4150486172063825 -2.798298194819873e-30
20.875 2.025805428206632 4.415048614248565 2.025805428643734 4.41504861749002 -4.0714940949284585e-32
21.125 2.0242812063988564 4.415048614152796 2.0242812067981584 4.4150486171983445 -4.802503147034089e-34
21.375 2.0227520587729764 4.415048614033281 2.022752059129377 4.41504861686051 -4.404258009248603e-36
21.625 2.0212179463596662 4.415048613984874 2.021217946688981 4.415048616711205 -2.7652750956800404e-38
21.875 2.0196788296374693 4.415048613752072 2.0196788299495365 4.415048616455987 -4.567817789604015e-41
22.125 2.0181346687235413 4.415048614027367 2.0181346690198945 4.415048616732586 1.5796414191572262e-42
22.375 2.016585422824061 4.415048612941544 2.016585423102522 4.415048615647203 2.638888646042497e-44
22.625 2.0150310516831875 4.415048615564336 2.015031051941156 4.415048618266536 2.632942317395744e-46
22.875 2.0134715116084614 4.415048608256168 2.0134715118438926 4.415048610954187 1.976589158084722e-48
23.125 2.011906766074036 4.415048628289406 2.0119067662853496 4.415048630984774 1.1883943908134718e-50
23.375 2.010336756395607 4.415048576898711 2.010336756581453 4.415048579593399 5.861267598663116e-53
23.625 2.0087614777256873 4.415048732306172 2.0087614778848746 4.415048735001765 2.3927033740792414e-55
23.875 2.0071807558352 4.415048401083581 2.0071807559666985 4.415048403781004 8.083295968589929e-58
24.125 2.0055947418891606 4.415049816705131 2.0055947419922053 4.415049819405136 2.2389513277987053e-60
24.375 2.004006694940075 4.415033675781595 2.004006695013892 4.415033678484022 4.960217038783217e-63
24.625 2.0023764589905797 4.415193571100921 2.002376459034269 4.415193573808384 8.237583357394523e-66
24.875 2.0009335104821986 4.414048568148848 2.000933510499471 4.414048570837159 8.023378137447364e-69
