   1.2500000e-01   2.1387806e+00   4.4138938e+00   2.1387806e+00   4.4138938e+00  -8.0233781e-69
   3.7500000e-01   2.1375682e+00   4.4138938e+00   2.1375682e+00   4.4138938e+00  -8.2375834e-66
   6.2500000e-01   2.1363518e+00   4.4138938e+00   2.1363518e+00   4.4138938e+00  -4.9602170e-63
   8.7500000e-01   2.1351327e+00   4.4138938e+00   2.1351327e+00   4.4138938e+00  -2.2389513e-60
   1.1250000e+00   2.1339108e+00   4.4138938e+00   2.1339108e+00   4.4138938e+00  -8.0832960e-58
   1.3750000e+00   2.1326861e+00   4.4138938e+00   2.1326861e+00   4.4138938e+00  -2.3927034e-55
   1.6250000e+00   2.1314584e+00   4.4138938e+00   2.1314584e+00   4.4138938e+00  -5.8612676e-53
   1.8750000e+00   2.1302278e+00   4.4138938e+00   2.1302278e+00   4.4138938e+00  -1.1883944e-50
   2.1250000e+00   2.1289943e+00   4.4138938e+00   2.1289943e+00   4.4138938e+00  -1.9765892e-48
   2.3750000e+00   2.1277579e+00   4.4138938e+00   2.1277579e+00   4.4138938e+00  -2.6329423e-46
   2.6250000e+00   2.1265185e+00   4.4138938e+00   2.1265185e+00   4.4138938e+00  -2.6388886e-44
   2.8750000e+00   2.1252761e+00   4.4138938e+00   2.1252761e+00   4.4138938e+00  -1.5796414e-42
   3.1250000e+00   2.1240307e+00   4.4138938e+00   2.1240306e+00   4.4138939e+00   4.5678178e-41
   3.3750000e+00   2.1227823e+00   4.4138938e+00   2.1227822e+00   4.4138941e+00   2.7652751e-38
   3.6250000e+00   2.1215309e+00   4.4138938e+00   2.1215307e+00   4.4138941e+00   4.4042580e-36
   3.8750000e+00   2.1202764e+00   4.4138938e+00   2.1202766e+00   4.4138933e+00   4.8025031e-34
   4.1250000e+00   2.1190188e+00   4.4138938e+00   2.1190202e+00   4.4138905e+00   4.0714941e-32
   4.3750000e+00   2.1177582e+00   4.4138938e+00   2.1177624e+00   4.4138835e+00   2.7982982e-30
   4.6250000e+00   2.1164945e+00   4.4138938e+00   2.1165047e+00   4.4138686e+00   1.5853488e-28
   4.8750000e+00   2.1152276e+00   4.4138938e+00   2.1152501e+00   4.4138384e+00   7.4408984e-27
   5.1250000e+00   2.1139576e+00   4.4138938e+00   2.1139992e+00   4.4137916e+00   2.8831503e-25
   5.3750000e+00   2.1126844e+00   4.4138938e+00   2.1127409e+00   4.4137552e+00   9.0925772e-24
   5.6250000e+00   2.1114081e+00   4.4138938e+00   2.1114728e+00   4.4137339e+00   2.2521423e-22
   5.8750000e+00   2.1101286e+00   4.4138938e+00   2.1101975e+00   4.4137271e+00   3.9546570e-21
   6.1250000e+00   2.1088458e+00   4.4138938e+00   2.1089158e+00   4.4137243e+00   2.7897619e-20
   6.3750000e+00   2.1075598e+00   4.4138938e+00   2.1076281e+00   4.4137286e+00  -1.0909102e-18
   6.6250000e+00   2.1062705e+00   4.4138938e+00   2.1063332e+00   4.4137425e+00  -5.5213931e-17
   6.8750000e+00   2.1049780e+00   4.4138938e+00   2.1050282e+00   4.4137733e+00  -1.5081395e-15
   7.1250000e+00   2.1036822e+00   4.4138938e+00   2.1037131e+00   4.4138209e+00  -3.0406459e-14
   7.3750000e+00   2.1023830e+00   4.4138938e+00   2.1023983e+00   4.4138592e+00  -4.8773108e-13
   7.6250000e+00   2.1011806e+00   4.4138938e+00   2.1010873e+00   4.4138830e+00  -6.4005504e-12
   7.8750000e+00   2.0998747e+00   4.4138938e+00   2.0997767e+00   4.4138918e+00  -6.9466218e-11
   8.1250000e+00   2.0985655e+00   4.4138938e+00   2.0984657e+00   4.4138950e+00  -6.2430213e-10
   8.3750000e+00   2.0972529e+00   4.4138938e+00   2.0971529e+00   4.4138963e+00  -4.6110472e-09
   8.6250000e+00   2.0959368e+00   4.4138938e+00   2.0958373e+00   4.4138966e+00  -2.7399980e-08
   8.8750000e+00   2.0946171e+00   4.4138938e+00   2.0945178e+00   4.4138969e+00  -1.2405908e-07
   9.1250000e+00   2.0932939e+00   4.4138938e+00   2.0931943e+00   4.4138969e+00  -3.5525722e-07
   9.3750000e+00   2.0919681e+00   4.4138938e+00   2.0918683e+00   4.4138962e+00   1.2942058e-07
   9.6250000e+00   2.0905497e+00   4.4138938e+00   2.0905498e+00   4.4138959e+00   9.2095998e-06
   9.8750000e+00   2.0892918e+00   4.4138938e+00   2.0892919e+00   4.4138964e+00   6.8290603e-05
   1.0125000e+01   2.0882961e+00   4.4138938e+00   2.0882963e+00   4.4138970e+00   3.3476072e-04
   1.0375000e+01   2.0881463e+00   4.4138938e+00   2.0881467e+00   4.4138971e+00   1.2639671e-03
   1.0625000e+01   2.0901229e+00   4.4138938e+00   2.0901234e+00   4.4138964e+00   3.8550976e-03
   1.0875000e+01   2.0962303e+00   4.4138938e+00   2.0962310e+00   4.4138952e+00   9.6787065e-03
   1.1125000e+01   2.1082176e+00   4.4138938e+00   2.1082185e+00   4.4138943e+00   2.0127885e-02
   1.1375000e+01   2.1252432e+00   4.4138938e+00   2.1252443e+00   4.4138941e+00   3.4589628e-02
   1.1625000e+01   2.1415221e+00   4.4138938e+00   2.1415233e+00   4.4138944e+00   4.8513295e-02
   1.1875000e+01   2.1469572e+00   4.4138938e+00   2.1469582e+00   4.4138948e+00   5.3807929e-02
   1.2125000e+01   2.1325146e+00   4.4138938e+00   2.1325154e+00   4.4138950e+00   4.3251002e-02
   1.2375000e+01   2.0976234e+00   4.4138938e+00   2.0976240e+00   4.4138954e+00   1.6682344e-02
   1.2625000e+01   2.0533542e+00   4.4138938e+00   2.0533546e+00   4.4138967e+00  -1.6682344e-02
   1.2875000e+01   2.0171040e+00   4.4138938e+00   2.0171045e+00   4.4138990e+00  -4.3251002e-02
   1.3125000e+01   2.0015515e+00   4.4138938e+00   2.0015526e+00   4.4139034e+00  -5.3807929e-02
   1.3375000e+01   2.0069827e+00   4.4138938e+00   2.0069851e+00   4.4139116e+00  -4.8513295e-02
   1.3625000e+01   2.0238047e+00   4.4138938e+00   2.0238093e+00   4.4139260e+00  -3.4589628e-02
   1.3875000e+01   2.0412459e+00   4.4138938e+00   2.0412543e+00   4.4139498e+00  -2.0127885e-02
   1.4125000e+01   2.0533892e+00   4.4138938e+00   2.0534029e+00   4.4139851e+00  -9.6787065e-03
   1.4375000e+01   2.0595104e+00   4.4138938e+00   2.0595294e+00   4.4140204e+00  -3.8550976e-03
   1.4625000e+01   2.0614476e+00   4.4138938e+00   2.0614696e+00   4.4140400e+00  -1.2639671e-03
   1.4875000e+01   2.0612367e+00   4.4138938e+00   2.0612598e+00   4.4140471e+00  -3.3476072e-04
   1.5125000e+01   2.0601670e+00   4.4138938e+00   2.0601902e+00   4.4140473e+00  -6.8290603e-05
   1.5375000e+01   2.0588255e+00   4.4138938e+00   2.0588483e+00   4.4140444e+00  -9.2095998e-06
   1.5625000e+01   2.0574154e+00   4.4138938e+00   2.0574368e+00   4.4140353e+00  -1.2942058e-07
   1.5875000e+01   2.0559900e+00   4.4138938e+00   2.0560086e+00   4.4140175e+00   3.5525722e-07
   1.6125000e+01   2.0545594e+00   4.4138938e+00   2.0545737e+00   4.4139881e+00   1.2405908e-07
   1.6375000e+01   2.0531249e+00   4.4138938e+00   2.0531337e+00   4.4139522e+00   2.7399980e-08
   1.6625000e+01   2.0516862e+00   4.4138938e+00   2.0516911e+00   4.4139259e+00   4.6110472e-09
   1.6875000e+01   2.0502432e+00   4.4138938e+00   2.0502458e+00   4.4139105e+00   6.2430213e-10
   1.7125000e+01   2.0487959e+00   4.4138938e+00   2.0487972e+00   4.4139019e+00   6.9466218e-11
   1.7375000e+01   2.0473443e+00   4.4138938e+00   2.0473449e+00   4.4138974e+00   6.4005504e-12
   1.7625000e+01   2.0458883e+00   4.4138938e+00   2.0458885e+00   4.4138952e+00   4.8773108e-13
   1.7875000e+01   2.0444279e+00   4.4138938e+00   2.0444279e+00   4.4138942e+00   3.0406459e-14
   1.8125000e+01   2.0429631e+00   4.4138938e+00   2.0429630e+00   4.4138937e+00   1.5081395e-15
   1.8375000e+01   2.0414937e+00   4.4138938e+00   2.0414937e+00   4.4138937e+00   5.5213931e-17
   1.8625000e+01   2.0400199e+00   4.4138938e+00   2.0400199e+00   4.4138937e+00   1.0909102e-18
   1.8875000e+01   2.0385416e+00   4.4138938e+00   2.0385416e+00   4.4138938e+00  -2.7897619e-20
   1.9125000e+01   2.0370587e+00   4.4138938e+00   2.0370587e+00   4.4138938e+00  -3.9546570e-21
   1.9375000e+01   2.0355711e+00   4.4138938e+00   2.0355711e+00   4.4138938e+00  -2.2521423e-22
   1.9625000e+01   2.0340789e+00   4.4138938e+00   2.0340789e+00   4.4138938e+00  -9.0925772e-24
   1.9875000e+01   2.0325821e+00   4.4138938e+00   2.0325821e+00   4.4138938e+00  -2.8831503e-25
   2.0125000e+01   2.0310805e+00   4.4138938e+00   2.0310805e+00   4.4138938e+00  -7.4408984e-27
   2.0375000e+01   2.0295742e+00   4.4138938e+00   2.0295742e+00   4.4138938e+00  -1.5853488e-28
   2.0625000e+01   2.0280631e+00   4.4138938e+00   2.0280631e+00   4.4138938e+00  -2.7982982e-30
   2.0875000e+01   2.0265472e+00   4.4138938e+00   2.0265472e+00   4.4138938e+00  -4.0714941e-32
   2.1125000e+01   2.0250264e+00   4.4138938e+00   2.0250264e+00   4.4138938e+00  -4.8025031e-34
   2.1375000e+01   2.0235007e+00   4.4138938e+00   2.0235007e+00   4.4138938e+00  -4.4042580e-36
   2.1625000e+01   2.0219701e+00   4.4138938e+00   2.0219701e+00   4.4138938e+00  -2.7652751e-38
   2.1875000e+01   2.0204345e+00   4.4138938e+00   2.0204345e+00   4.4138938e+00  -4.5678178e-41
   2.2125000e+01   2.0188939e+00   4.4138938e+00   2.0188939e+00   4.4138938e+00   1.5796414e-42
   2.2375000e+01   2.0173482e+00   4.4138938e+00   2.0173482e+00   4.4138938e+00   2.6388886e-44
   2.2625000e+01   2.0157974e+00   4.4138938e+00   2.0157974e+00   4.4138938e+00   2.6329423e-46
   2.2875000e+01   2.0142415e+00   4.4138938e+00   2.0142415e+00   4.4138938e+00   1.9765892e-48
   2.3125000e+01   2.0126804e+00   4.4138938e+00   2.0126804e+00   4.4138938e+00   1.1883944e-50
   2.3375000e+01   2.0111141e+00   4.4138938e+00   2.0111141e+00   4.4138938e+00   5.8612676e-53
   2.3625000e+01   2.0095425e+00   4.4138938e+00   2.0095425e+00   4.4138938e+00   2.3927034e-55
   2.3875000e+01   2.0079656e+00   4.4138938e+00   2.0079656e+00   4.4138938e+00   8.0832960e-58
   2.4125000e+01   2.0063834e+00   4.4138938e+00   2.0063834e+00   4.4138938e+00   2.2389513e-60
   2.4375000e+01   2.0047958e+00   4.4138938e+00   2.0047958e+00   4.4138938e+00   4.9602170e-63
   2.4625000e+01   2.0032027e+00   4.4138938e+00   2.0032027e+00   4.4138938e+00   8.2375834e-66
   2.4875000e+01   2.0016041e+00   4.4138938e+00   2.0016041e+00   4.4138938e+00   8.0233781e-69
