0.03125 2.1390393443543756 4.418834145608986 2.1390393371198035 4.418834143250551 -4.003793457677204e-70
0.09375 2.1387267716308846 4.419022384364682 2.1387267635664005 4.419022380605748 -3.10028924768748e-69
0.15625 2.138422951404946 4.419029181046952 2.1384229475423187 4.419029174642923 -2.0164329257222074e-68
0.21875 2.138118619183063 4.419027523697555 2.1381186158775503 4.419027519881287 -1.1971437942926539e-67
0.28125 2.1378142549740553 4.419027565864323 2.1378142520840067 4.4190275620042305 -6.704319663991951e-67
0.34375 2.1375097127762492 4.419027759181089 2.1375097118960484 4.419027753136721 -3.6001438242163e-66
0.40625 2.137205026273304 4.419027746946698 2.1372050261482287 4.4190277368572985 -1.8711212490761638e-65
0.46875 2.1369001379268617 4.41902776738892 2.136900137036929 4.419027754975573 -9.467542854033363e-65
0.53125 2.1365950833470313 4.419027755394338 2.136595081742048 4.419027738608849 -4.681823820360618e-64
0.59375 2.1362898421131566 4.419027763182667 2.1362898393016434 4.419027748351096 -2.2689000963112057e-63
0.65625 2.135984427145917 4.419027757499079 2.1359844243167414 4.41902774381583 -1.0796763064909657e-62
0.71875 2.1356788288510575 4.419027764082082 2.135678826321356 4.419027748117307 -5.052285490132954e-62
0.78125 2.135373053700369 4.4190277630667625 2.1353730513913822 4.4190277448154625 -2.3274779481577778e-61
0.84375 2.1350670962409186 4.41902776694319 2.135067094486164 4.419027744205056 -1.0564902049433007e-60
0.90625 2.1347609601521884 4.41902776746414 2.134760958506898 4.41902774032371 -4.7285315304742537e-60
0.96875 2.1344546431934357 4.419027771082109 2.1344546414444383 4.419027741532446 -2.0878823025968615e-59
1.03125 2.134148146570224 4.419027773053311 2.1341481446854673 4.4190277445652235 -9.099039886941364e-59
1.09375 2.1338414687675473 4.419027775505892 2.133841466665108 4.419027748513081 -3.9151515696813544e-58
1.15625 2.1335346101241135 4.419027777011471 2.133534607472291 4.419027748553599 -1.6637515850317588e-57
1.21875 2.133227569555728 4.419027779020956 2.1332275665906097 4.419027746620161 -6.98415315449243e-57
1.28125 2.132920347104159 4.419027780667777 2.1329203446564566 4.4190277449160345 -2.896688398352563e-56
1.34375 2.1326129425194225 4.419027782848268 2.1326129412242585 4.419027745467265 -1.1871666588356863e-55
1.40625 2.1323053560492635 4.419027784942012 2.132305355817664 4.419027746308001 -4.808243216412138e-55
1.46875 2.131997587456675 4.419027786172192 2.1319975875754555 4.419027746344628 -1.9246606613016414e-54
1.53125 2.1316896365113505 4.419027785366234 2.131689636346099 4.419027746079126 -7.614287154550369e-54
1.59375 2.1313815028107315 4.419027783443751 2.1313815021512643 4.419027747296893 -2.977231559962374e-53
1.65625 2.13107318609202 4.419027782193409 2.131073185044582 4.419027749294537 -1.1505138179815468e-52
1.71875 2.1307646859156875 4.419027782651094 2.1307646846493733 4.419027749702355 -4.393804720150234e-52
1.78125 2.1304560018719436 4.419027783803185 2.130456000523656 4.419027747128796 -1.6581299923453183e-51
1.84375 2.1301471337311497 4.419027784386621 2.1301471323285623 4.419027743271938 -6.182563431609285e-51
1.90625 2.1298380815128093 4.419027784195044 2.1298380799303036 4.419027741074382 -2.277278377096913e-50
1.96875 2.129528845182037 4.419027783871122 2.1295288431224186 4.419027741673773 -8.284492655247021e-50
2.03125 2.1292194244243356 4.419027783853485 2.1292194216393603 4.419027743503545 -2.9757630384972538e-49
2.09375 2.128909818683331 4.419027784087493 2.1289098151676047 4.419027744574071 -1.0550291032482932e-48
2.15625 2.128600027471486 4.419027784263291 2.1286000234615536 4.419027744591753 -3.6904479413849395e-48
2.21875 2.1282900505141633 4.419027783996202 2.1282900462895604 4.419027744681552 -1.2729509522619648e-47
2.28125 2.1279798876763705 4.419027783116385 2.1279798832837855 4.4190277456059235 -4.3268626815565847e-47
2.34375 2.127669538769486 4.4190277820044 2.127669533984591 4.419027746643535 -1.4480961508257759e-46
2.40625 2.127359003474173 4.41902778145511 2.127358997984503 4.419027746476023 -4.766666883297355e-46
2.46875 2.127048281437168 4.419027781987653 2.127048275102348 4.419027744736079 -1.541032557512438e-45
2.53125 2.126737372420268 4.419027783248328 2.12673736536401 4.419027742534445 -4.88392660333133e-45
2.59375 2.126426276292867 4.419027784171396 2.126426268776632 4.4190277413635695 -1.5134271734381545e-44
2.65625 2.1261149929032532 4.419027783679573 2.1261149850685523 4.41902774176274 -4.568647830048834e-44
2.71875 2.125803521916351 4.419027781571872 2.12580351372739 4.419027743013057 -1.3361689566318357e-43
2.78125 2.1254918628411485 4.419027778773373 2.125491854251333 4.419027744120579 -3.7532028244107754e-43
2.84375 2.125180015203279 4.419027776785921 2.1251800063572275 4.419027744685981 -9.974387744360698e-43
2.90625 2.124867978678626 4.419027776711278 2.124867969892901 4.419027744890638 -2.4351720591234945e-42
2.96875 2.1245557530875585 4.419027778522502 2.1245557446352903 4.419027744956102 -5.085290221773357e-42
3.03125 2.124243338311694 4.4190277812601 2.1242433302316686 4.419027744909924 -6.897034062129024e-42
3.09375 2.123930734222956 4.419027783756061 2.1239307263438043 4.419027744794546 9.4571499118777e-42
3.15625 2.1236179406404534 4.4190277853392 2.123617932801036 4.4190277447377495 1.333693151761316e-40
3.21875 2.123304957301695 4.4190277859077245 2.123304949514651 4.419027744823222 7.548951878250107e-40
3.28125 2.122991783809414 4.419027785688581 2.122991776243252 4.419027745032177 3.4311887634935694e-39
3.34375 2.1226784196723436 4.419027785058262 2.122678412463051 4.419027745457519 1.403178566439546e-38
3.40625 2.1223648644585307 4.419027784504291 2.1223648575299574 4.4190277462696725 5.378068716624702e-38
3.46875 2.1220511179279073 4.419027784636139 2.122051111006934 4.419027747464276 1.9697195541396117e-37
3.53125 2.121737180005872 4.419027785924392 2.1217371728384418 4.419027748627141 6.968045095399668e-37
3.59375 2.121423050612296 4.419027788294418 2.121423043227722 4.419027749147496 2.3966218722471593e-36
3.65625 2.1211087295230486 4.419027790920059 2.1211087223431018 4.419027748681807 8.049000674182709e-36
3.71875 2.120794216363301 4.41902779268278 2.120794210017304 4.4190277475159 2.64747034316652e-35
3.78125 2.1204795107502257 4.419027792838547 2.1204795056225274 4.419027746618411 8.54664587042569e-35
3.84375 2.1201646123560334 4.419027791693971 2.120164608212657 4.4190277468907 2.712213722730896e-34
3.90625 2.1198495208890358 4.419027790508098 2.1198495169619407 4.419027748482844 8.471067439974588e-34
3.96875 2.119534236003406 4.419027790651038 2.1195342314748675 4.419027750568215 2.6064103442825064e-33
4.03125 2.1192187573483574 4.419027792530525 2.119218751880447 4.4190277516120515 7.905978888239404e-33
4.09375 2.1189030846966856 4.419027795287216 2.1189030785960514 4.419027751571074 2.3655346031470872e-32
4.15625 2.1185872179688054 4.419027797534566 2.118587211696485 4.419027750474404 6.984994830761698e-32
4.21875 2.118271157055715 4.419027798397913 2.1182711511115677 4.419027749536747 2.0362389514835817e-31
4.28125 2.117954901578996 4.419027798151394 2.1179548963583823 4.41902775011381 5.862031322215626e-31
4.34375 2.117638450954087 4.419027797555156 2.117638445848214 4.419027748726281 1.666974471735266e-30
4.40625 2.1173218046505298 4.419027797132307 2.1173218002039436 4.419027753304717 4.683320222460584e-30
4.46875 2.1170049624234073 4.419027796899404 2.1170049570238363 4.419027750611629 1.3001294525565887e-29
4.53125 2.1166879242559378 4.419027796671112 2.1166879201263002 4.419027749431105 3.5667630039506357e-29
4.59375 2.1163706900782993 4.419027796425801 2.1163706914681115 4.419027748395118 9.670497416647311e-29
4.65625 2.1160532595705615 4.419027796312674 2.116053268884868 4.419027689862455 2.5913628227116674e-28
4.71875 2.115735632244322 4.419027796341062 2.115735664716096 4.4190277224274865 6.863046828850996e-28
4.78125 2.115417807620023 4.419027796306965 2.1154179539257423 4.419027217669368 1.796412949920961e-27
4.84375 2.115099785334515 4.4190277959521245 2.1150998043739393 4.419028080971402 4.64700787456371e-27
4.90625 2.1147815651481148 4.419027795116911 2.1147826548493214 4.419024668306353 1.1879054274809626e-26
4.96875 2.1144631469034776 4.41902779379321 2.11447330321029 4.419002356618513 3.0004004484834847e-26
5.03125 2.1141445304676854 4.41902779220071 2.1141740911174196 4.418955187553314 7.486792811960278e-26
5.09375 2.1138257156465636 4.419027790826653 2.1138772261465966 4.418900838698845 1.8451945242224962e-25
5.15625 2.1135067021058545 4.41902779022077 2.1135720160621325 4.418866886002701 4.490611845317189e-25
5.21875 2.1131874893924945 4.41902779051357 2.113256917882042 4.418857029761365 1.0788108353212093e-24
5.28125 2.112868077064946 4.4190277910617946 2.112938575479161 4.418854536565192 2.557329998052712e-24
5.34375 2.1125484647817676 4.419027790827452 2.112619287697207 4.418853931197353 5.97877898615881e-24
5.40625 2.112228652284818 4.419027789229329 2.112299539423075 4.418853974457527 1.3776866515677294e-23
5.46875 2.111908639305251 4.419027786762269 2.1119794930813964 4.418854129827523 3.1264914036512736e-23
5.53125 2.1115884255479056 4.4190277846246335 2.111659246963124 4.418854315438951 6.980618709954213e-23
5.59375 2.1112680108014694 4.419027783591361 2.1113388688508157 4.418854448255518 1.5314050791412638e-22
5.65625 2.110947394930634 4.419027783387309 2.1110183241980227 4.418854460093022 3.2952537647922248e-22
5.71875 2.110626577692509 4.419027783167293 2.1106975425078147 4.41885445162857 6.938397225712931e-22
5.78125 2.110305558592188 4.419027782455295 2.110376524666727 4.4188545751545 1.4247827369012723e-21
5.84375 2.1099843369475773 4.419027781623025 2.110055300142203 4.418854801047815 2.839370569031387e-21
5.90625 2.109662912198043 4.41902778129619 2.109733875552876 4.41885496204795 5.44950890910029e-21
5.96875 2.109341284132543 4.419027781549843 2.109412260298612 4.41885501773801 9.944158298563714e-21
6.03125 2.109019452860339 4.419027781656138 2.1090904648404347 4.418855082880119 1.683955802877859e-20
6.09375 2.1086974185406975 4.419027780564049 2.1087684657854906 4.418855206514267 2.5051785044004933e-20
6.15625 2.108375181073103 4.41902777771238 2.108446236001832 4.418855334012246 2.740528868930065e-20
6.21875 2.108052739936327 4.419027773440013 2.1081237942848667 4.418855442699556 -1.9289258172990763e-21
6.28125 2.10773009428157 4.419027768912033 2.1078011702580874 4.418855558190603 -1.4017862304362418e-19
6.34375 2.1074072432198188 4.419027765566627 2.1074783504841035 4.418855666720597 -5.9727403593566045e-19
6.40625 2.1070841862328216 4.419027764133203 2.10715531087276 4.418855751316102 -1.9104035673239254e-18
6.46875 2.106760923336245 4.4190277641420685 2.1068320625907164 4.418855846134583 -5.395897040893431e-18
6.53125 2.1064374548945475 4.4190277641897815 2.1065086184109747 4.418855949467174 -1.4172635144106045e-17
6.59375 2.106113781103654 4.419027763065518 2.1061849687582743 4.418856081717884 -3.5429167569282213e-17
6.65625 2.105789901658527 4.4190277606162125 2.105861086138389 4.41885621587126 -8.534713940380537e-17
6.71875 2.1054658158271025 4.419027757694474 2.105536967931309 4.418856404865531 -1.996000429606432e-16
6.78125 2.105141522854545 4.419027755187097 2.105212587464999 4.4188569602099514 -4.553629995606369e-16
6.84375 2.1048170222721607 4.419027753275021 2.104888027419681 4.418856778123844 -1.0167180356264946e-15
6.90625 2.104492313858707 4.41902775150436 2.1045633275239606 4.418857888585263 -2.226894517287864e-15
6.96875 2.10416739740105 4.41902774946982 2.1042328143736464 4.4188708340978105 -4.7928992723670935e-15
7.03125 2.103842272578188 4.419027747162249 2.103891710996873 4.418910145403319 -1.0149798143363878e-14
7.09375 2.103516939045154 4.41902774472196 2.103543975207715 4.418965393714155 -2.1169426434468405e-14
7.15625 2.1031913965870475 4.419027741980586 2.103200793844607 4.419008134845692 -4.352028380639294e-14
7.21875 2.102865645075938 4.4190277385438135 2.1028682240924006 4.419024992846601 -8.824162729183831e-14
7.28125 2.1025396842829824 4.419027734408966 2.1025406442978163 4.419028703466629 -1.765504987103273e-13
7.34375 2.1022135137623947 4.419027730289853 2.102214041210433 4.419029769200268 -3.4869878558211256e-13
7.40625 2.1018871329809903 4.419027727064627 2.101887593385739 4.419030035590893 -6.800747887373828e-13
7.46875 2.101560541523915 4.41902772493912 2.1015610249326193 4.419030001709252 -1.3100830926616375e-12
7.53125 2.1013337391380262 4.419027723167301 2.1012342451823187 4.419029863676364 -2.4932458599455e-12
7.59375 2.1010067255641887 4.419027720797039 2.1009072242231173 4.419029864347223 -4.688392804143842e-12
7.65625 2.100679500341809 4.419027717649889 2.100579969586302 4.419030018636375 -8.71217953361179e-12
7.71875 2.1003520629666106 4.4190277142896 2.100252514694197 4.419030087704625 -1.5999612188650176e-11
7.78125 2.1000244132462877 4.419027711050081 2.099924871547093 4.419030004617713 -2.9039792611471703e-11
7.84375 2.099696551255385 4.4190277076767 2.099597025707518 4.419029952769776 -5.2093915604236066e-11
7.90625 2.099368476971967 4.419027703811668 2.099268964610831 4.419029984408516 -9.236014962645237e-11
7.96875 2.0990401898084365 4.419027699941175 2.09894067621949 4.419029990832021 -1.6183318890323987e-10
8.03125 2.0987116887674824 4.4190276970925115 2.0986121581249773 4.4190299737637755 -2.8022250166414554e-10
8.09375 2.0983829730773644 4.419027695567916 2.0982834378835147 4.419029994518242 -4.794494381885033e-10
8.15625 2.098054042617439 4.4190276941865765 2.0979545271281914 4.419030005078447 -8.10442429110603e-10
8.21875 2.09772489756033 4.419027691390333 2.0976253989049725 4.419029955977188 -1.3531848884076558e-09
8.28125 2.097395537727667 4.41902768681912 2.0972960285040423 4.419029935819081 -2.2312156971162697e-09
8.34375 2.09706596232715 4.4190276816648435 2.096966426198004 4.419030013748376 -3.631974219148933e-09
8.40625 2.096736170282683 4.419027677384978 2.09663661314141 4.41903009827348 -5.834394601838469e-09
8.46875 2.0964061605675433 4.419027674365328 2.09630660028751 4.419030087178335 -9.244758734380355e-09
8.53125 2.09607593219172 4.419027671861279 2.0959763807100753 4.419030041944891 -1.444062428085364e-08
8.59375 2.0957454839093326 4.419027669059325 2.095645938176504 4.419030052567974 -2.2220023413817202e-08
8.65625 2.0954148139959154 4.419027665900512 2.095315259687481 4.419030097907057 -3.364810060345147e-08
8.71875 2.0950839202685514 4.419027663058105 2.094984351626206 4.419030117101075 -5.00844594839887e-08
8.78125 2.094752800303423 4.419027661087004 2.094653224852153 4.419030123044753 -7.315960195901896e-08
8.84375 2.094421451635689 4.419027659794375 2.0943218728676496 4.419030150191999 -1.046450073705699e-07
8.90625 2.09408987205919 4.419027658268337 2.0939902803618837 4.4190301883611305 -1.461246173463636e-07
8.96875 2.0937580602982737 4.419027655691046 2.0936584510540763 4.419030213460282 -1.9832055356516146e-07
9.03125 2.093426017569769 4.419027651973574 2.093326399316326 4.419030233015586 -2.598462797269504e-07
9.09375 2.0930937504712226 4.419027647796794 2.09299412441226 4.419030268200712 -3.250483311046408e-07
9.15625 2.0927612757582374 4.419027644028654 2.0926616296673175 4.419030319172401 -3.8044437996817056e-07
9.21875 2.0924286276204946 4.41902764116906 2.0923289549527144 4.419030374652842 -3.990616064219827e-07
9.28125 2.0920958687837286 4.419027639229013 2.091996175063125 4.419030431503318 -3.31716640591852e-07
9.34375 2.09176310719007 4.419027637653151 2.0916633980280306 4.419030482533465 -9.39506915416835e-08
9.40625 2.091430520434706 4.419027635578454 2.091330796139607 4.419030519372267 4.530603240697041e-07
9.46875 2.0910983904652896 4.4190276324436715 2.0909986487531764 4.419030554050114 1.529753980297915e-06
9.53125 2.0906671520884608 4.419027628956077 2.0906673891426504 4.419030605142549 3.4762149433038535e-06
9.59375 2.090337459725528 4.419027626562002 2.090337674760039 4.419030660238759 6.804120370200431e-06
9.65625 2.090010277222846 4.41902762615505 2.090010477048833 4.419030694652436 1.2266172538001058e-05
9.71875 2.089686994737006 4.419027626478748 2.089687185450643 4.4190307194504435 2.0946912307718176e-05
9.78125 2.0893695773654124 4.419027625931851 2.089369756715426 4.419030756693453 3.437888657929601e-05
9.84375 2.08906075044631 4.419027624170242 2.089060918232226 4.419030788531154 5.468784914051539e-05
9.90625 2.0887642271228115 4.419027622892113 2.0887643922110968 4.419030789984935 8.47698499292316e-05
9.96875 2.0884849791417857 4.419027622805091 2.0884851467134613 4.419030779110413 0.00012850154243721726
10.03125 2.088229549362028 4.41902762366168 2.0882297160500545 4.41903078194241 0.0001909826458667602
10.09375 2.088006398121646 4.419027622635221 2.0880065686588383 4.41903077103816 0.00027880609774585296
10.15625 2.0878262736795397 4.419027620497596 2.087826463141032 4.41903072149126 0.00040034694173355593
10.21875 2.0877025866513326 4.419027617454313 2.087702802667073 4.419030656815616 0.0005660554261655719
10.28125 2.0876517655068696 4.419027620581188 2.0876520065691393 4.4190306047965375 0.0007887332867798587
10.34375 2.0876935530084166 4.41902762432284 2.0876938267432807 4.419030533246085 0.001083765068175486
10.40625 2.087851188330232 4.419027623532005 2.087851509445539 4.419030421289758 0.0014692691192730424
10.46875 2.0881514396334815 4.419027622236752 2.0881518138953252 4.419030296440493 0.0019661263086395773
10.53125 2.088624411768507 4.419027620651762 2.0886248389170428 4.4190301704120785 0.002597839480069819
10.59375 2.089303064816406 4.4190276198937255 2.089303551150122 4.419030026641591 0.0033901743036548818
10.65625 2.0902223891191363 4.419027619675083 2.0902229410037827 4.419029866670904 0.004370533653136037
10.71875 2.091418178373052 4.4190276201523 2.0914187958648705 4.419029708429836 0.005567024104157814
10.78125 2.092925369757314 4.419027620348963 2.09292605530425 4.419029543155238 0.007007185562588836
10.84375 2.0947759403026387 4.419027620011621 2.094776699670767 4.419029362288169 0.008716373997397405
10.90625 2.096996389081065 4.419027619805311 2.0969972188440265 4.4190291914206 0.01071581282047236
10.96875 2.0996048747166594 4.419027621045366 2.099605766132573 4.419029044516721 0.013020359959317548
11.03125 2.102608126736201 4.41902762379677 2.102609081754361 4.419028894453163 0.01563607359493098
11.09375 2.10599829532118 4.419027627185514 2.1059993169184836 4.419028735755205 0.01855769747427637
11.15625 2.1097499502514125 4.419027630446621 2.1097510273821998 4.419028599598102 0.021766223390745052
11.21875 2.1138174735828494 4.41902763303454 2.113818592182451 4.41902849305042 0.02522671991030791
11.28125 2.118133108433033 4.419027634144551 2.11813426449 4.419028392781502 0.028886638374096246
11.34375 2.122605923665035 4.419027633551989 2.1226071126790167 4.419028303797743 0.03267481533066286
11.40625 2.12712193119233 4.419027632239613 2.127123140728537 4.419028248586719 0.036501381084238345
11.46875 2.1315455435183313 4.419027630838725 2.131546764479979 4.419028217135735 0.04025875432072879
11.53125 2.1357224868514044 4.419027629944027 2.135723715348832 4.419028193439383 0.043823851741497465
11.59375 2.139484197038227 4.41902763173033 2.1394854228227125 4.4190281943133565 0.04706157029590306
11.65625 2.1426536265891727 4.419027641491404 2.1426548350511334 4.419028239981596 0.04982951126378543
11.71875 2.145052282553646 4.4190276665482955 2.1450534674508184 4.419028320365583 0.051983815731628635
11.78125 2.146508215896442 4.4190277044504676 2.146509376495354 4.419028421206766 0.05338587762874967
11.84375 2.1468645838735654 4.419027708920962 2.146865711471973 4.419028509489136 0.053909602651500035
11.90625 2.14598826959529 4.419027634173338 2.1459893479093894 4.41902856054157 0.053448799007006796
11.96875 2.1437782230350213 4.419027610765255 2.1437792426884217 4.419028679687008 0.05192422853819394
12.03125 2.1401728763125316 4.419027597551365 2.1401738395255094 4.41902879948452 0.04928982261350742
12.09375 2.135156068294253 4.4190276052065265 2.1351569704797075 4.419028951357573 0.04553758186163458
12.15625 2.1287612324233383 4.419027607310297 2.12876205715819 4.419029144828748 0.040700734725941205
12.21875 2.1210732819907667 4.419027617744403 2.1210740220210793 4.419029367123301 0.034854825297487284
12.28125 2.112228070577273 4.419027624771573 2.1122287336764836 4.419029566437171 0.028116530264597768
12.34375 2.1024092145467246 4.419027632767512 2.102409806758871 4.419029748814131 0.0206401586194423
12.40625 2.0918423650407965 4.4190276373855175 2.091842876803612 4.4190299454785755 0.012611953511883283
12.46875 2.080787060068073 4.4190276420677534 2.0807874840300196 4.419030153562313 0.004242479026349397
12.53125 2.069526513335725 4.41902764523716 2.069526861863007 4.419030323727425 -0.004242479026349397
12.59375 2.058355784340244 4.419027646305191 2.058356073580202 4.419030449509821 -0.012611953511883283
12.65625 2.047568941731617 4.4190276453780815 2.047569170858515 4.419030573662751 -0.0206401586194423
12.71875 2.0374459120876933 4.419027641927636 2.0374460772258187 4.419030704243743 -0.028116530264597768
12.78125 2.0282398056569555 4.419027639023226 2.0282399186643745 4.419030805394503 -0.034854825297487284
12.84375 2.0201655255501296 4.419027635096452 2.020165602894785 4.419030862988612 -0.040700734725941205
12.90625 2.013390458131818 4.419027635986462 2.0133904980296773 4.4190309241006185 -0.04553758186163458
12.96875 2.0080279100658895 4.419027635321574 2.0080279082074024 4.419030994674694 -0.04928982261350742
13.03125 2.0041337935258947 4.41902764690783 2.004133765143879 4.419031046081347 -0.05192422853819394
13.09375 2.0017067577731984 4.419027667563682 2.0017067174647027 4.419031070836582 -0.053448799007006796
13.15625 2.0006917116851155 4.419027721412801 2.0006916561065653 4.419031128665713 -0.053909602651500035
13.21875 2.000986285941604 4.419027728399947 2.000986216967051 4.4190311460231575 -0.05338587762874967
13.28125 2.0024495343777398 4.419027701922553 2.002449469120899 4.419031119539401 -0.051983815731628635
13.34375 2.0049122129386765 4.419027688638133 2.004912160814773 4.419031094285269 -0.04982951126378543
13.40625 2.008187555955554 4.419027683915511 2.0081875135394 4.419031047513837 -0.04706157029590306
13.46875 2.012081802222534 4.419027685925804 2.0120817678236893 4.4190309702300254 -0.043823851741497465
13.53125 2.0164038007082485 4.4190276885133795 2.0164037853458625 4.419030911191882 -0.04025875432072879
13.59375 2.0209731492525673 4.419027692013347 2.020973157720907 4.41903090978087 -0.036501381084238345
13.65625 2.025626583281286 4.419027694134503 2.025626587719537 4.419030745594364 -0.03267481533066286
13.71875 2.030222478964416 4.4190276949890785 2.0302223852915793 4.419029925727975 -0.028886638374096246
13.78125 2.0346435198221697 4.419027693118986 2.0346431790993016 4.419028139585527 -0.02522671991030791
13.84375 2.0387976786465045 4.419027688822634 2.0387969695969366 4.419025624621138 -0.021766223390745052
13.90625 2.0426177608749296 4.41902768311882 2.0426167884842616 4.419023572967801 -0.01855769747427637
13.96875 2.0460597945974186 4.419027677862898 2.046059359282485 4.419027168540245 -0.01563607359493098
14.03125 2.0491005750952023 4.419027673679359 2.0491028958657154 4.4190452550005945 -0.013020359959317548
14.09375 2.0517346607748532 4.419027670735372 2.051742409186457 4.419081246021976 -0.01071581282047236
14.15625 2.0539710951789174 4.419027670526075 2.053985981010074 4.4191285322664395 -0.008716373997397405
14.21875 2.055830089816353 4.419027675936013 2.055851783261361 4.419173550652662 -0.007007185562588836
14.28125 2.0573398585330227 4.4190276898366445 2.057366136785911 4.4192039712189475 -0.005567024104157814
14.34375 2.058533743624816 4.419027712058565 2.058561805323397 4.419215558786079 -0.004370533653136037
14.40625 2.059447727676187 4.419027741726927 2.0594754547194647 4.419213488734214 -0.0033901743036548818
14.46875 2.0601183803018417 4.4190277765508945 2.0601452193446903 4.419207380491491 -0.002597839480069819
14.53125 2.060581254519276 4.419027816719085 2.0606075682019216 4.419203771025314 -0.0019661263086395773
14.59375 2.0608697132881364 4.419027858835893 2.060896003920405 4.419203502965825 -0.0014692691192730424
14.65625 2.0610141497966676 4.419027901100613 2.061040618633256 4.419204576559103 -0.001083765068175486
14.71875 2.061041541261387 4.419027934227712 2.0610681182930097 4.419205198233245 -0.0007887332867798587
14.78125 2.060975279780702 4.419027964372154 2.0610018458774677 4.419205070361534 -0.0005660554261655719
14.84375 2.060835225142445 4.419027990411776 2.06086172923549 4.4192046575012895 -0.00040034694173355593
14.90625 2.0606378977443245 4.41902800871679 2.060664362943305 4.419204364354465 -0.00027880609774585296
14.96875 2.0603967817309314 4.419028019519832 2.060423236571398 4.419204276013062 -0.0001909826458667602
15.03125 2.060122683570525 4.419028025536252 2.0601491290811813 4.419204276515589 -0.00012850154243721726
15.09375 2.0598241107264585 4.419028030882021 2.059850538254885 4.419204229665225 -8.47698499292316e-05
15.15625 2.0595076449364775 4.4190280387682925 2.059534053434966 4.419204102808659 -5.468784914051539e-05
15.21875 2.059178290617555 4.419028050655485 2.0592046779821147 4.419203952598991 -3.437888657929601e-05
15.28125 2.05883978757 4.41902806574074 2.0588661468362015 4.419203824871295 -2.0946912307718176e-05
15.34375 2.0584948816960447 4.4190280823567285 2.058521218392744 4.419203717262133 -1.2266172538001058e-05
15.40625 2.0581455530256187 4.419028099150822 2.0581718829029603 4.419203628454705 -6.804120370200431e-06
15.46875 2.0577932029064163 4.419028115608609 2.057819526029744 4.419203574605247 -3.4762149433038535e-06
15.53125 2.0574388042309066 4.419028131254241 2.0574651069185155 4.419203487475575 -1.529753980297915e-06
15.59375 2.0570830188680675 4.419028144915164 2.057109296947907 4.419203338884494 -4.530603240697041e-07
15.65625 2.056726287085267 4.4190281549042085 2.0567525634697477 4.419203321836239 9.39506915416835e-08
15.71875 2.0563688939184526 4.419028160754238 2.056395236505356 4.419203782365409 3.31716640591852e-07
15.78125 2.05601101801656 4.41902816416709 2.056037500348067 4.419204797743756 3.990616064219827e-07
15.84375 2.0556527672194482 4.419028167884893 2.055679438470428 4.419206024120021 3.8044437996817056e-07
15.90625 2.05529420392915 4.419028173925216 2.055320954468148 4.419206773223773 3.250483311046408e-07
15.96875 2.054935362333843 4.419028182510309 2.054961561777761 4.419202961886054 2.598462797269504e-07
16.03125 2.054576259545008 4.419028192820267 2.0545999037796943 4.419186105968192 1.9832055356516146e-07
16.09375 2.0542169026707113 4.419028204077317 2.054235444620479 4.419152176991584 1.461246173463636e-07
16.15625 2.0538572934162005 4.419028215740418 2.0538690174501504 4.419106873196305 1.046450073705699e-07
16.21875 2.0534974310395713 4.419028226864922 2.053502537643195 4.419062976873493 7.315960195901896e-08
16.28125 2.0531373138118596 4.419028236032481 2.0531378450083944 4.419032542562033 5.00844594839887e-08
16.34375 2.0527769393640476 4.419028242296756 2.0527755723279437 4.419020093458348 3.364810060345147e-08
16.40625 2.052416304706524 4.419028246261528 2.0524151301091957 4.419021083229402 2.2220023413817202e-08
16.46875 2.0520554066696097 4.4190282497308715 2.0520550188064313 4.419026376031238 1.444062428085364e-08
16.53125 2.051694242571019 4.419028254473966 2.0516943268475485 4.4190295718130574 9.244758734380355e-09
16.59375 2.051332810714147 4.419028261021499 2.051332918633116 4.419029745626521 5.834394601838469e-09
16.65625 2.0509711101941184 4.419028268931631 2.0509710604604807 4.419028691396115 3.631974219148933e-09
16.71875 2.0506091403544415 4.4190282776490655 2.0506089944815384 4.4190280276658855 2.2312156971162697e-09
16.78125 2.0502469004686183 4.4190282868723765 2.0502467572520806 4.419028042543143 1.3531848884076558e-09
16.84375 2.0498843899071746 4.419028296007772 2.0498842900207976 4.419028317001364 8.10442429110603e-10
16.90625 2.0495216082881775 4.419028303954705 2.0495215340202604 4.4190284738249925 4.794494381885033e-10
16.96875 2.049158555261683 4.419028309846665 2.049158478875711 4.419028450580072 2.8022250166414554e-10
17.03125 2.0487952301668533 4.419028313911952 2.0487951422480744 4.419028373160089 1.6183318890323987e-10
17.09375 2.048431632019491 4.419028317423255 2.048431539273763 4.419028344247113 9.236014962645237e-11
17.15625 2.048067759924623 4.41902832162638 2.0480676700995324 4.419028365404929 5.2093915604236066e-11
17.21875 2.04770361343394 4.419028326822193 2.0477035278675455 4.419028391401817 2.9039792611471703e-11
17.28125 2.0473391923685997 4.419028332671862 2.047339108298468 4.4190283984814585 1.5999612188650176e-11
17.34375 2.0469744963709218 4.419028339038106 2.0469744119629176 4.4190283941595725 8.71217953361179e-12
17.40625 2.046609524664163 4.419028346368275 2.046609440364248 4.419028392588632 4.688392804143842e-12
17.46875 2.0462442764419655 4.419028354814623 2.046244193552812 4.419028397211588 2.4932458599455e-12
17.53125 2.0458787512761134 4.419028363547981 2.045878670432341 4.419028403196609 1.3100830926616375e-12
17.59375 2.045512949092687 4.419028371136747 2.045512869899374 4.4190284073609964 6.800747887373828e-13
17.65625 2.0451468697228217 4.419028376752893 2.0451467913575696 4.4190284105444135 3.4869878558211256e-13
17.71875 2.0447805125336003 4.419028380895992 2.044780434349742 4.41902841475611 1.765504987103273e-13
17.78125 2.04441387662901 4.4190283847358165 2.0444137984530446 4.419028420292658 8.824162729183831e-14
17.84375 2.044046961280519 4.419028389048371 2.0440468833720677 4.419028425897107 4.352028380639294e-14
17.90625 2.0436797659994723 4.419028393958568 2.0436796889059226 4.41902843014779 2.1169426434468405e-14
17.96875 2.0433122903050234 4.419028399416802 2.0433122145934437 4.419028432749567 1.0149798143363878e-14
18.03125 2.042944533557585 4.419028405612602 2.0429444594778285 4.41902843469758 4.7928992723670935e-15
18.09375 2.0425764951460286 4.419028412519262 2.0425764223976444 4.419028437465437 2.226894517287864e-15
18.15625 2.0422081747738297 4.419028419326226 2.0422081026108714 4.419028441746109 1.0167180356264946e-15
18.21875 2.0418395723885796 4.419028424738076 2.0418395001738285 4.419028446739556 4.553629995606369e-16
18.28125 2.0414706877409263 4.419028428122529 2.0414706154685724 4.419028450948627 1.996000429606432e-16
18.34375 2.0411015200711553 4.419028430190893 2.041101448413449 4.419028453677913 8.534713940380537e-17
18.40625 2.040732068261174 4.4190284324985525 2.040731997980683 4.419028456029994 3.5429167569282213e-17
18.46875 2.040362331314484 4.419028436118538 2.0403622625939657 4.419028460056426 1.4172635144106045e-17
18.53125 2.0399923087217253 4.419028440776298 2.039992241134712 4.4190284666875 5.395897040893431e-18
18.59375 2.0396220003894094 4.419028445170475 2.0396219334351957 4.419028474777599 1.9104035673239254e-18
18.65625 2.0392514062969607 4.419028448045391 2.0392513399226804 4.419028482017748 5.9727403593566045e-19
18.71875 2.0388805261461496 4.419028449149165 2.0388804607050814 4.419028486903289 1.4017862304362418e-19
18.78125 2.0385093592201597 4.419028449382478 2.0385092949964507 4.4190284900035355 1.9289258172990763e-21
18.84375 2.0381379044747305 4.419028450348039 2.0381378414329174 4.419028493197938 -2.740528868930065e-20
18.90625 2.0377661608875486 4.419028453378231 2.0377660988746693 4.4190284978495225 -2.5051785044004933e-20
18.96875 2.0373941278651575 4.419028458591643 2.0373940668859123 4.419028503679628 -1.683955802877859e-20
19.03125 2.037021805386609 4.41902846461729 2.0370217454706667 4.419028509403149 -9.944158298563714e-21
19.09375 2.0366491936018227 4.419028469593606 2.036649134440194 4.419028514166259 -5.44950890910029e-21
19.15625 2.036276292189747 4.419028472717527 2.036276233184306 4.419028518065952 -2.839370569031387e-21
19.21875 2.035903100155581 4.419028474777727 2.035903040868028 4.419028521700594 -1.4247827369012723e-21
19.28125 2.0355296162416883 4.419028477297041 2.0355295568650216 4.4190285252030375 -6.938397225712931e-22
19.34375 2.035155839570134 4.419028481149374 2.0351557807383323 4.419028528384162 -3.2952537647922248e-22
19.40625 2.0347817698202055 4.419028486036939 2.03478171199673 4.419028531272719 -1.5314050791412638e-22
19.46875 2.0344074068651565 4.41902849127008 2.034407349965369 4.419028534384319 -6.980618709954213e-23
19.53125 2.0340327503743185 4.419028496540147 2.0340326939302575 4.419028538249533 -3.1264914036512736e-23
19.59375 2.033657799750748 4.41902850205755 2.033657743353782 4.419028542885057 -1.3776866515677294e-23
19.65625 2.033282554319049 4.419028508077893 2.0332824978689903 4.4190285477770495 -5.97877898615881e-24
19.71875 2.032907013471154 4.419028514559448 2.032906957104541 4.419028552368642 -2.557329998052712e-24
19.78125 2.0325311766565726 4.419028521170514 2.0325311205847196 4.419028556330513 -1.0788108353212093e-24
19.84375 2.0321550433042788 4.419028527600068 2.032154987749146 4.419028559601881 -4.490611845317189e-25
19.90625 2.0317786127728636 4.419028533843732 2.031778557901075 4.419028562494709 -1.8451945242224962e-25
19.96875 2.0314018843352595 4.419028540323741 2.031401830113283 4.419028565867996 -7.486792811960278e-26
20.03125 2.031024857249645 4.419028547608208 2.0310248033677256 4.419028570763818 -3.0004004484834847e-26
20.09375 2.0306475309671335 4.419028555720055 2.0306474769292606 4.419028577481477 -1.1879054274809626e-26
20.15625 2.0302699052569553 4.419028563713612 2.0302698506501278 4.419028584897361 -4.64700787456371e-27
20.21875 2.0298919799665733 4.419028570253895 2.0298919247250193 4.419028591070173 -1.796412949920961e-27
20.28125 2.029513754497306 4.419028574976281 2.0295136990395135 4.4190285948019365 -6.863046828850996e-28
20.34375 2.0291352276406904 4.4190285790174935 2.0291351727221656 4.4190285966992136 -2.5913628227116674e-28
20.40625 2.0287563980638366 4.419028584067003 2.028756344447572 4.419028598408785 -9.670497416647311e-29
20.46875 2.02837726511812 4.4190285904842295 2.028377213130982 4.419028601176273 -3.5667630039506357e-29
20.53125 2.0279978290226035 4.419028596735148 2.0279977782425394 4.419028604977076 -1.3001294525565887e-29
20.59375 2.027618090166138 4.419028600925834 2.0276180395519754 4.419028609103545 -4.683320222460584e-30
20.65625 2.027238048151496 4.419028602750166 2.027237996694342 4.419028613113482 -1.666974471735266e-30
20.71875 2.0268577015629514 4.4190286040168205 2.026857649139588 4.419028616888873 -5.862031322215626e-31
20.78125 2.0264770486878225 4.419028607032777 2.026476996405239 4.41902862018827 -2.0362389514835817e-31
20.84375 2.0260960886071047 4.4190286123022435 2.0260960380163526 4.419028622769271 -6.984994830761698e-32
20.90625 2.025714821472735 4.419028618100617 2.025714773224892 4.419028625015541 -2.3655346031470872e-32
20.96875 2.0253332478402264 4.419028621907081 2.025333200941227 4.419028627990311 -7.905978888239404e-33
21.03125 2.0249513675194284 4.419028623003607 2.024951320249124 4.419028632311745 -2.6064103442825064e-33
21.09375 2.0245691792374005 4.419028622994219 2.0245691308568063 4.419028637080393 -8.471067439974588e-34
21.15625 2.0241866813916385 4.419028623992358 2.0241866328186338 4.419028640661669 -2.712213722730896e-34
21.21875 2.0238038730216945 4.419028626503572 2.0238038257306252 4.419028642524289 -8.54664587042569e-35
21.28125 2.02342075402928 4.41902862909077 2.0234207084914617 4.419028643803226 -2.64747034316652e-35
21.34375 2.02303732435871 4.419028630458813 2.0230372799510468 4.419028645802544 -8.049000674182709e-36
21.40625 2.022653583535745 4.419028630517753 2.0226535396331196 4.4190286482540415 -2.3966218722471593e-36
21.46875 2.022269530681383 4.4190286302378174 2.022269487462146 4.419028649948913 -6.968045095399668e-37
21.53125 2.0218851650335754 4.419028630333706 2.021885122852999 4.419028650888716 -1.9697195541396117e-37
21.59375 2.0215004861270094 4.41902863067847 2.021500444646903 4.41902865234195 -5.378068716624702e-38
21.65625 2.021115493499131 4.419028630910138 2.0211154518930945 4.419028655272734 -1.403178566439546e-38
21.71875 2.0207301863720994 4.419028631269758 2.020730144440953 4.419028658959116 -3.4311887634935694e-39
21.78125 2.0203445638076873 4.419028632270234 2.0203445223901806 4.419028662050261 -7.548951878250107e-40
21.84375 2.019958625109208 4.419028633909147 2.019958585154397 4.419028664609291 -1.333693151761316e-40
21.90625 2.0195723698713053 4.41902863553398 2.0195723314412977 4.4190286679822925 -9.4571499118777e-42
21.96875 2.0191857977017382 4.419028636500428 2.0191857602451098 4.419028672569602 6.897034062129024e-42
22.03125 2.018798908013143 4.41902863666452 2.018798871293019 4.4190286769547775 5.085290221773357e-42
22.09375 2.018411700169426 4.419028636037689 2.0184116644285592 4.419028679542251 2.4351720591234945e-42
22.15625 2.0180241735817472 4.419028634582144 2.0180241388051674 4.419028680630419 9.974387744360698e-43
22.21875 2.0176363274580957 4.419028632796944 2.017636292995329 4.419028682110626 3.7532028244107754e-43
22.28125 2.0172481606299835 4.419028632134351 2.017248125977836 4.41902868512463 1.3361689566318357e-43
22.34375 2.0168596719810896 4.419028633959826 2.0168596376932606 4.4190286886868035 4.568647830048834e-44
22.40625 2.0164708611412685 4.419028637835983 2.016470828393385 4.419028691048102 1.5134271734381545e-44
22.46875 2.016081728398021 4.419028641560665 2.016081697611517 4.419028691943635 4.88392660333133e-45
22.53125 2.015692273851135 4.419028643178651 2.015692244131242 4.419028692611299 1.541032557512438e-45
22.59375 2.0153024966735726 4.419028642677893 2.0153024666956587 4.419028694154443 4.766666883297355e-46
22.65625 2.0149123953240706 4.419028641714521 2.01491236456726 4.419028696449402 1.4480961508257759e-46
22.71875 2.0145219684663265 4.4190286416332665 2.0145219373872525 4.4190286986883365 4.3268626815565847e-47
22.78125 2.0141312154277955 4.419028642473936 2.014131184729948 4.419028700389442 1.2729509522619648e-47
22.84375 2.0137401359758647 4.419028643440145 2.013740105984057 4.419028701687782 3.6904479413849395e-48
22.90625 2.013348729729296 4.419028644158742 2.0133487005002957 4.419028702859408 1.0550291032482932e-48
22.96875 2.0129569959955087 4.419028645004622 2.012956967691502 4.419028703914713 2.9757630384972538e-49
23.03125 2.0125649341659204 4.41902864608665 2.012564906984487 4.419028704572798 8.284492655247021e-50
23.09375 2.012172543908691 4.419028646742791 2.0121725175895513 4.419028704899768 2.277278377096913e-50
23.15625 2.011779824656619 4.419028646618487 2.0117797983959114 4.419028705698011 6.182563431609285e-51
23.21875 2.0113867750750742 4.419028646956927 2.011386748332123 4.4190287078685175 1.6581299923453183e-51
23.28125 2.010993393695941 4.419028649186929 2.010993366937024 4.419028711024666 4.393804720150234e-52
23.34375 2.0105996801065613 4.419028652551555 2.0105996542865388 4.41902871367789 1.1505138179815468e-52
23.40625 2.0102056348075896 4.419028654198918 2.010205610148385 4.419028714816246 2.977231559962374e-53
23.46875 2.009811257569785 4.419028653281423 2.0098112334301126 4.419028715323927 7.614287154550369e-54
23.53125 2.0094165466925427 4.419028652073527 2.0094165226077205 4.419028716642027 1.9246606613016414e-54
23.59375 2.0090215007001584 4.419028652769807 2.0090214768726478 4.419028718959033 4.808243216412138e-55
23.65625 2.0086261194390373 4.419028653962641 2.0086260961569264 4.419028720413777 1.1871666588356863e-55
23.71875 2.0082304031157534 4.419028654089066 2.0082303802810166 4.419028720437059 2.896688398352563e-56
23.78125 2.0078343507279754 4.419028653036806 2.0078343281025424 4.419028719732068 6.98415315449243e-57
23.84375 2.0074379607646873 4.419028653425131 2.007437938379268 4.419028720848736 1.6637515850317588e-57
23.90625 2.00704123211698 4.419028654776256 2.0070412102374027 4.419028723246688 3.9151515696813544e-58
23.96875 2.0066441649769 4.419028657097222 2.0066441435565276 4.419028727732737 9.099039886941364e-59
24.03125 2.006246759057742 4.419028656924443 2.006246737683968 4.419028731268392 2.0878823025968615e-59
24.09375 2.0058490143780303 4.419028656667375 2.005848992564863 4.419028736175162 4.7285315304742537e-60
24.15625 2.0054509284422344 4.4190286545922035 2.0054509071064808 4.4190287370184365 1.0564902049433007e-60
24.21875 2.0050525006917734 4.419028658487964 2.0050524819967714 4.4190287383074836 2.3274779481577778e-61
24.28125 2.0046537301625915 4.419028656538271 2.0046537144660066 4.41902873335217 5.052285490132954e-62
24.34375 2.004254619535214 4.419028658893969 2.004254604731044 4.4190287357374896 1.0796763064909657e-62
24.40625 2.0038551639230575 4.419028649463554 2.0038551501521917 4.419028727200446 2.2689000963112057e-63
24.46875 2.0034553654815994 4.419028658092768 2.0034553543636564 4.419028732199471 4.681823820360618e-64
24.53125 2.003055215584552 4.419028650324117 2.0030552074636225 4.419028720495207 9.467542854033363e-65
24.59375 2.002654716091813 4.419028698115628 2.002654710483857 4.419028765346239 1.8711212490761638e-65
24.65625 2.0022538769936578 4.4190287051518276 2.002253873879938 4.4190287682374 3.6001438242163e-66
24.71875 2.0018540647189447 4.4190247922658035 2.0018540627384693 4.419024854479337 6.704319663991951e-67
24.78125 2.0014461915956887 4.419047398577638 2.0014461899705664 4.41904746335598 1.1971437942926539e-67
24.84375 2.0010561666564426 4.418988205148933 2.0010561652521295 4.418988271005016 2.0164329257222074e-68
24.90625 2.000660006557718 4.419038793844181 2.00066000577372 4.41903885881474 3.10028924768748e-69
24.96875 2.000244886769443 4.418955057419756 2.0002448851034456 4.418955125656794 4.003793457677204e-70

