0.125 2.0 0.0 2.1387806044833098 4.413893820683738 -8.023378137447364e-69
0.375 2.0 0.0 2.137568209450155 4.413893820446108 -8.237583357394523e-66
0.625 2.0 0.0 2.136351751439673 4.413893820218774 -4.960217038783217e-63
0.875 2.0 0.0 2.135132721010311 4.413893819994744 -2.2389513277987053e-60
1.125 2.0 0.0 2.133910828947548 4.4138938197754864 -8.083295968589929e-58
1.375 2.0 0.0 2.132686058822634 4.413893819559339 -2.3927033740792414e-55
1.625 2.0 0.0 2.1314583942159095 4.413893819346294 -5.861267598663116e-53
1.875 2.0 0.0 2.1302278185420405 4.413893819135847 -1.1883943908134718e-50
2.125 2.0 0.0 2.1289943150628114 4.413893818927817 -1.976589158084722e-48
2.375 2.0 0.0 2.127757866885365 4.413893818721943 -2.632942317395744e-46
2.625 2.0 0.0 2.1265184569601683 4.413893818518009 -2.638888646042497e-44
2.875 2.0 0.0 2.1252760680790335 4.4138938183157626 -1.5796414191572262e-42
3.125 2.0 0.0 2.124030682873066 4.413893818114939 4.567817789604015e-41
3.375 2.0 0.0 2.1227822838105874 4.413893817915266 2.7652750956800404e-38
3.625 2.0 0.0 2.121530853195015 4.413893817716477 4.404258009248603e-36
3.875 2.0 0.0 2.1202763731627154 4.413893817518307 4.802503147034089e-34
4.125 2.0 0.0 2.1190188256808167 4.413893817320526 4.0714940949284585e-32
4.375 2.0 0.0 2.1177581925449873 4.413893817122929 2.798298194819873e-30
4.625 2.0 0.0 2.1164944553771736 4.413893816925352 1.5853487713817023e-28
4.875 2.0 0.0 2.115227595623307 4.413893816727674 7.44089836681967e-27
5.125 2.0 0.0 2.1139575945509685 4.413893816529818 2.8831502816409013e-25
5.375 2.0 0.0 2.1126844332470114 4.413893816331759 9.092577194644609e-24
5.625 2.0 0.0 2.1114080926151493 4.413893816133533 2.252142269674823e-22
5.875 2.0 0.0 2.110128553373503 4.413893815935221 3.954656992153136e-21
6.125 2.0 0.0 2.108845796052097 4.413893815736962 2.789761923259548e-20
6.375 2.0 0.0 2.107559800990326 4.413893815538959 -1.0909101867037715e-18
6.625 2.0 0.0 2.106270548334368 4.4138938153414635 -5.5213930824722155e-17
6.875 1.9999999999999984 0.0 2.104978018034558 4.413893815144768 -1.5081395283077498e-15
7.125 1.9999999999999696 0.0 2.1036821898426874 4.4138938149492075 -3.0406459207729985e-14
7.375 1.9999999999995122 0.0 2.1023830433088397 4.413893814755136 -4.87731075149774e-13
7.625 1.9999999999935993 0.0 2.1010805577732166 4.413893814562905 -6.400550420574792e-12
7.875 1.9999999999305338 0.0 2.099774712309737 4.4138938143728375 -6.946621751012237e-11
8.125 1.9999999993756978 0.0 2.0984654852942746 4.413893814185199 -6.243021272063907e-10
8.375 1.999999995388953 0.0 2.097152851692297 4.4138938140001684 -4.611047172371882e-09
8.625 1.99999997260002 0.0 2.0958367703762026 4.41389381381781 -2.7399979986059073e-08
8.875 1.9999998759409225 0.0 2.094517149231594 4.41389381363804 -1.240590773561188e-07
9.125 1.999999644742776 0.0 2.093193888454569 4.413893813460609 -3.552572240524588e-07
9.375 2.0000001294205836 0.0 2.091868052059355 4.413893813285086 1.2942058380315937e-07
9.625 2.000009209599773 0.0 2.090549696999605 4.4138938131108665 9.209599773068e-06
9.875 2.0000682906028517 0.0 2.0892918166381613 4.413893812937182 6.829060285179713e-05
10.125 2.000334760723519 0.0 2.088296081447944 4.413893812763114 0.00033476072351890226
10.375 2.001263967051447 0.0 2.088146310680669 4.413893812587656 0.0012639670514472895
10.625 2.0038550975507237 0.0 2.090122886496952 4.413893812409718 0.003855097550723615
10.875 2.0096787065010053 0.0 2.0962302841200966 4.413893812228168 0.009678706501005496
11.125 2.020127884974914 0.0 2.1082175824512883 4.413893812041936 0.02012788497491368
11.375 2.0345896280584306 0.0 2.12524321007826 4.413893811850244 0.03458962805843038
11.625 2.0485132950314933 0.0 2.1415221192149416 4.41389381165296 0.0485132950314933
11.875 2.0538079291557834 0.0 2.146957160180168 4.413893811450853 0.053807929155783495
12.125 2.0432510018706274 0.0 2.1325145628124673 4.413893811245529 0.0432510018706274
12.375 2.016682344413092 0.0 2.0976234384168415 4.413893811039043 0.01668234441309194
12.625 1.983317655586908 0.0 2.053354157541068 4.413893810833386 -0.01668234441309194
12.875 1.9567489981293726 0.0 2.0171039601930296 4.4138938106300705 -0.0432510018706274
13.125 1.9461920708442164 0.0 2.001551470560451 4.413893810430066 -0.053807929155783495
13.375 1.9514867049685067 0.0 2.0069826867003386 4.413893810234199 -0.0485132950314933
13.625 1.9654103719415696 0.0 2.0238046764150184 4.41389381004355 -0.03458962805843038
13.875 1.9798721150250864 0.0 2.041245941802279 4.413893809859518 -0.02012788497491368
14.125 1.9903212934989944 0.0 2.0533891880377753 4.413893809683589 -0.009678706501005496
14.375 1.9961449024492763 0.0 2.0595103513690014 4.413893809517051 -0.003855097550723615
14.625 1.9987360329485526 0.0 2.061447606309527 4.413893809360786 -0.0012639670514472895
14.875 1.999665239276481 0.0 2.061236704562126 4.4138938092152 -0.00033476072351890226
15.125 1.9999317093971483 0.0 2.060166976011147 4.413893809080241 -6.829060285179713e-05
15.375 1.999990790400227 0.0 2.058825529896934 4.413893808955459 -9.209599773068e-06
15.625 1.9999998705794162 0.0 2.0574153846813976 4.41389380884012 -1.2942058380315937e-07
15.875 2.000000355257224 0.0 2.055989973772308 4.413893808733292 3.552572240524588e-07
16.125 2.0000001240590772 0.0 2.054559449875142 4.413893808633954 1.240590773561188e-07
16.375 2.00000002739998 0.0 2.0531248824018156 4.4138938085410855 2.7399979986059073e-08
16.625 2.000000004611047 0.0 2.0516861623012583 4.413893808453746 4.611047172371882e-09
16.875 2.000000000624302 0.0 2.0502431875006684 4.413893808371137 6.243021272063907e-10
17.125 2.000000000069466 0.0 2.0487959070003705 4.413893808292633 6.946621751012237e-11
17.375 2.0000000000064007 0.0 2.0473442855449457 4.413893808217802 6.400550420574792e-12
17.625 2.0000000000004876 0.0 2.0458882907562304 4.413893808146399 4.87731075149774e-13
17.875 2.00000000000003 0.0 2.044427890376158 4.413893808078328 3.0406459207729985e-14
18.125 2.0000000000000013 0.0 2.0429630518248545 4.41389380801361 1.5081395283077498e-15
18.375 2.0 0.0 2.041493742139907 4.413893807952344 5.5213930824722155e-17
18.625 2.0 0.0 2.040019927964453 4.413893807894668 1.0909101867037715e-18
18.875 2.0 0.0 2.0385415755401763 4.413893807840717 -2.789761923259548e-20
19.125 2.0 0.0 2.037058650700594 4.4138938077905845 -3.954656992153136e-21
19.375 2.0 0.0 2.0355711188642056 4.413893807744328 -2.252142269674823e-22
19.625 2.0 0.0 2.034078945027508 4.413893807701939 -9.092577194644609e-24
19.875 2.0 0.0 2.032582093757844 4.413893807663342 -2.8831502816409013e-25
20.125 2.0 0.0 2.0310805291861005 4.413893807628408 -7.44089836681967e-27
20.375 2.0 0.0 2.0295742149992386 4.413893807596961 -1.5853487713817023e-28
20.625 2.0 0.0 2.0280631144326664 4.4138938075687895 -2.798298194819873e-30
20.875 2.0 0.0 2.026547190262435 4.413893807543658 -4.0714940949284585e-32
21.125 2.0 0.0 2.025026404797269 4.4138938075213145 -4.802503147034089e-34
21.375 2.0 0.0 2.0235007198704156 4.4138938075015055 -4.404258009248603e-36
21.625 2.0 0.0 2.021970096831314 4.413893807483973 -2.7652750956800404e-38
21.875 2.0 0.0 2.0204344965370833 4.413893807468473 -4.567817789604015e-41
22.125 2.0 0.0 2.0188938793438034 4.413893807454766 1.5796414191572262e-42
22.375 2.0 0.0 2.0173482050976217 4.4138938074426175 2.638888646042497e-44
22.625 2.0 0.0 2.0157974331256328 4.413893807431812 2.632942317395744e-46
22.875 2.0 0.0 2.01424152222656 4.413893807422161 1.976589158084722e-48
23.125 2.0 0.0 2.012680430661225 4.413893807413491 1.1883943908134718e-50
23.375 2.0 0.0 2.0111141161427875 4.413893807405662 5.861267598663116e-53
23.625 2.0 0.0 2.0095425358267613 4.413893807398577 2.3927033740792414e-55
23.875 2.0 0.0 2.0079656463007947 4.413893807392181 8.083295968589929e-58
24.125 2.0 0.0 2.0063834035742154 4.413893807386502 2.2389513277987053e-60
24.375 2.0 0.0 2.004795763067307 4.413893807381571 4.960217038783217e-63
24.625 2.0 0.0 2.003202679600387 4.413893807377734 8.237583357394523e-66
24.875 2.0 0.0 2.0016041073824384 4.413893807374795 8.023378137447364e-69
