0.125 3.138447196516439 4.4154218530954426 3.263960068866109 4.356595249137439 -8.023378137447364e-69
0.375 3.137161821745262 4.416151738242798 3.2575682132141117 4.339372391407771 -8.237583357394523e-66
0.625 3.1359416565144245 4.416210786200486 3.2520086909607264 4.308870423297481 -4.960217038783217e-63
0.875 3.134719822812867 4.416211318132596 3.245607340586999 4.280211241234709 -2.2389513277987053e-60
1.125 3.1334959971823206 4.416208844006766 3.23955128896281 4.249779001649523 -8.083295968589929e-58
1.375 3.132268822998133 4.416208598662726 3.2332911577032832 4.220156432269349 -2.3927033740792414e-55
1.625 3.131039239614875 4.41620731700441 3.227163614113569 4.189929160658026 -5.861267598663116e-53
1.875 3.1298064475458824 4.416206692607346 3.2209757156429246 4.159927361282957 -1.1883943908134718e-50
2.125 3.1285706644145677 4.4162060837718995 3.214841111132584 4.129669167378923 -1.976589158084722e-48
2.375 3.127331584330874 4.416206197825568 3.2086945158327733 4.099441629039049 -2.632942317395744e-46
2.625 3.12608930504627 4.416206739929424 3.20257481373066 4.06908080712294 -2.638888646042497e-44
2.875 3.124843794675538 4.4162077423970985 3.1964592133390637 4.038682043705414 -1.5796414191572262e-42
3.125 3.1235951884119455 4.41620882672463 3.1903602376550078 4.008186685850263 4.567817789604015e-41
3.375 3.1223435791205847 4.416209726156758 3.1842694324855825 3.977622712379826 2.7652750956800404e-38
3.625 3.121089091329792 4.416210101610572 3.17819093722976 3.9469711446867795 4.404258009248603e-36
3.875 3.1198317846275216 4.416209780629858 3.172125100997432 3.9162673011541975 4.802503147034089e-34
4.125 3.118571661612532 4.416208735841745 3.1660783112986883 3.8855394281347237 4.0714940949284585e-32
4.375 3.117308638036815 4.416207156914532 3.1600483479421078 3.8547724379546024 2.798298194819873e-30
4.625 3.1160425723679266 4.416205374945996 3.1540264471951787 3.8238819600113176 1.5853487713817023e-28
4.875 3.114773297162188 4.416203783271812 3.1480131822843003 3.7928906057424934 7.44089836681967e-27
5.125 3.1135006682533986 4.416202714105561 3.1420298227884857 3.762021930512267 2.8831502816409013e-25
5.375 3.1122245992547244 4.416202354288862 3.136101426924697 3.731495079409113 9.092577194644609e-24
5.625 3.1109450791956124 4.416202700346533 3.1302294160329733 3.701132629598789 2.252142269674823e-22
5.875 3.1096621659000423 4.4162035783529605 3.124437156534772 3.6705906818465497 3.954656992153136e-21
6.125 3.1083759642826494 4.416204692319884 3.118906799804667 3.640567900392353 2.789761923259548e-20
6.375 3.107086598396815 4.416205702277277 3.1139063997348306 3.613022778854197 -1.0909101867037715e-18
6.625 3.105794176653976 4.41620629371719 3.109827782084508 3.5925663967682304 -5.5213930824722155e-17
6.875 3.1044987587012467 4.416206284963188 3.106422262303635 3.5839182002202232 -1.5081395283077498e-15
7.125 3.1032003209305743 4.416205664424177 3.1022850082338347 3.589292752693047 -3.0406459207729985e-14
7.375 3.1018987578259902 4.416204664475768 3.093347254573458 3.6206542920852667 -4.87731075149774e-13
7.625 3.100593891111491 4.416203604419843 3.071107094496696 3.709875918063508 -6.400550420574792e-12
7.875 3.0992855425184764 4.41620294024691 3.030368008798212 3.872758194338508 -6.946621751012237e-11
8.125 3.0979735438088944 4.416202851240911 2.9761262243460647 4.0822435246523145 -6.243021272063907e-10
8.375 3.0966578428709988 4.416203639877194 2.9146599299396376 4.307566506794986 -4.611047172371882e-09
8.625 3.095338369214165 4.416204906783916 2.849850888664596 4.530354044236635 -2.7399979986059073e-08
8.875 3.094015176889354 4.416207067652332 2.783924313159771 4.74030566886232 -1.240590773561188e-07
9.125 3.09268810646246 4.416209122983621 2.7200228888317803 4.924493049121226 -3.552572240524588e-07
9.375 3.091358700021241 4.416212619141059 2.665545967514938 5.063875784038113 1.2942058380315937e-07
9.625 3.0900384688020552 4.416209246001236 2.6299266371713044 5.126936570600325 9.209599773068e-06
9.875 3.08878903550484 4.416168858255109 2.6143301312026987 5.127948768129901 6.829060285179713e-05
10.125 3.087790284260537 4.416101068939559 2.610141257657552 5.092859790333088 0.00033476072351890226
10.375 3.0876074677849847 4.416532820885237 2.6113289456148077 5.04020009251035 0.0012639670514472895
10.625 3.0896112017005404 4.416580767896474 2.608972618591275 5.003546088381668 0.003855097550723615
10.875 3.0957099444447436 4.416330380339605 2.607039617916067 4.9837869056971345 0.009678706501005496
11.125 3.1076805295428835 4.416306174296869 2.6094860978256054 4.964524933372367 0.02012788497491368
11.375 3.1244287326346636 4.417749781974775 2.6179622191496623 4.942544572411988 0.03458962805843038
11.625 3.141029435192859 4.417807364982256 2.625285362681712 4.910683927549119 0.0485132950314933
11.875 3.146500860110634 4.4142909394686995 2.6213626963752255 4.892120658929406 0.053807929155783495
12.125 2.1321630282918442 4.415778604025914 2.5994690807815415 4.878840363857105 0.0432510018706274
12.375 2.0975299356013952 4.413747738581738 2.5605694223798223 4.853315936768969 0.01668234441309194
12.625 2.0528138781488763 4.414114822450628 2.511448850226458 4.822904766220653 -0.01668234441309194
12.875 2.0159776741085365 4.41727803443424 2.4683083326118034 4.792466861076745 -0.0432510018706274
13.125 2.001999286770138 4.411010532002293 2.4441404474691693 4.7687798675492346 -0.053807929155783495
13.375 2.0059856280193795 4.417310097634198 2.438516960061858 4.736719073720221 -0.0485132950314933
13.625 2.0230477647945984 4.417655920221479 2.4405722111106303 4.711416046805384 -0.03458962805843038
13.875 2.0407068153664376 4.41651503139522 2.447171062269159 4.667167351760196 -0.02012788497491368
14.125 2.0527551125392605 4.41623507128112 2.447633736529527 4.637894894971385 -0.009678706501005496
14.375 2.0588112424050156 4.41638031975411 2.444651232434527 4.604183642397145 -0.003855097550723615
14.625 2.060689662781223 4.4170433569531955 2.4364621410578273 4.572368791166196 -0.0012639670514472895
14.875 2.0606539035968874 4.416164984185565 2.426396020500075 4.537117375589178 -0.00033476072351890226
15.125 2.0595489406200773 4.416062114127085 2.415738032694404 4.499589666326141 -6.829060285179713e-05
15.375 2.0582120722889705 4.416154891925619 2.404373854537752 4.461293671065082 -9.209599773068e-06
15.625 2.0568151111166983 4.416264405643852 2.3920898837651166 4.423614883484996 -1.2942058380315937e-07
15.875 2.055383333204454 4.416260299479887 2.381593073315332 4.37839991546849 3.552572240524588e-07
16.125 2.0539374387423175 4.416181560243738 2.3690626487835114 4.337842360113667 1.240590773561188e-07
16.375 2.0524963058029524 4.416154790923889 2.3553719697732483 4.298626590690876 2.7399979986059073e-08
16.625 2.0510614270070913 4.41620698026997 2.3476000497172542 4.244766059469338 4.611047172371882e-09
16.875 2.049620248609613 4.416247194169197 2.331120976734661 4.209372047305108 6.243021272063907e-10
17.125 2.04816508347737 4.416222379870229 2.316745521380512 4.141859644960327 6.946621751012237e-11
17.375 2.0467036804127408 4.4161816032635794 2.3122796751761454 4.075458879983034 6.400550420574792e-12
17.625 2.045244978600047 4.4161853848694985 2.287423827287509 4.081926673349604 4.87731075149774e-13
17.875 2.0437855555785744 4.4162187210860555 2.2883691800805614 3.982800891388594 3.0406459207729985e-14
18.125 2.042317909327468 4.4162296519880275 2.25820134908339 3.8955854702053268 1.5081395283077498e-15
18.375 2.040841227712651 4.416207369554481 2.2048555180860028 3.559379784173224 5.5213930824722155e-17
18.625 2.0393609034207594 4.416190414946312 2.1220434864078768 3.0706131299921706 1.0909101867037715e-18
18.875 2.0378800618338913 4.416200587399789 2.0638918459938624 2.7366097237008518 -2.789761923259548e-20
19.125 2.0363954091990486 4.416217558797374 2.0457273087611703 2.6392383676831916 -3.954656992153136e-21
19.375 2.034903434170067 4.4162165854375655 2.0400021661208814 2.6131913528926587 -2.252142269674823e-22
19.625 2.0334052639254603 4.416203303332774 2.0376925342234777 2.6065777712355054 -9.092577194644609e-24
19.875 2.031903704004358 4.416198329218173 2.0362902119067066 2.6050643632846753 -2.8831502816409013e-25
20.125 2.0303991856798707 4.416205885969296 2.0350585400260717 2.604783545737575 -7.44089836681967e-27
20.375 2.028889586958064 4.4162118842169376 2.033795775592444 2.6043486516656777 -1.5853487713817023e-28
20.625 2.0273736188054206 4.416207921304759 2.0324083105058346 2.6032398399921366 -2.798298194819873e-30
20.875 2.02585237614685 4.416201188056025 2.030919592525854 2.60157667947181 -4.0714940949284585e-32
21.125 2.0243271652319974 4.416201137693491 2.029401009301822 2.5997577658585893 -4.802503147034089e-34
21.375 2.022797688969123 4.416206072397536 2.0278890829888896 2.597977368541904 -4.404258009248603e-36
21.625 2.0212628227084615 4.416208047412044 2.0263846779415835 2.5962312361771445 -2.7652750956800404e-38
21.875 2.0197222874358447 4.416205212152281 2.0248736053300735 2.5944876217275743 -4.567817789604015e-41
22.125 2.018176862804959 4.4162028662226644 2.0233354582944276 2.592785505688951 1.5796414191572262e-42
22.375 2.0166270013012797 4.4162043178558985 2.0217439818335423 2.5912195712827266 2.638888646042497e-44
22.625 2.015072180572761 4.416206584331105 2.0200736853753476 2.589877858722782 2.632942317395744e-46
22.875 2.0135117478078217 4.416205905587061 2.0183082590987693 2.588791262119274 1.976589158084722e-48
23.125 2.011945786836409 4.416203481478603 2.0164439455344683 2.5879567712545706 1.1883943908134718e-50
23.375 2.0103747802205847 4.416203088341526 2.0144813220065885 2.5873472299285285 5.861267598663116e-53
23.625 2.0087987909682012 4.416205389813111 2.0124332529713307 2.5869338417935115 2.3927033740792414e-55
23.875 2.0072172787254408 4.416206949785693 2.0103147069942238 2.586635603984257 8.083295968589929e-58
24.125 2.0056302938487356 4.416206546325192 2.0081441274308345 2.586412780061619 2.2389513277987053e-60
24.375 2.004043409364639 4.416186908679045 2.0059154176741454 2.5862237536197306 4.960217038783217e-63
24.625 2.002394453676347 4.416359806723616 2.003598550658962 2.586288634211155 8.237583357394523e-66
24.875 2.0009124339373416 4.4156665885549415 2.001335973960416 2.5851247630996887 8.023378137447364e-69
