0.125 3.13878866102895 4.413895157543582 3.124051623659155 4.416901311692966 -8.023378137447364e-69
0.375 3.1375769457792124 4.4138951572980964 3.1230785573284705 4.421017786184643 -8.237583357394523e-66
0.625 3.1363595131102997 4.413895157060494 3.122405645157577 4.424955152790695 -4.960217038783217e-63
0.875 3.135141106196477 4.41389515682905 3.1217201043069513 4.428882401419264 -2.2389513277987053e-60
1.125 3.1339191101920294 4.413895156601938 3.121032021222837 4.432813182511985 -8.083295968589929e-58
1.375 3.132694358220075 4.413895156377955 3.120341307130426 4.436747727927051 -2.3927033740792414e-55
1.625 3.1314667124769304 4.413895156156176 3.119648266766329 4.440688108729638 -5.861267598663116e-53
1.875 3.1302361555920726 4.413895155936473 3.1189530599632502 4.444635942236127 -1.1883943908134718e-50
2.125 3.129002671045714 4.413895155718951 3.118255185340245 4.448589281067485 -1.976589158084722e-48
2.375 3.127766241908501 4.413895155504001 3.117554073614385 4.452544136474991 -2.632942317395744e-46
2.625 3.126526851134712 4.413895155291959 3.1168498910601086 4.456500556880453 -2.638888646042497e-44
2.875 3.1252844815172196 4.413895155083056 3.1161432789896923 4.4604638148568565 -1.5796414191572262e-42
3.125 3.124039115688189 4.413895154877376 3.115434677218592 4.464437107612373 4.567817789604015e-41
3.375 3.122790736117056 4.413895154674901 3.1147236233959403 4.468416369395538 2.7652750956800404e-38
3.625 3.1215393251083783 4.4138951544755525 3.1140089752115854 4.4723949435355586 4.404258009248603e-36
3.875 3.1202848647996646 4.413895154279245 3.113290491629219 4.47637073140413 4.802503147034089e-34
4.125 3.1190273371591775 4.4138951540859015 3.11256906305288 4.48034993182921 4.0714940949284585e-32
4.375 3.1177667239837072 4.413895153895456 3.1118455717658193 4.484341878001304 2.798298194819873e-30
4.625 3.1165030068963167 4.413895153707827 3.1111201517729508 4.488347294562722 1.5853487713817023e-28
4.875 3.1152361673440545 4.4138951535229 3.110392375794317 4.492349942222274 7.44089836681967e-27
5.125 3.1139661865956274 4.413895153340488 3.109660447549645 4.496325700210479 2.8831502816409013e-25
5.375 3.112693045739037 4.413895153160308 3.108919574875051 4.500277746336376 9.092577194644609e-24
5.625 3.111416725679172 4.413895152981952 3.108166621500248 4.504238766581833 2.252142269674823e-22
5.875 3.11013720713538 4.4138951528048445 3.107418894079983 4.50815205792007 3.954656992153136e-21
6.125 3.108854470638978 4.413895152628227 3.1067431612456198 4.511757672958668 2.789761923259548e-20
6.375 3.107568496530731 4.413895152451108 3.106194088962426 4.514714324546448 -1.0909101867037715e-18
6.625 3.1062792649582627 4.413895152272313 3.1055690873921957 4.517371847765175 -5.5213930824722155e-17
6.875 3.104986755873397 4.4138951520905625 3.1044843795529 4.5211195759639775 -1.5081395283077498e-15
7.125 3.1036909490294025 4.413895151904629 3.1024607320502935 4.5272759160256975 -3.0406459207729985e-14
7.375 3.10239182397774 4.41389515171357 3.096378792277577 4.548201112474555 -4.87731075149774e-13
7.625 3.1010893600597895 4.4138951515169715 3.0807846206829748 4.605981749874544 -6.400550420574792e-12
7.875 3.0997835363503565 4.413895151315181 3.044580697800872 4.7432880463903615 -6.946621751012237e-11
8.125 3.098474331225875 4.41389515110947 2.9883183944766243 4.953439128776354 -6.243021272063907e-10
8.375 3.09716171965218 4.41389515090207 2.9193783750275157 5.201045888637031 -4.611047172371882e-09
8.625 3.0958456605024356 4.413895150695987 2.8441458080941593 5.456714460071249 -2.7399979986059073e-08
8.875 3.0945260616638963 4.41389515049467 2.7662445938784006 5.705232097899112 -1.240590773561188e-07
9.125 3.0932028233243654 4.413895150301471 2.6871533622314527 5.93987588973197 -3.552572240524588e-07
9.375 3.091877009389646 4.413895150119017 2.6075600849191956 6.157520676416858 1.2942058380315937e-07
9.625 3.090558676185145 4.413895149948569 2.529115440686571 6.355569121308054 9.209599773068e-06
9.875 3.0893008146407697 4.413895149789501 2.4573048471614767 6.515515124774998 6.829060285179713e-05
10.125 3.0883050885280467 4.413895149638998 2.408949114622887 6.622705579045528 0.00033476072351890226
10.375 3.0881553033615248 4.413895149492053 2.3915522661751245 6.649457370339192 0.0012639670514472895
10.625 3.0901318140623197 4.413895149341821 2.3960675616367095 6.640390002901247 0.003855097550723615
10.875 3.096239033408227 4.413895149180357 2.413852516612799 6.617956443030165 0.009678706501005496
11.125 3.108226008571277 4.413895148999772 2.4344600258468883 6.602668952442579 0.02012788497491368
11.375 3.125251572036867 4.413895148793871 2.453390153501924 6.598298541718213 0.03458962805843038
11.625 3.1415312240928603 4.4138951485596944 2.4704395317448626 6.5948301128889435 0.0485132950314933
11.875 3.146965817007078 4.413895148298124 2.4756022921080136 6.594711110018526 0.053807929155783495
12.125 2.1325177739907923 4.413895148013214 2.4583908211720447 6.595262680734319 0.0432510018706274
12.375 2.097619993390757 4.413895147710963 2.4172044282521137 6.59677363652944 0.01668234441309194
12.625 2.0533534690373734 4.413895147398496 2.3643602153527388 6.596049737682247 -0.01668234441309194
12.875 2.0171094090871744 4.413895147084036 2.3202002291651356 6.594521437206652 -0.0432510018706274
13.125 2.001548495978893 4.413895146776971 2.3006036568257144 6.593817307709335 -0.053807929155783495
13.375 2.0069713530852877 4.413895146486685 2.3064957761241036 6.592800413756768 -0.0485132950314933
13.625 2.023801322438435 4.41389514622043 2.325873588308215 6.591136073543646 -0.03458962805843038
13.875 2.0412486991513283 4.413895145982295 2.345811693295494 6.588146681396158 -0.02012788497491368
14.125 2.053389554766964 4.413895145773635 2.359531064044439 6.584605272391034 -0.009678706501005496
14.375 2.0595089789394803 4.413895145593761 2.3663130526662832 6.582162568149911 -0.003855097550723615
14.625 2.061446855988767 4.413895145440451 2.36832596388801 6.580233438375703 -0.0012639670514472895
14.875 2.06123660188537 4.413895145310438 2.367879710809113 6.57800406338213 -0.00033476072351890226
15.125 2.060167034555712 4.413895145200002 2.3662496583187234 6.575399112275358 -6.829060285179713e-05
15.375 2.058825590365589 4.413895145105544 2.3643757409587636 6.57250296417949 -9.209599773068e-06
15.625 2.057415435754923 4.413895145023934 2.3625445776023417 6.570159395414205 -1.2942058380315937e-07
15.875 2.055990019312738 4.413895144952706 2.3605933260742997 6.568593616329421 3.552572240524588e-07
16.125 2.0545594920588623 4.413895144890045 2.358789866947676 6.566531000073629 1.240590773561188e-07
16.375 2.053124922620521 4.413895144834631 2.356929501919288 6.563727257132193 2.7399979986059073e-08
16.625 2.0516862012362242 4.413895144785493 2.35433667881492 6.560979112955811 4.611047172371882e-09
16.875 2.050243225369303 4.413895144741836 2.3532470009129955 6.556731404862087 6.243021272063907e-10
17.125 2.0487959438446914 4.413895144702961 2.3499246680409964 6.556578317905867 6.946621751012237e-11
17.375 2.047344321364629 4.413895144668228 2.3497245812585756 6.55062250479916 6.400550420574792e-12
17.625 2.045888325544596 4.413895144637067 2.345455874054686 6.553293926347249 4.87731075149774e-13
17.875 2.044427924126048 4.41389514460901 2.3460431235055728 6.543287526193861 3.0406459207729985e-14
18.125 2.042963084528946 4.4138951445837264 2.3408261787115494 6.541821022685163 1.5081395283077498e-15
18.375 2.041493773790597 4.413895144560998 2.3381479486411783 6.516941346333749 5.5213930824722155e-17
18.625 2.0400199585538363 4.413895144540685 2.325689634111079 6.442850043916414 1.0909101867037715e-18
18.875 2.0385416050600833 4.413895144522659 2.2864765315743303 6.1579531322858445 -2.789761923259548e-20
19.125 2.037058679142641 4.413895144506748 2.193474934827508 5.49394336415187 -3.954656992153136e-21
19.375 2.035571146219876 4.413895144492688 2.095414854128382 4.816339085294361 -2.252142269674823e-22
19.625 2.0340789712882295 4.413895144480098 2.0498907568316778 4.519148530906208 -9.092577194644609e-24
19.875 2.032582118915063 4.413895144468487 2.0369532029370934 4.442938335465698 -2.8831502816409013e-25
20.125 2.0310805532313303 4.41389514445732 2.0322458412561213 4.421627891591575 -7.44089836681967e-27
20.375 2.0295742379240838 4.413895144446065 2.029879129710925 4.415916998917591 -1.5853487713817023e-28
20.625 2.0280631362288055 4.413895144434287 2.0281413084162923 4.414413538793328 -2.798298194819873e-30
20.875 2.026547210921585 4.413895144421702 2.0265668798598533 4.414025442733648 -4.0714940949284585e-32
21.125 2.0250264243111267 4.41389514440821 2.0250312849866705 4.413927054646852 -4.802503147034089e-34
21.375 2.0235007382306054 4.413895144393871 2.023501920745206 4.413902386331326 -4.404258009248603e-36
21.625 2.0219701140293527 4.41389514437887 2.0219703370017363 4.413896444907745 -2.7652750956800404e-38
21.875 2.0204345125643637 4.413895144363451 2.0204345172442175 4.413895218708889 -4.567817789604015e-41
22.125 2.018893894191619 4.413895144347853 2.018893881898642 4.413895065899123 1.5796414191572262e-42
22.375 2.0173482187572027 4.413895144332203 2.017348218381464 4.413895141977424 2.638888646042497e-44
22.625 2.0157974455882064 4.413895144316521 2.0157974499436255 4.413895173199282 2.632942317395744e-46
22.875 2.014241533483394 4.413895144300702 2.014241535296768 4.413895156320398 1.976589158084722e-48
23.125 2.012680440703652 4.41389514428465 2.012680440329384 4.4138951418098875 1.1883943908134718e-50
23.375 2.0111141249621656 4.4138951442682055 2.011114124545094 4.413895141552979 5.861267598663116e-53
23.625 2.0095425434144394 4.413895144251558 2.009542543486009 4.413895144845751 2.3927033740792414e-55
23.875 2.0079656526479455 4.413895144234788 2.0079656528352974 4.413895145682758 8.083295968589929e-58
24.125 2.0063834086718053 4.413895144218932 2.006383408756827 4.413895145084052 2.2389513277987053e-60
24.375 2.0047957669057945 4.413895144204137 2.00479576692487 4.413895144729398 4.960217038783217e-63
24.625 2.0032026821699285 4.4138951441929475 2.0032026821834927 4.4138951447728605 8.237583357394523e-66
24.875 2.001604108672408 4.413895144184236 2.0016041086853367 4.4138951448467 8.023378137447364e-69
