0.125 2.1387886611236575 4.413895157763957 2.1387886619032885 4.413895157734794 -8.023378137447364e-69
0.375 2.1375769457649456 4.413895157526378 2.13757694652725 4.413895157574611 -8.237583357394523e-66
0.625 2.1363595131178794 4.413895157299061 2.136359513867136 4.413895157414436 -4.960217038783217e-63
0.875 2.135141106202883 4.413895157075046 2.1351411069440314 4.413895157246001 -2.2389513277987053e-60
1.125 2.1339191101970525 4.413895156855799 2.133919110927452 4.413895157089858 -8.083295968589929e-58
1.375 2.132694358223701 4.413895156639665 2.1326943588999985 4.413895157046423 -2.3927033740792414e-55
1.625 2.1314667124786486 4.413895156426643 2.1314667130037326 4.4138951572497085 -5.861267598663116e-53
1.875 2.130236155591419 4.4138951562162285 2.1302361560054655 4.413895157355238 -1.1883943908134718e-50
2.125 2.129002671042204 4.4138951560082464 2.129002672134475 4.413895155494586 -1.976589158084722e-48
2.375 2.127766241901771 4.413895155802432 2.127766245642332 4.413895148735273 -2.632942317395744e-46
2.625 2.1265268511244626 4.413895155598571 2.126526858106248 4.413895140531672 -2.638888646042497e-44
2.875 2.125284481503191 4.413895155396398 2.1252844816232797 4.413895157495776 -1.5796414191572262e-42
3.125 2.1240391156700977 4.413895155195659 2.1240390772595594 4.413895253099784 4.567817789604015e-41
3.375 2.1227907360945673 4.41389515499608 2.1227906245322274 4.413895434049689 2.7652750956800404e-38
3.625 2.121539325081094 4.413895154797386 2.1215392025150326 4.413895460386293 4.404258009248603e-36
3.875 2.120284864767134 4.413895154599321 2.1202850732565093 4.413894651707045 4.802503147034089e-34
4.125 2.119027337120924 4.413895154401649 2.1190287258943976 4.413891832818104 4.0714940949284585e-32
4.375 2.117766723939249 4.4138951542041625 2.1177709492428805 4.413884880399354 2.798298194819873e-30
4.625 2.116503006845188 4.413895154006693 2.116513282451393 4.413869939425869 1.5853487713817023e-28
4.875 2.115236167285821 4.413895153809124 2.1152587038714827 4.413839729399577 7.44089836681967e-27
5.125 2.113966186529893 4.413895153611378 2.1140078260652913 4.413792952166583 2.8831502816409013e-25
5.375 2.112693045665439 4.413895153413428 2.1127495707710335 4.413756561488208 9.092577194644609e-24
5.625 2.1114167255973655 4.413895153215307 2.111481468698374 4.413735191871464 2.252142269674823e-22
5.875 2.110137207045006 4.413895153017098 2.110206174458048 4.413728364306504 3.954656992153136e-21
6.125 2.1088544705396135 4.41389515281894 2.108924495345133 4.413725623036756 2.789761923259548e-20
6.375 2.107568496421827 4.4138951526210315 2.1076368098108893 4.413729906325539 -1.0909101867037715e-18
6.625 2.106279264839085 4.413895152423619 2.1063419163388084 4.413743796010053 -5.5213930824722155e-17
6.875 2.1049867557430026 4.413895152227003 2.1050369018107964 4.413774586854982 -1.5081395283077498e-15
7.125 2.103690948886666 4.4138951520315075 2.1037218328453675 4.413822281632659 -3.0406459207729985e-14
7.375 2.102391823821476 4.41389515183749 2.10240705410882 4.413860476179433 -4.87731075149774e-13
7.625 2.1011893598889673 4.4138951516453 2.1010960893872808 4.413884348539725 -6.400550420574792e-12
7.875 2.099883536164413 4.413895151455263 2.0997855825792433 4.413893239687949 -6.946621751012237e-11
8.125 2.098574331025088 4.413895151267644 2.0984745144949475 4.413896314759956 -6.243021272063907e-10
8.375 2.0972617194380616 4.413895151082622 2.0971617605033925 4.413897546326106 -4.611047172371882e-09
8.625 2.0959456602780606 4.413895150900265 2.0958461328935702 4.413897956909272 -2.7399979986059073e-08
8.875 2.094626061434082 4.4138951507204895 2.0945266717620896 4.413898276851537 -1.240590773561188e-07
9.125 2.0933028230956365 4.413895150543054 2.0932032267297123 4.413898264061828 -3.552572240524588e-07
9.375 2.091977009169931 4.413895150367529 2.091877217526563 4.413897514184521 1.2942058380315937e-07
9.625 2.090558675983202 4.413895150193302 2.0905587698900985 4.413897200907493 9.209599773068e-06
9.875 2.089300814465388 4.4138951500195995 2.089300912232404 4.4138976469070625 6.829060285179713e-05
10.125 2.0883050883871004 4.413895149845523 2.0883053224352226 4.41389833590983 0.00033476072351890226
10.375 2.088155303261008 4.413895149670052 2.0881557144194973 4.413898452030198 0.0012639670514472895
10.625 2.090131814005478 4.4138951494920935 2.0901323692198654 4.413897730579642 0.003855097550723615
10.875 2.0962390333949172 4.413895149310522 2.0962397456395103 4.413896510405538 0.009678706501005496
11.125 2.1082260085977853 4.413895149124266 2.1082269011847297 4.413895581349213 0.02012788497491368
11.375 2.1252515720965266 4.413895148932544 2.125252636326157 4.413895391597792 0.03458962805843038
11.625 2.141531224177421 4.41389514873522 2.1415323851870784 4.4138957475743155 0.0485132950314933
11.875 2.1469658171080965 4.413895148533069 2.1469669060493604 4.413896167473142 0.053807929155783495
12.125 2.132517774100225 4.413895148327702 2.132518650022697 4.413896406982295 0.0432510018706274
12.375 2.097619993500836 4.413895148121183 2.0976206101192476 4.413896882045957 0.01668234441309194
12.625 2.0533534691406943 4.413895147915503 2.053353937986211 4.413898120602413 -0.01668234441309194
12.875 2.0171094091781105 4.413895147712172 2.017109970554373 4.413900461802259 -0.0432510018706274
13.125 2.0015484960559666 4.413895147512173 2.001549610452902 4.4139048282247675 -0.053807929155783495
13.375 2.006971353151816 4.4138951473163335 2.0069737282392506 4.413912972490252 -0.0485132950314933
13.625 2.023801322500198 4.413895147125736 2.023805971052725 4.41392730003484 -0.03458962805843038
13.875 2.04124869921389 4.413895146941787 2.0412570223071507 4.413950891266152 -0.02012788497491368
14.125 2.053389554834612 4.413895146765972 2.0534032990856703 4.413986336466054 -0.009678706501005496
14.375 2.059508979015206 4.413895146599571 2.059528076269347 4.414021874893051 -0.003855097550723615
14.625 2.061446856074312 4.413895146443461 2.0614688330075213 4.414041188347778 -0.0012639670514472895
14.875 2.061236601981169 4.413895146298044 2.0612596391607383 4.414048180263579 -0.00033476072351890226
15.125 2.060167034660906 4.413895146163259 2.060190238928814 4.414048319967648 -6.829060285179713e-05
15.375 2.058825590478242 4.413895146038654 2.0588483191269957 4.414045408647928 -9.209599773068e-06
15.625 2.057415435872377 4.413895145923485 2.057436802925425 4.414036578160942 -1.2942058380315937e-07
15.875 2.055990019432026 4.413895145816821 2.0560086972149945 4.414018876921913 3.552572240524588e-07
16.125 2.054559492177076 4.413895145717635 2.0545737437960323 4.413989619078941 1.240590773561188e-07
16.375 2.053124922735069 4.413895145624906 2.053133748423404 4.413953462804617 2.7399979986059073e-08
16.625 2.0516862013449852 4.413895145537691 2.051691102155624 4.4139272852581435 4.611047172371882e-09
16.875 2.050243225470659 4.4138951454551965 2.0502458266849164 4.4139119305008325 6.243021272063907e-10
17.125 2.0487959439375096 4.413895145376799 2.048797244872622 4.413903340443305 6.946621751012237e-11
17.375 2.0473443214481932 4.413895145302075 2.047344913016287 4.413898812224639 6.400550420574792e-12
17.625 2.045888325618555 4.413895145230777 2.045888554164857 4.413896577205843 4.87731075149774e-13
17.875 2.044427924190363 4.413895145162807 2.04442798428889 4.413895530392494 3.0406459207729985e-14
18.125 2.042963084583866 4.413895145098189 2.0429630784288735 4.413895103720466 1.5081395283077498e-15
18.375 2.0414937738366303 4.413895145037021 2.0414937534225035 4.4138950099077325 5.5213930824722155e-17
18.625 2.0400199585917207 4.413895144979445 2.0400199448076 4.41389505375359 1.0909101867037715e-18
18.875 2.0385416050907432 4.41389514492559 2.0385416004918797 4.413895114628784 -2.789761923259548e-20
19.125 2.037058679167126 4.413895144875558 2.0370586796541335 4.4138951483213065 -3.954656992153136e-21
19.375 2.035571146239286 4.413895144829392 2.0355711479759178 4.413895156570544 -2.252142269674823e-22
19.625 2.0340789713036287 4.413895144787086 2.034078972599924 4.413895153608033 -9.092577194644609e-24
19.875 2.032582118927407 4.413895144748563 2.0325821195983202 4.413895149417445 -2.8831502816409013e-25
20.125 2.0310805532414196 4.413895144713693 2.031080553592214 4.413895147252912 -7.44089836681967e-27
20.375 2.029574237932531 4.413895144682308 2.029574238213178 4.413895146748155 -1.5853487713817023e-28
20.625 2.028063136236055 4.413895144654192 2.028063136535619 4.4138951468356 -2.798298194819873e-30
20.875 2.0265472109279483 4.413895144629107 2.0265472112445346 4.413895146911565 -4.0714940949284585e-32
21.125 2.0250264243168346 4.413895144606803 2.0250264246293286 4.41389514684843 -4.802503147034089e-34
21.375 2.0235007382358647 4.413895144587025 2.0235007385323165 4.41389514670711 -4.404258009248603e-36
21.625 2.021970114034376 4.413895144569525 2.021970114312626 4.413895146552846 -2.7652750956800404e-38
21.875 2.0204345125693832 4.413895144554047 2.0204345128309553 4.4138951464106055 -4.567817789604015e-41
22.125 2.0188938941968644 4.413895144540352 2.018893894443254 4.413895146280939 1.5796414191572262e-42
22.375 2.017348218762856 4.413895144528217 2.0173482189947016 4.413895146159235 2.638888646042497e-44
22.625 2.0157974455943473 4.413895144517423 2.01579744581172 4.413895146043173 2.632942317395744e-46
22.875 2.01424153348995 4.413895144507779 2.0142415336926454 4.413895145932793 1.976589158084722e-48
23.125 2.0126804407103744 4.413895144499114 2.01268044089797 4.41389514582901 1.1883943908134718e-50
23.375 2.0111141249686613 4.413895144491289 2.0111141251404465 4.413895145732804 5.861267598663116e-53
23.625 2.0095425434202108 4.413895144484204 2.0095425435750887 4.413895145645181 2.3927033740792414e-55
23.875 2.0079656526525547 4.413895144477805 2.007965652788945 4.413895145567123 8.083295968589929e-58
24.125 2.006383408674898 4.413895144472123 2.006383408790712 4.413895145500082 2.2389513277987053e-60
24.375 2.004795766907403 4.413895144467187 2.0047957669998655 4.413895145444815 4.960217038783217e-63
24.625 2.0032026821702584 4.413895144463351 2.0032026822361955 4.41389514540464 8.237583357394523e-66
24.875 2.0016041086723213 4.413895144460417 2.0016041087071867 4.413895145376461 8.023378137447364e-69
