0.03125 2.0 0.0 2.1390393443543756 4.418834145608986 -4.003793457677204e-70
0.09375 2.0 0.0 2.1387267716308846 4.419022384364682 -3.10028924768748e-69
0.15625 2.0 0.0 2.138422951404946 4.419029181046952 -2.0164329257222074e-68
0.21875 2.0 0.0 2.138118619183063 4.419027523697555 -1.1971437942926539e-67
0.28125 2.0 0.0 2.1378142549740553 4.419027565864323 -6.704319663991951e-67
0.34375 2.0 0.0 2.1375097127762492 4.419027759181089 -3.6001438242163e-66
0.40625 2.0 0.0 2.137205026273304 4.419027746946698 -1.8711212490761638e-65
0.46875 2.0 0.0 2.1369001379268617 4.41902776738892 -9.467542854033363e-65
0.53125 2.0 0.0 2.1365950833470313 4.419027755394338 -4.681823820360618e-64
0.59375 2.0 0.0 2.1362898421131566 4.419027763182667 -2.2689000963112057e-63
0.65625 2.0 0.0 2.135984427145917 4.419027757499079 -1.0796763064909657e-62
0.71875 2.0 0.0 2.1356788288510575 4.419027764082082 -5.052285490132954e-62
0.78125 2.0 0.0 2.135373053700369 4.4190277630667625 -2.3274779481577778e-61
0.84375 2.0 0.0 2.1350670962409186 4.41902776694319 -1.0564902049433007e-60
0.90625 2.0 0.0 2.1347609601521884 4.41902776746414 -4.7285315304742537e-60
0.96875 2.0 0.0 2.1344546431934357 4.419027771082109 -2.0878823025968615e-59
1.03125 2.0 0.0 2.134148146570224 4.419027773053311 -9.099039886941364e-59
1.09375 2.0 0.0 2.1338414687675473 4.419027775505892 -3.9151515696813544e-58
1.15625 2.0 0.0 2.1335346101241135 4.419027777011471 -1.6637515850317588e-57
1.21875 2.0 0.0 2.133227569555728 4.419027779020956 -6.98415315449243e-57
1.28125 2.0 0.0 2.132920347104159 4.419027780667777 -2.896688398352563e-56
1.34375 2.0 0.0 2.1326129425194225 4.419027782848268 -1.1871666588356863e-55
1.40625 2.0 0.0 2.1323053560492635 4.419027784942012 -4.808243216412138e-55
1.46875 2.0 0.0 2.131997587456675 4.419027786172192 -1.9246606613016414e-54
1.53125 2.0 0.0 2.1316896365113505 4.419027785366234 -7.614287154550369e-54
1.59375 2.0 0.0 2.1313815028107315 4.419027783443751 -2.977231559962374e-53
1.65625 2.0 0.0 2.13107318609202 4.419027782193409 -1.1505138179815468e-52
1.71875 2.0 0.0 2.1307646859156875 4.419027782651094 -4.393804720150234e-52
1.78125 2.0 0.0 2.1304560018719436 4.419027783803185 -1.6581299923453183e-51
1.84375 2.0 0.0 2.1301471337311497 4.419027784386621 -6.182563431609285e-51
1.90625 2.0 0.0 2.1298380815128093 4.419027784195044 -2.277278377096913e-50
1.96875 2.0 0.0 2.129528845182037 4.419027783871122 -8.284492655247021e-50
2.03125 2.0 0.0 2.1292194244243356 4.419027783853485 -2.9757630384972538e-49
2.09375 2.0 0.0 2.128909818683331 4.419027784087493 -1.0550291032482932e-48
2.15625 2.0 0.0 2.128600027471486 4.419027784263291 -3.6904479413849395e-48
2.21875 2.0 0.0 2.1282900505141633 4.419027783996202 -1.2729509522619648e-47
2.28125 2.0 0.0 2.1279798876763705 4.419027783116385 -4.3268626815565847e-47
2.34375 2.0 0.0 2.127669538769486 4.4190277820044 -1.4480961508257759e-46
2.40625 2.0 0.0 2.127359003474173 4.41902778145511 -4.766666883297355e-46
2.46875 2.0 0.0 2.127048281437168 4.419027781987653 -1.541032557512438e-45
2.53125 2.0 0.0 2.126737372420268 4.419027783248328 -4.88392660333133e-45
2.59375 2.0 0.0 2.126426276292867 4.419027784171396 -1.5134271734381545e-44
2.65625 2.0 0.0 2.1261149929032532 4.419027783679573 -4.568647830048834e-44
2.71875 2.0 0.0 2.125803521916351 4.419027781571872 -1.3361689566318357e-43
2.78125 2.0 0.0 2.1254918628411485 4.419027778773373 -3.7532028244107754e-43
2.84375 2.0 0.0 2.125180015203279 4.419027776785921 -9.974387744360698e-43
2.90625 2.0 0.0 2.124867978678626 4.419027776711278 -2.4351720591234945e-42
2.96875 2.0 0.0 2.1245557530875585 4.419027778522502 -5.085290221773357e-42
3.03125 2.0 0.0 2.124243338311694 4.4190277812601 -6.897034062129024e-42
3.09375 2.0 0.0 2.123930734222956 4.419027783756061 9.4571499118777e-42
3.15625 2.0 0.0 2.1236179406404534 4.4190277853392 1.333693151761316e-40
3.21875 2.0 0.0 2.123304957301695 4.4190277859077245 7.548951878250107e-40
3.28125 2.0 0.0 2.122991783809414 4.419027785688581 3.4311887634935694e-39
3.34375 2.0 0.0 2.1226784196723436 4.419027785058262 1.403178566439546e-38
3.40625 2.0 0.0 2.1223648644585307 4.419027784504291 5.378068716624702e-38
3.46875 2.0 0.0 2.1220511179279073 4.419027784636139 1.9697195541396117e-37
3.53125 2.0 0.0 2.121737180005872 4.419027785924392 6.968045095399668e-37
3.59375 2.0 0.0 2.121423050612296 4.419027788294418 2.3966218722471593e-36
3.65625 2.0 0.0 2.1211087295230486 4.419027790920059 8.049000674182709e-36
3.71875 2.0 0.0 2.120794216363301 4.41902779268278 2.64747034316652e-35
3.78125 2.0 0.0 2.1204795107502257 4.419027792838547 8.54664587042569e-35
3.84375 2.0 0.0 2.1201646123560334 4.419027791693971 2.712213722730896e-34
3.90625 2.0 0.0 2.1198495208890358 4.419027790508098 8.471067439974588e-34
3.96875 2.0 0.0 2.119534236003406 4.419027790651038 2.6064103442825064e-33
4.03125 2.0 0.0 2.1192187573483574 4.419027792530525 7.905978888239404e-33
4.09375 2.0 0.0 2.1189030846966856 4.419027795287216 2.3655346031470872e-32
4.15625 2.0 0.0 2.1185872179688054 4.419027797534566 6.984994830761698e-32
4.21875 2.0 0.0 2.118271157055715 4.419027798397913 2.0362389514835817e-31
4.28125 2.0 0.0 2.117954901578996 4.419027798151394 5.862031322215626e-31
4.34375 2.0 0.0 2.117638450954087 4.419027797555156 1.666974471735266e-30
4.40625 2.0 0.0 2.1173218046505298 4.419027797132307 4.683320222460584e-30
4.46875 2.0 0.0 2.1170049624234073 4.419027796899404 1.3001294525565887e-29
4.53125 2.0 0.0 2.1166879242559378 4.419027796671112 3.5667630039506357e-29
4.59375 2.0 0.0 2.1163706900782993 4.419027796425801 9.670497416647311e-29
4.65625 2.0 0.0 2.1160532595705615 4.419027796312674 2.5913628227116674e-28
4.71875 2.0 0.0 2.115735632244322 4.419027796341062 6.863046828850996e-28
4.78125 2.0 0.0 2.115417807620023 4.419027796306965 1.796412949920961e-27
4.84375 2.0 0.0 2.115099785334515 4.4190277959521245 4.64700787456371e-27
4.90625 2.0 0.0 2.1147815651481148 4.419027795116911 1.1879054274809626e-26
4.96875 2.0 0.0 2.1144631469034776 4.41902779379321 3.0004004484834847e-26
5.03125 2.0 0.0 2.1141445304676854 4.41902779220071 7.486792811960278e-26
5.09375 2.0 0.0 2.1138257156465636 4.419027790826653 1.8451945242224962e-25
5.15625 2.0 0.0 2.1135067021058545 4.41902779022077 4.490611845317189e-25
5.21875 2.0 0.0 2.1131874893924945 4.41902779051357 1.0788108353212093e-24
5.28125 2.0 0.0 2.112868077064946 4.4190277910617946 2.557329998052712e-24
5.34375 2.0 0.0 2.1125484647817676 4.419027790827452 5.97877898615881e-24
5.40625 2.0 0.0 2.112228652284818 4.419027789229329 1.3776866515677294e-23
5.46875 2.0 0.0 2.111908639305251 4.419027786762269 3.1264914036512736e-23
5.53125 2.0 0.0 2.1115884255479056 4.4190277846246335 6.980618709954213e-23
5.59375 2.0 0.0 2.1112680108014694 4.419027783591361 1.5314050791412638e-22
5.65625 2.0 0.0 2.110947394930634 4.419027783387309 3.2952537647922248e-22
5.71875 2.0 0.0 2.110626577692509 4.419027783167293 6.938397225712931e-22
5.78125 2.0 0.0 2.110305558592188 4.419027782455295 1.4247827369012723e-21
5.84375 2.0 0.0 2.1099843369475773 4.419027781623025 2.839370569031387e-21
5.90625 2.0 0.0 2.109662912198043 4.41902778129619 5.44950890910029e-21
5.96875 2.0 0.0 2.109341284132543 4.419027781549843 9.944158298563714e-21
6.03125 2.0 0.0 2.109019452860339 4.419027781656138 1.683955802877859e-20
6.09375 2.0 0.0 2.1086974185406975 4.419027780564049 2.5051785044004933e-20
6.15625 2.0 0.0 2.108375181073103 4.41902777771238 2.740528868930065e-20
6.21875 2.0 0.0 2.108052739936327 4.419027773440013 -1.9289258172990763e-21
6.28125 2.0 0.0 2.10773009428157 4.419027768912033 -1.4017862304362418e-19
6.34375 2.0 0.0 2.1074072432198188 4.419027765566627 -5.9727403593566045e-19
6.40625 2.0 0.0 2.1070841862328216 4.419027764133203 -1.9104035673239254e-18
6.46875 2.0 0.0 2.106760923336245 4.4190277641420685 -5.395897040893431e-18
6.53125 2.0 0.0 2.1064374548945475 4.4190277641897815 -1.4172635144106045e-17
6.59375 2.0 0.0 2.106113781103654 4.419027763065518 -3.5429167569282213e-17
6.65625 2.0 0.0 2.105789901658527 4.4190277606162125 -8.534713940380537e-17
6.71875 1.9999999999999998 0.0 2.1054658158271025 4.419027757694474 -1.996000429606432e-16
6.78125 1.9999999999999996 0.0 2.105141522854545 4.419027755187097 -4.553629995606369e-16
6.84375 1.999999999999999 0.0 2.1048170222721607 4.419027753275021 -1.0167180356264946e-15
6.90625 1.9999999999999978 0.0 2.104492313858707 4.41902775150436 -2.226894517287864e-15
6.96875 1.9999999999999951 0.0 2.10416739740105 4.41902774946982 -4.7928992723670935e-15
7.03125 1.9999999999999898 0.0 2.103842272578188 4.419027747162249 -1.0149798143363878e-14
7.09375 1.999999999999979 0.0 2.103516939045154 4.41902774472196 -2.1169426434468405e-14
7.15625 1.9999999999999565 0.0 2.1031913965870475 4.419027741980586 -4.352028380639294e-14
7.21875 1.9999999999999118 0.0 2.102865645075938 4.4190277385438135 -8.824162729183831e-14
7.28125 1.9999999999998235 0.0 2.1025396842829824 4.419027734408966 -1.765504987103273e-13
7.34375 1.9999999999996514 0.0 2.1022135137623947 4.419027730289853 -3.4869878558211256e-13
7.40625 1.9999999999993199 0.0 2.1018871329809903 4.419027727064627 -6.800747887373828e-13
7.46875 1.99999999999869 0.0 2.101560541523915 4.41902772493912 -1.3100830926616375e-12
7.53125 1.9999999999975067 0.0 2.101233739138026 4.419027723167301 -2.4932458599455e-12
7.59375 1.9999999999953115 0.0 2.1009067255641884 4.419027720797039 -4.688392804143842e-12
7.65625 1.9999999999912879 0.0 2.1005795003418086 4.419027717649889 -8.71217953361179e-12
7.71875 1.9999999999840004 0.0 2.1002520629666104 4.4190277142896 -1.5999612188650176e-11
7.78125 1.9999999999709601 0.0 2.0999244132462875 4.419027711050081 -2.9039792611471703e-11
7.84375 1.9999999999479061 0.0 2.099596551255385 4.4190277076767 -5.2093915604236066e-11
7.90625 1.9999999999076399 0.0 2.0992684769719667 4.419027703811668 -9.236014962645237e-11
7.96875 1.9999999998381668 0.0 2.0989401898084363 4.419027699941175 -1.6183318890323987e-10
8.03125 1.9999999997197775 0.0 2.098611688767482 4.4190276970925115 -2.8022250166414554e-10
8.09375 1.9999999995205506 0.0 2.098282973077364 4.419027695567916 -4.794494381885033e-10
8.15625 1.9999999991895576 0.0 2.097954042617439 4.4190276941865765 -8.10442429110603e-10
8.21875 1.999999998646815 0.0 2.0976248975603298 4.419027691390333 -1.3531848884076558e-09
8.28125 1.9999999977687843 0.0 2.0972955377276667 4.41902768681912 -2.2312156971162697e-09
8.34375 1.9999999963680257 0.0 2.09696596232715 4.4190276816648435 -3.631974219148933e-09
8.40625 1.9999999941656055 0.0 2.096636170282683 4.419027677384978 -5.834394601838469e-09
8.46875 1.9999999907552413 0.0 2.096306160567543 4.419027674365328 -9.244758734380355e-09
8.53125 1.9999999855593757 0.0 2.09597593219172 4.419027671861279 -1.444062428085364e-08
8.59375 1.9999999777799766 0.0 2.0956454839093324 4.419027669059325 -2.2220023413817202e-08
8.65625 1.9999999663518995 0.0 2.0953148139959152 4.419027665900512 -3.364810060345147e-08
8.71875 1.9999999499155405 0.0 2.094983920268551 4.419027663058105 -5.00844594839887e-08
8.78125 1.999999926840398 0.0 2.0946528003034226 4.419027661087004 -7.315960195901896e-08
8.84375 1.9999998953549927 0.0 2.0943214516356887 4.419027659794375 -1.046450073705699e-07
8.90625 1.9999998538753827 0.0 2.09398987205919 4.419027658268337 -1.461246173463636e-07
8.96875 1.9999998016794465 0.0 2.0936580602982735 4.419027655691046 -1.9832055356516146e-07
9.03125 1.9999997401537202 0.0 2.093326017569769 4.419027651973574 -2.598462797269504e-07
9.09375 1.9999996749516689 0.0 2.0929937504712224 4.419027647796794 -3.250483311046408e-07
9.15625 1.99999961955562 0.0 2.0926612757582372 4.419027644028654 -3.8044437996817056e-07
9.21875 1.9999996009383936 0.0 2.0923286276204944 4.41902764116906 -3.990616064219827e-07
9.28125 1.9999996682833594 0.0 2.0919958687837283 4.419027639229013 -3.31716640591852e-07
9.34375 1.9999999060493086 0.0 2.0916631071900698 4.419027637653151 -9.39506915416835e-08
9.40625 2.000000453060324 0.0 2.0913305204347057 4.419027635578454 4.530603240697041e-07
9.46875 2.0000015297539804 0.0 2.0909983904652893 4.4190276324436715 1.529753980297915e-06
9.53125 2.0000034762149435 0.0 2.0906671520884608 4.419027628956077 3.4762149433038535e-06
9.59375 2.0000068041203702 0.0 2.090337459725528 4.419027626562002 6.804120370200431e-06
9.65625 2.000012266172538 0.0 2.090010277222846 4.41902762615505 1.2266172538001058e-05
9.71875 2.000020946912308 0.0 2.089686994737006 4.419027626478748 2.0946912307718176e-05
9.78125 2.0000343788865793 0.0 2.0893695773654124 4.419027625931851 3.437888657929601e-05
9.84375 2.0000546878491403 0.0 2.08906075044631 4.419027624170242 5.468784914051539e-05
9.90625 2.0000847698499293 0.0 2.0887642271228115 4.419027622892113 8.47698499292316e-05
9.96875 2.000128501542437 0.0 2.0884849791417857 4.419027622805091 0.00012850154243721726
10.03125 2.000190982645867 0.0 2.088229549362028 4.41902762366168 0.0001909826458667602
10.09375 2.0002788060977457 0.0 2.088006398121646 4.419027622635221 0.00027880609774585296
10.15625 2.0004003469417335 0.0 2.0878262736795397 4.419027620497596 0.00040034694173355593
10.21875 2.0005660554261655 0.0 2.0877025866513326 4.419027617454313 0.0005660554261655719
10.28125 2.0007887332867798 0.0 2.0876517655068696 4.419027620581188 0.0007887332867798587
10.34375 2.0010837650681754 0.0 2.0876935530084166 4.41902762432284 0.001083765068175486
10.40625 2.0014692691192733 0.0 2.087851188330232 4.419027623532005 0.0014692691192730424
10.46875 2.0019661263086395 0.0 2.0881514396334815 4.419027622236752 0.0019661263086395773
10.53125 2.0025978394800696 0.0 2.088624411768507 4.419027620651762 0.002597839480069819
10.59375 2.003390174303655 0.0 2.089303064816406 4.4190276198937255 0.0033901743036548818
10.65625 2.004370533653136 0.0 2.0902223891191363 4.419027619675083 0.004370533653136037
10.71875 2.005567024104158 0.0 2.091418178373052 4.4190276201523 0.005567024104157814
10.78125 2.007007185562589 0.0 2.092925369757314 4.419027620348963 0.007007185562588836
10.84375 2.008716373997397 0.0 2.0947759403026387 4.419027620011621 0.008716373997397405
10.90625 2.0107158128204725 0.0 2.096996389081065 4.419027619805311 0.01071581282047236
10.96875 2.0130203599593175 0.0 2.0996048747166594 4.419027621045366 0.013020359959317548
11.03125 2.015636073594931 0.0 2.102608126736201 4.41902762379677 0.01563607359493098
11.09375 2.0185576974742765 0.0 2.10599829532118 4.419027627185514 0.01855769747427637
11.15625 2.021766223390745 0.0 2.1097499502514125 4.419027630446621 0.021766223390745052
11.21875 2.025226719910308 0.0 2.1138174735828494 4.41902763303454 0.02522671991030791
11.28125 2.028886638374096 0.0 2.118133108433033 4.419027634144551 0.028886638374096246
11.34375 2.032674815330663 0.0 2.122605923665035 4.419027633551989 0.03267481533066286
11.40625 2.0365013810842383 0.0 2.12712193119233 4.419027632239613 0.036501381084238345
11.46875 2.0402587543207287 0.0 2.1315455435183313 4.419027630838725 0.04025875432072879
11.53125 2.0438238517414975 0.0 2.1357224868514044 4.419027629944027 0.043823851741497465
11.59375 2.047061570295903 0.0 2.139484197038227 4.41902763173033 0.04706157029590306
11.65625 2.0498295112637854 0.0 2.1426536265891727 4.419027641491404 0.04982951126378543
11.71875 2.051983815731629 0.0 2.145052282553646 4.4190276665482955 0.051983815731628635
11.78125 2.0533858776287497 0.0 2.146508215896442 4.4190277044504676 0.05338587762874967
11.84375 2.0539096026515002 0.0 2.1468645838735654 4.419027708920962 0.053909602651500035
11.90625 2.0534487990070067 0.0 2.14598826959529 4.419027634173338 0.053448799007006796
11.96875 2.051924228538194 0.0 2.1437782230350213 4.419027610765255 0.05192422853819394
12.03125 2.0492898226135075 0.0 2.1401728763125316 4.419027597551365 0.04928982261350742
12.09375 2.0455375818616344 0.0 2.135156068294253 4.4190276052065265 0.04553758186163458
12.15625 2.040700734725941 0.0 2.1287612324233383 4.419027607310297 0.040700734725941205
12.21875 2.0348548252974874 0.0 2.1210732819907667 4.419027617744403 0.034854825297487284
12.28125 2.028116530264598 0.0 2.112228070577273 4.419027624771573 0.028116530264597768
12.34375 2.0206401586194422 0.0 2.1024092145467246 4.419027632767512 0.0206401586194423
12.40625 2.0126119535118834 0.0 2.0918423650407965 4.4190276373855175 0.012611953511883283
12.46875 2.0042424790263493 0.0 2.080787060068073 4.4190276420677534 0.004242479026349397
12.53125 1.9957575209736507 0.0 2.069526513335725 4.41902764523716 -0.004242479026349397
12.59375 1.9873880464881166 0.0 2.058355784340244 4.419027646305191 -0.012611953511883283
12.65625 1.9793598413805578 0.0 2.047568941731617 4.4190276453780815 -0.0206401586194423
12.71875 1.9718834697354022 0.0 2.0374459120876933 4.419027641927636 -0.028116530264597768
12.78125 1.9651451747025128 0.0 2.0282398056569555 4.419027639023226 -0.034854825297487284
12.84375 1.9592992652740588 0.0 2.0201655255501296 4.419027635096452 -0.040700734725941205
12.90625 1.9544624181383654 0.0 2.013390458131818 4.419027635986462 -0.04553758186163458
12.96875 1.9507101773864925 0.0 2.0080279100658895 4.419027635321574 -0.04928982261350742
13.03125 1.948075771461806 0.0 2.0041337935258947 4.41902764690783 -0.05192422853819394
13.09375 1.9465512009929933 0.0 2.0017067577731984 4.419027667563682 -0.053448799007006796
13.15625 1.9460903973485 0.0 2.0006917116851155 4.419027721412801 -0.053909602651500035
13.21875 1.9466141223712503 0.0 2.000986285941604 4.419027728399947 -0.05338587762874967
13.28125 1.9480161842683714 0.0 2.0024495343777398 4.419027701922553 -0.051983815731628635
13.34375 1.9501704887362146 0.0 2.0049122129386765 4.419027688638133 -0.04982951126378543
13.40625 1.952938429704097 0.0 2.008187555955554 4.419027683915511 -0.04706157029590306
13.46875 1.9561761482585025 0.0 2.012081802222534 4.419027685925804 -0.043823851741497465
13.53125 1.959741245679271 0.0 2.0164038007082485 4.4190276885133795 -0.04025875432072879
13.59375 1.9634986189157617 0.0 2.0209731492525673 4.419027692013347 -0.036501381084238345
13.65625 1.9673251846693371 0.0 2.025626583281286 4.419027694134503 -0.03267481533066286
13.71875 1.9711133616259038 0.0 2.030222478964416 4.4190276949890785 -0.028886638374096246
13.78125 1.974773280089692 0.0 2.0346435198221697 4.419027693118986 -0.02522671991030791
13.84375 1.978233776609255 0.0 2.0387976786465045 4.419027688822634 -0.021766223390745052
13.90625 1.9814423025257237 0.0 2.0426177608749296 4.41902768311882 -0.01855769747427637
13.96875 1.984363926405069 0.0 2.0460597945974186 4.419027677862898 -0.01563607359493098
14.03125 1.9869796400406825 0.0 2.0491005750952023 4.419027673679359 -0.013020359959317548
14.09375 1.9892841871795277 0.0 2.0517346607748532 4.419027670735372 -0.01071581282047236
14.15625 1.9912836260026026 0.0 2.0539710951789174 4.419027670526075 -0.008716373997397405
14.21875 1.9929928144374112 0.0 2.055830089816353 4.419027675936013 -0.007007185562588836
14.28125 1.9944329758958421 0.0 2.0573398585330227 4.4190276898366445 -0.005567024104157814
14.34375 1.995629466346864 0.0 2.058533743624816 4.419027712058565 -0.004370533653136037
14.40625 1.9966098256963452 0.0 2.059447727676187 4.419027741726927 -0.0033901743036548818
14.46875 1.9974021605199301 0.0 2.0601183803018417 4.4190277765508945 -0.002597839480069819
14.53125 1.9980338736913603 0.0 2.060581254519276 4.419027816719085 -0.0019661263086395773
14.59375 1.998530730880727 0.0 2.0608697132881364 4.419027858835893 -0.0014692691192730424
14.65625 1.9989162349318246 0.0 2.0610141497966676 4.419027901100613 -0.001083765068175486
14.71875 1.9992112667132202 0.0 2.061041541261387 4.419027934227712 -0.0007887332867798587
14.78125 1.9994339445738345 0.0 2.060975279780702 4.419027964372154 -0.0005660554261655719
14.84375 1.9995996530582665 0.0 2.060835225142445 4.419027990411776 -0.00040034694173355593
14.90625 1.9997211939022541 0.0 2.0606378977443245 4.41902800871679 -0.00027880609774585296
14.96875 1.9998090173541332 0.0 2.0603967817309314 4.419028019519832 -0.0001909826458667602
15.03125 1.9998714984575627 0.0 2.060122683570525 4.419028025536252 -0.00012850154243721726
15.09375 1.9999152301500707 0.0 2.0598241107264585 4.419028030882021 -8.47698499292316e-05
15.15625 1.9999453121508595 0.0 2.0595076449364775 4.4190280387682925 -5.468784914051539e-05
15.21875 1.9999656211134207 0.0 2.059178290617555 4.419028050655485 -3.437888657929601e-05
15.28125 1.9999790530876922 0.0 2.05883978757 4.41902806574074 -2.0946912307718176e-05
15.34375 1.999987733827462 0.0 2.0584948816960447 4.4190280823567285 -1.2266172538001058e-05
15.40625 1.9999931958796298 0.0 2.0581455530256187 4.419028099150822 -6.804120370200431e-06
15.46875 1.9999965237850568 0.0 2.0577932029064163 4.419028115608609 -3.4762149433038535e-06
15.53125 1.9999984702460196 0.0 2.0574388042309066 4.419028131254241 -1.529753980297915e-06
15.59375 1.9999995469396759 0.0 2.0570830188680675 4.419028144915164 -4.530603240697041e-07
15.65625 2.0000000939506917 0.0 2.056726287085267 4.4190281549042085 9.39506915416835e-08
15.71875 2.0000003317166404 0.0 2.0563688939184526 4.419028160754238 3.31716640591852e-07
15.78125 2.0000003990616064 0.0 2.05601101801656 4.41902816416709 3.990616064219827e-07
15.84375 2.00000038044438 0.0 2.0556527672194482 4.419028167884893 3.8044437996817056e-07
15.90625 2.000000325048331 0.0 2.05529420392915 4.419028173925216 3.250483311046408e-07
15.96875 2.0000002598462796 0.0 2.054935362333843 4.419028182510309 2.598462797269504e-07
16.03125 2.0000001983205538 0.0 2.054576259545008 4.419028192820267 1.9832055356516146e-07
16.09375 2.0000001461246173 0.0 2.0542169026707113 4.419028204077317 1.461246173463636e-07
16.15625 2.0000001046450073 0.0 2.0538572934162005 4.419028215740418 1.046450073705699e-07
16.21875 2.000000073159602 0.0 2.0534974310395713 4.419028226864922 7.315960195901896e-08
16.28125 2.0000000500844597 0.0 2.0531373138118596 4.419028236032481 5.00844594839887e-08
16.34375 2.0000000336481008 0.0 2.0527769393640476 4.419028242296756 3.364810060345147e-08
16.40625 2.0000000222200236 0.0 2.052416304706524 4.419028246261528 2.2220023413817202e-08
16.46875 2.0000000144406243 0.0 2.0520554066696097 4.4190282497308715 1.444062428085364e-08
16.53125 2.0000000092447587 0.0 2.051694242571019 4.419028254473966 9.244758734380355e-09
16.59375 2.0000000058343947 0.0 2.051332810714147 4.419028261021499 5.834394601838469e-09
16.65625 2.0000000036319743 0.0 2.0509711101941184 4.419028268931631 3.631974219148933e-09
16.71875 2.0000000022312157 0.0 2.0506091403544415 4.4190282776490655 2.2312156971162697e-09
16.78125 2.0000000013531847 0.0 2.0502469004686183 4.4190282868723765 1.3531848884076558e-09
16.84375 2.0000000008104424 0.0 2.0498843899071746 4.419028296007772 8.10442429110603e-10
16.90625 2.0000000004794494 0.0 2.0495216082881775 4.419028303954705 4.794494381885033e-10
16.96875 2.0000000002802225 0.0 2.049158555261683 4.419028309846665 2.8022250166414554e-10
17.03125 2.000000000161833 0.0 2.0487952301668533 4.419028313911952 1.6183318890323987e-10
17.09375 2.0000000000923603 0.0 2.048431632019491 4.419028317423255 9.236014962645237e-11
17.15625 2.000000000052094 0.0 2.048067759924623 4.41902832162638 5.2093915604236066e-11
17.21875 2.00000000002904 0.0 2.04770361343394 4.419028326822193 2.9039792611471703e-11
17.28125 2.0000000000159996 0.0 2.0473391923685997 4.419028332671862 1.5999612188650176e-11
17.34375 2.000000000008712 0.0 2.0469744963709218 4.419028339038106 8.71217953361179e-12
17.40625 2.0000000000046882 0.0 2.046609524664163 4.419028346368275 4.688392804143842e-12
17.46875 2.000000000002493 0.0 2.0462442764419655 4.419028354814623 2.4932458599455e-12
17.53125 2.00000000000131 0.0 2.0458787512761134 4.419028363547981 1.3100830926616375e-12
17.59375 2.00000000000068 0.0 2.045512949092687 4.419028371136747 6.800747887373828e-13
17.65625 2.0000000000003486 0.0 2.0451468697228217 4.419028376752893 3.4869878558211256e-13
17.71875 2.0000000000001767 0.0 2.0447805125336003 4.419028380895992 1.765504987103273e-13
17.78125 2.0000000000000884 0.0 2.04441387662901 4.4190283847358165 8.824162729183831e-14
17.84375 2.0000000000000435 0.0 2.044046961280519 4.419028389048371 4.352028380639294e-14
17.90625 2.0000000000000213 0.0 2.0436797659994723 4.419028393958568 2.1169426434468405e-14
17.96875 2.00000000000001 0.0 2.0433122903050234 4.419028399416802 1.0149798143363878e-14
18.03125 2.000000000000005 0.0 2.042944533557585 4.419028405612602 4.7928992723670935e-15
18.09375 2.000000000000002 0.0 2.0425764951460286 4.419028412519262 2.226894517287864e-15
18.15625 2.000000000000001 0.0 2.0422081747738297 4.419028419326226 1.0167180356264946e-15
18.21875 2.0000000000000004 0.0 2.0418395723885796 4.419028424738076 4.553629995606369e-16
18.28125 2.0 0.0 2.0414706877409263 4.419028428122529 1.996000429606432e-16
18.34375 2.0 0.0 2.0411015200711553 4.419028430190893 8.534713940380537e-17
18.40625 2.0 0.0 2.040732068261174 4.4190284324985525 3.5429167569282213e-17
18.46875 2.0 0.0 2.040362331314484 4.419028436118538 1.4172635144106045e-17
18.53125 2.0 0.0 2.0399923087217253 4.419028440776298 5.395897040893431e-18
18.59375 2.0 0.0 2.0396220003894094 4.419028445170475 1.9104035673239254e-18
18.65625 2.0 0.0 2.0392514062969607 4.419028448045391 5.9727403593566045e-19
18.71875 2.0 0.0 2.0388805261461496 4.419028449149165 1.4017862304362418e-19
18.78125 2.0 0.0 2.0385093592201597 4.419028449382478 1.9289258172990763e-21
18.84375 2.0 0.0 2.0381379044747305 4.419028450348039 -2.740528868930065e-20
18.90625 2.0 0.0 2.0377661608875486 4.419028453378231 -2.5051785044004933e-20
18.96875 2.0 0.0 2.0373941278651575 4.419028458591643 -1.683955802877859e-20
19.03125 2.0 0.0 2.037021805386609 4.41902846461729 -9.944158298563714e-21
19.09375 2.0 0.0 2.0366491936018227 4.419028469593606 -5.44950890910029e-21
19.15625 2.0 0.0 2.036276292189747 4.419028472717527 -2.839370569031387e-21
19.21875 2.0 0.0 2.035903100155581 4.419028474777727 -1.4247827369012723e-21
19.28125 2.0 0.0 2.0355296162416883 4.419028477297041 -6.938397225712931e-22
19.34375 2.0 0.0 2.035155839570134 4.419028481149374 -3.2952537647922248e-22
19.40625 2.0 0.0 2.0347817698202055 4.419028486036939 -1.5314050791412638e-22
19.46875 2.0 0.0 2.0344074068651565 4.41902849127008 -6.980618709954213e-23
19.53125 2.0 0.0 2.0340327503743185 4.419028496540147 -3.1264914036512736e-23
19.59375 2.0 0.0 2.033657799750748 4.41902850205755 -1.3776866515677294e-23
19.65625 2.0 0.0 2.033282554319049 4.419028508077893 -5.97877898615881e-24
19.71875 2.0 0.0 2.032907013471154 4.419028514559448 -2.557329998052712e-24
19.78125 2.0 0.0 2.0325311766565726 4.419028521170514 -1.0788108353212093e-24
19.84375 2.0 0.0 2.0321550433042788 4.419028527600068 -4.490611845317189e-25
19.90625 2.0 0.0 2.0317786127728636 4.419028533843732 -1.8451945242224962e-25
19.96875 2.0 0.0 2.0314018843352595 4.419028540323741 -7.486792811960278e-26
20.03125 2.0 0.0 2.031024857249645 4.419028547608208 -3.0004004484834847e-26
20.09375 2.0 0.0 2.0306475309671335 4.419028555720055 -1.1879054274809626e-26
20.15625 2.0 0.0 2.0302699052569553 4.419028563713612 -4.64700787456371e-27
20.21875 2.0 0.0 2.0298919799665733 4.419028570253895 -1.796412949920961e-27
20.28125 2.0 0.0 2.029513754497306 4.419028574976281 -6.863046828850996e-28
20.34375 2.0 0.0 2.0291352276406904 4.4190285790174935 -2.5913628227116674e-28
20.40625 2.0 0.0 2.0287563980638366 4.419028584067003 -9.670497416647311e-29
20.46875 2.0 0.0 2.02837726511812 4.4190285904842295 -3.5667630039506357e-29
20.53125 2.0 0.0 2.0279978290226035 4.419028596735148 -1.3001294525565887e-29
20.59375 2.0 0.0 2.027618090166138 4.419028600925834 -4.683320222460584e-30
20.65625 2.0 0.0 2.027238048151496 4.419028602750166 -1.666974471735266e-30
20.71875 2.0 0.0 2.0268577015629514 4.4190286040168205 -5.862031322215626e-31
20.78125 2.0 0.0 2.0264770486878225 4.419028607032777 -2.0362389514835817e-31
20.84375 2.0 0.0 2.0260960886071047 4.4190286123022435 -6.984994830761698e-32
20.90625 2.0 0.0 2.025714821472735 4.419028618100617 -2.3655346031470872e-32
20.96875 2.0 0.0 2.0253332478402264 4.419028621907081 -7.905978888239404e-33
21.03125 2.0 0.0 2.0249513675194284 4.419028623003607 -2.6064103442825064e-33
21.09375 2.0 0.0 2.0245691792374005 4.419028622994219 -8.471067439974588e-34
21.15625 2.0 0.0 2.0241866813916385 4.419028623992358 -2.712213722730896e-34
21.21875 2.0 0.0 2.0238038730216945 4.419028626503572 -8.54664587042569e-35
21.28125 2.0 0.0 2.02342075402928 4.41902862909077 -2.64747034316652e-35
21.34375 2.0 0.0 2.02303732435871 4.419028630458813 -8.049000674182709e-36
21.40625 2.0 0.0 2.022653583535745 4.419028630517753 -2.3966218722471593e-36
21.46875 2.0 0.0 2.022269530681383 4.4190286302378174 -6.968045095399668e-37
21.53125 2.0 0.0 2.0218851650335754 4.419028630333706 -1.9697195541396117e-37
21.59375 2.0 0.0 2.0215004861270094 4.41902863067847 -5.378068716624702e-38
21.65625 2.0 0.0 2.021115493499131 4.419028630910138 -1.403178566439546e-38
21.71875 2.0 0.0 2.0207301863720994 4.419028631269758 -3.4311887634935694e-39
21.78125 2.0 0.0 2.0203445638076873 4.419028632270234 -7.548951878250107e-40
21.84375 2.0 0.0 2.019958625109208 4.419028633909147 -1.333693151761316e-40
21.90625 2.0 0.0 2.0195723698713053 4.41902863553398 -9.4571499118777e-42
21.96875 2.0 0.0 2.0191857977017382 4.419028636500428 6.897034062129024e-42
22.03125 2.0 0.0 2.018798908013143 4.41902863666452 5.085290221773357e-42
22.09375 2.0 0.0 2.018411700169426 4.419028636037689 2.4351720591234945e-42
22.15625 2.0 0.0 2.0180241735817472 4.419028634582144 9.974387744360698e-43
22.21875 2.0 0.0 2.0176363274580957 4.419028632796944 3.7532028244107754e-43
22.28125 2.0 0.0 2.0172481606299835 4.419028632134351 1.3361689566318357e-43
22.34375 2.0 0.0 2.0168596719810896 4.419028633959826 4.568647830048834e-44
22.40625 2.0 0.0 2.0164708611412685 4.419028637835983 1.5134271734381545e-44
22.46875 2.0 0.0 2.016081728398021 4.419028641560665 4.88392660333133e-45
22.53125 2.0 0.0 2.015692273851135 4.419028643178651 1.541032557512438e-45
22.59375 2.0 0.0 2.0153024966735726 4.419028642677893 4.766666883297355e-46
22.65625 2.0 0.0 2.0149123953240706 4.419028641714521 1.4480961508257759e-46
22.71875 2.0 0.0 2.0145219684663265 4.4190286416332665 4.3268626815565847e-47
22.78125 2.0 0.0 2.0141312154277955 4.419028642473936 1.2729509522619648e-47
22.84375 2.0 0.0 2.0137401359758647 4.419028643440145 3.6904479413849395e-48
22.90625 2.0 0.0 2.013348729729296 4.419028644158742 1.0550291032482932e-48
22.96875 2.0 0.0 2.0129569959955087 4.419028645004622 2.9757630384972538e-49
23.03125 2.0 0.0 2.0125649341659204 4.41902864608665 8.284492655247021e-50
23.09375 2.0 0.0 2.012172543908691 4.419028646742791 2.277278377096913e-50
23.15625 2.0 0.0 2.011779824656619 4.419028646618487 6.182563431609285e-51
23.21875 2.0 0.0 2.0113867750750742 4.419028646956927 1.6581299923453183e-51
23.28125 2.0 0.0 2.010993393695941 4.419028649186929 4.393804720150234e-52
23.34375 2.0 0.0 2.0105996801065613 4.419028652551555 1.1505138179815468e-52
23.40625 2.0 0.0 2.0102056348075896 4.419028654198918 2.977231559962374e-53
23.46875 2.0 0.0 2.009811257569785 4.419028653281423 7.614287154550369e-54
23.53125 2.0 0.0 2.0094165466925427 4.419028652073527 1.9246606613016414e-54
23.59375 2.0 0.0 2.0090215007001584 4.419028652769807 4.808243216412138e-55
23.65625 2.0 0.0 2.0086261194390373 4.419028653962641 1.1871666588356863e-55
23.71875 2.0 0.0 2.0082304031157534 4.419028654089066 2.896688398352563e-56
23.78125 2.0 0.0 2.0078343507279754 4.419028653036806 6.98415315449243e-57
23.84375 2.0 0.0 2.0074379607646873 4.419028653425131 1.6637515850317588e-57
23.90625 2.0 0.0 2.00704123211698 4.419028654776256 3.9151515696813544e-58
23.96875 2.0 0.0 2.0066441649769 4.419028657097222 9.099039886941364e-59
24.03125 2.0 0.0 2.006246759057742 4.419028656924443 2.0878823025968615e-59
24.09375 2.0 0.0 2.0058490143780303 4.419028656667375 4.7285315304742537e-60
24.15625 2.0 0.0 2.0054509284422344 4.4190286545922035 1.0564902049433007e-60
24.21875 2.0 0.0 2.0050525006917734 4.419028658487964 2.3274779481577778e-61
24.28125 2.0 0.0 2.0046537301625915 4.419028656538271 5.052285490132954e-62
24.34375 2.0 0.0 2.004254619535214 4.419028658893969 1.0796763064909657e-62
24.40625 2.0 0.0 2.0038551639230575 4.419028649463554 2.2689000963112057e-63
24.46875 2.0 0.0 2.0034553654815994 4.419028658092768 4.681823820360618e-64
24.53125 2.0 0.0 2.003055215584552 4.419028650324117 9.467542854033363e-65
24.59375 2.0 0.0 2.002654716091813 4.419028698115628 1.8711212490761638e-65
24.65625 2.0 0.0 2.0022538769936578 4.4190287051518276 3.6001438242163e-66
24.71875 2.0 0.0 2.0018540647189447 4.4190247922658035 6.704319663991951e-67
24.78125 2.0 0.0 2.0014461915956887 4.419047398577638 1.1971437942926539e-67
24.84375 2.0 0.0 2.0010561666564426 4.418988205148933 2.0164329257222074e-68
24.90625 2.0 0.0 2.000660006557718 4.419038793844181 3.10028924768748e-69
24.96875 2.0 0.0 2.000244886769443 4.418955057419756 4.003793457677204e-70
