0.125 2.0 0.0 2.138447196516439 4.4154218530954426 -8.023378137447364e-69
0.375 2.0 0.0 2.137161821745262 4.416151738242798 -8.237583357394523e-66
0.625 2.0 0.0 2.1359416565144245 4.416210786200486 -4.960217038783217e-63
0.875 2.0 0.0 2.134719822812867 4.416211318132596 -2.2389513277987053e-60
1.125 2.0 0.0 2.1334959971823206 4.416208844006766 -8.083295968589929e-58
1.375 2.0 0.0 2.132268822998133 4.416208598662726 -2.3927033740792414e-55
1.625 2.0 0.0 2.131039239614875 4.41620731700441 -5.861267598663116e-53
1.875 2.0 0.0 2.1298064475458824 4.416206692607346 -1.1883943908134718e-50
2.125 2.0 0.0 2.1285706644145677 4.4162060837718995 -1.976589158084722e-48
2.375 2.0 0.0 2.127331584330874 4.416206197825568 -2.632942317395744e-46
2.625 2.0 0.0 2.12608930504627 4.416206739929424 -2.638888646042497e-44
2.875 2.0 0.0 2.124843794675538 4.4162077423970985 -1.5796414191572262e-42
3.125 2.0 0.0 2.1235951884119455 4.41620882672463 4.567817789604015e-41
3.375 2.0 0.0 2.1223435791205847 4.416209726156758 2.7652750956800404e-38
3.625 2.0 0.0 2.121089091329792 4.416210101610572 4.404258009248603e-36
3.875 2.0 0.0 2.1198317846275216 4.416209780629858 4.802503147034089e-34
4.125 2.0 0.0 2.118571661612532 4.416208735841745 4.0714940949284585e-32
4.375 2.0 0.0 2.117308638036815 4.416207156914532 2.798298194819873e-30
4.625 2.0 0.0 2.1160425723679266 4.416205374945996 1.5853487713817023e-28
4.875 2.0 0.0 2.114773297162188 4.416203783271812 7.44089836681967e-27
5.125 2.0 0.0 2.1135006682533986 4.416202714105561 2.8831502816409013e-25
5.375 2.0 0.0 2.1122245992547244 4.416202354288862 9.092577194644609e-24
5.625 2.0 0.0 2.1109450791956124 4.416202700346533 2.252142269674823e-22
5.875 2.0 0.0 2.1096621659000423 4.4162035783529605 3.954656992153136e-21
6.125 2.0 0.0 2.1083759642826494 4.416204692319884 2.789761923259548e-20
6.375 2.0 0.0 2.107086598396815 4.416205702277277 -1.0909101867037715e-18
6.625 2.0 0.0 2.105794176653976 4.41620629371719 -5.5213930824722155e-17
6.875 1.9999999999999984 0.0 2.1044987587012467 4.416206284963188 -1.5081395283077498e-15
7.125 1.9999999999999696 0.0 2.1032003209305743 4.416205664424177 -3.0406459207729985e-14
7.375 1.9999999999995122 0.0 2.1018987578259902 4.416204664475768 -4.87731075149774e-13
7.625 1.9999999999935993 0.0 2.100593891111491 4.416203604419843 -6.400550420574792e-12
7.875 1.9999999999305338 0.0 2.0992855425184764 4.41620294024691 -6.946621751012237e-11
8.125 1.9999999993756978 0.0 2.0979735438088944 4.416202851240911 -6.243021272063907e-10
8.375 1.999999995388953 0.0 2.0966578428709988 4.416203639877194 -4.611047172371882e-09
8.625 1.99999997260002 0.0 2.095338369214165 4.416204906783916 -2.7399979986059073e-08
8.875 1.9999998759409225 0.0 2.094015176889354 4.416207067652332 -1.240590773561188e-07
9.125 1.999999644742776 0.0 2.09268810646246 4.416209122983621 -3.552572240524588e-07
9.375 2.0000001294205836 0.0 2.091358700021241 4.416212619141059 1.2942058380315937e-07
9.625 2.000009209599773 0.0 2.0900384688020552 4.416209246001236 9.209599773068e-06
9.875 2.0000682906028517 0.0 2.08878903550484 4.416168858255109 6.829060285179713e-05
10.125 2.000334760723519 0.0 2.087790284260537 4.416101068939559 0.00033476072351890226
10.375 2.001263967051447 0.0 2.0876074677849847 4.416532820885237 0.0012639670514472895
10.625 2.0038550975507237 0.0 2.0896112017005404 4.416580767896474 0.003855097550723615
10.875 2.0096787065010053 0.0 2.0957099444447436 4.416330380339605 0.009678706501005496
11.125 2.020127884974914 0.0 2.1076805295428835 4.416306174296869 0.02012788497491368
11.375 2.0345896280584306 0.0 2.1244287326346636 4.417749781974775 0.03458962805843038
11.625 2.0485132950314933 0.0 2.141029435192859 4.417807364982256 0.0485132950314933
11.875 2.0538079291557834 0.0 2.146500860110634 4.4142909394686995 0.053807929155783495
12.125 2.0432510018706274 0.0 2.1321630282918442 4.415778604025914 0.0432510018706274
12.375 2.016682344413092 0.0 2.0975299356013952 4.413747738581738 0.01668234441309194
12.625 1.983317655586908 0.0 2.0528138781488763 4.414114822450628 -0.01668234441309194
12.875 1.9567489981293726 0.0 2.0159776741085365 4.41727803443424 -0.0432510018706274
13.125 1.9461920708442164 0.0 2.001999286770138 4.411010532002293 -0.053807929155783495
13.375 1.9514867049685067 0.0 2.0059856280193795 4.417310097634198 -0.0485132950314933
13.625 1.9654103719415696 0.0 2.0230477647945984 4.417655920221479 -0.03458962805843038
13.875 1.9798721150250864 0.0 2.0407068153664376 4.41651503139522 -0.02012788497491368
14.125 1.9903212934989944 0.0 2.0527551125392605 4.41623507128112 -0.009678706501005496
14.375 1.9961449024492763 0.0 2.0588112424050156 4.41638031975411 -0.003855097550723615
14.625 1.9987360329485526 0.0 2.060689662781223 4.4170433569531955 -0.0012639670514472895
14.875 1.999665239276481 0.0 2.0606539035968874 4.416164984185565 -0.00033476072351890226
15.125 1.9999317093971483 0.0 2.0595489406200773 4.416062114127085 -6.829060285179713e-05
15.375 1.999990790400227 0.0 2.0582120722889705 4.416154891925619 -9.209599773068e-06
15.625 1.9999998705794162 0.0 2.0568151111166983 4.416264405643852 -1.2942058380315937e-07
15.875 2.000000355257224 0.0 2.055383333204454 4.416260299479887 3.552572240524588e-07
16.125 2.0000001240590772 0.0 2.0539374387423175 4.416181560243738 1.240590773561188e-07
16.375 2.00000002739998 0.0 2.0524963058029524 4.416154790923889 2.7399979986059073e-08
16.625 2.000000004611047 0.0 2.0510614270070913 4.41620698026997 4.611047172371882e-09
16.875 2.000000000624302 0.0 2.049620248609613 4.416247194169197 6.243021272063907e-10
17.125 2.000000000069466 0.0 2.04816508347737 4.416222379870229 6.946621751012237e-11
17.375 2.0000000000064007 0.0 2.0467036804127408 4.4161816032635794 6.400550420574792e-12
17.625 2.0000000000004876 0.0 2.045244978600047 4.4161853848694985 4.87731075149774e-13
17.875 2.00000000000003 0.0 2.0437855555785744 4.4162187210860555 3.0406459207729985e-14
18.125 2.0000000000000013 0.0 2.042317909327468 4.4162296519880275 1.5081395283077498e-15
18.375 2.0 0.0 2.040841227712651 4.416207369554481 5.5213930824722155e-17
18.625 2.0 0.0 2.0393609034207594 4.416190414946312 1.0909101867037715e-18
18.875 2.0 0.0 2.0378800618338913 4.416200587399789 -2.789761923259548e-20
19.125 2.0 0.0 2.0363954091990486 4.416217558797374 -3.954656992153136e-21
19.375 2.0 0.0 2.034903434170067 4.4162165854375655 -2.252142269674823e-22
19.625 2.0 0.0 2.0334052639254603 4.416203303332774 -9.092577194644609e-24
19.875 2.0 0.0 2.031903704004358 4.416198329218173 -2.8831502816409013e-25
20.125 2.0 0.0 2.0303991856798707 4.416205885969296 -7.44089836681967e-27
20.375 2.0 0.0 2.028889586958064 4.4162118842169376 -1.5853487713817023e-28
20.625 2.0 0.0 2.0273736188054206 4.416207921304759 -2.798298194819873e-30
20.875 2.0 0.0 2.02585237614685 4.416201188056025 -4.0714940949284585e-32
21.125 2.0 0.0 2.0243271652319974 4.416201137693491 -4.802503147034089e-34
21.375 2.0 0.0 2.022797688969123 4.416206072397536 -4.404258009248603e-36
21.625 2.0 0.0 2.0212628227084615 4.416208047412044 -2.7652750956800404e-38
21.875 2.0 0.0 2.0197222874358447 4.416205212152281 -4.567817789604015e-41
22.125 2.0 0.0 2.018176862804959 4.4162028662226644 1.5796414191572262e-42
22.375 2.0 0.0 2.0166270013012797 4.4162043178558985 2.638888646042497e-44
22.625 2.0 0.0 2.015072180572761 4.416206584331105 2.632942317395744e-46
22.875 2.0 0.0 2.0135117478078217 4.416205905587061 1.976589158084722e-48
23.125 2.0 0.0 2.011945786836409 4.416203481478603 1.1883943908134718e-50
23.375 2.0 0.0 2.0103747802205847 4.416203088341526 5.861267598663116e-53
23.625 2.0 0.0 2.0087987909682012 4.416205389813111 2.3927033740792414e-55
23.875 2.0 0.0 2.0072172787254408 4.416206949785693 8.083295968589929e-58
24.125 2.0 0.0 2.0056302938487356 4.416206546325192 2.2389513277987053e-60
24.375 2.0 0.0 2.004043409364639 4.416186908679045 4.960217038783217e-63
24.625 2.0 0.0 2.002394453676347 4.416359806723616 8.237583357394523e-66
24.875 2.0 0.0 2.0009124339373416 4.4156665885549415 8.023378137447364e-69
