0.125 2.0 0.0 2.1387886611236575 4.413895157763957 -8.023378137447364e-69
0.375 2.0 0.0 2.1375769457649456 4.413895157526378 -8.237583357394523e-66
0.625 2.0 0.0 2.1363595131178794 4.413895157299061 -4.960217038783217e-63
0.875 2.0 0.0 2.135141106202883 4.413895157075046 -2.2389513277987053e-60
1.125 2.0 0.0 2.1339191101970525 4.413895156855799 -8.083295968589929e-58
1.375 2.0 0.0 2.132694358223701 4.413895156639665 -2.3927033740792414e-55
1.625 2.0 0.0 2.1314667124786486 4.413895156426643 -5.861267598663116e-53
1.875 2.0 0.0 2.130236155591419 4.4138951562162285 -1.1883943908134718e-50
2.125 2.0 0.0 2.129002671042204 4.4138951560082464 -1.976589158084722e-48
2.375 2.0 0.0 2.127766241901771 4.413895155802432 -2.632942317395744e-46
2.625 2.0 0.0 2.1265268511244626 4.413895155598571 -2.638888646042497e-44
2.875 2.0 0.0 2.125284481503191 4.413895155396398 -1.5796414191572262e-42
3.125 2.0 0.0 2.1240391156700977 4.413895155195659 4.567817789604015e-41
3.375 2.0 0.0 2.1227907360945673 4.41389515499608 2.7652750956800404e-38
3.625 2.0 0.0 2.121539325081094 4.413895154797386 4.404258009248603e-36
3.875 2.0 0.0 2.120284864767134 4.413895154599321 4.802503147034089e-34
4.125 2.0 0.0 2.119027337120924 4.413895154401649 4.0714940949284585e-32
4.375 2.0 0.0 2.117766723939249 4.4138951542041625 2.798298194819873e-30
4.625 2.0 0.0 2.116503006845188 4.413895154006693 1.5853487713817023e-28
4.875 2.0 0.0 2.115236167285821 4.413895153809124 7.44089836681967e-27
5.125 2.0 0.0 2.113966186529893 4.413895153611378 2.8831502816409013e-25
5.375 2.0 0.0 2.112693045665439 4.413895153413428 9.092577194644609e-24
5.625 2.0 0.0 2.1114167255973655 4.413895153215307 2.252142269674823e-22
5.875 2.0 0.0 2.110137207045006 4.413895153017098 3.954656992153136e-21
6.125 2.0 0.0 2.1088544705396135 4.41389515281894 2.789761923259548e-20
6.375 2.0 0.0 2.107568496421827 4.4138951526210315 -1.0909101867037715e-18
6.625 2.0 0.0 2.106279264839085 4.413895152423619 -5.5213930824722155e-17
6.875 1.9999999999999984 0.0 2.1049867557430026 4.413895152227003 -1.5081395283077498e-15
7.125 1.9999999999999696 0.0 2.103690948886666 4.4138951520315075 -3.0406459207729985e-14
7.375 1.9999999999995122 0.0 2.102391823821476 4.41389515183749 -4.87731075149774e-13
7.625 1.9999999999935993 0.0 2.101089359888967 4.4138951516453 -6.400550420574792e-12
7.875 1.9999999999305338 0.0 2.099783536164413 4.413895151455263 -6.946621751012237e-11
8.125 1.9999999993756978 0.0 2.0984743310250877 4.413895151267644 -6.243021272063907e-10
8.375 1.999999995388953 0.0 2.0971617194380614 4.413895151082622 -4.611047172371882e-09
8.625 1.99999997260002 0.0 2.0958456602780604 4.413895150900265 -2.7399979986059073e-08
8.875 1.9999998759409225 0.0 2.094526061434082 4.4138951507204895 -1.240590773561188e-07
9.125 1.999999644742776 0.0 2.0932028230956363 4.413895150543054 -3.552572240524588e-07
9.375 2.0000001294205836 0.0 2.091877009169931 4.413895150367529 1.2942058380315937e-07
9.625 2.000009209599773 0.0 2.090558675983202 4.413895150193302 9.209599773068e-06
9.875 2.0000682906028517 0.0 2.089300814465388 4.4138951500195995 6.829060285179713e-05
10.125 2.000334760723519 0.0 2.0883050883871004 4.413895149845523 0.00033476072351890226
10.375 2.001263967051447 0.0 2.088155303261008 4.413895149670052 0.0012639670514472895
10.625 2.0038550975507237 0.0 2.090131814005478 4.4138951494920935 0.003855097550723615
10.875 2.0096787065010053 0.0 2.0962390333949172 4.413895149310522 0.009678706501005496
11.125 2.020127884974914 0.0 2.1082260085977853 4.413895149124266 0.02012788497491368
11.375 2.0345896280584306 0.0 2.1252515720965266 4.413895148932544 0.03458962805843038
11.625 2.0485132950314933 0.0 2.141531224177421 4.41389514873522 0.0485132950314933
11.875 2.0538079291557834 0.0 2.1469658171080965 4.413895148533069 0.053807929155783495
12.125 2.0432510018706274 0.0 2.132517774100225 4.413895148327702 0.0432510018706274
12.375 2.016682344413092 0.0 2.097619993500836 4.413895148121183 0.01668234441309194
12.625 1.983317655586908 0.0 2.0533534691406943 4.413895147915503 -0.01668234441309194
12.875 1.9567489981293726 0.0 2.0171094091781105 4.413895147712172 -0.0432510018706274
13.125 1.9461920708442164 0.0 2.0015484960559666 4.413895147512173 -0.053807929155783495
13.375 1.9514867049685067 0.0 2.006971353151816 4.4138951473163335 -0.0485132950314933
13.625 1.9654103719415696 0.0 2.023801322500198 4.413895147125736 -0.03458962805843038
13.875 1.9798721150250864 0.0 2.04124869921389 4.413895146941787 -0.02012788497491368
14.125 1.9903212934989944 0.0 2.053389554834612 4.413895146765972 -0.009678706501005496
14.375 1.9961449024492763 0.0 2.059508979015206 4.413895146599571 -0.003855097550723615
14.625 1.9987360329485526 0.0 2.061446856074312 4.413895146443461 -0.0012639670514472895
14.875 1.999665239276481 0.0 2.061236601981169 4.413895146298044 -0.00033476072351890226
15.125 1.9999317093971483 0.0 2.060167034660906 4.413895146163259 -6.829060285179713e-05
15.375 1.999990790400227 0.0 2.058825590478242 4.413895146038654 -9.209599773068e-06
15.625 1.9999998705794162 0.0 2.057415435872377 4.413895145923485 -1.2942058380315937e-07
15.875 2.000000355257224 0.0 2.055990019432026 4.413895145816821 3.552572240524588e-07
16.125 2.0000001240590772 0.0 2.054559492177076 4.413895145717635 1.240590773561188e-07
16.375 2.00000002739998 0.0 2.053124922735069 4.413895145624906 2.7399979986059073e-08
16.625 2.000000004611047 0.0 2.0516862013449852 4.413895145537691 4.611047172371882e-09
16.875 2.000000000624302 0.0 2.050243225470659 4.4138951454551965 6.243021272063907e-10
17.125 2.000000000069466 0.0 2.0487959439375096 4.413895145376799 6.946621751012237e-11
17.375 2.0000000000064007 0.0 2.0473443214481932 4.413895145302075 6.400550420574792e-12
17.625 2.0000000000004876 0.0 2.045888325618555 4.413895145230777 4.87731075149774e-13
17.875 2.00000000000003 0.0 2.044427924190363 4.413895145162807 3.0406459207729985e-14
18.125 2.0000000000000013 0.0 2.042963084583866 4.413895145098189 1.5081395283077498e-15
18.375 2.0 0.0 2.0414937738366303 4.413895145037021 5.5213930824722155e-17
18.625 2.0 0.0 2.0400199585917207 4.413895144979445 1.0909101867037715e-18
18.875 2.0 0.0 2.0385416050907432 4.41389514492559 -2.789761923259548e-20
19.125 2.0 0.0 2.037058679167126 4.413895144875558 -3.954656992153136e-21
19.375 2.0 0.0 2.035571146239286 4.413895144829392 -2.252142269674823e-22
19.625 2.0 0.0 2.0340789713036287 4.413895144787086 -9.092577194644609e-24
19.875 2.0 0.0 2.032582118927407 4.413895144748563 -2.8831502816409013e-25
20.125 2.0 0.0 2.0310805532414196 4.413895144713693 -7.44089836681967e-27
20.375 2.0 0.0 2.029574237932531 4.413895144682308 -1.5853487713817023e-28
20.625 2.0 0.0 2.028063136236055 4.413895144654192 -2.798298194819873e-30
20.875 2.0 0.0 2.0265472109279483 4.413895144629107 -4.0714940949284585e-32
21.125 2.0 0.0 2.0250264243168346 4.413895144606803 -4.802503147034089e-34
21.375 2.0 0.0 2.0235007382358647 4.413895144587025 -4.404258009248603e-36
21.625 2.0 0.0 2.021970114034376 4.413895144569525 -2.7652750956800404e-38
21.875 2.0 0.0 2.0204345125693832 4.413895144554047 -4.567817789604015e-41
22.125 2.0 0.0 2.0188938941968644 4.413895144540352 1.5796414191572262e-42
22.375 2.0 0.0 2.017348218762856 4.413895144528217 2.638888646042497e-44
22.625 2.0 0.0 2.0157974455943473 4.413895144517423 2.632942317395744e-46
22.875 2.0 0.0 2.01424153348995 4.413895144507779 1.976589158084722e-48
23.125 2.0 0.0 2.0126804407103744 4.413895144499114 1.1883943908134718e-50
23.375 2.0 0.0 2.0111141249686613 4.413895144491289 5.861267598663116e-53
23.625 2.0 0.0 2.0095425434202108 4.413895144484204 2.3927033740792414e-55
23.875 2.0 0.0 2.0079656526525547 4.413895144477805 8.083295968589929e-58
24.125 2.0 0.0 2.006383408674898 4.413895144472123 2.2389513277987053e-60
24.375 2.0 0.0 2.004795766907403 4.413895144467187 4.960217038783217e-63
24.625 2.0 0.0 2.0032026821702584 4.413895144463351 8.237583357394523e-66
24.875 2.0 0.0 2.0016041086723213 4.413895144460417 8.023378137447364e-69
