0.125 2.0 0.0 2.138417067024235 4.413701785334028 -8.023378137447364e-69
0.375 2.0 0.0 2.1371940389784188 4.4147650774176785 -8.237583357394523e-66
0.625 2.0 0.0 2.13596309942879 4.415006583340141 -4.960217038783217e-63
0.875 2.0 0.0 2.1347392456667005 4.415043715660885 -2.2389513277987053e-60
1.125 2.0 0.0 2.1335150083897605 4.415048657630127 -8.083295968589929e-58
1.375 2.0 0.0 2.132288835204894 4.415048345436475 -2.3927033740792414e-55
1.625 2.0 0.0 2.1310593264580264 4.4150486795812345 -5.861267598663116e-53
1.875 2.0 0.0 2.129827031256047 4.415048595649949 -1.1883943908134718e-50
2.125 2.0 0.0 2.1285917435496673 4.415048634211404 -1.976589158084722e-48
2.375 2.0 0.0 2.1273535209221723 4.415048620975082 -2.632942317395744e-46
2.625 2.0 0.0 2.126112319188218 4.415048625882466 -2.638888646042497e-44
2.875 2.0 0.0 2.124868131273087 4.415048623821873 -1.5796414191572262e-42
3.125 2.0 0.0 2.1236209359296137 4.415048624321658 4.567817789604015e-41
3.375 2.0 0.0 2.1223707169489754 4.415048623865417 2.7652750956800404e-38
3.625 2.0 0.0 2.1211174560125574 4.415048623768849 4.404258009248603e-36
3.875 2.0 0.0 2.1198611353574 4.41504862354292 4.802503147034089e-34
4.125 2.0 0.0 2.11860173677999 4.415048623369896 4.0714940949284585e-32
4.375 2.0 0.0 2.1173392420047445 4.415048623181867 2.798298194819873e-30
4.625 2.0 0.0 2.1160736325435354 4.415048623004105 1.5853487713817023e-28
4.875 2.0 0.0 2.114804889744901 4.415048622827159 7.44089836681967e-27
5.125 2.0 0.0 2.113532994772492 4.415048622654585 2.8831502816409013e-25
5.375 2.0 0.0 2.1122579286098038 4.415048622484902 9.092577194644609e-24
5.625 2.0 0.0 2.1109796720551843 4.415048622319025 2.252142269674823e-22
5.875 2.0 0.0 2.109698205720017 4.415048622155533 3.954656992153136e-21
6.125 2.0 0.0 2.108413510026763 4.415048621997703 2.789761923259548e-20
6.375 2.0 0.0 2.107125565204003 4.415048621836656 -1.0909101867037715e-18
6.625 2.0 0.0 2.1058343512905813 4.415048621696121 -5.5213930824722155e-17
6.875 1.9999999999999984 0.0 2.1045398481144484 4.41504862151217 -1.5081395283077498e-15
7.125 1.9999999999999696 0.0 2.103242035339174 4.415048621459858 -3.0406459207729985e-14
7.375 1.9999999999995122 0.0 2.101940892323898 4.415048621081026 -4.87731075149774e-13
7.625 1.9999999999935993 0.0 2.1006363984677217 4.415048621688168 -6.400550420574792e-12
7.875 1.9999999999305338 0.0 2.099328532141745 4.415048620075214 -6.946621751012237e-11
8.125 1.9999999993756978 0.0 2.0980172729061692 4.415048626116549 -6.243021272063907e-10
8.375 1.999999995388953 0.0 2.096702592461985 4.415048615310924 -4.611047172371882e-09
8.625 1.99999997260002 0.0 2.095384467900102 4.415048641754857 -2.7399979986059073e-08
8.875 1.9999998759409225 0.0 2.094062825854924 4.415048408140111 -1.240590773561188e-07
9.125 1.999999644742776 0.0 2.092737807427782 4.415047828960092 -3.552572240524588e-07
9.375 2.0000001294205836 0.0 2.0914107641495594 4.415042920908929 1.2942058380315937e-07
9.625 2.000009209599773 0.0 2.090097670464017 4.415010281184232 9.209599773068e-06
9.875 2.0000682906028517 0.0 2.0889014776660675 4.414764508724649 6.829060285179713e-05
10.125 2.000334760723519 0.0 2.0882764418251565 4.413440000665499 0.00033476072351890226
10.375 2.001263967051447 0.0 2.0874947463607207 4.4164370623388995 0.0012639670514472895
10.625 2.0038550975507237 0.0 2.089486984032827 4.417596933256972 0.003855097550723615
10.875 2.0096787065010053 0.0 2.095635680176084 4.418612951300251 0.009678706501005496
11.125 2.020127884974914 0.0 2.1074537465504504 4.4188411593835895 0.02012788497491368
11.375 2.0345896280584306 0.0 2.124462504813664 4.4186120796824895 0.03458962805843038
11.625 2.0485132950314933 0.0 2.1353564297262153 4.436886348213962 0.0485132950314933
11.875 2.0538079291557834 0.0 2.1470382495820597 4.401926234466611 0.053807929155783495
12.125 2.0432510018706274 0.0 2.1332655823869846 4.39655933308932 0.0432510018706274
12.375 2.016682344413092 0.0 2.098029700492847 4.404969349900079 0.01668234441309194
12.625 1.983317655586908 0.0 2.053867161146957 4.406762688083235 -0.01668234441309194
12.875 1.9567489981293726 0.0 2.020636927229249 4.397658172894362 -0.0432510018706274
13.125 1.9461920708442164 0.0 2.004673662667254 4.397652700689814 -0.053807929155783495
13.375 1.9514867049685067 0.0 2.0065015439995264 4.420831736714499 -0.0485132950314933
13.625 1.9654103719415696 0.0 2.022504015713248 4.419110570231613 -0.03458962805843038
13.875 1.9798721150250864 0.0 2.0398988757761067 4.418695999891753 -0.02012788497491368
14.125 1.9903212934989944 0.0 2.051730857685933 4.419097813769271 -0.009678706501005496
14.375 1.9961449024492763 0.0 2.058308545909864 4.417615963459469 -0.003855097550723615
14.625 1.9987360329485526 0.0 2.0605206086092354 4.41672265939534 -0.0012639670514472895
14.875 1.999665239276481 0.0 2.060553090556951 4.4146833672624375 -0.00033476072351890226
15.125 1.9999317093971483 0.0 2.0595231493682764 4.414769403053652 -6.829060285179713e-05
15.375 1.999990790400227 0.0 2.058157935038528 4.414981884203187 -9.209599773068e-06
15.625 1.9999998705794162 0.0 2.0567413217128854 4.4150340822537455 -1.2942058380315937e-07
15.875 2.000000355257224 0.0 2.055311775353104 4.415046682648047 3.552572240524588e-07
16.125 2.0000001240590772 0.0 2.053878284186966 4.415048433346595 1.240590773561188e-07
16.375 2.00000002739998 0.0 2.0524408188699668 4.415048555769154 2.7399979986059073e-08
16.625 2.000000004611047 0.0 2.0509990763819568 4.415048627996954 4.611047172371882e-09
16.875 2.000000000624302 0.0 2.049553075778617 4.415048612535156 6.243021272063907e-10
17.125 2.000000000069466 0.0 2.0481027371218037 4.415048617884851 6.946621751012237e-11
17.375 2.0000000000064007 0.0 2.0466480392235216 4.415048615275287 6.400550420574792e-12
17.625 2.0000000000004876 0.0 2.045188944676406 4.415048615944482 4.87731075149774e-13
17.875 2.00000000000003 0.0 2.043725422800165 4.415048615500167 3.0406459207729985e-14
18.125 2.0000000000000013 0.0 2.0422574400665026 4.415048615497441 1.5081395283077498e-15
18.375 2.0 0.0 2.0407849634996302 4.415048615337131 5.5213930824722155e-17
18.625 2.0 0.0 2.0393079593757206 4.415048615238226 1.0909101867037715e-18
18.875 2.0 0.0 2.0378263936956165 4.415048615118275 -2.789761923259548e-20
19.125 2.0 0.0 2.0363402319987127 4.4150486150077874 -3.954656992153136e-21
19.375 2.0 0.0 2.0348494394228087 4.415048614895317 -2.252142269674823e-22
19.625 2.0 0.0 2.033353980672081 4.415048614785131 -9.092577194644609e-24
19.875 2.0 0.0 2.0318538200190983 4.415048614675576 -2.8831502816409013e-25
20.125 2.0 0.0 2.0303489212940105 4.415048614567514 -7.44089836681967e-27
20.375 2.0 0.0 2.028839247878083 4.415048614460133 -1.5853487713817023e-28
20.625 2.0 0.0 2.027324762695975 4.4150486143553795 -2.798298194819873e-30
20.875 2.0 0.0 2.025805428206632 4.415048614248565 -4.0714940949284585e-32
21.125 2.0 0.0 2.0242812063988564 4.415048614152796 -4.802503147034089e-34
21.375 2.0 0.0 2.0227520587729764 4.415048614033281 -4.404258009248603e-36
21.625 2.0 0.0 2.0212179463596662 4.415048613984874 -2.7652750956800404e-38
21.875 2.0 0.0 2.0196788296374693 4.415048613752072 -4.567817789604015e-41
22.125 2.0 0.0 2.0181346687235413 4.415048614027367 1.5796414191572262e-42
22.375 2.0 0.0 2.016585422824061 4.415048612941544 2.638888646042497e-44
22.625 2.0 0.0 2.0150310516831875 4.415048615564336 2.632942317395744e-46
22.875 2.0 0.0 2.0134715116084614 4.415048608256168 1.976589158084722e-48
23.125 2.0 0.0 2.011906766074036 4.415048628289406 1.1883943908134718e-50
23.375 2.0 0.0 2.010336756395607 4.415048576898711 5.861267598663116e-53
23.625 2.0 0.0 2.0087614777256873 4.415048732306172 2.3927033740792414e-55
23.875 2.0 0.0 2.0071807558352 4.415048401083581 8.083295968589929e-58
24.125 2.0 0.0 2.0055947418891606 4.415049816705131 2.2389513277987053e-60
24.375 2.0 0.0 2.004006694940075 4.415033675781595 4.960217038783217e-63
24.625 2.0 0.0 2.0023764589905797 4.415193571100921 8.237583357394523e-66
24.875 2.0 0.0 2.0009335104821986 4.414048568148848 8.023378137447364e-69
