3.125000000000000000e-02 2.139023138127783774e+00 4.418854170051404573e+00 -4.003793457677203812e-70
9.375000000000000000e-02 2.138701855377250105e+00 4.419036768443604046e+00 -3.100289247687480131e-69
1.562500000000000000e-01 2.138397472061936533e+00 4.419051447471677996e+00 -2.016432925722207359e-68
2.187500000000000000e-01 2.138093493581132876e+00 4.419050750565586050e+00 -1.197143794292653883e-67
2.812500000000000000e-01 2.137789108703104457e+00 4.419050458823037708e+00 -6.704319663991950879e-67
3.437500000000000000e-01 2.137484560576946357e+00 4.419050389104758558e+00 -3.600143824216299991e-66
4.062500000000000000e-01 2.137179837354242551e+00 4.419050385262837999e+00 -1.871121249076163763e-65
4.687500000000000000e-01 2.136874938543716240e+00 4.419050383996101061e+00 -9.467542854033363490e-65
5.312500000000000000e-01 2.136569860035944401e+00 4.419050385300242745e+00 -4.681823820360617902e-64
5.937500000000000000e-01 2.136264603299191656e+00 4.419050384713167468e+00 -2.268900096311205672e-63
6.562500000000000000e-01 2.135959167114783508e+00 4.419050384980553581e+00 -1.079676306490965688e-62
7.187500000000000000e-01 2.135653551821784291e+00 4.419050384703101741e+00 -5.052285490132953982e-62
7.812500000000000000e-01 2.135347756827357557e+00 4.419050384740476289e+00 -2.327477948157777760e-61
8.437500000000000000e-01 2.135041782073895611e+00 4.419050384596754810e+00 -1.056490204943300713e-60
9.062500000000000000e-01 2.134735627190579077e+00 4.419050384559968236e+00 -4.728531530474253723e-60
9.687500000000000000e-01 2.134429291988022115e+00 4.419050384462192227e+00 -2.087882302596861520e-59
1.031250000000000000e+00 2.134122776170343183e+00 4.419050384401081999e+00 -9.099039886941363796e-59
1.093750000000000000e+00 2.133816079502734553e+00 4.419050384319787028e+00 -3.915151569681354362e-58
1.156250000000000000e+00 2.133509201713912340e+00 4.419050384251361763e+00 -1.663751585031758775e-57
1.218750000000000000e+00 2.133202142552892866e+00 4.419050384176541613e+00 -6.984153154492430155e-57
1.281250000000000000e+00 2.132894901755949313e+00 4.419050384106497198e+00 -2.896688398352563209e-56
1.343750000000000000e+00 2.132587479065835012e+00 4.419050384034672874e+00 -1.187166658835686299e-55
1.406250000000000000e+00 2.132279874220594174e+00 4.419050383964821194e+00 -4.808243216412138197e-55
1.468750000000000000e+00 2.131972086960067347e+00 4.419050383894695067e+00 -1.924660661301641377e-54
1.531250000000000000e+00 2.131664117022103344e+00 4.419050383825529948e+00 -7.614287154550369259e-54
1.593750000000000000e+00 2.131355964144765025e+00 4.419050383756517597e+00 -2.977231559962373810e-53
1.656250000000000000e+00 2.131047628065041000e+00 4.419050383688043482e+00 -1.150513817981546782e-52
1.718750000000000000e+00 2.130739108519583702e+00 4.419050383619812727e+00 -4.393804720150234345e-52
1.781250000000000000e+00 2.130430405244276848e+00 4.419050383551923034e+00 -1.658129992345318301e-51
1.843750000000000000e+00 2.130121517974493450e+00 4.419050383484233180e+00 -6.182563431609285383e-51
1.906250000000000000e+00 2.129812446444939056e+00 4.419050383416741390e+00 -2.277278377096912884e-50
1.968750000000000000e+00 2.129503190389733902e+00 4.419050383349384603e+00 -8.284492655247021425e-50
2.031250000000000000e+00 2.129193749542364067e+00 4.419050383282137062e+00 -2.975763038497253798e-49
2.093750000000000000e+00 2.128884123635707226e+00 4.419050383214948141e+00 -1.055029103248293239e-48
2.156250000000000000e+00 2.128574312402013557e+00 4.419050383147795635e+00 -3.690447941384939491e-48
2.218750000000000000e+00 2.128264315572914178e+00 4.419050383080652900e+00 -1.272950952261964755e-47
2.281250000000000000e+00 2.127954132879410487e+00 4.419050383013509276e+00 -4.326862681556584691e-47
2.343750000000000000e+00 2.127643764051884379e+00 4.419050382946344335e+00 -1.448096150825775858e-46
2.406250000000000000e+00 2.127333208820086252e+00 4.419050382879145644e+00 -4.766666883297355290e-46
2.468750000000000000e+00 2.127022466913133236e+00 4.419050382811903432e+00 -1.541032557512437955e-45
2.531250000000000000e+00 2.126711538059511408e+00 4.419050382744606154e+00 -4.883926603331330118e-45
2.593750000000000000e+00 2.126400421987074019e+00 4.419050382677257360e+00 -1.513427173438154458e-44
2.656250000000000000e+00 2.126089118423037938e+00 4.419050382609860605e+00 -4.568647830048834316e-44
2.718750000000000000e+00 2.125777627093979216e+00 4.419050382542414113e+00 -1.336168956631835666e-43
2.781250000000000000e+00 2.125465947725832638e+00 4.419050382474928540e+00 -3.753202824410775408e-43
2.843750000000000000e+00 2.125154080043893945e+00 4.419050382407425204e+00 -9.974387744360698358e-43
2.906250000000000000e+00 2.124842023772814059e+00 4.419050382339907657e+00 -2.435172059123494485e-42
2.968750000000000000e+00 2.124529778636599087e+00 4.419050382272376787e+00 -5.085290221773356696e-42
3.031250000000000000e+00 2.124217344358609427e+00 4.419050382204848582e+00 -6.897034062129023882e-42
3.093750000000000000e+00 2.123904720661556222e+00 4.419050382137323929e+00 9.457149911877699724e-42
3.156250000000000000e+00 2.123591907267494694e+00 4.419050382069817040e+00 1.333693151761316029e-40
3.218750000000000000e+00 2.123278903897825476e+00 4.419050382002342126e+00 7.548951878250106801e-40
3.281250000000000000e+00 2.122965710273294171e+00 4.419050381934900074e+00 3.431188763493569370e-39
3.343750000000000000e+00 2.122652326113993571e+00 4.419050381867503319e+00 1.403178566439546123e-38
3.406250000000000000e+00 2.122338751139355217e+00 4.419050381800149196e+00 5.378068716624702098e-38
3.468750000000000000e+00 2.122024985068145853e+00 4.419050381732832378e+00 1.969719554139611750e-37
3.531250000000000000e+00 2.121711027618471412e+00 4.419050381665565297e+00 6.968045095399668143e-37
3.593750000000000000e+00 2.121396878507769479e+00 4.419050381598330191e+00 2.396621872247159291e-36
3.656250000000000000e+00 2.121082537452812833e+00 4.419050381531124394e+00 8.049000674182708767e-36
3.718750000000000000e+00 2.120768004169695686e+00 4.419050381463949684e+00 2.647470343166520107e-35
3.781250000000000000e+00 2.120453278373842121e+00 4.419050381396806060e+00 8.546645870425689611e-35
3.843750000000000000e+00 2.120138359780000759e+00 4.419050381329691746e+00 2.712213722730896051e-34
3.906250000000000000e+00 2.119823248102243873e+00 4.419050381262605853e+00 8.471067439974587633e-34
3.968750000000000000e+00 2.119507943053959398e+00 4.419050381195542165e+00 2.606410344282506412e-33
4.031250000000000000e+00 2.119192444347858029e+00 4.419050381128492688e+00 7.905978888239403672e-33
4.093750000000000000e+00 2.118876751695963900e+00 4.419050381061458310e+00 2.365534603147087201e-32
4.156250000000000000e+00 2.118560864809614142e+00 4.419050380994434590e+00 6.984994830761698303e-32
4.218750000000000000e+00 2.118244783399453546e+00 4.419050380927425081e+00 2.036238951483581724e-31
4.281250000000000000e+00 2.117928507175441233e+00 4.419050380860426230e+00 5.862031322215626371e-31
4.343750000000000000e+00 2.117612035846838658e+00 4.419050380793441590e+00 1.666974471735265837e-30
4.406250000000000000e+00 2.117295369122217608e+00 4.419050380726464056e+00 4.683320222460583816e-30
4.468750000000000000e+00 2.116978506709450869e+00 4.419050380659484745e+00 1.300129452556588731e-29
4.531250000000000000e+00 2.116661448315707794e+00 4.419050380592506322e+00 3.566763003950635650e-29
4.593750000000000000e+00 2.116344193647462291e+00 4.419050380525518129e+00 9.670497416647311414e-29
4.656250000000000000e+00 2.116026742410472838e+00 4.419050380458529048e+00 2.591362822711667436e-28
4.718750000000000000e+00 2.115709094309798921e+00 4.419050380391530197e+00 6.863046828850995625e-28
4.781250000000000000e+00 2.115391249049789479e+00 4.419050380324519800e+00 1.796412949920961010e-27
4.843750000000000000e+00 2.115073206334081579e+00 4.419050380257493416e+00 4.647007874563710177e-27
4.906250000000000000e+00 2.114754965865597303e+00 4.419050380190448379e+00 1.187905427480962598e-26
4.968750000000000000e+00 2.114436527346541528e+00 4.419050380123383803e+00 3.000400448483484713e-26
5.031250000000000000e+00 2.114117890478401929e+00 4.419050380056292582e+00 7.486792811960278426e-26
5.093750000000000000e+00 2.113799054961944535e+00 4.419050379989165833e+00 1.845194524222496230e-25
5.156250000000000000e+00 2.113480020497208400e+00 4.419050379922005334e+00 4.490611845317188952e-25
5.218750000000000000e+00 2.113160786783510048e+00 4.419050379854796873e+00 1.078810835321209333e-24
5.281250000000000000e+00 2.112841353519434584e+00 4.419050379787527127e+00 2.557329998052711879e-24
5.343750000000000000e+00 2.112521720402836145e+00 4.419050379720180999e+00 5.978778986158810290e-24
5.406250000000000000e+00 2.112201887130832123e+00 4.419050379652740723e+00 1.377686651567729407e-23
5.468750000000000000e+00 2.111881853399807163e+00 4.419050379585184984e+00 3.126491403651273574e-23
5.531250000000000000e+00 2.111561618905405169e+00 4.419050379517486249e+00 6.980618709954212941e-23
5.593750000000000000e+00 2.111241183342523087e+00 4.419050379449621424e+00 1.531405079141263757e-22
5.656250000000000000e+00 2.110920546405318010e+00 4.419050379381549654e+00 3.295253764792224764e-22
5.718750000000000000e+00 2.110599707787195634e+00 4.419050379313226529e+00 6.938397225712931125e-22
5.781250000000000000e+00 2.110278667180817358e+00 4.419050379244598759e+00 1.424782736901272279e-21
5.843750000000000000e+00 2.109957424278084304e+00 4.419050379175613941e+00 2.839370569031386878e-21
5.906250000000000000e+00 2.109635978770146192e+00 4.419050379106218784e+00 5.449508909100290171e-21
5.968750000000000000e+00 2.109314330347394240e+00 4.419050379036337795e+00 9.944158298563713525e-21
6.031250000000000000e+00 2.108992478699456719e+00 4.419050378965897252e+00 1.683955802877858859e-20
6.093750000000000000e+00 2.108670423515199843e+00 4.419050378894824327e+00 2.505178504400493331e-20
6.156250000000000000e+00 2.108348164482727327e+00 4.419050378823023095e+00 2.740528868930065072e-20
6.218750000000000000e+00 2.108025701289371057e+00 4.419050378750399410e+00 -1.928925817299076302e-21
6.281250000000000000e+00 2.107703033621695532e+00 4.419050378676850244e+00 -1.401786230436241796e-19
6.343750000000000000e+00 2.107380161165487209e+00 4.419050378602275231e+00 -5.972740359356604498e-19
6.406250000000000000e+00 2.107057083605763825e+00 4.419050378526560685e+00 -1.910403567323925413e-18
6.468750000000000000e+00 2.106733800626763298e+00 4.419050378449599137e+00 -5.395897040893431364e-18
6.531250000000000000e+00 2.106410311911941502e+00 4.419050378371280452e+00 -1.417263514410604509e-17
6.593750000000000000e+00 2.106086617143975825e+00 4.419050378291481174e+00 -3.542916756928221347e-17
6.656250000000000000e+00 2.105762716004757173e+00 4.419050378210084951e+00 -8.534713940380537307e-17
6.718750000000000000e+00 2.105438608175389525e+00 4.419050378126992307e+00 -1.996000429606431933e-16
6.781250000000000000e+00 2.105114293336183273e+00 4.419050378042098437e+00 -4.553629995606369375e-16
6.843750000000000000e+00 2.104789771166660994e+00 4.419050377955304754e+00 -1.016718035626494636e-15
6.906250000000000000e+00 2.104465041345553011e+00 4.419050377866523327e+00 -2.226894517287864020e-15
6.968750000000000000e+00 2.104140103550792951e+00 4.419050377775673333e+00 -4.792899272367093478e-15
7.031250000000000000e+00 2.103814957459507973e+00 4.419050377682697928e+00 -1.014979814336387775e-14
7.093750000000000000e+00 2.103489602748025877e+00 4.419050377587552703e+00 -2.116942643446840515e-14
7.156250000000000000e+00 2.103164039091866222e+00 4.419050377490215453e+00 -4.352028380639294114e-14
7.218750000000000000e+00 2.102838266165731884e+00 4.419050377390668416e+00 -8.824162729183831114e-14
7.281250000000000000e+00 2.102512283643507729e+00 4.419050377288926690e+00 -1.765504987103273042e-13
7.343750000000000000e+00 2.102186091198241513e+00 4.419050377185023137e+00 -3.486987855821125576e-13
7.406250000000000000e+00 2.101859688502123014e+00 4.419050377079024372e+00 -6.800747887373828167e-13
7.468750000000000000e+00 2.101533075226442726e+00 4.419050376971009442e+00 -1.310083092661637489e-12
7.531250000000000000e+00 2.101206251041524808e+00 4.419050376861076046e+00 -2.493245859945500003e-12
7.593750000000000000e+00 2.100879215616609841e+00 4.419050376749350306e+00 -4.688392804143842037e-12
7.656250000000000000e+00 2.100551968619658538e+00 4.419050376635975219e+00 -8.712179533611790554e-12
7.718750000000000000e+00 2.100224509717010690e+00 4.419050376521117762e+00 -1.599961218865017603e-11
7.781250000000000000e+00 2.099896838572838487e+00 4.419050376404978664e+00 -2.903979261147170311e-11
7.843750000000000000e+00 2.099568954848214375e+00 4.419050376287756876e+00 -5.209391560423606595e-11
7.906250000000000000e+00 2.099240858199628690e+00 4.419050376169665562e+00 -9.236014962645237061e-11
7.968750000000000000e+00 2.098912548276596901e+00 4.419050376050938311e+00 -1.618331889032398734e-10
8.031250000000000000e+00 2.098584024717947472e+00 4.419050375931833585e+00 -2.802225016641455422e-10
8.093750000000000000e+00 2.098255287146059800e+00 4.419050375812613396e+00 -4.794494381885033283e-10
8.156250000000000000e+00 2.097926335158186717e+00 4.419050375693565513e+00 -8.104424291106030126e-10
8.218750000000000000e+00 2.097597168313600768e+00 4.419050375574958167e+00 -1.353184888407655754e-09
8.281250000000000000e+00 2.097267786115060151e+00 4.419050375457151958e+00 -2.231215697116269660e-09
8.343750000000000000e+00 2.096938187982759771e+00 4.419050375340453307e+00 -3.631974219148932895e-09
8.406250000000000000e+00 2.096608373219066568e+00 4.419050375225399563e+00 -5.834394601838468851e-09
8.468750000000000000e+00 2.096278340962555831e+00 4.419050375112403728e+00 -9.244758734380354539e-09
8.531250000000000000e+00 2.095948090131849462e+00 4.419050375002528064e+00 -1.444062428085364021e-08
8.593750000000000000e+00 2.095617619362360351e+00 4.419050374896434263e+00 -2.222002341381720242e-08
8.656250000000000000e+00 2.095286926946699158e+00 4.419050374796607450e+00 -3.364810060345146760e-08
8.718750000000000000e+00 2.094956010798773249e+00 4.419050374704096562e+00 -5.008445948398870121e-08
8.781250000000000000e+00 2.094624868484265434e+00 4.419050374624909239e+00 -7.315960195901895799e-08
8.843750000000000000e+00 2.094293497384467795e+00 4.419050374560081096e+00 -1.046450073705698939e-07
8.906250000000000000e+00 2.093961895118183758e+00 4.419050374524055691e+00 -1.461246173463636109e-07
8.968750000000000000e+00 2.093630060398507631e+00 4.419050374514650770e+00 -1.983205535651614649e-07
9.031250000000000000e+00 2.093297994634674808e+00 4.419050374566346306e+00 -2.598462797269503990e-07
9.093750000000000000e+00 2.092965704678938721e+00 4.419050374660327130e+00 -3.250483311046408055e-07
9.156250000000000000e+00 2.092633207407754270e+00 4.419050374880123755e+00 -3.804443799681705571e-07
9.218750000000000000e+00 2.092300536928805688e+00 4.419050375143854126e+00 -3.990616064219826859e-07
9.281250000000000000e+00 2.091967755816355634e+00 4.419050375661143448e+00 -3.317166405918519860e-07
9.343750000000000000e+00 2.091634971727835968e+00 4.419050376139217917e+00 -9.395069154168349513e-08
9.406250000000000000e+00 2.091302362069541232e+00 4.419050377128843188e+00 4.530603240697041072e-07
9.468750000000000000e+00 2.090970208572031197e+00 4.419050377675617369e+00 1.529753980297914916e-06
9.531250000000000000e+00 2.090638946662701336e+00 4.419050379293460118e+00 3.476214943303853543e-06
9.593750000000000000e+00 2.090309231054127803e+00 4.419050379021515873e+00 6.804120370200430642e-06
9.656250000000000000e+00 2.089982026628018463e+00 4.419050381178031728e+00 1.226617253800105846e-05
9.718750000000000000e+00 2.089658721911444417e+00 4.419050376817404313e+00 2.094691230771817637e-05
9.781250000000000000e+00 2.089341283591372722e+00 4.419050378571951043e+00 3.437888657929600938e-05
9.843750000000000000e+00 2.089032433806205180e+00 4.419050359656550242e+00 5.468784914051538911e-05
9.906250000000000000e+00 2.088735893881624506e+00 4.419050357366520743e+00 8.476984992923159616e-05
9.968750000000000000e+00 2.088456626935682792e+00 4.419050290346385523e+00 1.285015424372172631e-04
1.003125000000000000e+01 2.088201199725115309e+00 4.419050267911305951e+00 1.909826458667601885e-04
1.009375000000000000e+01 2.087978040373318134e+00 4.419050043370237546e+00 2.788060977458529563e-04
1.015625000000000000e+01 2.087797952438706250e+00 4.419050008953836262e+00 4.003469417335559291e-04
1.021875000000000000e+01 2.087674104038676148e+00 4.419049694314346688e+00 5.660554261655718943e-04
1.028125000000000000e+01 2.087623094916839950e+00 4.419051131182491154e+00 7.887332867798586616e-04
1.034375000000000000e+01 2.087665008010457957e+00 4.419051340126693539e+00 1.083765068175486079e-03
1.040625000000000000e+01 2.087822607904818106e+00 4.419051259577331692e+00 1.469269119273042441e-03
1.046875000000000000e+01 2.088122870883664106e+00 4.419051024426924101e+00 1.966126308639577335e-03
1.053125000000000000e+01 2.088595827060361287e+00 4.419050927534932782e+00 2.597839480069819192e-03
1.059375000000000000e+01 2.089274492847853271e+00 4.419050790170738985e+00 3.390174303654881760e-03
1.065625000000000000e+01 2.090193822528465084e+00 4.419050681041801099e+00 4.370533653136036804e-03
1.071875000000000000e+01 2.091389629124542182e+00 4.419050549338320089e+00 5.567024104157813728e-03
1.078125000000000000e+01 2.092896836392554416e+00 4.419050430810083085e+00 7.007185562588835737e-03
1.084375000000000000e+01 2.094747426799731471e+00 4.419050318758056761e+00 8.716373997397405468e-03
1.090625000000000000e+01 2.096967893642255554e+00 4.419050237648006529e+00 1.071581282047236010e-02
1.096875000000000000e+01 2.099576396098645770e+00 4.419050197789166745e+00 1.302035995931754772e-02
1.103125000000000000e+01 2.102579660050630572e+00 4.419050221671564138e+00 1.563607359493097981e-02
1.109375000000000000e+01 2.105969833618225096e+00 4.419050323591095619e+00 1.855769747427636965e-02
1.115625000000000000e+01 2.109721484330045804e+00 4.419050523245894979e+00 2.176622339074505211e-02
1.121875000000000000e+01 2.113788992327985117e+00 4.419050826244303565e+00 2.522671991030791053e-02
1.128125000000000000e+01 2.118104601294484191e+00 4.419051245681016482e+00 2.888663837409624624e-02
1.134375000000000000e+01 2.122577378819584304e+00 4.419051761616927365e+00 3.267481533066286109e-02
1.140625000000000000e+01 2.127093343297549399e+00 4.419052383460959632e+00 3.650138108423834488e-02
1.146875000000000000e+01 2.131516904113118560e+00 4.419053038006362399e+00 4.025875432072879151e-02
1.153125000000000000e+01 2.135693805534778278e+00 4.419053757759012768e+00 4.382385174149746460e-02
1.159375000000000000e+01 2.139455476554725344e+00 4.419054327505894442e+00 4.706157029590306295e-02
1.165625000000000000e+01 2.142624963385099335e+00 4.419054782869189069e+00 4.982951126378543094e-02
1.171875000000000000e+01 2.145023875251197865e+00 4.419054076719715063e+00 5.198381573162863534e-02
1.178125000000000000e+01 2.146480644046077746e+00 4.419051686557628145e+00 5.338587762874966863e-02
1.184375000000000000e+01 2.146836984207964427e+00 4.419045966421441207e+00 5.390960265150003539e-02
1.190625000000000000e+01 2.145959976251679002e+00 4.419048657861835316e+00 5.344879900700679615e-02
1.196875000000000000e+01 2.143749984329437641e+00 4.419049940280521227e+00 5.192422853819393669e-02
1.203125000000000000e+01 2.140144606022510665e+00 4.419050403807220029e+00 4.928982261350742244e-02
1.209375000000000000e+01 2.135127852053983144e+00 4.419049960214918471e+00 4.553758186163457677e-02
1.215625000000000000e+01 2.128733002409466835e+00 4.419049332709779954e+00 4.070073472594120528e-02
1.221875000000000000e+01 2.121045043583531964e+00 4.419048542638207344e+00 3.485482529748728381e-02
1.228125000000000000e+01 2.112199769003276106e+00 4.419047841820672673e+00 2.811653026459776800e-02
1.234375000000000000e+01 2.102380817146649150e+00 4.419047265427016313e+00 2.064015861944229827e-02
1.240625000000000000e+01 2.091813817788844343e+00 4.419046913770172225e+00 1.261195351188328269e-02
1.246875000000000000e+01 2.080758321792847809e+00 4.419046805477321982e+00 4.242479026349397012e-03
1.253125000000000000e+01 2.069497540144740633e+00 4.419046943017405304e+00 -4.242479026349397012e-03
1.259375000000000000e+01 2.058326548901185493e+00 4.419047314400608606e+00 -1.261195351188328269e-02
1.265625000000000000e+01 2.047539420889266104e+00 4.419047836857428635e+00 -2.064015861944229827e-02
1.271875000000000000e+01 2.037416109374346362e+00 4.419048508578164558e+00 -2.811653026459776800e-02
1.278125000000000000e+01 2.028209722152469752e+00 4.419049140150126398e+00 -3.485482529748728381e-02
1.284375000000000000e+01 2.020135213693596832e+00 4.419049846455195052e+00 -4.070073472594120528e-02
1.290625000000000000e+01 2.013359939108329666e+00 4.419050178895494341e+00 -4.553758186163457677e-02
1.296875000000000000e+01 2.007997335075251577e+00 4.419050598335317659e+00 -4.928982261350742244e-02
1.303125000000000000e+01 2.004103221249340372e+00 4.419049798251919015e+00 -5.192422853819393669e-02
1.309375000000000000e+01 2.001676537116541255e+00 4.419049296024498474e+00 -5.344879900700679615e-02
1.315625000000000000e+01 2.000661772857766252e+00 4.419045362970008384e+00 -5.390960265150003539e-02
1.321875000000000000e+01 2.000954595788022594e+00 4.419051203212697843e+00 -5.338587762874966863e-02
1.328125000000000000e+01 2.002418064225360173e+00 4.419053608358889385e+00 -5.198381573162863534e-02
1.334375000000000000e+01 2.004880815630500468e+00 4.419054320892060517e+00 -4.982951126378543094e-02
1.340625000000000000e+01 2.008156334199291848e+00 4.419053950807912301e+00 -4.706157029590306295e-02
1.346875000000000000e+01 2.012050692174988331e+00 4.419053495543613153e+00 -4.382385174149746460e-02
1.353125000000000000e+01 2.016372845359049926e+00 4.419052893191630638e+00 -4.025875432072879151e-02
1.359375000000000000e+01 2.020942325382793392e+00 4.419052337922758866e+00 -3.650138108423834488e-02
1.365625000000000000e+01 2.025595894608564151e+00 4.419051786848942065e+00 -3.267481533066286109e-02
1.371875000000000000e+01 2.030191903878693527e+00 4.419051311737671739e+00 -2.888663837409624624e-02
1.378125000000000000e+01 2.034613044036162499e+00 4.419050906357767872e+00 -2.522671991030791053e-02
1.384375000000000000e+01 2.038767279804610588e+00 4.419050597912844935e+00 -2.176622339074505211e-02
1.390625000000000000e+01 2.042587420298028977e+00 4.419050380699284020e+00 -1.855769747427636965e-02
1.396875000000000000e+01 2.046029493086172213e+00 4.419050256656552378e+00 -1.563607359493097981e-02
1.403125000000000000e+01 2.049070296638200617e+00 4.419050210808448398e+00 -1.302035995931754772e-02
1.409375000000000000e+01 2.051704391987573928e+00 4.419050233328472466e+00 -1.071581282047236010e-02
1.415625000000000000e+01 2.053940825657264213e+00 4.419050301489421351e+00 -8.716373997397405468e-03
1.421875000000000000e+01 2.055799813795977649e+00 4.419050408125391627e+00 -7.007185562588835737e-03
1.428125000000000000e+01 2.057309571297532447e+00 4.419050523043607015e+00 -5.567024104157813728e-03
1.434375000000000000e+01 2.058503445857113867e+00 4.419050660231688354e+00 -4.370533653136036804e-03
1.440625000000000000e+01 2.059417414724565631e+00 4.419050769417620650e+00 -3.390174303654881760e-03
1.446875000000000000e+01 2.060088054815471637e+00 4.419050922991482722e+00 -2.597839480069819192e-03
1.453125000000000000e+01 2.060550898347488946e+00 4.419051018012096321e+00 -1.966126308639577335e-03
1.459375000000000000e+01 2.060839316828061207e+00 4.419051282904179700e+00 -1.469269119273042441e-03
1.465625000000000000e+01 2.060983724166128628e+00 4.419051325311038170e+00 -1.083765068175486079e-03
1.471875000000000000e+01 2.061011349860819131e+00 4.419051012310019289e+00 -7.887332867798586616e-04
1.478125000000000000e+01 2.060945244595550729e+00 4.419049614891665811e+00 -5.660554261655718943e-04
1.484375000000000000e+01 2.060804943148443424e+00 4.419050067594261222e+00 -4.003469417335559291e-04
1.490625000000000000e+01 2.060607670101483713e+00 4.419050047429601946e+00 -2.788060977458529563e-04
1.496875000000000000e+01 2.060366475107668016e+00 4.419050290612845266e+00 -1.909826458667601885e-04
1.503125000000000000e+01 2.060092380200472029e+00 4.419050289022319333e+00 -1.285015424372172631e-04
1.509375000000000000e+01 2.059793764783326431e+00 4.419050363843362028e+00 -8.476984992923159616e-05
1.515625000000000000e+01 2.059477284619876336e+00 4.419050358471267259e+00 -5.468784914051538911e-05
1.521875000000000000e+01 2.059147901756626986e+00 4.419050380363756858e+00 -3.437888657929600938e-05
1.528125000000000000e+01 2.058809380327663696e+00 4.419050376054061147e+00 -2.094691230771817637e-05
1.534375000000000000e+01 2.058464451455153554e+00 4.419050381454097121e+00 -1.226617253800105846e-05
1.540625000000000000e+01 2.058115103161165749e+00 4.419050378420227077e+00 -6.804120370200430642e-06
1.546875000000000000e+01 2.057762731853250759e+00 4.419050379026352893e+00 -3.476214943303853543e-06
1.553125000000000000e+01 2.057408312977297093e+00 4.419050377081493508e+00 -1.529753980297914916e-06
1.559375000000000000e+01 2.057052506128679514e+00 4.419050376612366549e+00 -4.530603240697041072e-07
1.565625000000000000e+01 2.056695751719764154e+00 4.419050375471064385e+00 9.395069154168349513e-08
1.571875000000000000e+01 2.056338333975260113e+00 4.419050374974561990e+00 3.317166405918519860e-07
1.578125000000000000e+01 2.055980432448444084e+00 4.419050374358074684e+00 3.990616064219826859e-07
1.584375000000000000e+01 2.055622155850977073e+00 4.419050374037693629e+00 3.804443799681705571e-07
1.590625000000000000e+01 2.055263567538945679e+00 4.419050373731650438e+00 3.250483311046408055e-07
1.596875000000000000e+01 2.054904701940330369e+00 4.419050373563774059e+00 2.598462797269503990e-07
1.603125000000000000e+01 2.054545576109780392e+00 4.419050373426208544e+00 1.983205535651614649e-07
1.609375000000000000e+01 2.054186196897266115e+00 4.419050373352014560e+00 1.461246173463636109e-07
1.615625000000000000e+01 2.053826565652566494e+00 4.419050373298510692e+00 1.046450073705698939e-07
1.621875000000000000e+01 2.053466680967222402e+00 4.419050373272728649e+00 7.315960195901895799e-08
1.628125000000000000e+01 2.053106540321950391e+00 4.419050373257498165e+00 5.008445948398870121e-08
1.634375000000000000e+01 2.052746140943000341e+00 4.419050373253482711e+00 3.364810060345146760e-08
1.640625000000000000e+01 2.052385480239379056e+00 4.419050373253831765e+00 2.222002341381720242e-08
1.646875000000000000e+01 2.052024555965821229e+00 4.419050373258175846e+00 1.444062428085364021e-08
1.653125000000000000e+01 2.051663366257521659e+00 4.419050373263880616e+00 9.244758734380354539e-09
1.659375000000000000e+01 2.051301909593027162e+00 4.419050373270666299e+00 5.834394601838468851e-09
1.665625000000000000e+01 2.050940184735298377e+00 4.419050373277583432e+00 3.631974219148932895e-09
1.671875000000000000e+01 2.050578190667418532e+00 4.419050373284528987e+00 2.231215697116269660e-09
1.678125000000000000e+01 2.050215926536175015e+00 4.419050373291198319e+00 1.353184888407655754e-09
1.684375000000000000e+01 2.049853391605404695e+00 4.419050373297584322e+00 8.104424291106030126e-10
1.690625000000000000e+01 2.049490585220391292e+00 4.419050373303615942e+00 4.794494381885033283e-10
1.696875000000000000e+01 2.049127506781422525e+00 4.419050373309315383e+00 2.802225016641455422e-10
1.703125000000000000e+01 2.048764155725031344e+00 4.419050373314677316e+00 1.618331889032398734e-10
1.709375000000000000e+01 2.048400531510942368e+00 4.419050373319722169e+00 9.236014962645237061e-11
1.715625000000000000e+01 2.048036633613262048e+00 4.419050373324469483e+00 5.209391560423606595e-11
1.721875000000000000e+01 2.047672461514633557e+00 4.419050373328948567e+00 2.903979261147170311e-11
1.728125000000000000e+01 2.047308014702449164e+00 4.419050373333187842e+00 1.599961218865017603e-11
1.734375000000000000e+01 2.046943292666430381e+00 4.419050373337226389e+00 8.712179533611790554e-12
1.740625000000000000e+01 2.046578294897105188e+00 4.419050373341093518e+00 4.688392804143842037e-12
1.746875000000000000e+01 2.046213020884875000e+00 4.419050373344830973e+00 2.493245859945500003e-12
1.753125000000000000e+01 2.045847470119435130e+00 4.419050373348490268e+00 1.310083092661637489e-12
1.759375000000000000e+01 2.045481642089439056e+00 4.419050373352119365e+00 6.800747887373828167e-13
1.765625000000000000e+01 2.045115536282288815e+00 4.419050373355764449e+00 3.486987855821125576e-13
1.771875000000000000e+01 2.044749152184018648e+00 4.419050373359469042e+00 1.765504987103273042e-13
1.778125000000000000e+01 2.044382489279223059e+00 4.419050373363256234e+00 8.824162729183831114e-14
1.784375000000000000e+01 2.044015547051012405e+00 4.419050373367149120e+00 4.352028380639294114e-14
1.790625000000000000e+01 2.043648324980991138e+00 4.419050373371144147e+00 2.116942643446840515e-14
1.796875000000000000e+01 2.043280822549234266e+00 4.419050373375224439e+00 1.014979814336387775e-14
1.803125000000000000e+01 2.042913039234279360e+00 4.419050373379366903e+00 4.792899272367093478e-15
1.809375000000000000e+01 2.042544974513107903e+00 4.419050373383525354e+00 2.226894517287864020e-15
1.815625000000000000e+01 2.042176627861148397e+00 4.419050373387646502e+00 1.016718035626494636e-15
1.821875000000000000e+01 2.041807998752265707e+00 4.419050373391661068e+00 4.553629995606369375e-16
1.828125000000000000e+01 2.041439086658747293e+00 4.419050373395489117e+00 1.996000429606431933e-16
1.834375000000000000e+01 2.041069891051296548e+00 4.419050373399043607e+00 8.534713940380537307e-17
1.840625000000000000e+01 2.040700411399022585e+00 4.419050373402243714e+00 3.542916756928221347e-17
1.846875000000000000e+01 2.040330647169433576e+00 4.419050373405012166e+00 1.417263514410604509e-17
1.853125000000000000e+01 2.039960597828430089e+00 4.419050373407284127e+00 5.395897040893431364e-18
1.859375000000000000e+01 2.039590262840294432e+00 4.419050373409001864e+00 1.910403567323925413e-18
1.865625000000000000e+01 2.039219641667682659e+00 4.419050373410135180e+00 5.972740359356604498e-19
1.871875000000000000e+01 2.038848733771616573e+00 4.419050373410659205e+00 1.401786230436241796e-19
1.878125000000000000e+01 2.038477538611481954e+00 4.419050373410560617e+00 1.928925817299076302e-21
1.884375000000000000e+01 2.038106055645015680e+00 4.419050373409850963e+00 -2.740528868930065072e-20
1.890625000000000000e+01 2.037734284328300394e+00 4.419050373408563992e+00 -2.505178504400493331e-20
1.896875000000000000e+01 2.037362224115754294e+00 4.419050373406750332e+00 -1.683955802877858859e-20
1.903125000000000000e+01 2.036989874460132022e+00 4.419050373404475707e+00 -9.944158298563713525e-21
1.909375000000000000e+01 2.036617234812516664e+00 4.419050373401816501e+00 -5.449508909100290171e-21
1.915625000000000000e+01 2.036244304622312651e+00 4.419050373398851761e+00 -2.839370569031386878e-21
1.921875000000000000e+01 2.035871083337242649e+00 4.419050373395668529e+00 -1.424782736901272279e-21
1.928125000000000000e+01 2.035497570403333345e+00 4.419050373392362729e+00 -6.938397225712931125e-22
1.934375000000000000e+01 2.035123765264922113e+00 4.419050373389032949e+00 -3.295253764792224764e-22
1.940625000000000000e+01 2.034749667364644576e+00 4.419050373385760899e+00 -1.531405079141263757e-22
1.946875000000000000e+01 2.034375276143426170e+00 4.419050373382640728e+00 -6.980618709954212941e-23
1.953125000000000000e+01 2.034000591040483030e+00 4.419050373379746155e+00 -3.126491403651273574e-23
1.959375000000000000e+01 2.033625611493309115e+00 4.419050373377144680e+00 -1.377686651567729407e-23
1.965625000000000000e+01 2.033250336937673541e+00 4.419050373374879825e+00 -5.978778986158810290e-24
1.971875000000000000e+01 2.032874766807617029e+00 4.419050373372993334e+00 -2.557329998052711879e-24
1.978125000000000000e+01 2.032498900535442132e+00 4.419050373371506524e+00 -1.078810835321209333e-24
1.984375000000000000e+01 2.032122737551704361e+00 4.419050373370410512e+00 -4.490611845317188952e-25
1.990625000000000000e+01 2.031746277285208180e+00 4.419050373369692863e+00 -1.845194524222496230e-25
1.996875000000000000e+01 2.031369519162992354e+00 4.419050373369323381e+00 -7.486792811960278426e-26
2.003125000000000000e+01 2.030992462610328619e+00 4.419050373369254103e+00 -3.000400448483484713e-26
2.009375000000000000e+01 2.030615107050711465e+00 4.419050373369417528e+00 -1.187905427480962598e-26
2.015625000000000000e+01 2.030237451905844814e+00 4.419050373369762141e+00 -4.647007874563710177e-27
2.021875000000000000e+01 2.029859496595634916e+00 4.419050373370215112e+00 -1.796412949920961010e-27
2.028125000000000000e+01 2.029481240538189013e+00 4.419050373370700058e+00 -6.863046828850995625e-28
2.034375000000000000e+01 2.029102683149789588e+00 4.419050373371160134e+00 -2.591362822711667436e-28
2.040625000000000000e+01 2.028723823844897467e+00 4.419050373371540275e+00 -9.670497416647311414e-29
2.046875000000000000e+01 2.028344662036139390e+00 4.419050373371795182e+00 -3.566763003950635650e-29
2.053125000000000000e+01 2.027965197134296460e+00 4.419050373371882223e+00 -1.300129452556588731e-29
2.059375000000000000e+01 2.027585428548304591e+00 4.419050373371773865e+00 -4.683320222460583816e-30
2.065625000000000000e+01 2.027205355685238075e+00 4.419050373371459450e+00 -1.666974471735265837e-30
2.071875000000000000e+01 2.026824977950308693e+00 4.419050373370925655e+00 -5.862031322215626371e-31
2.078125000000000000e+01 2.026444294746847063e+00 4.419050373370178697e+00 -2.036238951483581724e-31
2.084375000000000000e+01 2.026063305476308862e+00 4.419050373369231011e+00 -6.984994830761698303e-32
2.090625000000000000e+01 2.025682009538253503e+00 4.419050373368097695e+00 -2.365534603147087201e-32
2.096875000000000000e+01 2.025300406330345915e+00 4.419050373366800066e+00 -7.905978888239403672e-33
2.103125000000000000e+01 2.024918495248349437e+00 4.419050373365365658e+00 -2.606410344282506412e-33
2.109375000000000000e+01 2.024536275686112496e+00 4.419050373363815787e+00 -8.471067439974587633e-34
2.115625000000000000e+01 2.024153747035563278e+00 4.419050373362175321e+00 -2.712213722730896051e-34
2.121875000000000000e+01 2.023770908686704395e+00 4.419050373360461137e+00 -8.546645870425689611e-35
2.128125000000000000e+01 2.023387760027600457e+00 4.419050373358699879e+00 -2.647470343166520107e-35
2.134375000000000000e+01 2.023004300444366521e+00 4.419050373356917305e+00 -8.049000674182708767e-36
2.140625000000000000e+01 2.022620529321168981e+00 4.419050373355129402e+00 -2.396621872247159291e-36
2.146875000000000000e+01 2.022236446040214020e+00 4.419050373353353933e+00 -6.968045095399668143e-37
2.153125000000000000e+01 2.021852049981734289e+00 4.419050373351604222e+00 -1.969719554139611750e-37
2.159375000000000000e+01 2.021467340523983580e+00 4.419050373349890037e+00 -5.378068716624702098e-38
2.165625000000000000e+01 2.021082317043230603e+00 4.419050373348229144e+00 -1.403178566439546123e-38
2.171875000000000000e+01 2.020696978913746111e+00 4.419050373346625094e+00 -3.431188763493569370e-39
2.178125000000000000e+01 2.020311325507794464e+00 4.419050373345081439e+00 -7.548951878250106801e-40
2.184375000000000000e+01 2.019925356195622523e+00 4.419050373343608840e+00 -1.333693151761316029e-40
2.190625000000000000e+01 2.019539070345451215e+00 4.419050373342213511e+00 -9.457149911877699724e-42
2.196875000000000000e+01 2.019152467323475086e+00 4.419050373340894566e+00 6.897034062129023882e-42
2.203125000000000000e+01 2.018765546493847651e+00 4.419050373339651117e+00 5.085290221773356696e-42
2.209375000000000000e+01 2.018378307218666290e+00 4.419050373338492932e+00 2.435172059123494485e-42
2.215625000000000000e+01 2.017990748857967365e+00 4.419050373337416460e+00 9.974387744360698358e-43
2.221875000000000000e+01 2.017602870769718670e+00 4.419050373336440352e+00 3.753202824410775408e-43
2.228125000000000000e+01 2.017214672309809664e+00 4.419050373335554838e+00 1.336168956631835666e-43
2.234375000000000000e+01 2.016826152832039920e+00 4.419050373334762583e+00 4.568647830048834316e-44
2.240625000000000000e+01 2.016437311688115130e+00 4.419050373334063586e+00 1.513427173438154458e-44
2.246875000000000000e+01 2.016048148227628900e+00 4.419050373333460513e+00 4.883926603331330118e-45
2.253125000000000000e+01 2.015658661798063633e+00 4.419050373332950699e+00 1.541032557512437955e-45
2.259375000000000000e+01 2.015268851744771439e+00 4.419050373332542136e+00 4.766666883297355290e-46
2.265625000000000000e+01 2.014878717410971021e+00 4.419050373332249038e+00 1.448096150825775858e-46
2.271875000000000000e+01 2.014488258137733467e+00 4.419050373332041204e+00 4.326862681556584691e-47
2.278125000000000000e+01 2.014097473263985361e+00 4.419050373331959491e+00 1.272950952261964755e-47
2.284375000000000000e+01 2.013706362126467919e+00 4.419050373331934622e+00 3.690447941384939491e-48
2.290625000000000000e+01 2.013314924059776967e+00 4.419050373332087389e+00 1.055029103248293239e-48
2.296875000000000000e+01 2.012923158396279000e+00 4.419050373332211734e+00 2.975763038497253798e-49
2.303125000000000000e+01 2.012531064466227981e+00 4.419050373332653159e+00 8.284492655247021425e-50
2.309375000000000000e+01 2.012138641597528643e+00 4.419050373332815695e+00 2.277278377096912884e-50
2.315625000000000000e+01 2.011745889116115293e+00 4.419050373333727855e+00 6.182563431609285383e-51
2.321875000000000000e+01 2.011352806345279909e+00 4.419050373333615056e+00 1.658129992345318301e-51
2.328125000000000000e+01 2.010959392606800122e+00 4.419050373335503323e+00 4.393804720150234345e-52
2.334375000000000000e+01 2.010565647218969687e+00 4.419050373334195925e+00 1.150513817981546782e-52
2.340625000000000000e+01 2.010171569499955790e+00 4.419050373338622606e+00 2.977231559962373810e-53
2.346875000000000000e+01 2.009777158762004579e+00 4.419050373333437420e+00 7.614287154550369259e-54
2.353125000000000000e+01 2.009382414321367882e+00 4.419050373344993510e+00 1.924660661301641377e-54
2.359375000000000000e+01 2.008987335481219993e+00 4.419050373327991998e+00 4.808243216412138197e-55
2.365625000000000000e+01 2.008591921560989313e+00 4.419050373360230211e+00 1.187166658835686299e-55
2.371875000000000000e+01 2.008196171845923139e+00 4.419050373307977786e+00 2.896688398352563209e-56
2.378125000000000000e+01 2.007800085673709489e+00 4.419050373400988718e+00 6.984153154492430155e-57
2.384375000000000000e+01 2.007403662285620616e+00 4.419050373244461483e+00 1.663751585031758775e-57
2.390625000000000000e+01 2.007006901082259986e+00 4.419050373516722807e+00 3.915151569681354362e-58
2.396875000000000000e+01 2.006609801184088049e+00 4.419050373052179737e+00 9.099039886941363796e-59
2.403125000000000000e+01 2.006212362186527098e+00 4.419050373853565361e+00 2.087882302596861520e-59
2.409375000000000000e+01 2.005814582862451623e+00 4.419050372479609301e+00 4.728531530474253723e-60
2.415625000000000000e+01 2.005416463391622273e+00 4.419050374843275009e+00 1.056490204943300713e-60
2.421875000000000000e+01 2.005018001529939031e+00 4.419050370784449733e+00 2.327477948157777760e-61
2.428125000000000000e+01 2.004619199191882917e+00 4.419050377760060933e+00 5.052285490132953982e-62
2.434375000000000000e+01 2.004220051141202941e+00 4.419050365770585742e+00 1.079676306490965688e-62
2.440625000000000000e+01 2.003820564423897999e+00 4.419050386354226312e+00 2.268900096311205672e-63
2.446875000000000000e+01 2.003420724958981047e+00 4.419050350979501829e+00 4.681823820360617902e-64
2.453125000000000000e+01 2.003020554778789375e+00 4.419050412197782940e+00 9.467542854033363490e-65
2.459375000000000000e+01 2.002620013139870814e+00 4.419050309858564063e+00 1.871121249076163763e-65
2.465625000000000000e+01 2.002219166606644229e+00 4.419050494281464125e+00 3.600143824216299991e-66
2.471875000000000000e+01 2.001817915850027774e+00 4.419050152081086758e+00 6.704319663991950879e-67
2.478125000000000000e+01 2.001416583081830680e+00 4.419050331751293470e+00 1.197143794292653883e-67
2.484375000000000000e+01 2.001015886224777773e+00 4.419045666559437535e+00 2.016432925722207359e-68
2.490625000000000000e+01 2.000600958783813166e+00 4.419088719125030096e+00 3.100289247687480131e-69
2.496875000000000000e+01 2.000228650162726218e+00 4.418914888658161289e+00 4.003793457677203812e-70
