0.125 2.0 0.0 2.1387831468948804 4.413896284198287 -8.023378137447364e-69
0.375 2.0 0.0 2.137571966659884 4.413896285952577 -8.237583357394523e-66
0.625 2.0 0.0 2.136353104918642 4.413896287323702 -4.960217038783217e-63
0.875 2.0 0.0 2.1351365649198484 4.413896288468349 -2.2389513277987053e-60
1.125 2.0 0.0 2.133913197107633 4.4138962893798706 -8.083295968589929e-58
1.375 2.0 0.0 2.132688933004694 4.413896290108318 -2.3927033740792414e-55
1.625 2.0 0.0 2.131461202633681 4.41389629069825 -5.861267598663116e-53
1.875 2.0 0.0 2.1302306295033366 4.413896291192033 -1.1883943908134718e-50
2.125 2.0 0.0 2.1289971323749137 4.413896291628541 -1.976589158084722e-48
2.375 2.0 0.0 2.127760688985205 4.413896292037499 -2.632942317395744e-46
2.625 2.0 0.0 2.126521284410546 4.4138962924402705 -2.638888646042497e-44
2.875 2.0 0.0 2.1252789008013675 4.413896292848571 -1.5796414191572262e-42
3.125 2.0 0.0 2.124033520910607 4.413896293265608 4.567817789604015e-41
3.375 2.0 0.0 2.1227851271907103 4.413896293686972 2.7652750956800404e-38
3.625 2.0 0.0 2.121533701943579 4.413896294102195 4.404258009248603e-36
3.875 2.0 0.0 2.1202792273070994 4.41389629449626 4.802503147034089e-34
4.125 2.0 0.0 2.119021685250123 4.413896294851062 4.0714940949284585e-32
4.375 2.0 0.0 2.1177610575707693 4.413896295146667 2.798298194819873e-30
4.625 2.0 0.0 2.116497325893636 4.413896295362275 1.5853487713817023e-28
4.875 2.0 0.0 2.1152304716673482 4.413896295476829 7.44089836681967e-27
5.125 2.0 0.0 2.113960476162165 4.413896295469346 2.8831502816409013e-25
5.375 2.0 0.0 2.112687320467651 4.413896295318965 9.092577194644609e-24
5.625 2.0 0.0 2.11141098549039 4.413896295004857 2.252142269674823e-22
5.875 2.0 0.0 2.1101314519516485 4.413896294506112 3.954656992153136e-21
6.125 2.0 0.0 2.1088487003849483 4.413896293801788 2.789761923259548e-20
6.375 2.0 0.0 2.1075627111334727 4.413896292871246 -1.0909101867037715e-18
6.625 2.0 0.0 2.10627346434726 4.41389629169489 -5.5213930824722155e-17
6.875 1.9999999999999984 0.0 2.104980939980144 4.413896290255422 -1.5081395283077498e-15
7.125 1.9999999999999696 0.0 2.1036851177863967 4.413896288539589 -3.0406459207729985e-14
7.375 1.9999999999995122 0.0 2.1023859773167155 4.413896286540412 -4.87731075149774e-13
7.625 2.0000999999935996 0.0 2.101083497909037 4.413896284259726 -6.400550420574792e-12
7.875 2.000099999930534 0.0 2.09977765863104 4.413896281710911 -6.946621751012237e-11
8.125 2.000099999375698 0.0 2.098468437847297 4.4138962789216185 -6.243021272063907e-10
8.375 2.000099995388953 0.0 2.097155810506023 4.413896275936368 -4.611047172371882e-09
8.625 2.00009997260002 0.0 2.0958397354560168 4.413896272818924 -2.7399979986059073e-08
8.875 2.0000998759409225 0.0 2.0945201205518535 4.413896269654492 -1.240590773561188e-07
9.125 2.000099644742776 0.0 2.0931968659331277 4.413896266551849 -3.552572240524588e-07
9.375 2.000100129420584 0.0 2.0918710354071823 4.413896263645605 1.2942058380315937e-07
9.625 2.000009209599773 0.0 2.090552685039392 4.413896261098731 9.209599773068e-06
9.875 2.0000682906028517 0.0 2.0892948051549363 4.413896259105384 6.829060285179713e-05
10.125 2.000334760723519 0.0 2.0882990586210735 4.413896257893578 0.00033476072351890226
10.375 2.001263967051447 0.0 2.08814924970299 4.413896257726277 0.0012639670514472895
10.625 2.0038550975507237 0.0 2.0901257261424746 4.413896258897744 0.003855097550723615
10.875 2.0096787065010053 0.0 2.0962328849219265 4.413896261720382 0.009678706501005496
11.125 2.020127884974914 0.0 2.1082198613406087 4.413896266500106 0.02012788497491368
11.375 2.0345896280584306 0.0 2.1252458149761884 4.413896273512304 0.03458962805843038
11.625 2.0485132950314933 0.0 2.1415258245759885 4.413896283008725 0.0485132950314933
11.875 2.0538079291557834 0.0 2.1469587645100336 4.413896295277514 0.053807929155783495
12.125 2.0432510018706274 0.0 2.1325087828050515 4.413896310730522 0.0432510018706274
12.375 2.016682344413092 0.0 2.097616200791005 4.413896329946118 0.01668234441309194
12.625 1.983317655586908 0.0 2.0533579634667376 4.413896353579824 -0.01668234441309194
12.875 1.9567489981293726 0.0 2.0171080587938084 4.413896382071163 -0.0432510018706274
13.125 1.9461920708442164 0.0 2.0015384091718773 4.413896415228314 -0.053807929155783495
13.375 1.9514867049685067 0.0 2.0069752320582284 4.413896452083732 -0.0485132950314933
13.625 1.9654103719415696 0.0 2.0238142848108134 4.413896491308252 -0.03458962805843038
13.875 1.9798721150250864 0.0 2.0412484843082965 4.413896531747296 -0.02012788497491368
14.125 1.9903212934989944 0.0 2.053385305033986 4.413896572546488 -0.009678706501005496
14.375 1.9961449024492763 0.0 2.0595105191356984 4.413896613003555 -0.003855097550723615
14.625 1.9987360329485526 0.0 2.0614489066412176 4.413896652465246 -0.0012639670514472895
14.875 1.999665239276481 0.0 2.0612369164294733 4.413896690326981 -0.00033476072351890226
15.125 1.9999317093971483 0.0 2.060166986151597 4.413896726083789 -6.829060285179713e-05
15.375 1.999990790400227 0.0 2.058825744265024 4.41389675938565 -9.209599773068e-06
15.625 1.9999998705794162 0.0 2.0574156785846687 4.4138967900637445 -1.2942058380315937e-07
15.875 2.000000355257224 0.0 2.05599025938535 4.413896818124124 3.552572240524588e-07
16.125 2.0000001240590772 0.0 2.0545597181795 4.413896843717963 1.240590773561188e-07
16.375 2.00000002739998 0.0 2.0531251367134633 4.413896867098245 2.7399979986059073e-08
16.625 2.000000004611047 0.0 2.051686404462999 4.413896888572143 4.611047172371882e-09
16.875 2.000000000624302 0.0 2.050243418674664 4.4138969084569055 6.243021272063907e-10
17.125 2.000000000069466 0.0 2.048796127997883 4.413896927045037 6.946621751012237e-11
17.375 2.0000000000064007 0.0 2.0473444969152332 4.413896944581912 6.400550420574792e-12
17.625 2.0000000000004876 0.0 2.045888492893944 4.413896961256199 4.87731075149774e-13
17.875 2.00000000000003 0.0 2.044428083594166 4.413896977201257 3.0406459207729985e-14
18.125 2.0000000000000013 0.0 2.04296323638962 4.413896992504037 1.5081395283077498e-15
18.375 2.0 0.0 2.0414939182885443 4.413897007217576 5.5213930824722155e-17
18.625 2.0 0.0 2.0400200959137145 4.41389702137362 1.0909101867037715e-18
18.875 2.0 0.0 2.0385417354908473 4.413897034992903 -2.789761923259548e-20
19.125 2.0 0.0 2.0370588028390633 4.41389704809192 -3.954656992153136e-21
19.375 2.0 0.0 2.035571263362721 4.4138970606862085 -2.252142269674823e-22
19.625 2.0 0.0 2.0340790820442325 4.4138970727909514 -9.092577194644609e-24
19.875 2.0 0.0 2.032582223437382 4.413897084420086 -2.8831502816409013e-25
20.125 2.0 0.0 2.031080651660658 4.4138970955849945 -7.44089836681967e-27
20.375 2.0 0.0 2.029574330390271 4.413897106293569 -1.5853487713817023e-28
20.625 2.0 0.0 2.0280632228527007 4.413897116549967 -2.798298194819873e-30
20.875 2.0 0.0 2.026547291816776 4.413897126355043 -4.0714940949284585e-32
21.125 2.0 0.0 2.0250264995854144 4.413897135707138 -4.802503147034089e-34
21.375 2.0 0.0 2.0235008079871437 4.413897144602946 -4.404258009248603e-36
21.625 2.0 0.0 2.0219701783675577 4.4138971530380875 -2.7652750956800404e-38
21.875 2.0 0.0 2.020434571580744 4.413897161007309 -4.567817789604015e-41
22.125 2.0 0.0 2.018893947980705 4.4138971685042305 1.5796414191572262e-42
22.375 2.0 0.0 2.0173482674127206 4.413897175520797 2.638888646042497e-44
22.625 2.0 0.0 2.01579748920458 4.413897182046496 2.632942317395744e-46
22.875 2.0 0.0 2.0142415721576086 4.4138971880677795 1.976589158084722e-48
23.125 2.0 0.0 2.0126804745373343 4.413897193567178 1.1883943908134718e-50
23.375 2.0 0.0 2.011114154064009 4.413897198524014 5.861267598663116e-53
23.625 2.0 0.0 2.0095425679021726 4.413897202911882 2.3927033740792414e-55
23.875 2.0 0.0 2.0079656726512933 4.413897206706459 8.083295968589929e-58
24.125 2.0 0.0 2.0063834243319105 4.413897209866824 2.2389513277987053e-60
24.375 2.0 0.0 2.0047957783823787 4.413897212389886 4.960217038783217e-63
24.625 2.0 0.0 2.0032026896259243 4.413897214167536 8.237583357394523e-66
24.875 2.0 0.0 2.001604112319648 4.41389721536994 8.023378137447364e-69
