0.125 2.0 0.0 2.13878866102895 4.413895157543582 -8.023378137447364e-69
0.375 2.0 0.0 2.1375769457792124 4.4138951572980964 -8.237583357394523e-66
0.625 2.0 0.0 2.1363595131102997 4.413895157060494 -4.960217038783217e-63
0.875 2.0 0.0 2.135141106196477 4.41389515682905 -2.2389513277987053e-60
1.125 2.0 0.0 2.1339191101920294 4.413895156601938 -8.083295968589929e-58
1.375 2.0 0.0 2.132694358220075 4.413895156377955 -2.3927033740792414e-55
1.625 2.0 0.0 2.1314667124769304 4.413895156156176 -5.861267598663116e-53
1.875 2.0 0.0 2.1302361555920726 4.413895155936473 -1.1883943908134718e-50
2.125 2.0 0.0 2.129002671045714 4.413895155718951 -1.976589158084722e-48
2.375 2.0 0.0 2.127766241908501 4.413895155504001 -2.632942317395744e-46
2.625 2.0 0.0 2.126526851134712 4.413895155291959 -2.638888646042497e-44
2.875 2.0 0.0 2.1252844815172196 4.413895155083056 -1.5796414191572262e-42
3.125 2.0 0.0 2.124039115688189 4.413895154877376 4.567817789604015e-41
3.375 2.0 0.0 2.122790736117056 4.413895154674901 2.7652750956800404e-38
3.625 2.0 0.0 2.1215393251083783 4.4138951544755525 4.404258009248603e-36
3.875 2.0 0.0 2.1202848647996646 4.413895154279245 4.802503147034089e-34
4.125 2.0 0.0 2.1190273371591775 4.4138951540859015 4.0714940949284585e-32
4.375 2.0 0.0 2.1177667239837072 4.413895153895456 2.798298194819873e-30
4.625 2.0 0.0 2.1165030068963167 4.413895153707827 1.5853487713817023e-28
4.875 2.0 0.0 2.1152361673440545 4.4138951535229 7.44089836681967e-27
5.125 2.0 0.0 2.1139661865956274 4.413895153340488 2.8831502816409013e-25
5.375 2.0 0.0 2.112693045739037 4.413895153160308 9.092577194644609e-24
5.625 2.0 0.0 2.111416725679172 4.413895152981952 2.252142269674823e-22
5.875 2.0 0.0 2.11013720713538 4.4138951528048445 3.954656992153136e-21
6.125 2.0 0.0 2.108854470638978 4.413895152628227 2.789761923259548e-20
6.375 2.0 0.0 2.107568496530731 4.413895152451108 -1.0909101867037715e-18
6.625 2.0 0.0 2.1062792649582627 4.413895152272313 -5.5213930824722155e-17
6.875 1.9999999999999984 0.0 2.104986755873397 4.4138951520905625 -1.5081395283077498e-15
7.125 1.9999999999999696 0.0 2.1036909490294025 4.413895151904629 -3.0406459207729985e-14
7.375 1.9999999999995122 0.0 2.10239182397774 4.41389515171357 -4.87731075149774e-13
7.625 1.9999999999935993 0.0 2.1010893600597895 4.4138951515169715 -6.400550420574792e-12
7.875 1.9999999999305338 0.0 2.0997835363503565 4.413895151315181 -6.946621751012237e-11
8.125 1.9999999993756978 0.0 2.098474331225875 4.41389515110947 -6.243021272063907e-10
8.375 1.999999995388953 0.0 2.09716171965218 4.41389515090207 -4.611047172371882e-09
8.625 1.99999997260002 0.0 2.0958456605024356 4.413895150695987 -2.7399979986059073e-08
8.875 1.9999998759409225 0.0 2.0945260616638963 4.41389515049467 -1.240590773561188e-07
9.125 1.999999644742776 0.0 2.0932028233243654 4.413895150301471 -3.552572240524588e-07
9.375 2.0000001294205836 0.0 2.091877009389646 4.413895150119017 1.2942058380315937e-07
9.625 2.000009209599773 0.0 2.090558676185145 4.413895149948569 9.209599773068e-06
9.875 2.0000682906028517 0.0 2.0893008146407697 4.413895149789501 6.829060285179713e-05
10.125 2.000334760723519 0.0 2.0883050885280467 4.413895149638998 0.00033476072351890226
10.375 2.001263967051447 0.0 2.0881553033615248 4.413895149492053 0.0012639670514472895
10.625 2.0038550975507237 0.0 2.0901318140623197 4.413895149341821 0.003855097550723615
10.875 2.0096787065010053 0.0 2.096239033408227 4.413895149180357 0.009678706501005496
11.125 2.020127884974914 0.0 2.108226008571277 4.413895148999772 0.02012788497491368
11.375 2.0345896280584306 0.0 2.125251572036867 4.413895148793871 0.03458962805843038
11.625 2.0485132950314933 0.0 2.1415312240928603 4.4138951485596944 0.0485132950314933
11.875 2.0538079291557834 0.0 2.146965817007078 4.413895148298124 0.053807929155783495
12.125 2.0432510018706274 0.0 2.1325177739907923 4.413895148013214 0.0432510018706274
12.375 2.016682344413092 0.0 2.097619993390757 4.413895147710963 0.01668234441309194
12.625 1.983317655586908 0.0 2.0533534690373734 4.413895147398496 -0.01668234441309194
12.875 1.9567489981293726 0.0 2.0171094090871744 4.413895147084036 -0.0432510018706274
13.125 1.9461920708442164 0.0 2.001548495978893 4.413895146776971 -0.053807929155783495
13.375 1.9514867049685067 0.0 2.0069713530852877 4.413895146486685 -0.0485132950314933
13.625 1.9654103719415696 0.0 2.023801322438435 4.41389514622043 -0.03458962805843038
13.875 1.9798721150250864 0.0 2.0412486991513283 4.413895145982295 -0.02012788497491368
14.125 1.9903212934989944 0.0 2.053389554766964 4.413895145773635 -0.009678706501005496
14.375 1.9961449024492763 0.0 2.0595089789394803 4.413895145593761 -0.003855097550723615
14.625 1.9987360329485526 0.0 2.061446855988767 4.413895145440451 -0.0012639670514472895
14.875 1.999665239276481 0.0 2.06123660188537 4.413895145310438 -0.00033476072351890226
15.125 1.9999317093971483 0.0 2.060167034555712 4.413895145200002 -6.829060285179713e-05
15.375 1.999990790400227 0.0 2.058825590365589 4.413895145105544 -9.209599773068e-06
15.625 1.9999998705794162 0.0 2.057415435754923 4.413895145023934 -1.2942058380315937e-07
15.875 2.000000355257224 0.0 2.055990019312738 4.413895144952706 3.552572240524588e-07
16.125 2.0000001240590772 0.0 2.0545594920588623 4.413895144890045 1.240590773561188e-07
16.375 2.00000002739998 0.0 2.053124922620521 4.413895144834631 2.7399979986059073e-08
16.625 2.000000004611047 0.0 2.0516862012362242 4.413895144785493 4.611047172371882e-09
16.875 2.000000000624302 0.0 2.050243225369303 4.413895144741836 6.243021272063907e-10
17.125 2.000000000069466 0.0 2.0487959438446914 4.413895144702961 6.946621751012237e-11
17.375 2.0000000000064007 0.0 2.047344321364629 4.413895144668228 6.400550420574792e-12
17.625 2.0000000000004876 0.0 2.045888325544596 4.413895144637067 4.87731075149774e-13
17.875 2.00000000000003 0.0 2.044427924126048 4.41389514460901 3.0406459207729985e-14
18.125 2.0000000000000013 0.0 2.042963084528946 4.4138951445837264 1.5081395283077498e-15
18.375 2.0 0.0 2.041493773790597 4.413895144560998 5.5213930824722155e-17
18.625 2.0 0.0 2.0400199585538363 4.413895144540685 1.0909101867037715e-18
18.875 2.0 0.0 2.0385416050600833 4.413895144522659 -2.789761923259548e-20
19.125 2.0 0.0 2.037058679142641 4.413895144506748 -3.954656992153136e-21
19.375 2.0 0.0 2.035571146219876 4.413895144492688 -2.252142269674823e-22
19.625 2.0 0.0 2.0340789712882295 4.413895144480098 -9.092577194644609e-24
19.875 2.0 0.0 2.032582118915063 4.413895144468487 -2.8831502816409013e-25
20.125 2.0 0.0 2.0310805532313303 4.41389514445732 -7.44089836681967e-27
20.375 2.0 0.0 2.0295742379240838 4.413895144446065 -1.5853487713817023e-28
20.625 2.0 0.0 2.0280631362288055 4.413895144434287 -2.798298194819873e-30
20.875 2.0 0.0 2.026547210921585 4.413895144421702 -4.0714940949284585e-32
21.125 2.0 0.0 2.0250264243111267 4.41389514440821 -4.802503147034089e-34
21.375 2.0 0.0 2.0235007382306054 4.413895144393871 -4.404258009248603e-36
21.625 2.0 0.0 2.0219701140293527 4.41389514437887 -2.7652750956800404e-38
21.875 2.0 0.0 2.0204345125643637 4.413895144363451 -4.567817789604015e-41
22.125 2.0 0.0 2.018893894191619 4.413895144347853 1.5796414191572262e-42
22.375 2.0 0.0 2.0173482187572027 4.413895144332203 2.638888646042497e-44
22.625 2.0 0.0 2.0157974455882064 4.413895144316521 2.632942317395744e-46
22.875 2.0 0.0 2.014241533483394 4.413895144300702 1.976589158084722e-48
23.125 2.0 0.0 2.012680440703652 4.41389514428465 1.1883943908134718e-50
23.375 2.0 0.0 2.0111141249621656 4.4138951442682055 5.861267598663116e-53
23.625 2.0 0.0 2.0095425434144394 4.413895144251558 2.3927033740792414e-55
23.875 2.0 0.0 2.0079656526479455 4.413895144234788 8.083295968589929e-58
24.125 2.0 0.0 2.0063834086718053 4.413895144218932 2.2389513277987053e-60
24.375 2.0 0.0 2.0047957669057945 4.413895144204137 4.960217038783217e-63
24.625 2.0 0.0 2.0032026821699285 4.4138951441929475 8.237583357394523e-66
24.875 2.0 0.0 2.001604108672408 4.413895144184236 8.023378137447364e-69
