0.125 3.13878866102895 4.413895157543582 3.261309533641954 4.345833539352621 -8.023378137447364e-69
0.375 3.1375769457792124 4.4138951572980964 3.2548101213644007 4.316047936060892 -8.237583357394523e-66
0.625 3.1363595131102997 4.413895157060494 3.248623010657772 4.28644887464391 -4.960217038783217e-63
0.875 3.135141106196477 4.41389515682905 3.242475480200869 4.256833151472467 -2.2389513277987053e-60
1.125 3.1339191101920294 4.413895156601938 3.236320224640229 4.227047578380235 -8.083295968589929e-58
1.375 3.132694358220075 4.413895156377955 3.2301727745249913 4.197227498518693 -2.3927033740792414e-55
1.625 3.1314667124769304 4.413895156156176 3.2240424342804275 4.16731325686853 -5.861267598663116e-53
1.875 3.1302361555920726 4.413895155936473 3.2179197718479826 4.137333480264424 -1.1883943908134718e-50
2.125 3.129002671045714 4.413895155718951 3.211808901795631 4.107259376390548 -1.976589158084722e-48
2.375 3.127766241908501 4.413895155504001 3.205708253145997 4.077110118960605 -2.632942317395744e-46
2.625 3.126526851134712 4.413895155291959 3.1996225173646162 4.046893873986921 -2.638888646042497e-44
2.875 3.1252844815172196 4.413895155083056 3.193551703557227 4.016625114666096 -1.5796414191572262e-42
3.125 3.124039115688189 4.413895154877376 3.1874933662464278 3.9862850274650645 4.567817789604015e-41
3.375 3.122790736117056 4.413895154674901 3.181441827838223 3.955841162959515 2.7652750956800404e-38
3.625 3.1215393251083783 4.4138951544755525 3.17539481241756 3.925280484403575 4.404258009248603e-36
3.875 3.1202848647996646 4.413895154279245 3.1693574704009304 3.894638010329924 4.802503147034089e-34
4.125 3.1190273371591775 4.4138951540859015 3.1633400340007736 3.8639766038646295 4.0714940949284585e-32
4.375 3.1177667239837072 4.413895153895456 3.1573484698500898 3.8333365213187798 2.798298194819873e-30
4.625 3.1165030068963167 4.413895153707827 3.1513795068047448 3.802689912967243 1.5853487713817023e-28
4.875 3.1152361673440545 4.4138951535229 3.1454237903536884 3.771963708651154 7.44089836681967e-27
5.125 3.1139661865956274 4.413895153340488 3.139474760472594 3.741125267284187 2.8831502816409013e-25
5.375 3.112693045739037 4.413895153160308 3.1335451461991717 3.7103182395339087 9.092577194644609e-24
5.625 3.111416725679172 4.413895152981952 3.127684987479475 3.6799335205821997 2.252142269674823e-22
5.875 3.11013720713538 4.4138951528048445 3.1220271088650704 3.650586028840472 3.954656992153136e-21
6.125 3.108854470638978 4.413895152628227 3.116820742379216 3.6228765398135527 2.789761923259548e-20
6.375 3.107568496530731 4.413895152451108 3.1123406334581847 3.5975288576174504 -1.0909101867037715e-18
6.625 3.1062792649582627 4.413895152272313 3.1090775499163144 3.579423115884877 -5.5213930824722155e-17
6.875 3.104986755873397 4.4138951520905625 3.1063461058247728 3.5745751400724295 -1.5081395283077498e-15
7.125 3.1036909490294025 4.413895151904629 3.1022025780331117 3.5862685952549356 -3.0406459207729985e-14
7.375 3.10239182397774 4.41389515171357 3.0923064120623125 3.6236927241970878 -4.87731075149774e-13
7.625 3.1010893600597895 4.4138951515169715 3.0694347203359125 3.717318790711662 -6.400550420574792e-12
7.875 3.0997835363503565 4.413895151315181 3.0290256781942047 3.8784664105330338 -6.946621751012237e-11
8.125 3.098474331225875 4.41389515110947 2.975627921484266 4.084205805285423 -6.243021272063907e-10
8.375 3.09716171965218 4.41389515090207 2.915103704612762 4.306046370068019 -4.611047172371882e-09
8.625 3.0958456605024356 4.413895150695987 2.851505313978278 4.524636649786975 -2.7399979986059073e-08
8.875 3.0945260616638963 4.41389515049467 2.7871606306368064 4.729338990702396 -1.240590773561188e-07
9.125 3.0932028233243654 4.413895150301471 2.7244084121694288 4.911365692160077 -3.552572240524588e-07
9.375 3.091877009389646 4.413895150119017 2.6685311508185343 5.054792401292076 1.2942058380315937e-07
9.625 3.090558676185145 4.413895149948569 2.6299223303060844 5.130167065946378 9.209599773068e-06
9.875 3.0893008146407697 4.413895149789501 2.613081281039625 5.13455463977647 6.829060285179713e-05
10.125 3.0883050885280467 4.413895149638998 2.6090358411815364 5.095984543616421 0.00033476072351890226
10.375 3.0881553033615248 4.413895149492053 2.6110942584759558 5.042101262440875 0.0012639670514472895
10.625 3.0901318140623197 4.413895149341821 2.610258970663199 5.0041402113739215 0.003855097550723615
10.875 3.096239033408227 4.413895149180357 2.607334125559676 4.984582506764775 0.009678706501005496
11.125 3.108226008571277 4.413895148999772 2.6092574958770114 4.964965259812722 0.02012788497491368
11.375 3.125251572036867 4.413895148793871 2.617622839976222 4.941621628286225 0.03458962805843038
11.625 3.1415312240928603 4.4138951485596944 2.625655280601669 4.91812437729618 0.0485132950314933
11.875 3.146965817007078 4.413895148298124 2.622767138384366 4.89663253759086 0.053807929155783495
12.125 2.1325177739907923 4.413895148013214 2.601212646334017 4.874951396665199 0.0432510018706274
12.375 2.097619993390757 4.413895147710963 2.560996018724908 4.851186015215475 0.01668234441309194
12.625 2.0533534690373734 4.413895147398496 2.51166224718674 4.825641925867823 -0.01668234441309194
12.875 2.0171094090871744 4.413895147084036 2.468763457117605 4.797934902016346 -0.0432510018706274
13.125 2.001548495978893 4.413895146776971 2.4440841769600925 4.768004030972985 -0.053807929155783495
13.375 2.0069713530852877 4.413895146486685 2.438262893295142 4.7371361146774005 -0.0485132950314933
13.625 2.023801322438435 4.41389514622043 2.4428391625409254 4.705787255622821 -0.03458962805843038
13.875 2.0412486991513283 4.413895145982295 2.448211961218031 4.673337394933874 -0.02012788497491368
14.125 2.053389554766964 4.413895145773635 2.4491624194648574 4.639704047308619 -0.009678706501005496
14.375 2.0595089789394803 4.413895145593761 2.4449593370766256 4.606006215285063 -0.003855097550723615
14.625 2.061446855988767 4.413895145440451 2.436894369483537 4.571938989396522 -0.0012639670514472895
14.875 2.06123660188537 4.413895145310438 2.426861958370533 4.536312391674657 -0.00033476072351890226
15.125 2.060167034555712 4.413895145200002 2.4160936121740164 4.498379424816983 -6.829060285179713e-05
15.375 2.058825590365589 4.413895145105544 2.4046456183002167 4.461454913155937 -9.209599773068e-06
15.625 2.057415435754923 4.413895145023934 2.3931183316487132 4.4238837951459455 -1.2942058380315937e-07
15.875 2.055990019312738 4.413895144952706 2.3826982703166406 4.382743194870167 3.552572240524588e-07
16.125 2.0545594920588623 4.413895144890045 2.3700053624977873 4.340926181005926 1.240590773561188e-07
16.375 2.053124922620521 4.413895144834631 2.3570381968703176 4.301837137713538 2.7399979986059073e-08
16.625 2.0516862012362242 4.413895144785493 2.348067599124622 4.256537421535828 4.611047172371882e-09
16.875 2.050243225369303 4.413895144741836 2.336289420850038 4.217626648389977 6.243021272063907e-10
17.125 2.0487959438446914 4.413895144702961 2.3193715244105046 4.173666894730286 6.946621751012237e-11
17.375 2.047344321364629 4.413895144668228 2.314290249070814 4.097074829898658 6.400550420574792e-12
17.625 2.045888325544596 4.413895144637067 2.2849274341082335 4.070057098595495 4.87731075149774e-13
17.875 2.044427924126048 4.41389514460901 2.2839303868117815 3.9443136810983948 3.0406459207729985e-14
18.125 2.042963084528946 4.4138951445837264 2.251965004974692 3.856627446452161 1.5081395283077498e-15
18.375 2.041493773790597 4.413895144560998 2.203469755374198 3.545154731691425 5.5213930824722155e-17
18.625 2.0400199585538363 4.413895144540685 2.1250878510587654 3.083951699085164 1.0909101867037715e-18
18.875 2.0385416050600833 4.413895144522659 2.0668123279256996 2.746852566060741 -2.789761923259548e-20
19.125 2.037058679142641 4.413895144506748 2.0465967866839314 2.6405733736720833 -3.954656992153136e-21
19.375 2.035571146219876 4.413895144492688 2.039673367032308 2.6092074990230496 -2.252142269674823e-22
19.625 2.0340789712882295 4.413895144480098 2.0375164461362774 2.6017564077363335 -9.092577194644609e-24
19.875 2.032582118915063 4.413895144468487 2.0366543850244905 2.6031423756808083 -2.8831502816409013e-25
20.125 2.0310805532313303 4.41389514445732 2.0357382090745837 2.6047332378152452 -7.44089836681967e-27
20.375 2.0295742379240838 4.413895144446065 2.034498416176544 2.6045014783104685 -1.5853487713817023e-28
20.625 2.0280631362288055 4.413895144434287 2.0330616662141674 2.6030801078246117 -2.798298194819873e-30
20.875 2.026547210921585 4.413895144421702 2.0315664534438973 2.6013585998055584 -4.0714940949284585e-32
21.125 2.0250264243111267 4.41389514440821 2.0300698869315843 2.5996340508896263 -4.802503147034089e-34
21.375 2.0235007382306054 4.413895144393871 2.028577908549704 2.597910371942102 -4.404258009248603e-36
21.625 2.0219701140293527 4.41389514437887 2.02708065049879 2.5961649870399723 -2.7652750956800404e-38
21.875 2.0204345125643637 4.413895144363451 2.02556152880441 2.594445633418098 -4.567817789604015e-41
22.125 2.018893894191619 4.413895144347853 2.02399829762343 2.5928411893905308 1.5796414191572262e-42
22.375 2.0173482187572027 4.413895144332203 2.022369997561943 2.591411613848325 2.638888646042497e-44
22.625 2.0157974455882064 4.413895144316521 2.020667268447586 2.5901832068543924 2.632942317395744e-46
22.875 2.014241533483394 4.413895144300702 2.0188830877693302 2.5891517637543946 1.976589158084722e-48
23.125 2.012680440703652 4.41389514428465 2.0170128853456686 2.5883418074676747 1.1883943908134718e-50
23.375 2.0111141249621656 4.4138951442682055 2.0150518311905694 2.587726316455189 5.861267598663116e-53
23.625 2.0095425434144394 4.413895144251558 2.013017068651002 2.587281931293463 2.3927033740792414e-55
23.875 2.0079656526479455 4.413895144234788 2.010912873351836 2.586926826648998 8.083295968589929e-58
24.125 2.0063834086718053 4.413895144218932 2.008753333957372 2.5866908758547615 2.2389513277987053e-60
24.375 2.0047957669057945 4.413895144204137 2.0065237145591435 2.586486663811084 4.960217038783217e-63
24.625 2.0032026821699285 4.4138951441929475 2.004215657856345 2.5866396673473586 8.237583357394523e-66
24.875 2.001604108672408 4.413895144184236 2.0018697909981324 2.5862346725496543 8.023378137447364e-69
