0.125 2.1387831468948804 4.413896284198287 2.1387831460593008 4.413896285217248 -8.023378137447364e-69
0.375 2.137571966659884 4.413896285952577 2.1375719663795936 4.413896284717904 -8.237583357394523e-66
0.625 2.136353104918642 4.413896287323702 2.1363531050271813 4.413896284215242 -4.960217038783217e-63
0.875 2.1351365649198484 4.413896288468349 2.1351365653010115 4.413896283718994 -2.2389513277987053e-60
1.125 2.133913197107633 4.4138962893798706 2.133913197642305 4.413896283241069 -8.083295968589929e-58
1.375 2.132688933004694 4.413896290108318 2.1326889335514085 4.413896282883143 -2.3927033740792414e-55
1.625 2.131461202633681 4.41389629069825 2.1314612030217868 4.4138962827706445 -5.861267598663116e-53
1.875 2.1302306295033366 4.413896291192033 2.1302306297211717 4.413896282553228 -1.1883943908134718e-50
2.125 2.1289971323749137 4.413896291628541 2.128997133181781 4.413896280355122 -1.976589158084722e-48
2.375 2.127760688985205 4.413896292037499 2.1277606923394536 4.413896273238086 -2.632942317395744e-46
2.625 2.126521284410546 4.4138962924402705 2.1265212909098543 4.41389626464831 -2.638888646042497e-44
2.875 2.1252789008013675 4.413896292848571 2.1252789003639 4.413896281181351 -1.5796414191572262e-42
3.125 2.124033520910607 4.413896293265608 2.1240334819053617 4.413896376283721 4.567817789604015e-41
3.375 2.1227851271907103 4.413896293686972 2.1227850150439798 4.413896556647244 2.7652750956800404e-38
3.625 2.121533701943579 4.413896294102195 2.1215335788400975 4.413896582348304 4.404258009248603e-36
3.875 2.1202792273070994 4.41389629449626 2.1202794353266374 4.41389577305475 4.802503147034089e-34
4.125 2.119021685250123 4.413896294851062 2.1190230736633984 4.413892953487501 4.0714940949284585e-32
4.375 2.1177610575707693 4.413896295146667 2.117765282721698 4.413886000177923 2.798298194819873e-30
4.625 2.116497325893636 4.413896295362275 2.116507601765707 4.413871057875889 1.5853487713817023e-28
4.875 2.1152304716673482 4.413896295476829 2.1152530094026747 4.413840845488891 7.44089836681967e-27
5.125 2.113960476162165 4.413896295469346 2.1140021175464088 4.413794068289369 2.8831502816409013e-25
5.375 2.112687320467651 4.413896295318965 2.1127438460351176 4.4137576759432395 9.092577194644609e-24
5.625 2.11141098549039 4.413896295004857 2.1114757261234405 4.413736318847066 2.252142269674823e-22
5.875 2.1101314519516485 4.413896294506112 2.110200417500635 4.413729486928325 3.954656992153136e-21
6.125 2.1088487003849483 4.413896293801788 2.108918725997479 4.413726739035017 2.789761923259548e-20
6.375 2.1075627111334727 4.413896292871246 2.107631027533366 4.413731017327326 -1.0909101867037715e-18
6.625 2.10627346434726 4.41389629169489 2.1063361202704405 4.413744902702685 -5.5213930824722155e-17
6.875 2.104980939980144 4.413896290255422 2.105031089778667 4.413775697074858 -1.5081395283077498e-15
7.125 2.1036851177863967 4.413896288539589 2.1037160034828775 4.413823394612162 -3.0406459207729985e-14
7.375 2.1023859773167155 4.413896286540412 2.102401211183837 4.4138615908011944 -4.87731075149774e-13
7.625 2.1011834979090374 4.413896284259726 2.101090232497489 4.413885450445163 -6.400550420574792e-12
7.875 2.09987765863104 4.413896281710911 2.0997797086706944 4.413894343628 -6.946621751012237e-11
8.125 2.0985684378472973 4.4138962789216185 2.0984686202688585 4.413897430087195 -6.243021272063907e-10
8.375 2.0972558105060233 4.413896275936368 2.0971558464199327 4.413898675785327 -4.611047172371882e-09
8.625 2.095939735456017 4.413896272818924 2.0958402002496976 4.413899095768017 -2.7399979986059073e-08
8.875 2.0946201205518538 4.413896269654492 2.0945207199817584 4.4138994216106555 -1.240590773561188e-07
9.125 2.093296865933128 4.413896266551849 2.09319725482489 4.413899417426409 -3.552572240524588e-07
9.375 2.0919710354071825 4.413896263645605 2.091871222917677 4.4138986820427775 1.2942058380315937e-07
9.625 2.090552685039392 4.413896261098731 2.090552750253172 4.413898389561051 9.209599773068e-06
9.875 2.0892948051549363 4.413896259105384 2.0892948658540393 4.413898859118347 6.829060285179713e-05
10.125 2.0882990586210735 4.413896257893578 2.0882992470729915 4.41389957107416 0.00033476072351890226
10.375 2.08814924970299 4.413896257726277 2.088149604906863 4.413899714923015 0.0012639670514472895
10.625 2.0901257261424746 4.413896258897744 2.090126212985248 4.413899028656034 0.003855097550723615
10.875 2.0962328849219265 4.413896261720382 2.0962335159874965 4.4138978461015785 0.009678706501005496
11.125 2.1082198613406087 4.413896266500106 2.108220660961389 4.413896958642115 0.02012788497491368
11.375 2.1252458149761884 4.413896273512304 2.125246775817788 4.413896811787616 0.03458962805843038
11.625 2.1415258245759885 4.413896283008725 2.141526873830972 4.413897204536674 0.0485132950314933
11.875 2.1469587645100336 4.413896295277514 2.1469597344574267 4.413897658319861 0.053807929155783495
12.125 2.1325087828050515 4.413896310730522 2.132509531794331 4.413897931859578 0.0432510018706274
12.375 2.097616200791005 4.413896329946118 2.0976166819588364 4.413898442417638 0.01668234441309194
12.625 2.0533579634667376 4.413896353579824 2.0533582867207683 4.413899724653217 -0.01668234441309194
12.875 2.0171080587938084 4.413896382071163 2.0171084656221234 4.4139021106579905 -0.0432510018706274
13.125 2.0015384091718773 4.413896415228314 2.001539365414488 4.413906517317828 -0.053807929155783495
13.375 2.0069752320582284 4.413896452083732 2.0069774532719573 4.413914693221847 -0.0485132950314933
13.625 2.0238142848108134 4.413896491308252 2.0238187892596256 4.413929048604812 -0.03458962805843038
13.875 2.0412484843082965 4.413896531747296 2.0412566739359366 4.413952666533748 -0.02012788497491368
14.125 2.053385305033986 4.413896572546488 2.0533989232540133 4.413988119485311 -0.009678706501005496
14.375 2.0595105191356984 4.413896613003555 2.0595294974951894 4.414023662129476 -0.003855097550723615
14.625 2.0614489066412176 4.413896652465246 2.0614707766755513 4.414043005900556 -0.0012639670514472895
14.875 2.0612369164294733 4.413896690326981 2.0612598562241455 4.414050015603559 -0.00033476072351890226
15.125 2.060166986151597 4.413896726083789 2.0601901005333545 4.414050173863044 -6.829060285179713e-05
15.375 2.058825744265024 4.41389675938565 2.058848391060816 4.414047281963862 -9.209599773068e-06
15.625 2.0574156785846687 4.4138967900637445 2.057436971287061 4.414038469864827 -1.2942058380315937e-07
15.875 2.05599025938535 4.413896818124124 2.056008868985962 4.414020783462458 3.552572240524588e-07
16.125 2.0545597181795 4.413896843717963 2.054573906358889 4.413991536444685 1.240590773561188e-07
16.375 2.0531251367134633 4.413896867098245 2.0531339025590185 4.4139553883959906 2.7399979986059073e-08
16.625 2.051686404462999 4.413896888572143 2.051691248491278 4.413929219569736 4.611047172371882e-09
16.875 2.050243418674664 4.4138969084569055 2.050245965794944 4.413913873465152 6.243021272063907e-10
17.125 2.048796127997883 4.413896927045037 2.0487973773004033 4.413905291192387 6.946621751012237e-11
17.375 2.0473444969152332 4.413896944581912 2.04734503896026 4.413900772585164 6.400550420574792e-12
17.625 2.045888492893944 4.413896961256199 2.0458886740839914 4.413898547651764 4.87731075149774e-13
17.875 2.044428083594166 4.413896977201257 2.0444280983053265 4.413897510445676 3.0406459207729985e-14
18.125 2.04296323638962 4.413896992504037 2.0429631865840716 4.413897092509693 1.5081395283077498e-15
18.375 2.0414939182885443 4.413897007217576 2.041493855730556 4.413897006319834 5.5213930824722155e-17
18.625 2.0400200959137145 4.41389702137362 2.040020041316588 4.413897056932826 1.0909101867037715e-18
18.875 2.0385417354908473 4.413897034992903 2.038541691310741 4.413897124188979 -2.789761923259548e-20
19.125 2.0370588028390633 4.41389704809192 2.037058764926741 4.413897164139717 -3.954656992153136e-21
19.375 2.035571263362721 4.4138970606862085 2.0355712278456495 4.413897178535304 -2.252142269674823e-22
19.625 2.0340790820442325 4.4138970727909514 2.034079047196986 4.413897181532032 -9.092577194644609e-24
19.875 2.032582223437382 4.413897084420086 2.032582189044298 4.413897183062687 -2.8831502816409013e-25
20.125 2.031080651660658 4.4138970955849945 2.0310806180079695 4.413897186372978 -7.44089836681967e-27
20.375 2.029574330390271 4.413897106293569 2.0295742977237725 4.413897191108594 -1.5853487713817023e-28
20.625 2.0280632228527007 4.413897116549967 2.0280631912724054 4.413897196213318 -2.798298194819873e-30
20.875 2.026547291816776 4.413897126355043 2.0265472613462663 4.4138972010858035 -4.0714940949284585e-32
21.125 2.0250264995854144 4.413897135707138 2.025026470243403 4.413897205591716 -4.802503147034089e-34
21.375 2.0235008079871437 4.413897144602946 2.0235007798162687 4.4138972097783915 -4.404258009248603e-36
21.625 2.0219701783675577 4.4138971530380875 2.021970151435574 4.413897213692291 -2.7652750956800404e-38
21.875 2.020434571580744 4.413897161007309 2.0204345459746635 4.413897217335531 -4.567817789604015e-41
22.125 2.018893947980705 4.4138971685042305 2.018893923802575 4.413897220682988 1.5796414191572262e-42
22.375 2.0173482674127206 4.413897175520797 2.0173482447772173 4.413897223703264 2.638888646042497e-44
22.625 2.01579748920458 4.413897182046496 2.0157974682364066 4.413897226368311 2.632942317395744e-46
22.875 2.0142415721576086 4.4138971880677795 2.014241552987413 4.413897228656184 1.976589158084722e-48
23.125 2.0126804745373343 4.413897193567178 2.012680457295878 4.413897230552381 1.1883943908134718e-50
23.375 2.011114154064009 4.413897198524014 2.0111141388745892 4.413897232052468 5.861267598663116e-53
23.625 2.0095425679021726 4.413897202911882 2.0095425548719708 4.413897233164549 2.3927033740792414e-55
23.875 2.0079656726512933 4.413897206706459 2.0079656618607427 4.413897233913484 8.083295968589929e-58
24.125 2.0063834243319105 4.413897209866824 2.0063834158261478 4.413897234341275 2.2389513277987053e-60
24.375 2.0047957783823787 4.413897212389886 2.0047957721550267 4.41389723451034 4.960217038783217e-63
24.625 2.0032026896259243 4.413897214167536 2.003202685625486 4.413897234506035 8.237583357394523e-66
24.875 2.001604112319648 4.41389721536994 2.001604110392167 4.413897234402783 8.023378137447364e-69
