0.125 2.13878866102895 4.413895157543582 2.1387886618422653 4.413895157515933 -8.023378137447364e-69
0.375 2.1375769457792124 4.4138951572980964 2.1375769465754555 4.413895157347962 -8.237583357394523e-66
0.625 2.1363595131102997 4.413895157060494 2.136359513893197 4.413895157179059 -4.960217038783217e-63
0.875 2.135141106196477 4.41389515682905 2.135141106972664 4.4138951570004 -2.2389513277987053e-60
1.125 2.1339191101920294 4.413895156601938 2.133919110955655 4.413895156841502 -8.083295968589929e-58
1.375 2.132694358220075 4.413895156377955 2.1326943589349443 4.413895156778043 -2.3927033740792414e-55
1.625 2.1314667124769304 4.413895156156176 2.1314667131542007 4.413895156687866 -5.861267598663116e-53
1.875 2.1302361555920726 4.413895155936473 2.130236156460404 4.413895156031093 -1.1883943908134718e-50
2.125 2.129002671045714 4.413895155718951 2.1290026722578483 4.413895155003327 -1.976589158084722e-48
2.375 2.127766241908501 4.413895155504001 2.127766242347628 4.413895156737812 -2.632942317395744e-46
2.625 2.126526851134712 4.413895155291959 2.1265268488451863 4.41389516341293 -2.638888646042497e-44
2.875 2.1252844815172196 4.413895155083056 2.125284480213422 4.413895160716599 -1.5796414191572262e-42
3.125 2.124039115688189 4.413895154877376 2.124039130036738 4.413895121485331 4.567817789604015e-41
3.375 2.122790736117056 4.413895154674901 2.1227907679967393 4.4138950788602 2.7652750956800404e-38
3.625 2.1215393251083783 4.4138951544755525 2.121539313076367 4.413895185190777 4.404258009248603e-36
3.875 2.1202848647996646 4.413895154279245 2.1202847324982375 4.41389548382769 4.802503147034089e-34
4.125 2.1190273371591775 4.4138951540859015 2.1190272954401745 4.413895243357732 4.0714940949284585e-32
4.375 2.1177667239837072 4.413895153895456 2.117767892641039 4.413892330494503 2.798298194819873e-30
4.625 2.1165030068963167 4.413895153707827 2.116508650286004 4.413881326878217 1.5853487713817023e-28
4.875 2.1152361673440545 4.4138951535229 2.1152558939303994 4.413846675404976 7.44089836681967e-27
5.125 2.1139661865956274 4.413895153340488 2.1140086058725336 4.413789886912818 2.8831502816409013e-25
5.375 2.112693045739037 4.413895153160308 2.112754000432031 4.4137498225808915 9.092577194644609e-24
5.625 2.111416725679172 4.413895152981952 2.1114854062922044 4.413724334343723 2.252142269674823e-22
5.875 2.11013720713538 4.4138951528048445 2.110208780092464 4.413718651413744 3.954656992153136e-21
6.125 2.108854470638978 4.413895152628227 2.108926290171567 4.413722486464827 2.789761923259548e-20
6.375 2.107568496530731 4.413895152451108 2.10763833209034 4.413727711848936 -1.0909101867037715e-18
6.625 2.1062792649582627 4.413895152272313 2.106344687617487 4.4137370108853204 -5.5213930824722155e-17
6.875 2.104986755873397 4.4138951520905625 2.105040760012825 4.413763697040719 -1.5081395283077498e-15
7.125 2.1036909490294025 4.413895151904629 2.103722831122712 4.413818848805215 -3.0406459207729985e-14
7.375 2.10239182397774 4.41389515171357 2.1024027862492582 4.413873254765708 -4.87731075149774e-13
7.625 2.1011893600597897 4.4138951515169715 2.1010918221686956 4.413896670396671 -6.400550420574792e-12
7.875 2.0998835363503567 4.413895151315181 2.0997825230661613 4.413896718928044 -6.946621751012237e-11
8.125 2.0985743312258753 4.41389515110947 2.0984740070037065 4.413895476766485 -6.243021272063907e-10
8.375 2.09726171965218 4.41389515090207 2.0971627323284174 4.413897271420218 -4.611047172371882e-09
8.625 2.095945660502436 4.413895150695987 2.095846881236056 4.413899535060541 -2.7399979986059073e-08
8.875 2.0946260616638965 4.41389515049467 2.094526507039985 4.413898586354254 -1.240590773561188e-07
9.125 2.0933028233243656 4.413895150301471 2.093202829087922 4.413896191014787 -3.552572240524588e-07
9.375 2.0919770093896464 4.413895150119017 2.09187714845194 4.413896438787597 1.2942058380315937e-07
9.625 2.090558676185145 4.413895149948569 2.0905589880180218 4.413898723616878 9.209599773068e-06
9.875 2.0893008146407697 4.413895149789501 2.089301182169045 4.413899712762884 6.829060285179713e-05
10.125 2.0883050885280467 4.413895149638998 2.0883052944466103 4.413898142226489 0.00033476072351890226
10.375 2.0881553033615248 4.413895149492053 2.088155355076411 4.413896245374685 0.0012639670514472895
10.625 2.0901318140623197 4.413895149341821 2.0901320916589716 4.413895918199714 0.003855097550723615
10.875 2.096239033408227 4.413895149180357 2.096239837644111 4.41389695667093 0.009678706501005496
11.125 2.108226008571277 4.413895148999772 2.1082272356873992 4.413897522967256 0.02012788497491368
11.375 2.125251572036867 4.413895148793871 2.1252528732571356 4.413896553323037 0.03458962805843038
11.625 2.1415312240928603 4.4138951485596944 2.141532363281782 4.413895284437856 0.0485132950314933
11.875 2.146965817007078 4.413895148298124 2.146966781795063 4.4138952025373435 0.053807929155783495
12.125 2.1325177739907923 4.413895148013214 2.132518590773845 4.413896489067275 0.0432510018706274
12.375 2.097619993390757 4.413895147710963 2.0976207332552566 4.4138976177448574 0.01668234441309194
12.625 2.0533534690373734 4.413895147398496 2.053353952612073 4.413897701588341 -0.01668234441309194
12.875 2.0171094090871744 4.413895147084036 2.0171094019215614 4.41389793355376 -0.0432510018706274
13.125 2.001548495978893 4.413895146776971 2.001548680068499 4.413897292557085 -0.053807929155783495
13.375 2.0069713530852877 4.413895146486685 2.0069717234080553 4.413900441832183 -0.0485132950314933
13.625 2.023801322438435 4.41389514622043 2.0238034872245105 4.413910559321394 -0.03458962805843038
13.875 2.0412486991513283 4.413895145982295 2.0412550703847696 4.413937991520842 -0.02012788497491368
14.125 2.053389554766964 4.413895145773635 2.053402371805343 4.413980104106673 -0.009678706501005496
14.375 2.0595089789394803 4.413895145593761 2.059528280191217 4.414022738016133 -0.003855097550723615
14.625 2.061446855988767 4.413895145440451 2.061470932962291 4.414054440107103 -0.0012639670514472895
14.875 2.06123660188537 4.413895145310438 2.061263330545983 4.414071906448479 -0.00033476072351890226
15.125 2.060167034555712 4.413895145200002 2.060194696229133 4.414078346977649 -6.829060285179713e-05
15.375 2.058825590365589 4.413895145105544 2.0588526991531455 4.414074685001274 -9.209599773068e-06
15.625 2.057415435754923 4.413895145023934 2.0574400350357505 4.414058190774901 -1.2942058380315937e-07
15.875 2.055990019312738 4.413895144952706 2.056009588969368 4.414024891654107 3.552572240524588e-07
16.125 2.0545594920588623 4.413895144890045 2.0545723479642506 4.413980383399162 1.240590773561188e-07
16.375 2.053124922620521 4.413895144834631 2.0531313533150715 4.413937762946627 2.7399979986059073e-08
16.625 2.0516862012362242 4.413895144785493 2.051688527621922 4.413910226390367 4.611047172371882e-09
16.875 2.050243225369303 4.413895144741836 2.0502439536084163 4.413899779950283 6.243021272063907e-10
17.125 2.0487959438446914 4.413895144702961 2.0487961161217885 4.413896290831918 6.946621751012237e-11
17.375 2.047344321364629 4.413895144668228 2.0473443308115327 4.413895222475347 6.400550420574792e-12
17.625 2.045888325544596 4.413895144637067 2.045888305965347 4.413895017345873 4.87731075149774e-13
17.875 2.044427924126048 4.41389514460901 2.044427915803653 4.413895089717661 3.0406459207729985e-14
18.125 2.042963084528946 4.4138951445837264 2.0429630879553846 4.413895167540049 1.5081395283077498e-15
18.375 2.041493773790597 4.413895144560998 2.041493779155587 4.413895180408974 5.5213930824722155e-17
18.625 2.0400199585538363 4.413895144540685 2.0400199608518372 4.413895160065911 1.0909101867037715e-18
18.875 2.0385416050600833 4.413895144522659 2.0385416050243976 4.413895144573715 -2.789761923259548e-20
19.125 2.037058679142641 4.413895144506748 2.037058678822418 4.413895142673647 -3.954656992153136e-21
19.375 2.035571146219876 4.413895144492688 2.0355711464181416 4.41389514609967 -2.252142269674823e-22
19.625 2.0340789712882295 4.413895144480098 2.034078971766594 4.413895147940479 -9.092577194644609e-24
19.875 2.032582118915063 4.413895144468487 2.0325821193364892 4.413895147540419 -2.8831502816409013e-25
20.125 2.0310805532313303 4.41389514445732 2.031080553527088 4.413895146680008 -7.44089836681967e-27
20.375 2.0295742379240838 4.413895144446065 2.029574238164474 4.413895146282348 -1.5853487713817023e-28
20.625 2.0280631362288055 4.413895144434287 2.028063136461348 4.413895146196428 -2.798298194819873e-30
20.875 2.026547210921585 4.413895144421702 2.0265472111462124 4.413895146106221 -4.0714940949284585e-32
21.125 2.0250264243111267 4.41389514440821 2.025026424517219 4.413895145941315 -4.802503147034089e-34
21.375 2.0235007382306054 4.413895144393871 2.023500738416864 4.413895145763524 -4.404258009248603e-36
21.625 2.0219701140293527 4.41389514437887 2.021970114200226 4.4138951456117805 -2.7652750956800404e-38
21.875 2.0204345125643637 4.413895144363451 2.0204345127234538 4.413895145482387 -4.567817789604015e-41
22.125 2.018893894191619 4.413895144347853 2.018893894340449 4.413895145364775 1.5796414191572262e-42
22.375 2.0173482187572027 4.413895144332203 2.017348218896398 4.4138951452574595 2.638888646042497e-44
22.625 2.0157974455882064 4.413895144316521 2.015797445718011 4.413895145163198 2.632942317395744e-46
22.875 2.014241533483394 4.413895144300702 2.0142415336034833 4.413895145083435 1.976589158084722e-48
23.125 2.012680440703652 4.41389514428465 2.0126804408130257 4.413895145017893 1.1883943908134718e-50
23.375 2.0111141249621656 4.4138951442682055 2.011114125059384 4.413895144965672 5.861267598663116e-53
23.625 2.0095425434144394 4.413895144251558 2.009542543497986 4.41389514492556 2.3927033740792414e-55
23.875 2.0079656526479455 4.413895144234788 2.0079656527166723 4.413895144895693 8.083295968589929e-58
24.125 2.0063834086718053 4.413895144218932 2.0063834087251955 4.413895144874007 2.2389513277987053e-60
24.375 2.0047957669057945 4.413895144204137 2.004795766944211 4.413895144857796 4.960217038783217e-63
24.625 2.0032026821699285 4.4138951441929475 2.003202682194371 4.4138951448464585 8.237583357394523e-66
24.875 2.001604108672408 4.413895144184236 2.001604108684138 4.41389514483757 8.023378137447364e-69
