0.125 3.138447196516439 4.4154218530954426 3.1240825866793114 4.416598080515474 -8.023378137447364e-69
0.375 3.137161821745262 4.416151738242798 3.1225218527963268 4.422727783653986 -8.237583357394523e-66
0.625 3.1359416565144245 4.416210786200486 3.121917225671552 4.426658431516854 -4.960217038783217e-63
0.875 3.134719822812867 4.416211318132596 3.12118752450899 4.4307417653081576 -2.2389513277987053e-60
1.125 3.1334959971823206 4.416208844006766 3.1205161440560523 4.434599550022826 -8.083295968589929e-58
1.375 3.132268822998133 4.416208598662726 3.1198115819094245 4.43859596645997 -2.3927033740792414e-55
1.625 3.131039239614875 4.41620731700441 3.1191234630756424 4.442518494190179 -5.861267598663116e-53
1.875 3.1298064475458824 4.416206692607346 3.118421796653707 4.446490009567216 -1.1883943908134718e-50
2.125 3.1285706644145677 4.4162060837718995 3.117723753152587 4.450440071323751 -1.976589158084722e-48
2.375 3.127331584330874 4.416206197825568 3.11701926304601 4.45441022792717 -2.632942317395744e-46
2.625 3.12608930504627 4.416206739929424 3.116314461228241 4.458375775258238 -2.638888646042497e-44
2.875 3.124843794675538 4.4162077423970985 3.115606102197868 4.462350797316586 -1.5796414191572262e-42
3.125 3.1235951884119455 4.41620882672463 3.1148961142292158 4.466327209734745 4.567817789604015e-41
3.375 3.1223435791205847 4.416209726156758 3.1141830335535743 4.470309264272805 2.7652750956800404e-38
3.625 3.121089091329792 4.416210101610572 3.113467294347368 4.474294650556404 4.404258009248603e-36
3.875 3.1198317846275216 4.416209780629858 3.112748721094605 4.478287557990059 4.802503147034089e-34
4.125 3.118571661612532 4.416208735841745 3.1120277999996495 4.482289924221851 4.0714940949284585e-32
4.375 3.117308638036815 4.416207156914532 3.111303969081868 4.486302285376368 2.798298194819873e-30
4.625 3.1160425723679266 4.416205374945996 3.110577230568272 4.490323575989242 1.5853487713817023e-28
4.875 3.114773297162188 4.416203783271812 3.1098493533290643 4.49435189878899 7.44089836681967e-27
5.125 3.1135006682533986 4.416202714105561 3.109122156256346 4.498383881998401 2.8831502816409013e-25
5.375 3.1122245992547244 4.416202354288862 3.108389774030502 4.5024137770840085 9.092577194644609e-24
5.625 3.1109450791956124 4.416202700346533 3.107643699635744 4.506437025252463 2.252142269674823e-22
5.875 3.1096621659000423 4.4162035783529605 3.1069025542872963 4.510375448150787 3.954656992153136e-21
6.125 3.1083759642826494 4.416204692319884 3.1062414357444768 4.513935683102273 2.789761923259548e-20
6.375 3.107086598396815 4.416205702277277 3.105723505032012 4.516917747621046 -1.0909101867037715e-18
6.625 3.105794176653976 4.41620629371719 3.1051732073226606 4.519468959458315 -5.5213930824722155e-17
6.875 3.1044987587012467 4.416206284963188 3.1041673187348455 4.522856520131082 -1.5081395283077498e-15
7.125 3.1032003209305743 4.416205664424177 3.1022200202818366 4.528737409382574 -3.0406459207729985e-14
7.375 3.1018987578259902 4.416204664475768 3.096258163593296 4.549218592797228 -4.87731075149774e-13
7.625 3.100593891111491 4.416203604419843 3.0806473689502383 4.607157660413095 -6.400550420574792e-12
7.875 3.0992855425184764 4.41620294024691 3.0443040611283556 4.744931956320524 -6.946621751012237e-11
8.125 3.0979735438088944 4.416202851240911 2.9879346729783713 4.955409595343436 -6.243021272063907e-10
8.375 3.0966578428709988 4.416203639877194 2.919230820893928 5.202036769745137 -4.611047172371882e-09
8.625 3.095338369214165 4.416204906783916 2.844670523783717 5.455475841414634 -2.7399979986059073e-08
8.875 3.094015176889354 4.416207067652332 2.7677025784586884 5.701023548319074 -1.240590773561188e-07
9.125 3.09268810646246 4.416209122983621 2.689534928475924 5.933323393332348 -3.552572240524588e-07
9.375 3.091358700021241 4.416212619141059 2.6104028143702167 6.150466337012366 1.2942058380315937e-07
9.625 3.0900384688020552 4.416209246001236 2.5310973990042624 6.350527251095868 9.209599773068e-06
9.875 3.08878903550484 4.416168858255109 2.456069614214961 6.520899274448947 6.829060285179713e-05
10.125 3.087790284260537 4.416101068939559 2.4020434502711066 6.635015064311989 0.00033476072351890226
10.375 3.0876074677849847 4.416532820885237 2.3861484208615833 6.663490121838628 0.0012639670514472895
10.625 3.0896112017005404 4.416580767896474 2.3935373638200863 6.645975614272951 0.003855097550723615
10.875 3.0957099444447436 4.416330380339605 2.4140586494166305 6.617342913827963 0.009678706501005496
11.125 3.1076805295428835 4.416306174296869 2.4342685141086084 6.601617162411573 0.02012788497491368
11.375 3.1244287326346636 4.417749781974775 2.4532629960164263 6.5993953349861805 0.03458962805843038
11.625 3.141029435192859 4.417807364982256 2.470511168232325 6.598034643598105 0.0485132950314933
11.875 3.146500860110634 4.4142909394686995 2.4752343328511364 6.59470892252388 0.053807929155783495
12.125 2.1321630282918442 4.415778604025914 2.457957832811842 6.596377283444635 0.0432510018706274
12.375 2.0975299356013952 4.413747738581738 2.4174664960368926 6.594704811050837 0.01668234441309194
12.625 2.0528138781488763 4.414114822450628 2.364197406486398 6.595001293770721 -0.01668234441309194
12.875 2.0159776741085365 4.41727803443424 2.3189142590329554 6.598906219891504 -0.0432510018706274
13.125 2.001999286770138 4.411010532002293 2.301328699896777 6.590621727199213 -0.053807929155783495
13.375 2.0059856280193795 4.417310097634198 2.3053617773248103 6.595667262036068 -0.0485132950314933
13.625 2.0230477647945984 4.417655920221479 2.324898042156853 6.59381242447072 -0.03458962805843038
13.875 2.0407068153664376 4.41651503139522 2.345009904826023 6.590164327077902 -0.02012788497491368
14.125 2.0527551125392605 4.41623507128112 2.3586611057295914 6.586956395598566 -0.009678706501005496
14.375 2.0588112424050156 4.41638031975411 2.365252939855724 6.586885746405425 -0.003855097550723615
14.625 2.060689662781223 4.4170433569531955 2.3679823607711397 6.583032180918433 -0.0012639670514472895
14.875 2.0606539035968874 4.416164984185565 2.366975177829193 6.578321223773539 -0.00033476072351890226
15.125 2.0595489406200773 4.416062114127085 2.365259741257649 6.575145977098081 -6.829060285179713e-05
15.375 2.0582120722889705 4.416154891925619 2.3637008111015225 6.573391342344239 -9.209599773068e-06
15.625 2.0568151111166983 4.416264405643852 2.3618100593332736 6.572080276118005 -1.2942058380315937e-07
15.875 2.055383333204454 4.416260299479887 2.359679006271892 6.569081783769184 3.552572240524588e-07
16.125 2.0539374387423175 4.416181560243738 2.3575925949740073 6.564432067422127 1.240590773561188e-07
16.375 2.0524963058029524 4.416154790923889 2.3557412588142785 6.562123309340438 2.7399979986059073e-08
16.625 2.0510614270070913 4.41620698026997 2.353628697081319 6.561742027484181 4.611047172371882e-09
16.875 2.049620248609613 4.416247194169197 2.352394187759664 6.559535669450508 6.243021272063907e-10
17.125 2.04816508347737 4.416222379870229 2.349358760502433 6.557846991152647 6.946621751012237e-11
17.375 2.0467036804127408 4.4161816032635794 2.348772082068419 6.551355928803808 6.400550420574792e-12
17.625 2.045244978600047 4.4161853848694985 2.344540029112367 6.552949112987754 4.87731075149774e-13
17.875 2.0437855555785744 4.4162187210860555 2.345022946744221 6.543787382718142 3.0406459207729985e-14
18.125 2.042317909327468 4.4162296519880275 2.340047435346488 6.542875147454482 1.5081395283077498e-15
18.375 2.040841227712651 4.416207369554481 2.337431326109357 6.5196316682549655 5.5213930824722155e-17
18.625 2.0393609034207594 4.416190414946312 2.3253364675611623 6.447792410552678 1.0909101867037715e-18
18.875 2.0378800618338913 4.416200587399789 2.286657000112843 6.166840859819109 -2.789761923259548e-20
19.125 2.0363954091990486 4.416217558797374 2.1937648607632294 5.5032914477935995 -3.954656992153136e-21
19.375 2.034903434170067 4.4162165854375655 2.095232122165353 4.8223635588727 -2.252142269674823e-22
19.625 2.0334052639254603 4.416203303332774 2.049184218484901 4.521610859932506 -9.092577194644609e-24
19.875 2.031903704004358 4.416198329218173 2.0361206827433573 4.444558054119798 -2.8831502816409013e-25
20.125 2.0303991856798707 4.416205885969296 2.031379625787557 4.423035779047289 -7.44089836681967e-27
20.375 2.028889586958064 4.4162118842169376 2.0290427481420323 4.417446527279627 -1.5853487713817023e-28
20.625 2.0273736188054206 4.416207921304759 2.0273792620711037 4.416277759262728 -2.798298194819873e-30
20.875 2.02585237614685 4.416201188056025 2.0258682362229425 4.4162665240304335 -4.0714940949284585e-32
21.125 2.0243271652319974 4.416201137693491 2.024344102266348 4.416320399586428 -4.802503147034089e-34
21.375 2.022797688969123 4.416206072397536 2.0228059190422414 4.416261332757636 -4.404258009248603e-36
21.625 2.0212628227084615 4.416208047412044 2.0212617702570337 4.416205278350332 -2.7652750956800404e-38
21.875 2.0197222874358447 4.416205212152281 2.0197212296568146 4.41619548260039 -4.567817789604015e-41
22.125 2.018176862804959 4.4162028662226644 2.0181774105492334 4.416205888059809 1.5796414191572262e-42
22.375 2.0166270013012797 4.4162043178558985 2.0166276763456095 4.416209695920841 2.638888646042497e-44
22.625 2.015072180572761 4.416206584331105 2.0150718694309013 4.41620614322307 2.632942317395744e-46
22.875 2.0135117478078217 4.416205905587061 2.0135111602786027 4.416203831176378 1.976589158084722e-48
23.125 2.011945786836409 4.416203481478603 2.0119459616084034 4.41620606993594 1.1883943908134718e-50
23.375 2.0103747802205847 4.416203088341526 2.010375542696545 4.4162087273714725 5.861267598663116e-53
23.625 2.0087987909682012 4.416205389813111 2.008799240984284 4.41620793678268 2.3927033740792414e-55
23.875 2.0072172787254408 4.416206949785693 2.0072173257956747 4.416205591785704 8.083295968589929e-58
24.125 2.0056302938487356 4.416206546325192 2.0056303800675557 4.416205340990449 2.2389513277987053e-60
24.375 2.004043409364639 4.416186908679045 2.004043893584875 4.416188776600284 4.960217038783217e-63
24.625 2.002394453676347 4.416359806723616 2.002395016042877 4.416362849550789 8.237583357394523e-66
24.875 2.0009124339373416 4.4156665885549415 2.000912659484073 4.4156674684965544 8.023378137447364e-69
