0.125 2.138447196516439 4.4154218530954426 2.138448396016771 4.4154221725507 -8.023378137447364e-69
0.375 2.137161821745262 4.416151738242798 2.137163047005625 4.416151718093466 -8.237583357394523e-66
0.625 2.1359416565144245 4.416210786200486 2.1359426454956236 4.416211066805328 -4.960217038783217e-63
0.875 2.134719822812867 4.416211318132596 2.134720393846275 4.416212264686328 -2.2389513277987053e-60
1.125 2.1334959971823206 4.416208844006766 2.1334960317757736 4.4162106623602275 -8.083295968589929e-58
1.375 2.132268822998133 4.416208598662726 2.1322683380719116 4.416211153794874 -2.3927033740792414e-55
1.625 2.131039239614875 4.41620731700441 2.1310384180478756 4.416210098010757 -5.861267598663116e-53
1.875 2.1298064475458824 4.416206692607346 2.129805526839485 4.416209079960957 -1.1883943908134718e-50
2.125 2.1285706644145677 4.4162060837718995 2.12856990089618 4.416207434955392 -1.976589158084722e-48
2.375 2.127331584330874 4.416206197825568 2.127331168160889 4.416206063416678 -2.632942317395744e-46
2.625 2.12608930504627 4.416206739929424 2.126089317550755 4.416204966392931 -2.638888646042497e-44
2.875 2.124843794675538 4.4162077423970985 2.1248441877453748 4.416204521475038 -1.5796414191572262e-42
3.125 2.1235951884119455 4.41620882672463 2.123595799935406 4.416204656551715 4.567817789604015e-41
3.375 2.1223435791205847 4.416209726156758 2.1223441810828154 4.4162052642329215 2.7652750956800404e-38
3.625 2.121089091329792 4.416210101610572 2.121089469250868 4.4162060229742455 4.404258009248603e-36
3.875 2.1198317846275216 4.416209780629858 2.1198317800172504 4.416206587641197 4.802503147034089e-34
4.125 2.118571661612532 4.416208735841745 2.1185712083388046 4.416206591897463 4.0714940949284585e-32
4.375 2.117308638036815 4.416207156914532 2.1173081293597233 4.416205866660771 2.798298194819873e-30
4.625 2.1160425723679266 4.416205374945996 2.1160446523834624 4.416196586243935 1.5853487713817023e-28
4.875 2.114773297162188 4.416203783271812 2.114789269374959 4.416162144378933 7.44089836681967e-27
5.125 2.1135006682533986 4.416202714105561 2.1135415255398753 4.416099698569035 2.8831502816409013e-25
5.375 2.1122245992547244 4.416202354288862 2.1122878116459063 4.416046010566566 9.092577194644609e-24
5.625 2.1109450791956124 4.416202700346533 2.111016161207369 4.416027641250539 2.252142269674823e-22
5.875 2.1096621659000423 4.4162035783529605 2.109734668233127 4.4160265007990676 3.954656992153136e-21
6.125 2.1083759642826494 4.416204692319884 2.1084476782243655 4.416031142913949 2.789761923259548e-20
6.375 2.107086598396815 4.416205702277277 2.107157637687274 4.416034853858412 -1.0909101867037715e-18
6.625 2.105794176653976 4.41620629371719 2.1058643343171024 4.416039758726472 -5.5213930824722155e-17
6.875 2.1044987587012467 4.416206284963188 2.104557687735714 4.416067285490405 -1.5081395283077498e-15
7.125 2.1032003209305743 4.416205664424177 2.10323314454461 4.416132484932332 -3.0406459207729985e-14
7.375 2.1018987578259902 4.416204664475768 2.101906068301631 4.416193208587286 -4.87731075149774e-13
7.625 2.1006938911114914 4.416203604419843 2.100592733433812 4.4162134255774514 -6.400550420574792e-12
7.875 2.0993855425184766 4.41620294024691 2.0992843804441863 4.416212485304226 -6.946621751012237e-11
8.125 2.0980735438088947 4.416202851240911 2.0979750409143136 4.41620551533085 -6.243021272063907e-10
8.375 2.096757842870999 4.416203639877194 2.0966602125842453 4.416203770172684 -4.611047172371882e-09
8.625 2.095438369214165 4.416204906783916 2.0953379491553505 4.416212238984031 -2.7399979986059073e-08
8.875 2.0941151768893542 4.416207067652332 2.094012499267751 4.416218970244626 -1.240590773561188e-07
9.125 2.0927881064624603 4.416209122983621 2.0926881117134832 4.416214192833169 -3.552572240524588e-07
9.375 2.0914587000212412 4.416212619141059 2.0913629023520324 4.416206741830078 1.2942058380315937e-07
9.625 2.0900384688020552 4.416209246001236 2.090041701700878 4.416205190292743 9.209599773068e-06
9.875 2.08878903550484 4.416168858255109 2.088788251184879 4.416174139667024 6.829060285179713e-05
10.125 2.087790284260537 4.416101068939559 2.0877911260772897 4.416103346262048 0.00033476072351890226
10.375 2.0876074677849847 4.416532820885237 2.087606710474149 4.4165381352481345 0.0012639670514472895
10.625 2.0896112017005404 4.416580767896474 2.0896085997502984 4.416588459230077 0.003855097550723615
10.875 2.0957099444447436 4.416330380339605 2.0957066164095695 4.416337690037658 0.009678706501005496
11.125 2.1076805295428835 4.416306174296869 2.1076804447578947 4.41630520267868 0.02012788497491368
11.375 2.1244287326346636 4.417749781974775 2.124432735242427 4.417738175635831 0.03458962805843038
11.625 2.141029435192859 4.417807364982256 2.1410324764260054 4.417796032089778 0.0485132950314933
11.875 2.146500860110634 4.4142909394686995 2.1465027915698767 4.414285330213309 0.053807929155783495
12.125 2.1321630282918442 4.415778604025914 2.132163190868544 4.415782502130035 0.0432510018706274
12.375 2.0975299356013952 4.413747738581738 2.097528140782108 4.4137579335514445 0.01668234441309194
12.625 2.0528138781488763 4.414114822450628 2.052813007914428 4.414123772705377 -0.01668234441309194
12.875 2.0159776741085365 4.41727803443424 2.0159727519124253 4.417285312102912 -0.0432510018706274
13.125 2.001999286770138 4.411010532002293 2.0019988874221957 4.410980358694564 -0.053807929155783495
13.375 2.0059856280193795 4.417310097634198 2.006003263985035 4.417293821778084 -0.0485132950314933
13.625 2.0230477647945984 4.417655920221479 2.0230596149860274 4.417692468105133 -0.03458962805843038
13.875 2.0407068153664376 4.41651503139522 2.0406773629126986 4.416530645669135 -0.02012788497491368
14.125 2.0527551125392605 4.41623507128112 2.052779996620384 4.41621627648417 -0.009678706501005496
14.375 2.0588112424050156 4.41638031975411 2.0588040342754885 4.417063898426428 -0.003855097550723615
14.625 2.060689662781223 4.4170433569531955 2.060737442234643 4.416832126427405 -0.0012639670514472895
14.875 2.0606539035968874 4.416164984185565 2.060664886776487 4.416136172670604 -0.00033476072351890226
15.125 2.0595489406200773 4.416062114127085 2.0595987696362714 4.416384051344184 -6.829060285179713e-05
15.375 2.0582120722889705 4.416154891925619 2.0582594197369133 4.416479525943045 -9.209599773068e-06
15.625 2.0568151111166983 4.416264405643852 2.056831557167957 4.416381424591748 -1.2942058380315937e-07
15.875 2.055383333204454 4.416260299479887 2.0553839320728127 4.416272556638368 3.552572240524588e-07
16.125 2.0539374387423175 4.416181560243738 2.0539499807804713 4.416254442435269 1.240590773561188e-07
16.375 2.0524963058029524 4.416154790923889 2.0525145200051265 4.416282346509725 2.7399979986059073e-08
16.625 2.0510614270070913 4.41620698026997 2.0510690732550536 4.4162650024698955 4.611047172371882e-09
16.875 2.049620248609613 4.416247194169197 2.0496126629760973 4.416199805553358 6.243021272063907e-10
17.125 2.04816508347737 4.416222379870229 2.0481580963122044 4.416173048484336 6.946621751012237e-11
17.375 2.0467036804127408 4.4161816032635794 2.0467078457173784 4.416205610587721 6.400550420574792e-12
17.625 2.045244978600047 4.4161853848694985 2.0452518695501234 4.416235002728839 4.87731075149774e-13
17.875 2.0437855555785744 4.4162187210860555 2.043785184719664 4.4162198449401995 3.0406459207729985e-14
18.125 2.042317909327468 4.4162296519880275 2.0423123865766106 4.416192723645705 1.5081395283077498e-15
18.375 2.040841227712651 4.416207369554481 2.0408395782961337 4.416192846650254 5.5213930824722155e-17
18.625 2.0393609034207594 4.416190414946312 2.039364524190364 4.41621280088545 1.0909101867037715e-18
18.875 2.0378800618338913 4.416200587399789 2.0378828020361444 4.416219216106581 -2.789761923259548e-20
19.125 2.0363954091990486 4.416217558797374 2.036393732709655 4.416206329460101 -3.954656992153136e-21
19.375 2.034903434170067 4.4162165854375655 2.0349006302856907 4.416196558035358 -2.252142269674823e-22
19.625 2.0334052639254603 4.416203303332774 2.03340523486567 4.416202799225809 -9.092577194644609e-24
19.875 2.031903704004358 4.416198329218173 2.0319055298282143 4.4162121030464085 -2.8831502816409013e-25
20.125 2.0303991856798707 4.416205885969296 2.0303994749708476 4.416210134682345 -7.44089836681967e-27
20.375 2.028889586958064 4.4162118842169376 2.028887784799467 4.41620125240502 -1.5853487713817023e-28
20.625 2.0273736188054206 4.416207921304759 2.0273722009774904 4.416198685104659 -2.798298194819873e-30
20.875 2.02585237614685 4.416201188056025 2.0258528946527674 4.416204274362006 -4.0714940949284585e-32
21.125 2.0243271652319974 4.416201137693491 2.02432838828445 4.416208414020641 -4.802503147034089e-34
21.375 2.022797688969123 4.416206072397536 2.0227978740253567 4.416205878820136 -4.404258009248603e-36
21.625 2.0212628227084615 4.416208047412044 2.0212621734340073 4.416202077333535 -2.7652750956800404e-38
21.875 2.0197222874358447 4.416205212152281 2.019722174449322 4.416203191271545 -4.567817789604015e-41
22.125 2.018176862804959 4.4162028662226644 2.0181775661555728 4.416207266395695 1.5796414191572262e-42
22.375 2.0166270013012797 4.4162043178558985 2.0166274921480656 4.41620837769843 2.638888646042497e-44
22.625 2.015072180572761 4.416206584331105 2.015071821870241 4.41620578082713 2.632942317395744e-46
22.875 2.0135117478078217 4.416205905587061 2.0135111922290085 4.4162040551989 1.976589158084722e-48
23.125 2.011945786836409 4.416203481478603 2.011945924214534 4.4162058333398235 1.1883943908134718e-50
23.375 2.0103747802205847 4.416203088341526 2.0103754783425067 4.416208289538654 5.861267598663116e-53
23.625 2.0087987909682012 4.416205389813111 2.008799250903733 4.416207975633504 2.3927033740792414e-55
23.875 2.0072172787254408 4.416206949785693 2.0072173763015115 4.416205964580957 8.083295968589929e-58
24.125 2.0056302938487356 4.416206546325192 2.0056304018963718 4.41620548568668 2.2389513277987053e-60
24.375 2.004043409364639 4.416186908679045 2.0040438598995736 4.4161885258637055 4.960217038783217e-63
24.625 2.002394453676347 4.416359806723616 2.0023949815316153 4.416362601569283 8.237583357394523e-66
24.875 2.0009124339373416 4.4156665885549415 2.000912663575554 4.4156675093577595 8.023378137447364e-69
