0.03125 2.1390231381277838 4.418854170051405 2.139023139137981 4.418854170041968 -4.003793457677204e-70
0.09375 2.13870185537725 4.419036768443604 2.1387018563781806 4.419036768474696 -3.10028924768748e-69
0.15625 2.1383974720619365 4.419051447471678 2.1383974730551243 4.419051447537858 -2.0164329257222074e-68
0.21875 2.138093493581133 4.419050750565586 2.138093494565778 4.419050750668997 -1.1971437942926539e-67
0.28125 2.1377891087031045 4.419050458823038 2.137789109680574 4.419050458960225 -6.704319663991951e-67
0.34375 2.1374845605769464 4.419050389104759 2.1374845615471054 4.419050389276274 -3.6001438242163e-66
0.40625 2.1371798373542426 4.419050385262838 2.1371798383176674 4.4190503854674015 -1.8711212490761638e-65
0.46875 2.1368749385437162 4.419050383996101 2.136874939500533 4.419050384233555 -9.467542854033363e-65
0.53125 2.1365698600359444 4.419050385300243 2.1365698609865307 4.419050385569789 -4.681823820360618e-64
0.59375 2.1362646032991917 4.4190503847131675 2.1362646042437667 4.419050385014405 -2.2689000963112057e-63
0.65625 2.1359591671147835 4.419050384980554 2.135959168053657 4.41905038531285 -1.0796763064909657e-62
0.71875 2.1356535518217843 4.419050384703102 2.1356535527552145 4.419050385065971 -5.052285490132954e-62
0.78125 2.1353477568273576 4.419050384740476 2.1353477577556284 4.4190503851333585 -2.3274779481577778e-61
0.84375 2.1350417820738956 4.419050384596755 2.1350417829972703 4.419050385019149 -1.0564902049433007e-60
0.90625 2.134735627190579 4.419050384559968 2.134735628109329 4.419050385011353 -4.7285315304742537e-60
0.96875 2.134429291988022 4.419050384462192 2.1344292929024107 4.419050384942063 -2.0878823025968615e-59
1.03125 2.134122776170343 4.419050384401082 2.1341227770806377 4.419050384908925 -9.099039886941364e-59
1.09375 2.1338160795027346 4.419050384319787 2.133816080409196 4.419050384855106 -3.9151515696813544e-58
1.15625 2.1335092017139123 4.419050384251362 2.133509202616797 4.419050384813684 -1.6637515850317588e-57
1.21875 2.133202142552893 4.419050384176542 2.13320214345245 4.419050384765416 -6.98415315449243e-57
1.28125 2.1328949017559493 4.419050384106497 2.1328949026524118 4.419050384721501 -2.896688398352563e-56
1.34375 2.132587479065835 4.419050384034673 2.1325874799594233 4.419050384675433 -1.1871666588356863e-55
1.40625 2.132279874220594 4.419050383964821 2.132279875111511 4.419050384630994 -4.808243216412138e-55
1.46875 2.1319720869600673 4.419050383894695 2.1319720878485002 4.419050384585975 -1.9246606613016414e-54
1.53125 2.1316641170221033 4.41905038382553 2.1316641179082216 4.419050384541662 -7.614287154550369e-54
1.59375 2.131355964144765 4.419050383756518 2.1313559650287166 4.41905038449731 -2.977231559962374e-53
1.65625 2.131047628065041 4.4190503836880435 2.1310476289469493 4.419050384453362 -1.1505138179815468e-52
1.71875 2.1307391085195837 4.419050383619813 2.1307391093995536 4.419050384409556 -4.393804720150234e-52
1.78125 2.130430405244277 4.419050383551923 2.130430406122395 4.419050384366046 -1.6581299923453183e-51
1.84375 2.1301215179744935 4.419050383484233 2.130121518850823 4.4190503843227535 -6.182563431609285e-51
1.90625 2.129812446444939 4.419050383416741 2.1298124473195257 4.4190503842797195 -2.277278377096913e-50
1.96875 2.129503190389734 4.419050383349385 2.129503191262609 4.419050384236905 -8.284492655247021e-50
2.03125 2.129193749542364 4.419050383282137 2.129193750413544 4.419050384194328 -2.9757630384972538e-49
2.09375 2.1288841236357072 4.419050383214948 2.128884124505197 4.419050384151976 -1.0550291032482932e-48
2.15625 2.1285743124020136 4.419050383147796 2.128574313269808 4.419050384109845 -3.6904479413849395e-48
2.21875 2.128264315572914 4.419050383080653 2.128264316438999 4.41905038406793 -1.2729509522619648e-47
2.28125 2.1279541328794105 4.419050383013509 2.127954133743769 4.419050384026221 -4.3268626815565847e-47
2.34375 2.1276437640518844 4.419050382946344 2.1276437649144926 4.419050383984713 -1.4480961508257759e-46
2.40625 2.1273332088200863 4.419050382879146 2.1273332096809154 4.4190503839433966 -4.766666883297355e-46
2.46875 2.1270224669131332 4.419050382811903 2.12702246777216 4.419050383902271 -1.541032557512438e-45
2.53125 2.1267115380595114 4.419050382744606 2.1267115389167115 4.419050383861318 -4.88392660333133e-45
2.59375 2.126400421987074 4.419050382677257 2.1264004228424276 4.419050383820524 -1.5134271734381545e-44
2.65625 2.126089118423038 4.419050382609861 2.1260891192765263 4.419050383779879 -4.568647830048834e-44
2.71875 2.125777627093979 4.419050382542414 2.12577762794559 4.4190503837393775 -1.3361689566318357e-43
2.78125 2.1254659477258326 4.4190503824749285 2.125465948575563 4.419050383699006 -3.7532028244107754e-43
2.84375 2.125154080043894 4.419050382407425 2.125154080891747 4.4190503836587585 -9.974387744360698e-43
2.90625 2.124842023772814 4.419050382339908 2.1248420246188027 4.4190503836186235 -2.4351720591234945e-42
2.96875 2.124529778636599 4.419050382272377 2.1245297794807447 4.419050383578578 -5.085290221773357e-42
3.03125 2.1242173443586094 4.419050382204849 2.124217345200935 4.419050383538618 -6.897034062129024e-42
3.09375 2.1239047206615562 4.419050382137324 2.123904721502086 4.419050383498746 9.4571499118777e-42
3.15625 2.1235919072674947 4.419050382069817 2.1235919081062677 4.419050383458939 1.333693151761316e-40
3.21875 2.1232789038978255 4.419050382002342 2.1232789047349088 4.419050383419142 7.548951878250107e-40
3.28125 2.122965710273294 4.4190503819349 2.122965711108756 4.419050383379363 3.4311887634935694e-39
3.34375 2.1226523261139936 4.419050381867503 2.1226523269478212 4.4190503833398065 1.403178566439546e-38
3.40625 2.122338751139355 4.419050381800149 2.1223387519714705 4.419050383300627 5.378068716624702e-38
3.46875 2.122024985068146 4.419050381732832 2.122024985898747 4.419050383261149 1.9697195541396117e-37
3.53125 2.1217110276184714 4.419050381665565 2.121711028448335 4.41905038321994 6.968045095399668e-37
3.59375 2.1213968785077695 4.41905038159833 2.121396879337241 4.419050383178062 2.3966218722471593e-36
3.65625 2.121082537452813 4.419050381531124 2.121082538279416 4.419050383142507 8.049000674182709e-36
3.71875 2.1207680041696957 4.41905038146395 2.1207680049892996 4.419050383117387 2.64747034316652e-35
3.78125 2.120453278373842 4.419050381396806 2.1204532791913677 4.419050383080235 8.54664587042569e-35
3.84375 2.1201383597800008 4.419050381329692 2.1201383606180144 4.4190503829874395 2.712213722730896e-34
3.90625 2.119823248102244 4.419050381262606 2.1198232489707474 4.419050382870155 8.471067439974588e-34
3.96875 2.1195079430539594 4.419050381195542 2.1195079438796105 4.4190503829344445 2.6064103442825064e-33
4.03125 2.119192444347858 4.419050381128493 2.119192444994908 4.419050383335479 7.905978888239404e-33
4.09375 2.118876751695964 4.419050381061458 2.1188767522549825 4.419050383510545 2.3655346031470872e-32
4.15625 2.118560864809614 4.419050380994435 2.1185608659173565 4.419050382112077 6.984994830761698e-32
4.21875 2.1182447833994535 4.419050380927425 2.1182447856484052 4.41905037925657 2.0362389514835817e-31
4.28125 2.1179285071754412 4.419050380860426 2.1179285091377062 4.419050379905762 5.862031322215626e-31
4.34375 2.1176120358468387 4.419050380793442 2.1176120332716404 4.419050391125665 1.666974471735266e-30
4.40625 2.1172953691222176 4.419050380726464 2.1172953605259446 4.41905040591284 4.683320222460584e-30
4.46875 2.116978506709451 4.419050380659485 2.116978505107925 4.419050388438129 1.3001294525565887e-29
4.53125 2.116661448315708 4.419050380592506 2.1166614820576886 4.419050301876851 3.5667630039506357e-29
4.59375 2.1163441936474623 4.419050380525518 2.116344270629695 4.41905019327522 9.670497416647311e-29
4.65625 2.116026742410473 4.419050380458529 2.1160267933937615 4.419050260193133 2.5913628227116674e-28
4.71875 2.115709094309799 4.41905038039153 2.1157089919816894 4.419050640857014 6.863046828850996e-28
4.78125 2.1153912490497895 4.41905038032452 2.115391050054032 4.419050861556675 1.796412949920961e-27
4.84375 2.1150732063340816 4.419050380257493 2.1150736763434144 4.419049318645622 4.64700787456371e-27
4.90625 2.1147549658655973 4.419050380190448 2.114758594617505 4.4190412547567695 1.1879054274809626e-26
4.96875 2.1144365273465415 4.419050380123384 2.1144494340327635 4.41901856164167 3.0004004484834847e-26
5.03125 2.114117890478402 4.419050380056293 2.1141468728771526 4.418978944019353 7.486792811960278e-26
5.09375 2.1137990549619445 4.419050379989166 2.113846657828408 4.418933020971714 1.8451945242224962e-25
5.15625 2.1134800204972084 4.419050379922005 2.113542650485253 4.418896354746225 4.490611845317189e-25
5.21875 2.11316078678351 4.419050379854797 2.1132305284820334 4.418878693743588 1.0788108353212093e-24
5.28125 2.1128413535194346 4.419050379787527 2.1129129992557383 4.418874379435213 2.557329998052712e-24
5.34375 2.112521720402836 4.419050379720181 2.1125931189139524 4.418875214615328 5.97877898615881e-24
5.40625 2.112201887130832 4.419050379652741 2.1122725629926604 4.418877073983644 1.3776866515677294e-23
5.46875 2.111881853399807 4.419050379585185 2.1119522799873702 4.4188778074780615 3.1264914036512736e-23
5.53125 2.111561618905405 4.419050379517486 2.11163233151112 4.418877289615517 6.980618709954213e-23
5.59375 2.111241183342523 4.419050379449621 2.1113122251257446 4.418876641200911 1.5314050791412638e-22
5.65625 2.110920546405318 4.41905037938155 2.110991624234031 4.418876676115082 3.2952537647922248e-22
5.71875 2.1105997077871956 4.4190503793132265 2.1106706361087126 4.418877190759726 6.938397225712931e-22
5.78125 2.1102786671808174 4.419050379244599 2.1103495228853717 4.418877537433606 1.4247827369012723e-21
5.84375 2.1099574242780843 4.419050379175614 2.110028350155574 4.418877514948841 2.839370569031387e-21
5.90625 2.109635978770146 4.419050379106219 2.1097069918122635 4.4188774394810215 5.44950890910029e-21
5.96875 2.1093143303473942 4.419050379036338 2.109385357037243 4.418877558472941 9.944158298563714e-21
6.03125 2.1089924786994567 4.419050378965897 2.1090634848231153 4.418877767280731 1.683955802877859e-20
6.09375 2.1086704235152 4.419050378894824 2.108741439390439 4.418877891883627 2.5051785044004933e-20
6.15625 2.1083481644827273 4.419050378823023 2.1084192160660074 4.418877950475634 2.740528868930065e-20
6.21875 2.108025701289371 4.419050378750399 2.1080967768444134 4.418878044866329 -1.9289258172990763e-21
6.28125 2.1077030336216955 4.41905037867685 2.1077741173937654 4.418878178693407 -1.4017862304362418e-19
6.34375 2.107380161165487 4.419050378602275 2.107451260774104 4.418878289292521 -5.9727403593566045e-19
6.40625 2.107057083605764 4.419050378526561 2.107128212595984 4.418878367149724 -1.9104035673239254e-18
6.46875 2.1067338006267633 4.419050378449599 2.106804950464091 4.418878468800228 -5.395897040893431e-18
6.53125 2.1064103119119415 4.4190503783712805 2.1064814499050035 4.418878650330539 -1.4172635144106045e-17
6.59375 2.106086617143976 4.419050378291481 2.106157717433069 4.418878894022683 -3.5429167569282213e-17
6.65625 2.105762716004757 4.419050378210085 2.1058338146646483 4.418879045636118 -8.534713940380537e-17
6.71875 2.1054386081753895 4.419050378126992 2.105509825996138 4.418878914472124 -1.996000429606432e-16
6.78125 2.1051142933361833 4.419050378042098 2.105185677688992 4.418878648509546 -4.553629995606369e-16
6.84375 2.104789771166661 4.419050377955305 2.1048608722898328 4.418879458590419 -1.0167180356264946e-15
6.90625 2.104465041345553 4.419050377866523 2.10453415194786 4.418884582756698 -2.226894517287864e-15
6.96875 2.104140103550793 4.419050377775673 2.1042023743314155 4.418901444410705 -4.7928992723670935e-15
7.03125 2.103814957459508 4.419050377682698 2.1038632282621617 4.4189357688068585 -1.0149798143363878e-14
7.09375 2.103489602748026 4.419050377587553 2.1035195527536157 4.4189806584246085 -2.1169426434468405e-14
7.15625 2.103164039091866 4.4190503774902155 2.1031771308372975 4.41902175884122 -4.352028380639294e-14
7.21875 2.102838266165732 4.419050377390668 2.1028415273063947 4.419045973548495 -8.824162729183831e-14
7.28125 2.1025122836435077 4.419050377288927 2.1025123272895128 4.419053592621662 -1.765504987103273e-13
7.34375 2.1021860911982415 4.419050377185023 2.10218588965299 4.419054208319303 -3.4869878558211256e-13
7.40625 2.101859688502123 4.419050377079024 2.1018601735820868 4.419052577178376 -6.800747887373828e-13
7.46875 2.1015330752264427 4.419050376971009 2.101533979500495 4.419051514376076 -1.3100830926616375e-12
7.53125 2.101306251041525 4.419050376861076 2.1012069864869454 4.419051912569949 -2.4932458599455e-12
7.59375 2.10097921561661 4.41905037674935 2.100879593990486 4.419052819529907 -4.688392804143842e-12
7.65625 2.1006519686196587 4.419050376635975 2.100552234808217 4.419053100223254 -8.71217953361179e-12
7.71875 2.100324509717011 4.419050376521118 2.1002249191280375 4.419052726765191 -1.5999612188650176e-11
7.78125 2.0999968385728387 4.419050376404979 2.099897377546255 4.4190524103504085 -2.9039792611471703e-11
7.84375 2.0996689548482146 4.419050376287757 2.0995694623556242 4.419052504463881 -5.2093915604236066e-11
7.90625 2.099340858199629 4.419050376169666 2.0992412727862346 4.419052730336914 -9.236014962645237e-11
7.96875 2.099012548276597 4.419050376050938 2.098912945880656 4.419052761161289 -1.6183318890323987e-10
8.03125 2.0986840247179477 4.419050375931834 2.098584478029557 4.41905262819817 -2.8022250166414554e-10
8.09375 2.09835528714606 4.419050375812613 2.098255786284856 4.419052524554204 -4.794494381885033e-10
8.15625 2.098026335158187 4.4190503756935655 2.097926839152108 4.419052511281535 -8.10442429110603e-10
8.21875 2.097697168313601 4.419050375574958 2.097597661037272 4.419052534910528 -1.3531848884076558e-09
8.28125 2.0973677861150604 4.419050375457152 2.09726826537299 4.419052570342666 -2.2312156971162697e-09
8.34375 2.09703818798276 4.419050375340453 2.096938646020304 4.419052625272322 -3.631974219148933e-09
8.40625 2.096708373219067 4.4190503752254 2.0966088101736258 4.419052675360131 -5.834394601838469e-09
8.46875 2.096378340962556 4.419050375112404 2.096278774780303 4.419052681912601 -9.244758734380355e-09
8.53125 2.0960480901318497 4.419050375002528 2.095948538445662 4.41905264864123 -1.444062428085364e-08
8.59375 2.0957176193623606 4.419050374896434 2.095618081567274 4.419052616454675 -2.2220023413817202e-08
8.65625 2.0953869269466994 4.4190503747966074 2.0952873879779603 4.419052618900341 -3.364810060345147e-08
8.71875 2.0950560107987735 4.419050374704097 2.0949564536872805 4.419052662993762 -5.00844594839887e-08
8.78125 2.0947248684842656 4.419050374624909 2.0946252830615726 4.419052732902415 -7.315960195901896e-08
8.84375 2.094393497384468 4.419050374560081 2.0942938854896123 4.41905279777186 -1.046450073705699e-07
8.90625 2.094061895118184 4.419050374524056 2.0939622680485677 4.41905283446687 -1.461246173463636e-07
8.96875 2.093730060398508 4.419050374514651 2.0936304261053444 4.419052852320128 -1.9832055356516146e-07
9.03125 2.093397994634675 4.419050374566346 2.0932983493566564 4.419052879759907 -2.598462797269504e-07
9.09375 2.093065704678939 4.419050374660327 2.0929660414299467 4.419052923752517 -3.250483311046408e-07
9.15625 2.0927332074077545 4.419050374880124 2.0926335276286903 4.419052964060524 -3.8044437996817056e-07
9.21875 2.092400536928806 4.419050375143854 2.0923008463270705 4.419052990817726 -3.990616064219827e-07
9.28125 2.092067755816356 4.4190503756611434 2.0919680525626574 4.419053022347699 -3.31716640591852e-07
9.34375 2.091734971727836 4.419050376139218 2.091635247750576 4.41905307309891 -9.39506915416835e-08
9.40625 2.0914023620695414 4.419050377128843 2.091302614507135 4.419053131131147 4.530603240697041e-07
9.46875 2.0910702085720314 4.419050377675617 2.0909704416868733 4.41905317848587 1.529753980297915e-06
9.53125 2.0906389466627013 4.41905037929346 2.0906391633280355 4.419053219929728 3.4762149433038535e-06
9.59375 2.090309231054128 4.419050379021516 2.0903094305024625 4.419053261180349 6.804120370200431e-06
9.65625 2.0899820266280185 4.419050381178032 2.0899822105125434 4.419053300793716 1.2266172538001058e-05
9.71875 2.0896587219114444 4.419050376817404 2.089658894500522 4.419053323616929 2.0946912307718176e-05
9.78125 2.0893412835913727 4.419050378571951 2.0893414441159126 4.419053354340966 3.437888657929601e-05
9.84375 2.089032433806205 4.41905035965655 2.0890325752177494 4.419053381309738 5.468784914051539e-05
9.90625 2.0887358938816245 4.419050357366521 2.088736014011559 4.419053430049203 8.47698499292316e-05
9.96875 2.088456626935683 4.4190502903463855 2.0884567401185956 4.419053379508982 0.00012850154243721726
10.03125 2.0882011997251153 4.419050267911306 2.0882013332310683 4.419053307958971 0.0001909826458667602
10.09375 2.087978040373318 4.4190500433702375 2.087978213133829 4.4190529885411935 0.00027880609774585296
10.15625 2.0877979524387063 4.419050008953836 2.087798154803309 4.419052882941296 0.00040034694173355593
10.21875 2.087674104038676 4.419049694314347 2.0876743055846925 4.419052568541972 0.0005660554261655719
10.28125 2.08762309491684 4.419051131182491 2.08762328330884 4.419054040370674 0.0007887332867798587
10.34375 2.087665008010458 4.4190513401266935 2.0876652225038113 4.41905418650885 0.001083765068175486
10.40625 2.087822607904818 4.419051259577332 2.0878229051840123 4.419053904212533 0.0014692691192730424
10.46875 2.088122870883664 4.419051024426924 2.088123264031828 4.419053437377375 0.0019661263086395773
10.53125 2.0885958270603613 4.419050927534933 2.0885962794112056 4.41905319828526 0.002597839480069819
10.59375 2.0892744928478533 4.419050790170739 2.0892749635539225 4.41905301739969 0.0033901743036548818
10.65625 2.090193822528465 4.419050681041801 2.0901943136519883 4.419052859552696 0.004370533653136037
10.71875 2.091389629124542 4.41905054933832 2.0913901798696406 4.41905258430841 0.005567024104157814
10.78125 2.0928968363925544 4.419050430810083 2.0928974768202453 4.419052249461454 0.007007185562588836
10.84375 2.0947474267997315 4.419050318758057 2.094748149069217 4.419051939770549 0.008716373997397405
10.90625 2.0969678936422556 4.4190502376480065 2.0969686748936858 4.41905171587526 0.01071581282047236
10.96875 2.0995763960986458 4.419050197789167 2.099577244484459 4.419051512613548 0.013020359959317548
11.03125 2.1025796600506306 4.419050221671564 2.1025806148153054 4.419051276405049 0.01563607359493098
11.09375 2.105969833618225 4.419050323591096 2.1059709025703253 4.419051097655043 0.01855769747427637
11.15625 2.109721484330046 4.419050523245895 2.109722606663311 4.419051163943424 0.021766223390745052
11.21875 2.113788992327985 4.419050826244304 2.1137901011232083 4.419051497128977 0.02522671991030791
11.28125 2.118104601294484 4.4190512456810165 2.118105702678247 4.419051931613218 0.028886638374096246
11.34375 2.1225773788195843 4.419051761616927 2.122578522710339 4.41905233892728 0.03267481533066286
11.40625 2.1270933432975494 4.41905238346096 2.127094537637399 4.419052831443497 0.036501381084238345
11.46875 2.1315169041131186 4.419053038006362 2.13151811169132 4.419053448763757 0.04025875432072879
11.53125 2.1356938055347783 4.419053757759013 2.135695003495471 4.419054188673816 0.043823851741497465
11.59375 2.1394554765547253 4.419054327505894 2.1394566656125042 4.419054777484893 0.04706157029590306
11.65625 2.1426249633850993 4.419054782869189 2.142626137385249 4.419055267637388 0.04982951126378543
11.71875 2.145023875251198 4.419054076719715 2.145025024456313 4.419054621820192 0.051983815731628635
11.78125 2.1464806440460777 4.419051686557628 2.1464817756754044 4.4190522746628975 0.05338587762874967
11.84375 2.1468369842079644 4.419045966421441 2.146838115679675 4.419046553150806 0.053909602651500035
11.90625 2.145959976251679 4.419048657861835 2.145961116508585 4.41904922316588 0.053448799007006796
11.96875 2.1437499843294376 4.419049940280521 2.143751103377273 4.41905056142201 0.05192422853819394
12.03125 2.1401446060225107 4.41905040380722 2.140145630428865 4.41905126506924 0.04928982261350742
12.09375 2.135127852053983 4.4190499602149185 2.135128724937333 4.419051202792934 0.04553758186163458
12.15625 2.128733002409467 4.41904933270978 2.128733728558071 4.419050941001863 0.040700734725941205
12.21875 2.121045043583532 4.419048542638207 2.1210456935151654 4.419050337942194 0.034854825297487284
12.28125 2.112199769003276 4.419047841820673 2.1122004122553864 4.419049649809269 0.028116530264597768
12.34375 2.102380817146649 4.419047265427016 2.102381463897153 4.419049060743729 0.0206401586194423
12.40625 2.0918138177888443 4.419046913770172 2.0918144175360975 4.419048817602396 0.012611953511883283
12.46875 2.080758321792848 4.419046805477322 2.0807588189633797 4.419048949483264 0.004242479026349397
12.53125 2.0694975401447406 4.419046943017405 2.0694979335500765 4.419049326369988 -0.004242479026349397
12.59375 2.0583265489011855 4.419047314400609 2.058326896518991 4.419049795407947 -0.012611953511883283
12.65625 2.047539420889266 4.419047836857429 2.0475397767533323 4.419050288500995 -0.0206401586194423
12.71875 2.0374161093743464 4.419048508578165 2.0374164519567666 4.419050978552135 -0.028116530264597768
12.78125 2.0282097221524698 4.419049140150126 2.0282099884811737 4.419051772170927 -0.034854825297487284
12.84375 2.020135213693597 4.419049846455195 2.02013541491018 4.419052616941848 -0.040700734725941205
12.90625 2.0133599391083297 4.419050178895494 2.013360135390376 4.419052939638527 -0.04553758186163458
12.96875 2.0079973350752516 4.419050598335318 2.007997496903831 4.419053414590481 -0.04928982261350742
13.03125 2.0041032212493404 4.419049798251919 2.0041032962437804 4.419052774951296 -0.05192422853819394
13.09375 2.0016765371165413 4.4190492960244985 2.0016765945220882 4.419052328296661 -0.053448799007006796
13.15625 2.0006617728577663 4.419045362970008 2.0006618715073037 4.419048298642031 -0.053909602651500035
13.21875 2.0009545957880226 4.419051203212698 2.0009547017792357 4.419054115862492 -0.05338587762874967
13.28125 2.00241806422536 4.419053608358889 2.002418150268422 4.419056447257927 -0.051983815731628635
13.34375 2.0048808156305005 4.4190543208920605 2.004880915907619 4.419056900082327 -0.04982951126378543
13.40625 2.008156334199292 4.419053950807912 2.0081564137415118 4.4190564760288 -0.04706157029590306
13.46875 2.0120506921749883 4.419053495543613 2.012050835672393 4.4190562261699835 -0.043823851741497465
13.53125 2.01637284535905 4.419052893191631 2.016373104522438 4.419056131244537 -0.04025875432072879
13.59375 2.0209423253827934 4.419052337922759 2.020942646495058 4.419055950905271 -0.036501381084238345
13.65625 2.025595894608564 4.419051786848942 2.0255961703637206 4.419054734357611 -0.03267481533066286
13.71875 2.0301919038786935 4.419051311737672 2.0301918685799314 4.41905213288654 -0.028886638374096246
13.78125 2.0346130440361625 4.419050906357768 2.034612523705117 4.419048264545859 -0.02522671991030791
13.84375 2.0387672798046106 4.419050597912845 2.0387663156130715 4.419044855244843 -0.021766223390745052
13.90625 2.042587420298029 4.419050380699284 2.042586586297758 4.419045107461768 -0.01855769747427637
13.96875 2.046029493086172 4.419050256656552 2.046030043538386 4.419054014175924 -0.01563607359493098
14.03125 2.0490702966382006 4.419050210808448 2.049074195785931 4.419076025041657 -0.013020359959317548
14.09375 2.051704391987574 4.4190502333284725 2.0517135145385335 4.419110739141152 -0.01071581282047236
14.15625 2.053940825657264 4.419050301489421 2.053956102572685 4.419151895349286 -0.008716373997397405
14.21875 2.0557998137959776 4.419050408125392 2.055820881120602 4.419190429510243 -0.007007185562588836
14.28125 2.0573095712975324 4.419050523043607 2.0573349293921726 4.419218469739517 -0.005567024104157814
14.34375 2.058503445857114 4.419050660231688 2.0585310014568177 4.419232691386091 -0.004370533653136037
14.40625 2.0594174147245656 4.419050769417621 2.05944536352931 4.419235681950719 -0.0033901743036548818
14.46875 2.0600880548154716 4.419050922991483 2.0601155521683605 4.419233069309209 -0.002597839480069819
14.53125 2.060550898347489 4.419051018012096 2.0605778041083873 4.419229288715978 -0.0019661263086395773
14.59375 2.060839316828061 4.41905128290418 2.060865866491465 4.419227001064117 -0.0014692691192730424
14.65625 2.0609837241661286 4.419051325311038 2.061010184927383 4.419226338415395 -0.001083765068175486
14.71875 2.061011349860819 4.419051012310019 2.0610378738011548 4.419226611047531 -0.0007887332867798587
14.78125 2.0609452445955507 4.419049614891666 2.0609718739259555 4.4192258933658115 -0.0005660554261655719
14.84375 2.0608049431484434 4.419050067594261 2.0608316184544533 4.419226627236232 -0.00040034694173355593
14.90625 2.0606076701014837 4.419050047429602 2.060634329685584 4.419226525286319 -0.00027880609774585296
14.96875 2.060366475107668 4.419050290612845 2.0603930915704805 4.419226526256732 -0.0001909826458667602
15.03125 2.060092380200472 4.419050289022319 2.0601189608793717 4.419226290392371 -0.00012850154243721726
15.09375 2.0597937647833264 4.419050363843362 2.059820318415374 4.419226213673355 -8.47698499292316e-05
15.15625 2.0594772846198763 4.419050358471267 2.059503817718378 4.419226109958947 -5.468784914051539e-05
15.21875 2.059147901756627 4.419050380363757 2.0591744221367785 4.419226061493402 -3.437888657929601e-05
15.28125 2.0588093803276637 4.419050376054061 2.05883589314624 4.419226043516929 -2.0946912307718176e-05
15.34375 2.0584644514551536 4.419050381454097 2.058490962950102 4.4192260676993484 -1.2266172538001058e-05
15.40625 2.0581151031611657 4.419050378420227 2.058141602453516 4.419226008961626 -6.804120370200431e-06
15.46875 2.0577627318532508 4.419050379026353 2.0577891835497306 4.419225728748816 -3.4762149433038535e-06
15.53125 2.057408312977297 4.4190503770814935 2.0574346800467764 4.419225188411918 -1.529753980297915e-06
15.59375 2.0570525061286795 4.4190503766123665 2.057078794910127 4.419224702070822 -4.530603240697041e-07
15.65625 2.056695751719764 4.419050375471064 2.0567220728447952 4.419224939755651 9.39506915416835e-08
15.71875 2.05633833397526 4.419050374974562 2.0563649003641595 4.41922659065701 3.31716640591852e-07
15.78125 2.055980432448444 4.419050374358075 2.0560074411599065 4.419229521291855 3.990616064219827e-07
15.84375 2.055622155850977 4.419050374037694 2.055649534173062 4.4192320607681586 3.8044437996817056e-07
15.90625 2.0552635675389457 4.41905037373165 2.0552907333161414 4.419230790031456 3.250483311046408e-07
15.96875 2.0549047019403304 4.419050373563774 2.0549303869794966 4.41922088882705 2.598462797269504e-07
16.03125 2.0545455761097804 4.4190503734262085 2.0545679027379116 4.419198638076521 1.9832055356516146e-07
16.09375 2.054186196897266 4.419050373352015 2.0542034553824324 4.4191650604729595 1.461246173463636e-07
16.15625 2.0538265656525665 4.419050373298511 2.0538379563232887 4.41912608416408 1.046450073705699e-07
16.21875 2.0534666809672224 4.419050373272729 2.0534726030270103 4.41908971702464 7.315960195901896e-08
16.28125 2.0531065403219504 4.419050373257498 2.0531084010487515 4.419062801140922 5.00844594839887e-08
16.34375 2.0527461409430003 4.419050373253483 2.052745815780012 4.419048340919354 3.364810060345147e-08
16.40625 2.052385480239379 4.419050373253832 2.052384576328172 4.41904430635998 2.2220023413817202e-08
16.46875 2.0520245559658212 4.419050373258176 2.0520238865893456 4.419045898546117 1.444062428085364e-08
16.53125 2.0516633662575217 4.419050373263881 2.051663142057483 4.4190488834441854 9.244758734380355e-09
16.59375 2.051301909593027 4.419050373270666 2.051301998446247 4.419050963137803 5.834394601838469e-09
16.65625 2.0509401847352984 4.419050373277583 2.0509403639781687 4.419051564559197 3.631974219148933e-09
16.71875 2.0505781906674185 4.419050373284529 2.0505783129681574 4.419051186448701 2.2312156971162697e-09
16.78125 2.050215926536175 4.419050373291198 2.0502159576729477 4.4190505808758935 1.3531848884076558e-09
16.84375 2.0498533916054047 4.419050373297584 2.049853367306427 4.419050212721787 8.10442429110603e-10
16.90625 2.0494905852203913 4.419050373303616 2.049490552400191 4.419050156056868 4.794494381885033e-10
16.96875 2.0491275067814225 4.419050373309315 2.0491274901563417 4.419050263547662 2.8022250166414554e-10
17.03125 2.0487641557250313 4.419050373314677 2.048764155800737 4.419050374413112 1.6183318890323987e-10
17.09375 2.0484005315109424 4.419050373319722 2.0484005382058204 4.419050418344103 9.236014962645237e-11
17.15625 2.048036633613262 4.4190503733244695 2.048036638669081 4.419050407440009 5.2093915604236066e-11
17.21875 2.0476724615146336 4.419050373328949 2.047672462658092 4.419050381438225 2.9039792611471703e-11
17.28125 2.047308014702449 4.419050373333188 2.047308013573721 4.419050366326299 1.5999612188650176e-11
17.34375 2.0469432926664304 4.419050373337226 2.046943291413082 4.419050365476075 8.71217953361179e-12
17.40625 2.046578294897105 4.4190503733410935 2.046578294440984 4.419050370750092 4.688392804143842e-12
17.46875 2.046213020884875 4.419050373344831 2.0462130210416576 4.419050374803199 2.4932458599455e-12
17.53125 2.045847470119435 4.41905037334849 2.045847470398629 4.419050375601745 1.3100830926616375e-12
17.59375 2.045481642089439 4.419050373352119 2.0454816422219366 4.419050374615203 6.800747887373828e-13
17.65625 2.045115536282289 4.4190503733557644 2.045115536272395 4.419050373658784 3.4869878558211256e-13
17.71875 2.0447491521840186 4.419050373359469 2.0447491521365357 4.419050373399626 1.765504987103273e-13
17.78125 2.044382489279223 4.419050373363256 2.0443824892613756 4.419050373588012 8.824162729183831e-14
17.84375 2.0440155470510124 4.419050373367149 2.044015547067177 4.419050373806385 4.352028380639294e-14
17.90625 2.043648324980991 4.419050373371144 2.0436483250090873 4.419050373878804 2.1169426434468405e-14
17.96875 2.0432808225492343 4.419050373375224 2.0432808225738066 4.419050373849014 1.0149798143363878e-14
18.03125 2.0429130392342794 4.419050373379367 2.0429130392537784 4.4190503738092195 4.7928992723670935e-15
18.09375 2.042544974513108 4.419050373383525 2.0425449745321114 4.419050373799951 2.226894517287864e-15
18.15625 2.0421766278611484 4.4190503733876465 2.0421766278828826 4.419050373812203 1.0167180356264946e-15
18.21875 2.0418079987522657 4.419050373391661 2.0418079987769406 4.419050373826009 4.553629995606369e-16
18.28125 2.0414390866587473 4.419050373395489 2.041439086685277 4.419050373832889 1.996000429606432e-16
18.34375 2.0410698910512965 4.419050373399044 2.0410698910788994 4.419050373834988 8.534713940380537e-17
18.40625 2.0407004113990226 4.419050373402244 2.0407004114275216 4.419050373836468 3.5429167569282213e-17
18.46875 2.0403306471694336 4.419050373405012 2.040330647198866 4.419050373838903 1.4172635144106045e-17
18.53125 2.03996059782843 4.419050373407284 2.0399605978587174 4.419050373841715 5.395897040893431e-18
18.59375 2.0395902628402944 4.419050373409002 2.039590262871205 4.419050373844076 1.9104035673239254e-18
18.65625 2.0392196416676827 4.419050373410135 2.0392196416989257 4.419050373845754 5.9727403593566045e-19
18.71875 2.0388487337716166 4.419050373410659 2.0388487338029146 4.419050373846911 1.4017862304362418e-19
18.78125 2.038477538611482 4.419050373410561 2.038477538642577 4.419050373847741 1.9289258172990763e-21
18.84375 2.0381060556450157 4.419050373409851 2.0381060556756587 4.419050373848302 -2.740528868930065e-20
18.90625 2.0377342843283004 4.419050373408564 2.0377342843582475 4.41905037384858 -2.5051785044004933e-20
18.96875 2.0373622241157543 4.41905037340675 2.03736222414478 4.419050373848579 -1.683955802877859e-20
19.03125 2.036989874460132 4.419050373404476 2.036989874488038 4.419050373848314 -9.944158298563714e-21
19.09375 2.0366172348125167 4.4190503734018165 2.036617234839136 4.419050373847821 -5.44950890910029e-21
19.15625 2.0362443046223127 4.419050373398852 2.0362443046475147 4.419050373847127 -2.839370569031387e-21
19.21875 2.0358710833372426 4.4190503733956685 2.035871083360938 4.4190503738462406 -1.4247827369012723e-21
19.28125 2.0354975704033333 4.419050373392363 2.0354975704254796 4.41905037384518 -6.938397225712931e-22
19.34375 2.035123765264922 4.419050373389033 2.035123765285519 4.419050373843957 -3.2952537647922248e-22
19.40625 2.0347496673646446 4.419050373385761 2.03474966738374 4.41905037384257 -1.5314050791412638e-22
19.46875 2.034375276143426 4.419050373382641 2.0343752761611062 4.41905037384104 -6.980618709954213e-23
19.53125 2.034000591040483 4.419050373379746 2.0340005910568726 4.419050373839374 -3.1264914036512736e-23
19.59375 2.033625611493309 4.419050373377145 2.033625611508566 4.419050373837575 -1.3776866515677294e-23
19.65625 2.0332503369376735 4.41905037337488 2.0332503369519825 4.419050373835653 -5.97877898615881e-24
19.71875 2.032874766807617 4.419050373372993 2.032874766821182 4.419050373833606 -2.557329998052712e-24
19.78125 2.032498900535442 4.4190503733715065 2.032498900548478 4.419050373831443 -1.0788108353212093e-24
19.84375 2.0321227375517044 4.4190503733704105 2.03212273756443 4.419050373829166 -4.490611845317189e-25
19.90625 2.031746277285208 4.419050373369693 2.031746277297835 4.419050373826785 -1.8451945242224962e-25
19.96875 2.0313695191629924 4.419050373369323 2.0313695191757204 4.419050373824303 -7.486792811960278e-26
20.03125 2.0309924626103286 4.419050373369254 2.0309924626233387 4.419050373821726 -3.0004004484834847e-26
20.09375 2.0306151070507115 4.4190503733694175 2.0306151070641585 4.419050373819061 -1.1879054274809626e-26
20.15625 2.030237451905845 4.419050373369762 2.0302374519198576 4.419050373816299 -4.64700787456371e-27
20.21875 2.029859496595635 4.419050373370215 2.0298594966103165 4.419050373813445 -1.796412949920961e-27
20.28125 2.029481240538189 4.4190503733707 2.0294812405536033 4.419050373810508 -6.863046828850996e-28
20.34375 2.0291026831497896 4.41905037337116 2.029102683165975 4.419050373807498 -2.5913628227116674e-28
20.40625 2.0287238238448975 4.41905037337154 2.028723823861864 4.419050373804413 -9.670497416647311e-29
20.46875 2.0283446620361394 4.419050373371795 2.028344662053875 4.419050373801256 -3.5667630039506357e-29
20.53125 2.0279651971342965 4.419050373371882 2.027965197152777 4.419050373798026 -1.3001294525565887e-29
20.59375 2.0275854285483046 4.419050373371774 2.027585428567487 4.419050373794729 -4.683320222460584e-30
20.65625 2.027205355685238 4.4190503733714595 2.027205355705068 4.419050373791368 -1.666974471735266e-30
20.71875 2.0268249779503087 4.419050373370926 2.0268249779707226 4.419050373787954 -5.862031322215626e-31
20.78125 2.026444294746847 4.419050373370179 2.026444294767786 4.419050373784481 -2.0362389514835817e-31
20.84375 2.026063305476309 4.419050373369231 2.026063305497711 4.419050373780952 -6.984994830761698e-32
20.90625 2.0256820095382535 4.419050373368098 2.0256820095600636 4.419050373777377 -2.3655346031470872e-32
20.96875 2.025300406330346 4.4190503733668 2.0253004063525157 4.419050373773759 -7.905978888239404e-33
21.03125 2.0249184952483494 4.419050373365366 2.024918495270832 4.419050373770107 -2.6064103442825064e-33
21.09375 2.0245362756861125 4.419050373363816 2.0245362757088703 4.419050373766417 -8.471067439974588e-34
21.15625 2.0241537470355633 4.419050373362175 2.0241537470585658 4.419050373762701 -2.712213722730896e-34
21.21875 2.0237709086867044 4.419050373360461 2.0237709087099276 4.419050373758958 -8.54664587042569e-35
21.28125 2.0233877600276005 4.4190503733587 2.023387760051027 4.419050373755193 -2.64747034316652e-35
21.34375 2.0230043004443665 4.419050373356917 2.023004300467996 4.4190503737514035 -8.049000674182709e-36
21.40625 2.022620529321169 4.419050373355129 2.022620529345006 4.41905037374759 -2.3966218722471593e-36
21.46875 2.022236446040214 4.419050373353354 2.0222364460642708 4.41905037374374 -6.968045095399668e-37
21.53125 2.0218520499817343 4.419050373351604 2.021852050006034 4.419050373739843 -1.9697195541396117e-37
21.59375 2.0214673405239836 4.41905037334989 2.0214673405485537 4.419050373735898 -5.378068716624702e-38
21.65625 2.0210823170432306 4.419050373348229 2.0210823170681045 4.419050373731897 -1.403178566439546e-38
21.71875 2.020696978913746 4.419050373346625 2.0206969789389655 4.419050373727835 -3.4311887634935694e-39
21.78125 2.0203113255077945 4.419050373345081 2.0203113255334015 4.419050373723713 -7.548951878250107e-40
21.84375 2.0199253561956225 4.419050373343609 2.019925356221666 4.41905037371952 -1.333693151761316e-40
21.90625 2.019539070345451 4.4190503733422135 2.019539070371983 4.419050373715262 -9.4571499118777e-42
21.96875 2.019152467323475 4.419050373340895 2.019152467350542 4.4190503737109506 6.897034062129024e-42
22.03125 2.0187655464938477 4.419050373339651 2.0187655465214904 4.419050373706598 5.085290221773357e-42
22.09375 2.0183783072186663 4.419050373338493 2.018378307246924 4.419050373702207 2.4351720591234945e-42
22.15625 2.0179907488579674 4.4190503733374165 2.0179907488868754 4.419050373697785 9.974387744360698e-43
22.21875 2.0176028707697187 4.41905037333644 2.0176028707993114 4.419050373693342 3.7532028244107754e-43
22.28125 2.0172146723098097 4.419050373335555 2.017214672340115 4.41905037368889 1.3361689566318357e-43
22.34375 2.01682615283204 4.419050373334763 2.016826152863085 4.419050373684429 4.568647830048834e-44
22.40625 2.016437311688115 4.419050373334064 2.016437311719924 4.419050373679965 1.5134271734381545e-44
22.46875 2.016048148227629 4.4190503733334605 2.0160481482602313 4.419050373675488 4.88392660333133e-45
22.53125 2.0156586617980636 4.419050373332951 2.0156586618314867 4.419050373671007 1.541032557512438e-45
22.59375 2.0152688517447714 4.419050373332542 2.0152688517790436 4.419050373666499 4.766666883297355e-46
22.65625 2.014878717410971 4.419050373332249 2.0148787174461242 4.4190503736619675 1.4480961508257759e-46
22.71875 2.0144882581377335 4.419050373332041 2.0144882581737917 4.419050373657406 4.3268626815565847e-47
22.78125 2.0140974732639854 4.4190503733319595 2.014097473300956 4.419050373652883 1.2729509522619648e-47
22.84375 2.013706362126468 4.419050373331935 2.0137063621643483 4.419050373648343 3.6904479413849395e-48
22.90625 2.013314924059777 4.419050373332087 2.0133149240985477 4.419050373643943 1.0550291032482932e-48
22.96875 2.012923158396279 4.419050373332212 2.0129231584358926 4.419050373639532 2.9757630384972538e-49
23.03125 2.012531064466228 4.419050373332653 2.0125310645066103 4.41905037363551 8.284492655247021e-50
23.09375 2.0121386415975286 4.419050373332816 2.01213864163858 4.4190503736313325 2.277278377096913e-50
23.15625 2.0117458891161153 4.419050373333728 2.01174588915771 4.41905037362808 6.182563431609285e-51
23.21875 2.01135280634528 4.419050373333615 2.0113528063872663 4.419050373624039 1.6581299923453183e-51
23.28125 2.0109593926068 4.419050373335503 2.0109593926490086 4.419050373622272 4.393804720150234e-52
23.34375 2.0105656472189697 4.419050373334196 2.0105656472612163 4.4190503736176145 1.1505138179815468e-52
23.40625 2.010171569499956 4.419050373338623 2.0101715695420523 4.419050373618991 2.977231559962374e-53
23.46875 2.0097771587620046 4.419050373333437 2.0097771588037583 4.419050373611065 7.614287154550369e-54
23.53125 2.009382414321368 4.4190503733449935 2.0093824143625847 4.419050373620201 1.9246606613016414e-54
23.59375 2.00898733548122 4.419050373327992 2.0089873355217063 4.419050373601098 4.808243216412138e-55
23.65625 2.0085919215609893 4.41905037336023 2.008591921600548 4.419050373631562 1.1871666588356863e-55
23.71875 2.008196171845923 4.419050373307978 2.0081961718843697 4.419050373577843 2.896688398352563e-56
23.78125 2.0078000856737095 4.419050373400989 2.0078000857108638 4.419050373669679 6.98415315449243e-57
23.84375 2.0074036622856206 4.4190503732444615 2.007403662321305 4.419050373512266 1.6637515850317588e-57
23.90625 2.00700690108226 4.419050373516723 2.007006901116308 4.419050373783914 3.9151515696813544e-58
23.96875 2.006609801184088 4.41905037305218 2.006609801216341 4.419050373319015 9.099039886941364e-59
24.03125 2.006212362186527 4.419050373853565 2.0062123622168473 4.419050374120273 2.0878823025968615e-59
24.09375 2.0058145828624516 4.419050372479609 2.005814582890726 4.419050372746368 4.7285315304742537e-60
24.15625 2.0054164633916223 4.419050374843275 2.005416463417775 4.419050375110198 1.0564902049433007e-60
24.21875 2.005018001529939 4.41905037078445 2.0050180015539256 4.419050371051581 2.3274779481577778e-61
24.28125 2.004619199191883 4.419050377760061 2.0046191992136912 4.419050378027389 5.052285490132954e-62
24.34375 2.004220051141203 4.419050365770586 2.004220051160857 4.419050366038029 1.0796763064909657e-62
24.40625 2.003820564423898 4.419050386354226 2.0038205644414506 4.419050386621644 2.2689000963112057e-63
24.46875 2.003420724958981 4.419050350979502 2.003420724974508 4.41905035124673 4.681823820360618e-64
24.53125 2.0030205547787894 4.419050412197783 2.0030205547923723 4.419050412464637 9.467542854033363e-65
24.59375 2.002620013139871 4.419050309858564 2.002620013151591 4.419050310124886 1.8711212490761638e-65
24.65625 2.0022191666066442 4.419050494281464 2.002219166616568 4.419050494547134 3.6001438242163e-66
24.71875 2.0018179158500278 4.419050152081087 2.0018179158581932 4.41905015234606 6.704319663991951e-67
24.78125 2.0014165830818307 4.4190503317512935 2.001416583088253 4.419050332015578 1.1971437942926539e-67
24.84375 2.0010158862247778 4.4190456665594375 2.001015886229445 4.419045666823115 2.0164329257222074e-68
24.90625 2.000600958783813 4.41908871912503 2.0006009587866056 4.419088719388468 3.10028924768748e-69
24.96875 2.000228650162726 4.418914888658161 2.000228650163808 4.418914888920531 4.003793457677204e-70
