0.03125 2.9999999999886326 4.4200000000000035 2.9999999999886366 4.420000000000001 -4.003793457677204e-70
0.09375 2.9999999999886344 4.419999999999996 2.999999999988637 4.420000000000002 -3.10028924768748e-69
0.15625 2.999999999988633 4.419999999999996 2.999999999988636 4.42 -2.0164329257222074e-68
0.21875 2.9999999999886326 4.419999999999998 2.9999999999886375 4.419999999999995 -1.1971437942926539e-67
0.28125 2.999999999988632 4.419999999999996 2.999999999988636 4.419999999999996 -6.704319663991951e-67
0.34375 2.999999999988632 4.419999999999996 2.999999999988637 4.419999999999991 -3.6001438242163e-66
0.40625 2.9999999999886318 4.419999999999994 2.999999999988636 4.419999999999993 -1.8711212490761638e-65
0.46875 2.9999999999886313 4.419999999999991 2.9999999999886366 4.419999999999989 -9.467542854033363e-65
0.53125 2.999999999988632 4.4199999999999875 2.999999999988636 4.419999999999989 -4.681823820360618e-64
0.59375 2.999999999988632 4.419999999999986 2.999999999988636 4.419999999999986 -2.2689000963112057e-63
0.65625 2.999999999988632 4.419999999999983 2.999999999988636 4.419999999999983 -1.0796763064909657e-62
0.71875 2.999999999988632 4.41999999999998 2.999999999988636 4.419999999999982 -5.052285490132954e-62
0.78125 2.999999999988632 4.419999999999979 2.999999999988635 4.419999999999984 -2.3274779481577778e-61
0.84375 2.9999999999886326 4.419999999999975 2.999999999988635 4.41999999999998 -1.0564902049433007e-60
0.90625 2.9999999999886326 4.4199999999999715 2.999999999988635 4.41999999999998 -4.7285315304742537e-60
0.96875 2.9999999999886326 4.41999999999997 2.999999999988634 4.41999999999998 -2.0878823025968615e-59
1.03125 2.999999999988632 4.41999999999997 2.999999999988634 4.419999999999978 -9.099039886941364e-59
1.09375 2.9999999999886326 4.419999999999967 2.999999999988634 4.419999999999979 -3.9151515696813544e-58
1.15625 2.999999999988634 4.4199999999999635 2.999999999988634 4.419999999999975 -1.6637515850317588e-57
1.21875 2.999999999988634 4.419999999999963 2.999999999988634 4.419999999999972 -6.98415315449243e-57
1.28125 2.999999999988633 4.419999999999964 2.999999999988634 4.4199999999999715 -2.896688398352563e-56
1.34375 2.9999999999886326 4.419999999999964 2.9999999999886344 4.419999999999964 -1.1871666588356863e-55
1.40625 2.9999999999886326 4.4199999999999635 2.9999999999886358 4.419999999999956 -4.808243216412138e-55
1.46875 2.999999999988633 4.419999999999962 2.999999999988634 4.4199999999999635 -1.9246606613016414e-54
1.53125 2.9999999999886326 4.419999999999963 2.999999999988632 4.419999999999969 -7.614287154550369e-54
1.59375 2.9999999999886326 4.4199999999999635 2.999999999988633 4.419999999999964 -2.977231559962374e-53
1.65625 2.9999999999886326 4.419999999999963 2.999999999988633 4.419999999999963 -1.1505138179815468e-52
1.71875 2.999999999988633 4.419999999999961 2.999999999988633 4.419999999999962 -4.393804720150234e-52
1.78125 2.999999999988632 4.419999999999961 2.999999999988633 4.419999999999961 -1.6581299923453183e-51
1.84375 2.999999999988632 4.419999999999962 2.999999999988633 4.419999999999961 -6.182563431609285e-51
1.90625 2.9999999999886313 4.419999999999959 2.999999999988634 4.419999999999954 -2.277278377096913e-50
1.96875 2.999999999988632 4.419999999999959 2.9999999999886358 4.419999999999945 -8.284492655247021e-50
2.03125 2.999999999988632 4.419999999999959 2.999999999988636 4.4199999999999395 -2.9757630384972538e-49
2.09375 2.9999999999886313 4.419999999999957 2.9999999999886358 4.419999999999941 -1.0550291032482932e-48
2.15625 2.999999999988632 4.419999999999956 2.999999999988635 4.41999999999994 -3.6904479413849395e-48
2.21875 2.9999999999886326 4.419999999999954 2.9999999999886358 4.419999999999935 -1.2729509522619648e-47
2.28125 2.9999999999886326 4.419999999999954 2.999999999988636 4.419999999999929 -4.3268626815565847e-47
2.34375 2.999999999988633 4.419999999999953 2.999999999988636 4.419999999999931 -1.4480961508257759e-46
2.40625 2.999999999988633 4.419999999999953 2.999999999988636 4.419999999999929 -4.766666883297355e-46
2.46875 2.999999999988633 4.419999999999953 2.999999999988636 4.419999999999927 -1.541032557512438e-45
2.53125 2.999999999988633 4.419999999999953 2.999999999988636 4.419999999999929 -4.88392660333133e-45
2.59375 2.999999999988633 4.419999999999953 2.999999999988636 4.419999999999929 -1.5134271734381545e-44
2.65625 2.999999999988634 4.419999999999952 2.999999999988636 4.419999999999927 -4.568647830048834e-44
2.71875 2.999999999988634 4.419999999999952 2.999999999988636 4.419999999999926 -1.3361689566318357e-43
2.78125 2.999999999988634 4.419999999999952 2.999999999988636 4.419999999999925 -3.7532028244107754e-43
2.84375 2.999999999988634 4.419999999999953 2.9999999999886358 4.4199999999999235 -9.974387744360698e-43
2.90625 2.999999999988634 4.419999999999953 2.9999999999886358 4.419999999999921 -2.4351720591234945e-42
2.96875 2.9999999999886344 4.419999999999951 2.9999999999886353 4.419999999999923 -5.085290221773357e-42
3.03125 2.9999999999886358 4.419999999999948 2.9999999999886326 4.4199999999999315 -6.897034062129024e-42
3.09375 2.9999999999886366 4.419999999999943 2.9999999999886295 4.419999999999941 9.4571499118777e-42
3.15625 2.9999999999886366 4.41999999999994 2.9999999999886273 4.41999999999995 1.333693151761316e-40
3.21875 2.9999999999886375 4.419999999999938 2.9999999999886233 4.419999999999963 7.548951878250107e-40
3.28125 2.9999999999886375 4.419999999999938 2.9999999999886158 4.4199999999999875 3.4311887634935694e-39
3.34375 2.9999999999886375 4.419999999999937 2.9999999999886007 4.420000000000047 1.403178566439546e-38
3.40625 2.999999999988637 4.419999999999938 2.9999999999885714 4.420000000000166 5.378068716624702e-38
3.46875 2.9999999999886366 4.419999999999938 2.99999999998851 4.420000000000404 1.9697195541396117e-37
3.53125 2.999999999988637 4.419999999999936 2.9999999999883933 4.420000000000868 6.968045095399668e-37
3.59375 2.9999999999886375 4.419999999999936 2.9999999999881752 4.42000000000173 2.3966218722471593e-36
3.65625 2.9999999999886375 4.419999999999936 2.9999999999877733 4.420000000003313 8.049000674182709e-36
3.71875 2.9999999999886375 4.419999999999936 2.99999999998704 4.420000000006208 2.64747034316652e-35
3.78125 2.9999999999886375 4.419999999999936 2.9999999999857128 4.420000000011456 8.54664587042569e-35
3.84375 2.999999999988637 4.419999999999936 2.999999999983342 4.420000000020826 2.712213722730896e-34
3.90625 2.9999999999886375 4.419999999999936 2.9999999999791584 4.420000000037362 8.471067439974588e-34
3.96875 2.999999999988637 4.419999999999936 2.9999999999718634 4.420000000066196 2.6064103442825064e-33
4.03125 2.9999999999886375 4.419999999999935 2.9999999999593028 4.420000000115832 7.905978888239404e-33
4.09375 2.999999999988638 4.419999999999932 2.9999999999379505 4.420000000200217 2.3655346031470872e-32
4.15625 2.9999999999886375 4.419999999999932 2.9999999999021107 4.420000000341865 6.984994830761698e-32
4.21875 2.999999999988637 4.419999999999932 2.999999999842721 4.420000000576579 2.0362389514835817e-31
4.28125 2.999999999988638 4.419999999999931 2.9999999997455955 4.42000000096043 5.862031322215626e-31
4.34375 2.9999999999886384 4.419999999999929 2.9999999995888915 4.420000001579747 1.666974471735266e-30
4.40625 2.9999999999886384 4.419999999999929 2.9999999993396225 4.420000002564901 4.683320222460584e-30
4.46875 2.9999999999886393 4.419999999999927 2.999999998948951 4.420000004108894 1.3001294525565887e-29
4.53125 2.9999999999886393 4.419999999999927 2.999999998346083 4.420000006491525 3.5667630039506357e-29
4.59375 2.9999999999886393 4.419999999999927 2.999999997430833 4.420000010108742 9.670497416647311e-29
4.65625 2.99999999998864 4.419999999999925 2.9999999960656187 4.420000015504284 2.5913628227116674e-28
4.71875 2.9999999999886406 4.419999999999924 2.9999999940686566 4.420000023396598 6.863046828850996e-28
4.78125 2.9999999999886415 4.419999999999922 2.9999999912112534 4.420000034689524 1.796412949920961e-27
4.84375 2.9999999999886424 4.419999999999918 2.99999998722405 4.420000050447598 4.64700787456371e-27
4.90625 2.9999999999886433 4.419999999999916 2.9999999818216803 4.420000071798636 1.1879054274809626e-26
4.96875 2.999999999988643 4.419999999999916 2.999999974764364 4.420000099690288 3.0004004484834847e-26
5.03125 2.999999999988643 4.4199999999999156 2.999999965987195 4.4200001343790705 7.486792811960278e-26
5.09375 2.999999999988643 4.4199999999999156 2.9999999558383346 4.420000174488981 1.8451945242224962e-25
5.15625 2.999999999988643 4.419999999999914 2.999999945475404 4.420000215445005 4.490611845317189e-25
5.21875 2.9999999999886433 4.419999999999911 2.999999937487995 4.420000247012952 1.0788108353212093e-24
5.28125 2.9999999999886438 4.419999999999909 2.9999999368656454 4.420000249475378 2.557329998052712e-24
5.34375 2.9999999999886433 4.419999999999909 2.999999952513001 4.420000187644267 5.97877898615881e-24
5.40625 2.999999999988643 4.419999999999909 2.9999999995738196 4.420000001666745 1.3776866515677294e-23
5.46875 2.999999999988642 4.41999999999991 3.000000102816033 4.419999593637801 3.1264914036512736e-23
5.53125 2.999999999988642 4.41999999999991 3.000000301380722 4.419998808868178 6.980618709954213e-23
5.59375 2.999999999988643 4.4199999999999084 3.00000065531987 4.4199974100336785 1.5314050791412638e-22
5.65625 2.9999999999886433 4.419999999999906 3.0000012544596544 4.4199950421294325 3.2952537647922248e-22
5.71875 2.9999999999886433 4.419999999999906 3.0000022302418157 4.419991185673178 6.938397225712931e-22
5.78125 2.9999999999886433 4.419999999999906 3.0000037711989966 4.419985095547132 1.4247827369012723e-21
5.84375 2.9999999999886438 4.419999999999904 3.0000061426495073 4.419975723158123 2.839370569031387e-21
5.90625 2.9999999999886446 4.419999999999902 3.000009711155859 4.419961619765895 5.44950890910029e-21
5.96875 2.9999999999886446 4.4199999999999005 3.000014974200681 4.419940819183796 9.944158298563714e-21
6.03125 2.9999999999886446 4.4199999999999 3.00002259526015 4.419910699133788 1.683955802877859e-20
6.09375 2.9999999999886455 4.419999999999898 3.0000334439804845 4.419867822409069 2.5051785044004933e-20
6.15625 2.9999999999886455 4.419999999999898 3.000048640603179 4.419807761202845 2.740528868930065e-20
6.21875 2.9999999999886455 4.419999999999897 3.000069603180272 4.419724910341214 -1.9289258172990763e-21
6.28125 2.9999999999886455 4.419999999999895 3.0000980951740566 4.419612298887186 -1.4017862304362418e-19
6.34375 2.9999999999886455 4.419999999999893 3.0001362694664717 4.419461415767745 -5.9727403593566045e-19
6.40625 2.9999999999886464 4.41999999999989 3.0001867033321874 4.419262070872407 -1.9104035673239254e-18
6.46875 2.9999999999886464 4.419999999999888 3.0002524188391475 4.419002313411513 -5.395897040893431e-18
6.53125 2.9999999999886473 4.419999999999888 3.0003368832636665 4.418668428824015 -1.4172635144106045e-17
6.59375 2.9999999999886473 4.419999999999888 3.000443980395817 4.418245050199748 -3.5429167569282213e-17
6.65625 2.9999999999886464 4.419999999999889 3.0005779372949117 4.417715445189698 -8.534713940380537e-17
6.71875 2.9999999999886464 4.419999999999888 3.0007431946103544 4.41706202542529 -1.996000429606432e-16
6.78125 2.9999999999886464 4.419999999999888 3.0009442273227536 4.416267051534996 -4.553629995606369e-16
6.84375 2.9999999999886464 4.419999999999887 3.001185327749595 4.415313487289387 -1.0167180356264946e-15
6.90625 2.9999999999886446 4.4199999999998845 3.001470321470035 4.414186119539971 -2.226894517287864e-15
6.96875 2.9999999999886406 4.4199999999998845 3.001802151968805 4.412873199003658 -4.7928992723670935e-15
7.03125 2.999999999988634 4.419999999999883 3.0021823601765796 4.4113685001152465 -1.0149798143363878e-14
7.09375 2.99999999998862 4.419999999999879 3.0026106597508377 4.409673006955018 -2.1169426434468405e-14
7.15625 2.9999999999885913 4.4199999999998765 3.003084758353992 4.4077956308593205 -4.352028380639294e-14
7.21875 2.999999999988531 4.419999999999879 3.0036001606744254 4.405754005326782 -8.824162729183831e-14
7.28125 2.9999999999884137 4.419999999999879 3.004149477534706 4.40357724374444 -1.765504987103273e-13
7.34375 2.9999999999881846 4.419999999999879 3.0047214665677444 4.401309770378081 -3.4869878558211256e-13
7.40625 2.999999999987744 4.419999999999878 3.005301041706261 4.3990113196585 -6.800747887373828e-13
7.46875 2.9999999999869056 4.419999999999876 3.0058709883348547 4.396750165827508 -1.3100830926616375e-12
7.53125 2.9999999999853304 4.419999999999874 3.006413611502365 4.394596593016399 -2.4932458599455e-12
7.59375 2.999999999982407 4.419999999999874 3.006907572254031 4.3926354604864954 -4.688392804143842e-12
7.65625 2.9999999999770512 4.419999999999871 3.0073124355914587 4.391027572104264 -8.71217953361179e-12
7.71875 2.99999999996735 4.419999999999871 3.007530062097059 4.390163088378448 -1.5999612188650176e-11
7.78125 2.9999999999499902 4.41999999999987 3.0073318509861426 4.390950393966665 -2.9039792611471703e-11
7.84375 2.9999999999192974 4.41999999999987 3.005945252470851 4.396457287594075 -5.2093915604236066e-11
7.90625 2.9999999998656883 4.4199999999998685 3.001172498274926 4.415365026594511 -9.236014962645237e-11
7.96875 2.9999999997731948 4.4199999999998685 2.9915118532022156 4.453448844575672 -1.6183318890323987e-10
8.03125 2.999999999615577 4.4199999999998685 2.9772800759830904 4.5090921078919095 -2.8022250166414554e-10
8.09375 2.999999999350335 4.4199999999998685 2.959884771976196 4.576354758687202 -4.794494381885033e-10
8.15625 2.999999998909666 4.419999999999869 2.9407163932973996 4.649515795530534 -8.10442429110603e-10
8.21875 2.9999999981870857 4.419999999999872 2.920619685397273 4.725138826944209 -1.3531848884076558e-09
8.28125 2.9999999970181186 4.419999999999877 2.8999977893297006 4.801584015890029 -2.2312156971162697e-09
8.34375 2.9999999951532166 4.4199999999998845 2.8790485659481977 4.878041259777391 -3.631974219148933e-09
8.40625 2.9999999922210208 4.419999999999894 2.857888103299244 4.95403567113971 -5.834394601838469e-09
8.46875 2.999999987680626 4.419999999999904 2.8365905012432595 5.029265963524889 -9.244758734380355e-09
8.53125 2.999999980763101 4.419999999999913 2.815203929596662 5.103537149575008 -1.444062428085364e-08
8.59375 2.9999999704059808 4.4199999999999235 2.7937610718231825 5.176717885652273 -2.2220023413817202e-08
8.65625 2.9999999551911842 4.419999999999936 2.772285349439777 5.248715258158127 -3.364810060345147e-08
8.71875 2.9999999333086 4.419999999999947 2.7507941751167313 5.319461494201203 -5.00844594839887e-08
8.78125 2.999999902587455 4.419999999999959 2.729300739351851 5.388906505612298 -7.315960195901896e-08
8.84375 2.999999860669287 4.419999999999969 2.7078150822373313 5.457013116980831 -1.046450073705699e-07
8.90625 2.9999998054453094 4.419999999999978 2.686344828387755 5.523754269762096 -1.461246173463636e-07
8.96875 2.9999997359541237 4.419999999999987 2.6648955805173467 5.589110364946933 -1.9832055356516146e-07
9.03125 2.9999996540416953 4.419999999999996 2.643471366519389 5.653068467499487 -2.598462797269504e-07
9.09375 2.999999567234779 4.420000000000005 2.6220747664367425 5.71562004741922 -3.250483311046408e-07
9.15625 2.999999493483106 4.420000000000014 2.6007072702591234 5.7767609241583155 -3.8044437996817056e-07
9.21875 2.9999994686970135 4.420000000000024 2.5793694035663326 5.836489883294877 -3.990616064219827e-07
9.28125 2.9999995583569143 4.4200000000000355 2.5580608026383875 5.89480724753902 -3.31716640591852e-07
9.34375 2.9999998749072088 4.420000000000044 2.536780740811083 5.951717141472576 -9.39506915416835e-08
9.40625 3.0000006031715087 4.420000000000052 2.51552740175847 6.007221267130079 4.530603240697041e-07
9.46875 3.000002036629164 4.42000000000006 2.494299090467223 6.061328311792544 1.529753980297915e-06
9.53125 3.0000046280501858 4.42000000000007 2.4730922621330906 6.114042615225902 3.4762149433038535e-06
9.59375 3.000009058649717 4.420000000000079 2.451902390523618 6.165377755786292 6.804120370200431e-06
9.65625 3.0000163305196446 4.420000000000087 2.4307223279236694 6.215351798384327 1.2266172538001058e-05
9.71875 3.0000278875156563 4.420000000000096 2.40954147131054 6.263978047914539 2.0946912307718176e-05
9.78125 3.0000457698784024 4.420000000000105 2.388350201890754 6.311297819355538 3.437888657929601e-05
9.84375 3.000072807466065 4.420000000000113 2.3671188831680268 6.357337026484034 5.468784914051539e-05
9.90625 3.000112855359886 4.420000000000119 2.345778322424138 6.402280065059528 8.47698499292316e-05
9.96875 3.000171073542729 4.420000000000122 2.3242306076466743 6.446256579842267 0.00012850154243721726
10.03125 3.0002542491148896 4.420000000000119 2.3027971018021325 6.488643246839507 0.0001909826458667602
10.09375 3.0003711549070653 4.420000000000115 2.283378429291338 6.525924739297799 0.00027880609774585296
10.15625 3.000532932259988 4.42000000000011 2.2703589497976657 6.550385357894649 0.00040034694173355593
10.21875 3.0007534781737535 4.420000000000106 2.268112274841802 6.555110021266242 0.0005660554261655719
10.28125 3.0010498081819383 4.420000000000093 2.2755073995537343 6.541935223605137 0.0007887332867798587
10.34375 3.001442356612114 4.420000000000084 2.2842266555272586 6.526760778894712 0.001083765068175486
10.40625 3.0019551660813093 4.420000000000073 2.2891662982527734 6.5189335602933856 0.0014692691192730424
10.46875 3.002615909185463 4.420000000000056 2.2917535914374527 6.51479555591099 0.0019661263086395773
10.53125 3.003455678731449 4.42000000000003 2.2943807645481824 6.511750811273449 0.002597839480069819
10.59375 3.004508480138507 4.419999999999998 2.297365925804958 6.508821333979808 0.0033901743036548818
10.65625 3.0058103625479315 4.419999999999966 2.3003564965639294 6.50610184362277 0.004370533653136037
10.71875 3.007398135409629 4.419999999999934 2.303267933606451 6.503647294959839 0.005567024104157814
10.78125 3.0093076362168762 4.4199999999999005 2.306505556918691 6.501543637541719 0.007007185562588836
10.84375 3.0115715433379995 4.419999999999863 2.3102788780186305 6.4995708571799415 0.008716373997397405
10.90625 3.0142167652539626 4.419999999999823 2.314440100894189 6.497690197116208 0.01071581282047236
10.96875 3.0172614823779274 4.419999999999785 2.318869189401835 6.495733089211565 0.013020359959317548
11.03125 3.020711966988214 4.4199999999997495 2.3236770592723985 6.493823830200815 0.01563607359493098
11.09375 3.024559356246556 4.41999999999971 2.3289031286044297 6.492301357569817 0.01855769747427637
11.15625 3.0287765973434606 4.419999999999665 2.3344121601652654 6.491326456364527 0.021766223390745052
11.21875 3.0333158166104144 4.4199999999996145 2.3400944043480116 6.4904483197059815 0.02522671991030791
11.28125 3.0381063804216875 4.419999999999561 2.3459207231204897 6.489452489744727 0.028886638374096246
11.34375 3.043053910546452 4.419999999999512 2.3518469207072075 6.488741208181279 0.03267481533066286
11.40625 3.048040487904534 4.419999999999474 2.357776283786235 6.488456800909557 0.036501381084238345
11.46875 3.052926226377819 4.419999999999453 2.3635067814986863 6.48842614293573 0.04025875432072879
11.53125 3.0575523247834724 4.4199999999994555 2.368807553537968 6.488314951573869 0.043823851741497465
11.59375 3.0617456147772266 4.419999999999483 2.373489604638624 6.4882299040180875 0.04706157029590306
11.65625 3.0653245213660725 4.41999999999954 2.377417960173567 6.488449492706414 0.04982951126378543
11.71875 3.068106247918127 4.4199999999996225 2.380416959838051 6.488993168334536 0.051983815731628635
11.78125 3.069914896584524 4.419999999999728 2.382256951003485 6.48964574967094 0.05338587762874967
11.84375 3.070590145433554 4.419999999999851 2.382719515379178 6.490208993247179 0.053909602651500035
11.90625 3.0699960324818623 4.41999999999998 2.3816779162275292 6.49073078096604 0.053448799007006796
11.96875 3.0680293504840894 4.420000000000109 2.3790648334270363 6.491456954237816 0.05192422853819394
12.03125 2.0646271397305167 4.420000000000224 2.374824633309907 6.492426087448854 0.04928982261350742
12.09375 2.05977278218131 4.420000000000319 2.3689000775203755 6.493429948903419 0.04553758186163458
12.15625 2.053500249576236 4.420000000000388 2.3612920792963963 6.494285193806801 0.040700734725941205
12.21875 2.045896138538389 4.420000000000435 2.352103043788903 6.4950550707393635 0.034854825297487284
12.28125 2.03709923241077 4.420000000000453 2.3415255866500626 6.495961710278239 0.028116530264597768
12.34375 2.027297455960848 4.420000000000437 2.3297839641760514 6.4970526016597905 0.0206401586194423
12.40625 2.016722227650912 4.420000000000394 2.317111832970814 6.498115297033719 0.012611953511883283
12.46875 2.0056403578738635 4.4200000000003365 2.303785840564878 6.498980539907496 0.004242479026349397
12.53125 1.9943437849882386 4.420000000000275 2.2901496080715518 6.499694981911384 -0.004242479026349397
12.59375 1.9831375807273797 4.420000000000227 2.276589012922995 6.500476902904602 -0.012611953511883283
12.65625 1.972326790178298 4.420000000000202 2.2634667917517204 6.501417323474309 -0.0206401586194423
12.71875 1.9622027950401966 4.420000000000213 2.251104399949548 6.502306170543964 -0.028116530264597768
12.78125 1.9530299931704684 4.4200000000002655 2.23981762105648 6.502996100533895 -0.034854825297487284
12.84375 1.9450336553602656 4.420000000000361 2.2299175929769524 6.503489263746848 -0.040700734725941205
12.90625 1.9383898269474396 4.420000000000495 2.2216673385473924 6.503977750129922 -0.04553758186163458
12.96875 1.9332180603019888 4.42000000000065 2.215209420734035 6.504581358178108 -0.04928982261350742
13.03125 1.929577576457724 4.42000000000081 2.210584529269397 6.5051317548023455 -0.05192422853819394
13.09375 1.9274671639841714 4.420000000000952 2.2077980752738067 6.505513943205891 -0.053448799007006796
13.15625 1.9268287636133854 4.4200000000010515 2.206825706434162 6.505719243810384 -0.053909602651500035
13.21875 1.9275543166363538 4.420000000001091 2.207561196220106 6.505928792741681 -0.05338587762874967
13.28125 1.9294951416908575 4.420000000001055 2.2097921096769517 6.5062431081888645 -0.051983815731628635
13.34375 1.9324729041907251 4.420000000000945 2.213273355752492 6.506530670969632 -0.04982951126378543
13.40625 1.936291181914017 4.420000000000758 2.217769256036565 6.5066708828349755 -0.04706157029590306
13.46875 1.94074670149389 4.420000000000508 2.223039534539759 6.5067012370907324 -0.043823851741497465
13.53125 1.9456394895765747 4.420000000000213 2.228842228708979 6.5067837345200745 -0.04025875432072879
13.59375 1.9507814034733935 4.419999999999901 2.2349492231520145 6.506940581615694 -0.036501381084238345
13.65625 1.9560027362692611 4.41999999999959 2.241152867394447 6.507065506749208 -0.03267481533066286
13.71875 1.9611567991843906 4.419999999999307 2.247262287746172 6.507096902156615 -0.028886638374096246
13.78125 1.9661225520526626 4.419999999999074 2.253128476392532 6.507096968396613 -0.02522671991030791
13.84375 1.9708054753026423 4.419999999998906 2.258649422199298 6.507155437285627 -0.021766223390745052
13.90625 1.975136955712558 4.419999999998811 2.2637687012649206 6.507239107670568 -0.01855769747427637
13.96875 1.979072499294427 4.419999999998787 2.2684332950813575 6.507278475231004 -0.01563607359493098
14.03125 1.9825890951103426 4.419999999998827 2.2725852890786564 6.50727524249525 -0.013020359959317548
14.09375 1.9856820407288007 4.41999999999892 2.2762025540564164 6.507304215536289 -0.01071581282047236
14.15625 1.9883615098531269 4.419999999999047 2.2793211456743707 6.507398523246872 -0.008716373997397405
14.21875 1.9906491011083371 4.4199999999991855 2.282013305659704 6.507479927997198 -0.007007185562588836
14.28125 1.9925745590447905 4.419999999999321 2.284315191644651 6.5074906277361055 -0.005567024104157814
14.34375 1.994172808399862 4.4199999999994395 2.286215629283687 6.507474032761961 -0.004370533653136037
14.40625 1.9954813941370613 4.419999999999535 2.2877392203318196 6.507500224864415 -0.0033901743036548818
14.46875 1.996538375587168 4.4199999999996 2.288955234076774 6.507588384139955 -0.002597839480069819
14.53125 1.9973806851855096 4.419999999999633 2.2899469274452082 6.5076814452896405 -0.0019661263086395773
14.59375 1.9980429320669955 4.419999999999636 2.290753576375139 6.507733272504251 -0.0014692691192730424
14.65625 1.9985566086139255 4.419999999999613 2.2913727652430698 6.507761292989611 -0.001083765068175486
14.71875 1.9989496437441638 4.419999999999574 2.2918285905912854 6.507798549487452 -0.0007887332867798587
14.78125 1.9992462395305144 4.419999999999531 2.2921712558678693 6.507861251699605 -0.0005660554261655719
14.84375 1.9994669265268412 4.419999999999495 2.2924428901992138 6.507952558448901 -0.00040034694173355593
14.90625 1.999628776600844 4.419999999999472 2.292650098610467 6.508057598062171 -0.00027880609774585296
14.96875 1.9997457187412029 4.419999999999462 2.2927914872627126 6.508149189293452 -0.0001909826458667602
15.03125 1.9998289118992933 4.419999999999457 2.2928905937177535 6.5082017627275635 -0.00012850154243721726
15.09375 1.9998871382987136 4.41999999999946 2.2929747077337597 6.508239297712857 -8.47698499292316e-05
15.15625 1.9999271898882685 4.419999999999464 2.293043500343811 6.508331157482463 -5.468784914051539e-05
15.21875 1.9999542290693655 4.419999999999467 2.2930824391401754 6.508488369755297 -3.437888657929601e-05
15.28125 1.999972112086687 4.419999999999471 2.2931041048866403 6.508629730079528 -2.0946912307718176e-05
15.34375 1.9999836693366098 4.419999999999476 2.293135595508173 6.508680612018356 -1.2266172538001058e-05
15.40625 1.9999909412982402 4.4199999999994795 2.2931805399343856 6.508690119287744 -6.804120370200431e-06
15.46875 1.99999537192787 4.419999999999483 2.2932065535578943 6.5087933012434025 -3.4762149433038535e-06
15.53125 1.9999979633574494 4.419999999999488 2.2931960778328295 6.5090224191236805 -1.529753980297915e-06
15.59375 1.9999993968169685 4.419999999999494 2.293188512688399 6.5092350953842235 -4.530603240697041e-07
15.65625 2.0000001250814305 4.419999999999497 2.2932198220730484 6.50931195995833 9.39506915416835e-08
15.71875 2.000000441631628 4.419999999999501 2.2932719432016233 6.509316597028802 3.31716640591852e-07
15.78125 2.000000531291481 4.4199999999995025 2.2933024967625184 6.509407269981203 3.990616064219827e-07
15.84375 2.0000005065054016 4.4199999999995025 2.2933012743271797 6.509623902534591 3.8044437996817056e-07
15.90625 2.0000004327537626 4.419999999999504 2.293301373842589 6.50985313856535 3.250483311046408e-07
15.96875 2.000000345946878 4.41999999999951 2.293326358956768 6.5099946077363375 2.598462797269504e-07
16.03125 2.0000002640344725 4.419999999999515 2.293362412011881 6.5100855396653 1.9832055356516146e-07
16.09375 2.000000194543302 4.41999999999952 2.293386964341368 6.510229853274655 1.461246173463636e-07
16.15625 2.0000001393193343 4.419999999999523 2.293401050861225 6.510448410700312 1.046450073705699e-07
16.21875 2.0000000974011716 4.419999999999525 2.2934225374667685 6.5106653118097535 7.315960195901896e-08
16.28125 2.0000000666800295 4.419999999999527 2.2934512075308744 6.510829022386464 5.00844594839887e-08
16.34375 2.0000000447974466 4.419999999999532 2.293470060148325 6.510978078020722 3.364810060345147e-08
16.40625 2.000000029582652 4.419999999999535 2.293481652062957 6.511160703740225 2.2220023413817202e-08
16.46875 2.0000000192255323 4.419999999999538 2.2935084019335266 6.511365073928422 1.444062428085364e-08
16.53125 2.000000012308006 4.41999999999954 2.293551848830368 6.511561076043138 9.244758734380355e-09
16.59375 2.0000000077676106 4.419999999999543 2.2935844287108855 6.511760479513723 5.834394601838469e-09
16.65625 2.0000000048354147 4.419999999999547 2.293593809782624 6.511986409562211 3.631974219148933e-09
16.71875 2.0000000029705127 4.419999999999551 2.2936085756913096 6.512223744088309 2.2312156971162697e-09
16.78125 2.000000001801545 4.419999999999558 2.293656963479506 6.512435939783844 1.3531848884076558e-09
16.84375 2.000000001078965 4.419999999999563 2.293718191804196 6.512637099714445 8.10442429110603e-10
16.90625 2.0000000006382983 4.419999999999568 2.29374424641125 6.512881247713459 4.794494381885033e-10
16.96875 2.0000000003730576 4.419999999999571 2.2937355530947436 6.513170555075627 2.8022250166414554e-10
17.03125 2.000000000215441 4.419999999999569 2.293746402275335 6.513434170015069 1.6183318890323987e-10
17.09375 2.000000000122949 4.419999999999569 2.2938034161108884 6.513642559232155 9.236014962645237e-11
17.15625 2.000000000069339 4.419999999999574 2.2938754173084286 6.513832184724409 5.2093915604236066e-11
17.21875 2.0000000000386473 4.4199999999995745 2.2939113370363344 6.51407724592638 2.9039792611471703e-11
17.28125 2.000000000021287 4.4199999999995745 2.2939142507582213 6.514361893067709 1.5999612188650176e-11
17.34375 2.0000000000115854 4.419999999999575 2.2939360761366405 6.514633526286372 8.71217953361179e-12
17.40625 2.0000000000062297 4.419999999999575 2.293973402116407 6.514892680675697 4.688392804143842e-12
17.46875 2.0000000000033067 4.419999999999575 2.2940453498293163 6.515126396933108 2.4932458599455e-12
17.53125 2.000000000001733 4.419999999999575 2.2940532877693807 6.515473816363119 1.3100830926616375e-12
17.59375 2.000000000000895 4.419999999999576 2.294114249484407 6.515751721040065 6.800747887373828e-13
17.65625 2.0000000000004547 4.419999999999578 2.2941225821597993 6.51614807010568 3.4869878558211256e-13
17.71875 2.0000000000002265 4.419999999999581 2.294239607712016 6.516404495852333 1.765504987103273e-13
17.78125 2.00000000000011 4.419999999999583 2.2941984851735686 6.516979217004765 8.824162729183831e-14
17.84375 2.0000000000000515 4.419999999999585 2.2943394990650923 6.517272166969178 4.352028380639294e-14
17.90625 2.0000000000000226 4.4199999999995825 2.294299098638789 6.517972559232081 2.1169426434468405e-14
17.96875 2.000000000000009 4.419999999999578 2.294580072169537 6.518166793128485 1.0149798143363878e-14
18.03125 2.0000000000000027 4.419999999999574 2.2944146174188322 6.519302900342954 4.7928992723670935e-15
18.09375 1.9999999999999996 4.41999999999957 2.2947563871675114 6.519626550795719 2.226894517287864e-15
18.15625 1.9999999999999978 4.419999999999567 2.294508945889205 6.521198999300017 1.0167180356264946e-15
18.21875 1.9999999999999971 4.419999999999565 2.295228115747869 6.521078466057709 4.553629995606369e-16
18.28125 1.9999999999999976 4.419999999999563 2.294700702545164 6.523356246926304 1.996000429606432e-16
18.34375 1.9999999999999973 4.419999999999563 2.2956181727813596 6.522942979380796 8.534713940380537e-17
18.40625 1.9999999999999976 4.419999999999562 2.2945591450700014 6.52619085983854 3.5429167569282213e-17
18.46875 1.9999999999999976 4.419999999999561 2.296264105474698 6.524182859757386 1.4172635144106045e-17
18.53125 1.9999999999999978 4.419999999999559 2.294535469188014 6.528777529374884 5.395897040893431e-18
18.59375 1.999999999999999 4.419999999999557 2.2972055984451574 6.525466203515515 1.9104035673239254e-18
18.65625 1.999999999999999 4.419999999999556 2.2940531758437865 6.533963501172055 5.9727403593566045e-19
18.71875 1.999999999999999 4.419999999999554 2.2988287635037574 6.528286084853167 1.4017862304362418e-19
18.78125 2.0 4.419999999999551 2.2936318064239636 6.54415677284352 1.9289258172990763e-21
18.84375 1.9999999999999996 4.419999999999552 2.3021435738985625 6.531956394541389 -2.740528868930065e-20
18.90625 2.0 4.419999999999552 2.293485941914071 6.554872062675253 -2.5051785044004933e-20
18.96875 2.0 4.419999999999552 2.2994480890489557 6.532229890444583 -1.683955802877859e-20
19.03125 1.999999999999999 4.419999999999552 2.283469121565671 6.4402589066092695 -9.944158298563714e-21
19.09375 1.9999999999999982 4.419999999999552 2.218999472753492 5.953349739402956 -5.44950890910029e-21
19.15625 1.9999999999999978 4.4199999999995505 2.102899137486306 5.123930678012599 -2.839370569031387e-21
19.21875 1.9999999999999976 4.419999999999549 2.0204807927711963 4.556124634550355 -1.4247827369012723e-21
19.28125 1.9999999999999973 4.419999999999546 2.0034640413382463 4.443018089132561 -6.938397225712931e-22
19.34375 1.9999999999999976 4.419999999999546 2.0006710031836734 4.424456080048006 -3.2952537647922248e-22
19.40625 1.9999999999999976 4.419999999999546 2.000128900818294 4.4208559237096505 -1.5314050791412638e-22
19.46875 1.9999999999999976 4.419999999999546 2.000024729886836 4.420164192973086 -6.980618709954213e-23
19.53125 1.9999999999999973 4.419999999999545 2.000004769802178 4.420031665496705 -3.1264914036512736e-23
19.59375 1.9999999999999978 4.4199999999995425 2.000000898310176 4.420005967217236 -1.3776866515677294e-23
19.65625 1.9999999999999987 4.419999999999542 2.000000172350677 4.420001129460914 -5.97877898615881e-24
19.71875 1.9999999999999987 4.41999999999954 2.000000028778236 4.420000166943339 -2.557329998052712e-24
19.78125 1.9999999999999982 4.419999999999538 2.0000000002489706 4.420000008317189 -1.0788108353212093e-24
19.84375 1.999999999999999 4.419999999999536 1.9999999994412048 4.419999994669533 -4.490611845317189e-25
19.90625 1.999999999999999 4.419999999999538 2.0000000006658585 4.4200000039410945 -1.8451945242224962e-25
19.96875 1.999999999999999 4.419999999999535 1.9999999994436326 4.419999996657234 -7.486792811960278e-26
20.03125 1.999999999999999 4.419999999999533 1.9999999995911328 4.419999996947954 -3.0004004484834847e-26
20.09375 1.9999999999999987 4.419999999999531 1.9999999997694928 4.419999998557773 -1.1879054274809626e-26
20.15625 1.999999999999999 4.419999999999529 2.000000000098792 4.420000000505568 -4.64700787456371e-27
20.21875 1.999999999999999 4.419999999999527 2.000000000077406 4.420000000534713 -1.796412949920961e-27
20.28125 1.999999999999999 4.419999999999526 1.9999999999601397 4.419999999740373 -6.863046828850996e-28
20.34375 1.999999999999999 4.419999999999524 1.999999999954811 4.41999999966658 -2.5913628227116674e-28
20.40625 1.9999999999999987 4.419999999999524 2.0000000000012745 4.420000000045222 -9.670497416647311e-29
20.46875 1.9999999999999987 4.419999999999522 2.0000000000224305 4.420000000142399 -3.5667630039506357e-29
20.53125 1.9999999999999987 4.419999999999521 1.9999999999993494 4.419999999993645 -1.3001294525565887e-29
20.59375 1.999999999999999 4.419999999999521 1.9999999999919709 4.419999999948875 -4.683320222460584e-30
20.65625 1.9999999999999987 4.41999999999952 1.999999999999702 4.419999999996335 -1.666974471735266e-30
20.71875 1.9999999999999987 4.4199999999995185 2.0000000000035323 4.42000000002315 -5.862031322215626e-31
20.78125 1.999999999999999 4.419999999999515 2.0000000000013527 4.420000000008773 -2.0362389514835817e-31
20.84375 1.9999999999999987 4.419999999999513 1.999999999998899 4.419999999992649 -6.984994830761698e-32
20.90625 1.9999999999999987 4.419999999999511 1.999999999998967 4.419999999992212 -2.3655346031470872e-32
20.96875 1.9999999999999987 4.41999999999951 2.00000000000005 4.420000000000025 -7.905978888239404e-33
21.03125 1.9999999999999987 4.419999999999508 2.000000000000303 4.420000000001569 -2.6064103442825064e-33
21.09375 1.9999999999999982 4.419999999999508 1.9999999999999825 4.419999999999384 -8.471067439974588e-34
21.15625 1.9999999999999976 4.419999999999506 1.9999999999998683 4.419999999998728 -2.712213722730896e-34
21.21875 1.9999999999999973 4.419999999999504 1.9999999999999245 4.419999999999029 -8.54664587042569e-35
21.28125 1.9999999999999978 4.419999999999501 1.999999999999971 4.419999999999385 -2.64747034316652e-35
21.34375 1.9999999999999976 4.419999999999499 1.999999999999972 4.4199999999993675 -8.049000674182709e-36
21.40625 1.9999999999999976 4.419999999999498 1.999999999999953 4.419999999999259 -2.3966218722471593e-36
21.46875 1.9999999999999982 4.419999999999498 1.9999999999999565 4.419999999999262 -6.968045095399668e-37
21.53125 1.9999999999999982 4.419999999999499 1.9999999999999623 4.4199999999992965 -1.9697195541396117e-37
21.59375 1.9999999999999982 4.419999999999497 1.9999999999999643 4.419999999999305 -5.378068716624702e-38
21.65625 1.9999999999999987 4.419999999999494 1.9999999999999634 4.4199999999992965 -1.403178566439546e-38
21.71875 1.9999999999999982 4.419999999999493 1.9999999999999638 4.419999999999298 -3.4311887634935694e-39
21.78125 1.9999999999999976 4.419999999999492 1.9999999999999656 4.419999999999312 -7.548951878250107e-40
21.84375 1.9999999999999976 4.41999999999949 1.9999999999999667 4.419999999999316 -1.333693151761316e-40
21.90625 1.9999999999999973 4.419999999999488 1.999999999999967 4.419999999999315 -9.4571499118777e-42
21.96875 1.9999999999999973 4.419999999999485 1.9999999999999676 4.419999999999316 6.897034062129024e-42
22.03125 1.9999999999999973 4.419999999999482 1.9999999999999687 4.419999999999321 5.085290221773357e-42
22.09375 1.9999999999999973 4.4199999999994795 1.9999999999999687 4.419999999999332 2.4351720591234945e-42
22.15625 1.9999999999999973 4.419999999999478 1.9999999999999702 4.419999999999337 9.974387744360698e-43
22.21875 1.9999999999999982 4.419999999999474 1.9999999999999727 4.419999999999341 3.7532028244107754e-43
22.28125 1.9999999999999982 4.4199999999994715 1.9999999999999742 4.4199999999993445 1.3361689566318357e-43
22.34375 1.9999999999999982 4.419999999999469 1.999999999999975 4.419999999999351 4.568647830048834e-44
22.40625 1.9999999999999976 4.419999999999467 1.9999999999999751 4.41999999999936 1.5134271734381545e-44
22.46875 1.9999999999999982 4.419999999999466 1.9999999999999758 4.419999999999369 4.88392660333133e-45
22.53125 1.9999999999999982 4.419999999999467 1.9999999999999776 4.419999999999371 1.541032557512438e-45
22.59375 1.9999999999999982 4.419999999999465 1.9999999999999785 4.419999999999378 4.766666883297355e-46
22.65625 1.9999999999999987 4.4199999999994635 1.9999999999999791 4.419999999999385 1.4480961508257759e-46
22.71875 1.9999999999999987 4.4199999999994635 1.9999999999999798 4.419999999999388 4.3268626815565847e-47
22.78125 1.9999999999999987 4.419999999999461 1.9999999999999813 4.4199999999993915 1.2729509522619648e-47
22.84375 1.999999999999999 4.419999999999458 1.9999999999999822 4.419999999999393 3.6904479413849395e-48
22.90625 1.999999999999999 4.419999999999456 1.9999999999999822 4.419999999999394 1.0550291032482932e-48
22.96875 1.999999999999999 4.419999999999455 1.9999999999999816 4.419999999999397 2.9757630384972538e-49
23.03125 1.999999999999999 4.419999999999453 1.999999999999982 4.419999999999402 8.284492655247021e-50
23.09375 1.999999999999999 4.419999999999449 1.9999999999999845 4.419999999999406 2.277278377096913e-50
23.15625 1.999999999999999 4.4199999999994475 1.9999999999999858 4.419999999999412 6.182563431609285e-51
23.21875 1.9999999999999987 4.419999999999446 1.9999999999999876 4.419999999999417 1.6581299923453183e-51
23.28125 1.9999999999999987 4.419999999999444 1.9999999999999878 4.419999999999421 4.393804720150234e-52
23.34375 1.9999999999999987 4.419999999999442 1.9999999999999882 4.419999999999423 1.1505138179815468e-52
23.40625 1.9999999999999991 4.419999999999439 1.9999999999999891 4.419999999999424 2.977231559962374e-53
23.46875 1.999999999999999 4.419999999999437 1.99999999999999 4.419999999999434 7.614287154550369e-54
23.53125 1.9999999999999987 4.419999999999435 1.9999999999999907 4.419999999999443 1.9246606613016414e-54
23.59375 1.999999999999999 4.419999999999433 1.9999999999999925 4.419999999999451 4.808243216412138e-55
23.65625 1.999999999999999 4.4199999999994315 1.9999999999999942 4.419999999999453 1.1871666588356863e-55
23.71875 1.9999999999999987 4.41999999999943 1.9999999999999938 4.4199999999994555 2.896688398352563e-56
23.78125 1.9999999999999987 4.419999999999426 1.999999999999994 4.419999999999455 6.98415315449243e-57
23.84375 1.9999999999999987 4.419999999999424 1.9999999999999933 4.41999999999945 1.6637515850317588e-57
23.90625 1.9999999999999987 4.419999999999423 1.999999999999994 4.41999999999945 3.9151515696813544e-58
23.96875 1.9999999999999991 4.419999999999419 1.9999999999999951 4.419999999999454 9.099039886941364e-59
24.03125 1.999999999999999 4.4199999999994155 1.9999999999999964 4.419999999999463 2.0878823025968615e-59
24.09375 1.999999999999999 4.4199999999994155 1.9999999999999978 4.419999999999467 4.7285315304742537e-60
24.15625 1.9999999999999996 4.419999999999414 1.999999999999999 4.419999999999466 1.0564902049433007e-60
24.21875 1.999999999999999 4.419999999999412 1.9999999999999987 4.419999999999466 2.3274779481577778e-61
24.28125 1.999999999999999 4.41999999999941 1.999999999999999 4.4199999999994635 5.052285490132954e-62
24.34375 1.9999999999999987 4.4199999999994075 1.9999999999999978 4.4199999999994635 1.0796763064909657e-62
24.40625 1.999999999999999 4.419999999999405 1.9999999999999978 4.4199999999994635 2.2689000963112057e-63
24.46875 1.9999999999999987 4.419999999999404 1.9999999999999982 4.419999999999465 4.681823820360618e-64
24.53125 1.9999999999999991 4.419999999999401 1.9999999999999987 4.419999999999467 9.467542854033363e-65
24.59375 1.9999999999999991 4.4199999999993995 1.9999999999999991 4.419999999999465 1.8711212490761638e-65
24.65625 1.9999999999999996 4.419999999999397 1.999999999999999 4.4199999999994635 3.6001438242163e-66
24.71875 1.9999999999999996 4.419999999999394 1.9999999999999982 4.4199999999994635 6.704319663991951e-67
24.78125 2.0 4.419999999999392 1.9999999999999991 4.41999999999946 1.1971437942926539e-67
24.84375 2.0 4.419999999999391 1.9999999999999991 4.419999999999458 2.0164329257222074e-68
24.90625 2.0 4.419999999999389 1.9999999999999996 4.4199999999994555 3.10028924768748e-69
24.96875 2.0 4.419999999999385 2.0 4.419999999999453 4.003793457677204e-70
