0.125 2.000004640144187 4.419999999999993 2.000004640144187 4.419999999999993 -8.023378137447364e-69
0.375 2.0000046401441844 4.419999999999996 2.0000046401441844 4.419999999999996 -8.237583357394523e-66
0.625 2.0000046401441844 4.419999999999996 2.000004640144177 4.4200000000000115 -4.960217038783217e-63
0.875 2.0000046401441836 4.419999999999998 2.0000046401441436 4.420000000000084 -2.2389513277987053e-60
1.125 2.0000046401441836 4.419999999999999 2.000004640144115 4.420000000000145 -8.083295968589929e-58
1.375 2.0000046401441836 4.419999999999999 2.0000046401443368 4.419999999999653 -2.3927033740792414e-55
1.625 2.0000046401441844 4.419999999999996 2.000004640145234 4.419999999997659 -5.861267598663116e-53
1.875 2.0000046401441853 4.419999999999995 2.0000046401460505 4.419999999995848 -1.1883943908134718e-50
2.125 2.000004640144186 4.41999999999999 2.0000046401414115 4.420000000006144 -1.976589158084722e-48
2.375 2.000004640144188 4.419999999999985 2.0000046401218237 4.420000000049631 -2.632942317395744e-46
2.625 2.0000046401441898 4.419999999999979 2.0000046400979086 4.4200000001027195 -2.638888646042497e-44
2.875 2.0000046401441876 4.419999999999982 2.000004640160843 4.41999999996301 -1.5796414191572262e-42
3.125 2.000004640144186 4.419999999999984 2.00000464049571 4.419999999219634 4.567817789604015e-41
3.375 2.0000046401441858 4.419999999999986 2.0000046410819228 4.419999997918289 2.7652750956800404e-38
3.625 2.0000046401441858 4.419999999999986 2.0000046408695704 4.41999999838969 4.404258009248603e-36
3.875 2.000004640144186 4.419999999999983 2.0000046371537805 4.420000006638402 4.802503147034089e-34
4.125 2.000004640144186 4.419999999999982 2.000004627595886 4.420000027856046 4.0714940949284585e-32
4.375 2.0000046401441858 4.419999999999983 2.0000046173601316 4.420000050578502 2.798298194819873e-30
4.625 2.000004640144186 4.419999999999984 2.0000046282726585 4.420000026353884 1.5853487713817023e-28
4.875 2.0000046401441858 4.419999999999986 2.000004697495701 4.419999872706667 7.44089836681967e-27
5.125 2.000004640144185 4.419999999999988 2.000004853330684 4.419999526803709 2.8831502816409013e-25
5.375 2.0000046401441853 4.419999999999988 2.0000050780523546 4.419999027885602 9.092577194644609e-24
5.625 2.0000046401441844 4.419999999999991 2.0000052976773643 4.419998540379387 2.252142269674823e-22
5.875 2.0000046401441836 4.419999999999993 2.0000054303557415 4.4199982458708575 3.954656992153136e-21
6.125 2.000004640144183 4.419999999999993 2.0000054563296645 4.419998188157878 2.789761923259548e-20
6.375 2.000004640144183 4.419999999999993 2.000005426426938 4.419998254531418 -1.0909101867037715e-18
6.625 2.0000046401441827 4.419999999999994 2.0000053889590745 4.419998337705934 -5.5213930824722155e-17
6.875 2.000004640144181 4.419999999999993 2.000005324372149 4.419998481075629 -1.5081395283077498e-15
7.125 2.0000046401441427 4.419999999999991 2.0000051786425077 4.419998804517904 -3.0406459207729985e-14
7.375 2.0000046401435334 4.419999999999993 2.0000049531921906 4.419999305067304 -4.87731075149774e-13
7.625 2.0000056401356625 4.419999999999989 2.0000047305259083 4.41999979929615 -6.400550420574792e-12
7.875 2.000005640051702 4.419999999999984 2.0000046018084836 4.420000084828862 -6.946621751012237e-11
8.125 2.0000056393130237 4.419999999999977 2.0000045853805135 4.420000119719878 -6.243021272063907e-10
8.375 2.0000056340052756 4.4199999999999715 2.000004619655642 4.420000031862424 -4.611047172371882e-09
8.625 2.0000056036652483 4.419999999999966 2.000004615611995 4.419999973485598 -2.7399979986059073e-08
8.875 2.000005474978228 4.419999999999958 2.000004482129305 4.419999984112202 -1.240590773561188e-07
9.125 2.000005167172703 4.419999999999954 2.0000041634080428 4.420000008353849 -3.552572240524588e-07
9.375 2.0000058124482205 4.419999999999948 2.0000048082247828 4.420000009437801 1.2942058380315937e-07
9.625 2.000016901304006 4.419999999999943 2.000016899630693 4.420000003783812 9.209599773068e-06
9.875 2.0000955568319148 4.4199999999999395 2.0000955541172747 4.420000005910324 6.829060285179713e-05
10.125 2.0004502757071534 4.4199999999999395 2.0004502720087682 4.420000007946971 0.00033476072351890226
10.375 2.0016867317571836 4.419999999999943 2.00168672938166 4.4200000054340585 0.0012639670514472895
10.625 2.0051306725162155 4.419999999999945 2.0051306723095648 4.42000000145474 0.003855097550723615
10.875 2.0128498508105968 4.419999999999947 2.0128498531146723 4.419999995542106 0.009678706501005496
11.125 2.0266287770968487 4.419999999999948 2.0266287818759228 4.419999987160352 0.02012788497491368
11.375 2.0455546236250797 4.419999999999951 2.0455546299634664 4.419999980616465 0.03458962805843038
11.625 2.0636278440604316 4.41999999999995 2.0636278512251636 4.41999998188305 0.0485132950314933
11.875 2.0704652390447347 4.419999999999948 2.070465246685649 4.41999999320508 0.053807929155783495
12.125 2.0568141465506224 4.419999999999945 2.056814153478949 4.420000006323235 0.0432510018706274
12.375 2.022088609147996 4.419999999999943 2.022088612224997 4.420000003717046 0.01668234441309194
12.625 1.9776613262510994 4.419999999999945 1.9776613213737981 4.419999974064718 -0.01668234441309194
12.875 1.9415395811932434 4.419999999999945 1.9415395670914282 4.419999930629043 -0.0432510018706274
13.125 1.92697235012663 4.419999999999943 1.9269723324863937 4.4199999157093695 -0.053807929155783495
13.375 1.9342804440524075 4.419999999999943 1.9342804366572883 4.419999982935941 -0.0485132950314933
13.625 1.9533865433446391 4.419999999999943 1.9533865647843123 4.4200001672321525 -0.03458962805843038
13.875 1.9730197914198688 4.419999999999943 1.9730198587904355 4.420000463067929 -0.02012788497491368
14.125 1.9870721951472432 4.4199999999999395 1.9870723181259469 4.420000824866074 -0.009678706501005496
14.375 1.9948591880055426 4.419999999999938 1.9948593664719003 4.4200011887921455 -0.003855097550723615
14.625 1.998315290327942 4.419999999999932 1.9983155157350143 4.4200014982522715 -0.0012639670514472895
14.875 1.9995535313318402 4.419999999999932 1.9995537891699993 4.420001712547409 -0.00033476072351890226
15.125 1.9999083799472723 4.419999999999932 1.999908651290795 4.420001801539258 -6.829060285179713e-05
15.375 1.9999869845210816 4.419999999999932 1.9999872472611742 4.420001743993333 -9.209599773068e-06
15.625 1.9999990508583003 4.419999999999934 1.9999992823812847 4.420001536870746 -1.2942058380315937e-07
15.875 1.9999996919153764 4.419999999999932 1.999999873953924 4.420001208660806 3.552572240524588e-07
16.125 1.999999383668663 4.419999999999931 1.999999507721114 4.42000082351448 1.240590773561188e-07
16.375 1.9999992549554408 4.419999999999932 1.9999993246929653 4.420000462645719 2.7399979986059073e-08
16.625 1.9999992246146108 4.419999999999932 1.9999992531187485 4.420000188993958 4.611047172371882e-09
16.875 1.9999992193068448 4.419999999999932 1.9999992230704162 4.420000024919402 6.243021272063907e-10
17.125 1.9999992185681623 4.419999999999932 1.9999992119277756 4.419999955904658 6.946621751012237e-11
17.375 1.9999992184842 4.419999999999931 1.9999992106470486 4.419999947962507 6.400550420574792e-12
17.625 1.9999992184763289 4.419999999999927 1.999999213368505 4.419999966084554 4.87731075149774e-13
17.875 1.999999218475719 4.419999999999927 1.9999992164234346 4.41999998637311 3.0406459207729985e-14
18.125 1.9999992184756796 4.419999999999927 1.999999218295973 4.4199999988067304 1.5081395283077498e-15
18.375 1.9999992184756776 4.419999999999927 1.9999992189445817 4.42000000311341 5.5213930824722155e-17
18.625 1.9999992184756776 4.419999999999927 1.999999218905841 4.420000002856179 1.0909101867037715e-18
18.875 1.9999992184756783 4.419999999999927 1.99999921867884 4.420000001348914 -2.789761923259548e-20
19.125 1.9999992184756783 4.419999999999925 1.999999218511773 4.420000000239611 -3.954656992153136e-21
19.375 1.999999218475677 4.419999999999927 1.999999218448513 4.419999999819569 -2.252142269674823e-22
19.625 1.9999992184756772 4.419999999999926 1.9999992184472335 4.419999999811082 -9.092577194644609e-24
19.875 1.9999992184756783 4.419999999999922 1.9999992184628725 4.419999999914927 -2.8831502816409013e-25
20.125 1.9999992184756763 4.419999999999925 1.9999992184739843 4.4199999999887085 -7.44089836681967e-27
20.375 1.9999992184756756 4.419999999999925 1.9999992184775799 4.420000000012574 -1.5853487713817023e-28
20.625 1.999999218475675 4.419999999999925 1.9999992184772644 4.420000000010477 -2.798298194819873e-30
20.875 1.999999218475675 4.419999999999925 1.999999218476228 4.420000000003605 -4.0714940949284585e-32
21.125 1.999999218475675 4.419999999999925 1.999999218475661 4.41999999999984 -4.802503147034089e-34
21.375 1.999999218475675 4.419999999999925 1.999999218475548 4.419999999999096 -4.404258009248603e-36
21.625 1.999999218475675 4.419999999999925 1.9999992184756046 4.419999999999469 -2.7652750956800404e-38
21.875 1.9999992184756743 4.419999999999927 1.9999992184756596 4.419999999999838 -4.567817789604015e-41
22.125 1.9999992184756743 4.419999999999927 1.9999992184756792 4.419999999999966 1.5796414191572262e-42
22.375 1.9999992184756734 4.419999999999927 1.9999992184756794 4.4199999999999635 2.638888646042497e-44
22.625 1.9999992184756736 4.419999999999926 1.9999992184756752 4.419999999999937 2.632942317395744e-46
22.875 1.9999992184756743 4.4199999999999235 1.9999992184756736 4.419999999999922 1.976589158084722e-48
23.125 1.9999992184756743 4.419999999999924 1.9999992184756736 4.419999999999922 1.1883943908134718e-50
23.375 1.9999992184756743 4.419999999999925 1.9999992184756743 4.419999999999924 5.861267598663116e-53
23.625 1.9999992184756743 4.419999999999926 1.9999992184756743 4.419999999999925 2.3927033740792414e-55
23.875 1.9999992184756743 4.419999999999927 1.9999992184756739 4.419999999999927 8.083295968589929e-58
24.125 1.9999992184756736 4.419999999999927 1.9999992184756736 4.419999999999927 2.2389513277987053e-60
24.375 1.9999992184756736 4.419999999999927 1.9999992184756736 4.419999999999927 4.960217038783217e-63
24.625 1.999999218475673 4.419999999999927 1.999999218475673 4.419999999999927 8.237583357394523e-66
24.875 1.999999218475673 4.419999999999927 1.999999218475673 4.419999999999927 8.023378137447364e-69

