0.125 2.0000046886717033 4.420000009125837 2.000004022045893 4.420000258789608 -8.023378137447364e-69
0.375 2.000004745236348 4.419999791034554 2.000004423454483 4.419999203141829 -8.237583357394523e-66
0.625 2.0000048314571472 4.41999950591692 2.000004860814376 4.4199978832543 -4.960217038783217e-63
0.875 2.0000047285455977 4.419999731787356 2.0000050069074224 4.419997376600916 -2.2389513277987053e-60
1.125 2.0000046061725643 4.420000031333302 2.00000493025837 4.4199975062193255 -8.083295968589929e-58
1.375 2.000004518528568 4.420000306277501 2.0000047232432663 4.419997991516553 -2.3927033740792414e-55
1.625 2.0000043738072053 4.420000744423984 2.0000044328680744 4.419998722893297 -5.861267598663116e-53
1.875 2.000004130356756 4.420001426829912 2.000004057025711 4.419999722587968 -1.1883943908134718e-50
2.125 2.000003985168881 4.420001922410007 2.000003815528969 4.420000466165802 -1.976589158084722e-48
2.375 2.000004239688375 4.420001479006483 2.0000038770146884 4.420000555550305 -2.632942317395744e-46
2.625 2.000004812275875 4.420000318765372 2.0000041373769744 4.420000195724054 -2.638888646042497e-44
2.875 2.0000052235577366 4.419999507989466 2.000004238457419 4.420000175566336 -1.5796414191572262e-42
3.125 2.0000052803066604 4.419999420560732 2.0000040704733664 4.420000706202453 4.567817789604015e-41
3.375 2.000005182582285 4.41999964558509 2.0000038657452373 4.420001294553241 2.7652750956800404e-38
3.625 2.0000050290386646 4.419999929964408 2.0000038487405805 4.420001498164879 4.404258009248603e-36
3.875 2.0000047174227666 4.4200005502012285 2.000003910902815 4.420001517691157 4.802503147034089e-34
4.125 2.0000042068955337 4.420001533980125 2.0000038898465373 4.4200017112619605 4.0714940949284585e-32
4.375 2.000003877879048 4.420002111697212 2.0000038624284313 4.420001893080483 2.798298194819873e-30
4.625 2.000004063052059 4.420001520804586 2.000004212872126 4.420001244121938 1.5853487713817023e-28
4.875 2.000004430246404 4.420000487196889 2.000004907197858 4.419999794994113 7.44089836681967e-27
5.125 2.000004367657829 4.420000412968923 2.000005258109079 4.419999071222271 2.8831502816409013e-25
5.375 2.0000039023127263 4.420001184025836 2.000005178831672 4.419999330452876 9.092577194644609e-24
5.625 2.000003691466416 4.420001362893685 2.000005224650923 4.419999224629413 2.252142269674823e-22
5.875 2.000003925050903 4.420000661975126 2.000005604679715 4.419998364682371 3.954656992153136e-21
6.125 2.00000394097811 4.420000334085853 2.0000057509585325 4.419997954383912 2.789761923259548e-20
6.375 2.000003431539575 4.420001186035527 2.000005020073432 4.419999431361245 -1.0909101867037715e-18
6.625 2.0000031833277676 4.420001473231581 2.0000044089925124 4.420000674457008 -5.5213930824722155e-17
6.875 2.0000043916854886 4.4199985956989725 2.0000049577538856 4.419999380727155 -1.5081395283077498e-15
7.125 2.0000054200832342 4.419996140208385 2.0000057054782205 4.419997626867308 -3.0406459207729985e-14
7.375 2.0000046202498005 4.419997774213735 2.0000046328783747 4.419999954696904 -4.87731075149774e-13
7.625 2.000004509801431 4.420000188266567 2.0000027586508624 4.420004103656234 -6.400550420574792e-12
7.875 2.000005232596808 4.419998633395242 2.0000030859592672 4.420003470902002 -6.946621751012237e-11
8.125 2.000006773267553 4.419995290717416 2.0000051975370177 4.419998833394683 -6.243021272063907e-10
8.375 2.0000058906523517 4.419997491156523 2.0000055824768044 4.4199981890299025 -4.611047172371882e-09
8.625 2.0000031346785327 4.4200036204312685 2.0000035351288594 4.420002664823463 -2.7399979986059073e-08
8.875 2.000003635026976 4.420002648339662 2.00000310119493 4.420003622386934 -1.240590773561188e-07
9.125 2.000007637185392 4.419992588443247 2.0000066187661507 4.419994882585146 -3.552572240524588e-07
9.375 2.0000073734576023 4.4199965868439905 2.0000078270437736 4.419994434397532 1.2942058380315937e-07
9.625 2.0000123338150377 4.420017197707149 2.0000135474562466 4.420016555710368 9.209599773068e-06
9.875 2.0000915910723798 4.4200238355428105 2.0000917740427058 4.420025685514938 6.829060285179713e-05
10.125 2.0004509397035823 4.4200208579726965 2.0004513294315913 4.420021209433383 0.00033476072351890226
10.375 2.001686691687697 4.420022637172579 2.0016888621022693 4.42001966210176 0.0012639670514472895
10.625 2.005139807861014 4.419987675631328 2.005139696171164 4.4199879823561155 0.003855097550723615
10.875 2.012870370748672 4.419894339175997 2.0128701637193416 4.419898700367719 0.009678706501005496
11.125 2.026600184674912 4.420044329062399 2.026599757797941 4.420048394350626 0.02012788497491368
11.375 2.0455403767832907 4.420132389610955 2.04554010747712 4.420133938174452 0.03458962805843038
11.625 2.063649405947693 4.42003453777453 2.063649327261648 4.4200318257824325 0.0485132950314933
11.875 2.070330885142316 4.420903954422124 2.0703277373413327 4.4209139511952005 0.053807929155783495
12.125 2.056884741634108 4.419629529865941 2.056885381294257 4.419629859137496 0.0432510018706274
12.375 2.0221095224675087 4.419669924564052 2.0221083016835775 4.41966029051906 0.01668234441309194
12.625 1.9777263983781304 4.419744764530993 1.9777226725832457 4.419758377100792 -0.01668234441309194
12.875 1.9416595026605277 4.419392000197762 1.9416536359802996 4.419378695105506 -0.0432510018706274
13.125 1.9269637329370255 4.420328529455438 1.926976308246353 4.420321703314589 -0.053807929155783495
13.375 1.934255895137171 4.420187273085441 1.9342554265599654 4.420205517992784 -0.0485132950314933
13.625 1.953389589712372 4.420115922529746 1.9533868989356236 4.420090310911034 -0.03458962805843038
13.875 1.9730141930180691 4.42004998047575 1.9730094401122642 4.420068167621923 -0.02012788497491368
14.125 1.987105752203481 4.419931647521458 1.9871008190887203 4.419884490955793 -0.009678706501005496
14.375 1.9948305606814765 4.419985041311779 1.9948660150026483 4.419926697700158 -0.003855097550723615
14.625 1.9983178724872774 4.419930694597244 1.9982622289516685 4.42039728857829 -0.0012639670514472895
14.875 1.9995014544401835 4.420460475150184 1.9995082272996791 4.4198441168421745 -0.00033476072351890226
15.125 1.9998989567377725 4.419886550262921 1.9999019734656907 4.4199950179448395 -6.829060285179713e-05
15.375 1.999968634453889 4.419873317582338 2.0000210541308334 4.420221908026601 -9.209599773068e-06
15.625 2.000013927539265 4.420091519419459 2.0000027678007415 4.42001881191066 -1.2942058380315937e-07
15.875 2.0000205938979354 4.42013616649545 1.999979753481998 4.419860955244172 3.552572240524588e-07
16.125 1.9999945044725838 4.419964678481529 1.9999895916112655 4.419929839973605 1.240590773561188e-07
16.375 1.9999816516394187 4.419879031574766 2.0000132402298796 4.42008671123803 2.7399979986059073e-08
16.625 1.9999975928238882 4.419984489298541 2.000012790373032 4.420084306723216 4.611047172371882e-09
16.875 2.0000132726742015 4.420087832140145 1.9999941284232854 4.419960627154977 6.243021272063907e-10
17.125 2.000006981302918 4.420045937099042 1.9999875186013725 4.419917525001361 6.946621751012237e-11
17.375 1.9999925375939294 4.419950040339964 1.9999992784657772 4.419996412176073 6.400550420574792e-12
17.625 1.9999928505623994 4.419952275066201 2.0000084522975086 4.420057970346172 4.87731075149774e-13
17.875 2.000004004598858 4.420026365193046 2.000003209536902 4.420023387847885 3.0406459207729985e-14
18.125 2.0000075324249917 4.420049700134427 1.9999944580531688 4.419965156318126 1.5081395283077498e-15
18.375 1.999999776976131 4.419997985689328 1.9999961033151217 4.419975751846229 5.5213930824722155e-17
18.625 1.999993948686738 4.419959067626232 2.000003661275751 4.4200256022826085 1.0909101867037715e-18
18.875 1.999997453454605 4.419982328730718 2.00000486708475 4.420033357228572 -2.789761923259548e-20
19.125 2.0000033751735136 4.420022060599685 1.999999101780603 4.419994916038493 -3.954656992153136e-21
19.375 2.0000025223485083 4.420017254606762 1.999995643252837 4.419971785244905 -2.252142269674823e-22
19.625 1.9999978260450668 4.4199869698883685 1.99999866589325 4.419991506814848 -9.092577194644609e-24
19.875 1.9999969827896042 4.419981939535473 2.0000023690243633 4.420015535080356 -2.8831502816409013e-25
20.125 2.0000003969080002 4.4200047208449575 2.0000015382984855 4.420009342710835 -7.44089836681967e-27
20.375 2.0000023561718585 4.42001753012611 1.9999986133385732 4.4199893897999525 -1.5853487713817023e-28
20.625 2.000000297194473 4.42000354782181 1.9999985476997235 4.419988692086579 -2.798298194819873e-30
20.875 1.99999769400574 4.419985921688735 2.000000846647125 4.420004085165603 -4.0714940949284585e-32
21.125 1.9999984007310267 4.419990342184122 2.0000017758969353 4.420010933619675 -4.802503147034089e-34
21.375 2.0000007707103973 4.4200059714741915 2.000000538032291 4.420004006998172 -4.404258009248603e-36
21.625 2.000001256686622 4.420009117865709 1.9999996252663017 4.41999939559048 -2.7652750956800404e-38
21.875 2.0000000102882582 4.420000477180034 2.0000002252051416 4.420004059124825 -4.567817789604015e-41
22.125 1.9999994725870105 4.419996183887383 2.0000011154053783 4.420009526536644 1.5796414191572262e-42
22.375 2.0000002853724412 4.4200008609107275 2.0000006457304047 4.420005513110834 2.638888646042497e-44
22.625 2.0000009337277462 4.420004740943728 1.999999296923439 4.419996210288292 2.632942317395744e-46
22.875 2.0000003250959977 4.420000531837262 1.9999989975157981 4.419994157572693 1.976589158084722e-48
23.125 1.9999992622330738 4.419993522685479 1.9999999883032136 4.420000032875838 1.1883943908134718e-50
23.375 1.9999991151685892 4.419993124146923 2.0000007325425324 4.420004158229321 5.861267598663116e-53
23.625 1.9999996457810518 4.419998137868105 2.000000449348312 4.420002415232565 2.3927033740792414e-55
23.875 1.9999997351846184 4.420000765153514 2.0000000796088813 4.4200005334305 8.083295968589929e-58
24.125 1.999999469758873 4.4199999505343 2.00000031992663 4.420001994424219 2.2389513277987053e-60
24.375 1.9999996595666005 4.419999846355587 2.000000728451372 4.420004396806231 4.960217038783217e-63
24.625 2.0000005951114215 4.420003250847689 2.0000005241922496 4.42000251814512 8.237583357394523e-66
24.875 2.000000636633929 4.420004912157211 2.0000001116193267 4.419998299950231 8.023378137447364e-69

