-9.899999999999999911e-01 9.057427080156863486e-01 -9.900000000000000466e-02
-9.699999999999999734e-01 9.075560061160516945e-01 -9.700000000000000289e-02
-9.499999999999999556e-01 9.093729344413790106e-01 -9.500000000000000111e-02
-9.299999999999999378e-01 9.111935002596127653e-01 -9.299999999999999933e-02
-9.100000000000000311e-01 9.130177108528838570e-01 -9.100000000000001144e-02
-8.900000000000000133e-01 9.148455735178507853e-01 -8.900000000000000966e-02
-8.699999999999999956e-01 9.166770955662560949e-01 -8.700000000000000788e-02
-8.499999999999999778e-01 9.185122843251843916e-01 -8.500000000000000611e-02
-8.300000000000000711e-01 9.203511471365899421e-01 -8.300000000000001821e-02
-8.100000000000000533e-01 9.221936913565237370e-01 -8.100000000000001643e-02
-7.900000000000000355e-01 9.240399243548247377e-01 -7.900000000000001465e-02
-7.700000000000000178e-01 9.258898535155067888e-01 -7.700000000000001288e-02
-7.500000000000000000e-01 9.277434862373914459e-01 -7.500000000000001110e-02
-7.299999999999999822e-01 9.296008299344934445e-01 -7.299999999999999545e-02
-7.099999999999999645e-01 9.314618920360382415e-01 -7.099999999999999367e-02
-6.899999999999999467e-01 9.333266799863042529e-01 -6.899999999999999190e-02
-6.699999999999999289e-01 9.351952012445032825e-01 -6.699999999999999012e-02
-6.499999999999999112e-01 9.370674632847533214e-01 -6.499999999999998834e-02
-6.300000000000000044e-01 9.389434735961099676e-01 -6.300000000000000044e-02
-6.099999999999999867e-01 9.408232396826156085e-01 -6.099999999999999867e-02
-5.900000000000000799e-01 9.427067690633335051e-01 -5.900000000000001077e-02
-5.700000000000000622e-01 9.445940692723832077e-01 -5.700000000000000899e-02
-5.500000000000000444e-01 9.464851478589686451e-01 -5.500000000000000722e-02
-5.300000000000000266e-01 9.483800123874062127e-01 -5.300000000000000544e-02
-5.100000000000000089e-01 9.502786704371565252e-01 -5.100000000000000366e-02
-4.899999999999999911e-01 9.521811296028531713e-01 -4.900000000000000189e-02
-4.699999999999999734e-01 9.540873974943472335e-01 -4.700000000000000011e-02
-4.499999999999999556e-01 9.559974817366260202e-01 -4.499999999999999833e-02
-4.299999999999999933e-01 9.579113899706275248e-01 -4.300000000000000350e-02
-4.100000000000000311e-01 9.598291298480359224e-01 -4.100000000000000866e-02
-3.900000000000000133e-01 9.617507090646140178e-01 -3.900000000000000688e-02
-3.699999999999999956e-01 9.636761351592760816e-01 -3.699999999999999817e-02
-3.499999999999999778e-01 9.656054166609926437e-01 -3.499999999999999639e-02
-3.299999999999999600e-01 9.675385569169682176e-01 -3.299999999999999462e-02
-3.099999999999999423e-01 9.694755853103063092e-01 -3.099999999999999631e-02
-2.899999999999999800e-01 9.714164093700463631e-01 -2.899999999999999800e-02
-2.700000000000000178e-01 9.733614684911704451e-01 -2.700000000000000316e-02
-2.500000000000000000e-01 9.753090482526133309e-01 -2.500000000000000139e-02
-2.299999999999999822e-01 9.772654961413427266e-01 -2.299999999999999961e-02
-2.099999999999999645e-01 9.792093572342457364e-01 -2.099999999999999784e-02
-1.899999999999999467e-01 9.812074173396818644e-01 -1.899999999999999606e-02
-1.699999999999999845e-01 9.830678306898166241e-01 -1.699999999999999775e-02
-1.500000000000000222e-01 9.853069741681645954e-01 -1.500000000000000291e-02
-1.300000000000000044e-01 9.865859216995720438e-01 -1.300000000000000114e-02
-1.099999999999999867e-01 9.903712047405008878e-01 -1.099999999999999936e-02
-8.999999999999996891e-02 9.874669743991872917e-01 -8.999999999999997585e-03
-6.999999999999995115e-02 1.002688417215136685e+00 -6.999999999999995809e-03
-4.999999999999998890e-02 9.687634818327235386e-01 -4.999999999999999237e-03
-3.000000000000002665e-02 1.063176872566517384e+00 -3.000000000000002665e-03
-1.000000000000000888e-02 7.957763280473623135e-01 -1.000000000000000888e-03
1.000000000000000888e-02 1.410328884053335674e+00 5.100000000000000089e-01
3.000000000000002665e-02 1.519030008082968841e+00 5.300000000000000266e-01
5.000000000000004441e-02 1.560263777614881331e+00 5.500000000000000444e-01
7.000000000000006217e-02 1.592146895949798413e+00 5.700000000000000622e-01
9.000000000000007994e-02 1.627940555023279279e+00 5.900000000000000799e-01
1.100000000000000977e-01 1.670737637776543494e+00 6.100000000000000977e-01
1.300000000000001155e-01 1.716675366572860462e+00 6.300000000000001155e-01
1.500000000000000222e-01 1.755799829460597206e+00 6.500000000000000222e-01
1.699999999999999289e-01 1.778196973722308449e+00 6.699999999999999289e-01
1.899999999999999467e-01 1.784185914232819359e+00 6.899999999999999467e-01
2.099999999999999645e-01 1.787995310471999666e+00 7.099999999999999645e-01
2.299999999999999822e-01 1.808003959678738282e+00 7.299999999999999822e-01
2.500000000000000000e-01 1.854028096135258874e+00 7.500000000000000000e-01
2.700000000000000178e-01 1.924878024585653158e+00 7.700000000000000178e-01
2.900000000000000355e-01 2.013988784681323807e+00 7.900000000000000355e-01
3.100000000000000533e-01 2.114494161932472860e+00 8.100000000000000533e-01
3.300000000000000711e-01 2.220790997534523914e+00 8.300000000000000711e-01
3.500000000000000888e-01 2.327945758933005926e+00 8.500000000000000888e-01
3.700000000000001066e-01 2.430546146551564757e+00 8.700000000000001066e-01
3.900000000000001243e-01 2.522074414547911481e+00 8.900000000000001243e-01
4.100000000000000311e-01 2.595824101599417677e+00 9.100000000000000311e-01
4.299999999999999378e-01 2.647850627575649707e+00 9.299999999999999378e-01
4.499999999999999556e-01 2.680404913151898771e+00 9.499999999999999556e-01
4.699999999999999734e-01 2.702370880167132228e+00 9.699999999999999734e-01
4.899999999999999911e-01 2.725070840324895549e+00 9.899999999999999911e-01
5.100000000000000089e-01 2.756616631459271716e+00 1.410000000000000142e+00
5.300000000000000266e-01 2.799391756636767870e+00 1.430000000000000160e+00
5.500000000000000444e-01 2.851471749815056356e+00 1.450000000000000178e+00
5.700000000000000622e-01 2.909440795286375891e+00 1.470000000000000195e+00
5.900000000000000799e-01 2.970372739416593522e+00 1.490000000000000213e+00
6.100000000000000977e-01 3.032514202340969245e+00 1.510000000000000231e+00
6.300000000000001155e-01 3.095170877064569837e+00 1.530000000000000249e+00
6.500000000000001332e-01 3.158333265067885254e+00 1.550000000000000266e+00
6.700000000000000400e-01 3.222304176158040434e+00 1.570000000000000062e+00
6.899999999999999467e-01 3.287405385388102896e+00 1.589999999999999858e+00
7.099999999999999645e-01 3.353784730598576846e+00 1.609999999999999876e+00
7.299999999999999822e-01 3.421422518525012890e+00 1.629999999999999893e+00
7.500000000000000000e-01 3.490231161757424871e+00 1.649999999999999911e+00
7.700000000000000178e-01 3.560432290760783047e+00 1.669999999999999929e+00
7.900000000000000355e-01 3.632158282648087599e+00 1.689999999999999947e+00
8.100000000000000533e-01 3.706383101721026030e+00 1.709999999999999964e+00
8.300000000000000711e-01 3.781416465663920423e+00 1.729999999999999982e+00
8.500000000000000888e-01 3.860807370346901468e+00 1.750000000000000000e+00
8.700000000000001066e-01 3.932618224128168638e+00 1.770000000000000018e+00
8.900000000000001243e-01 4.024326814824810583e+00 1.790000000000000036e+00
9.100000000000000311e-01 4.065267175012148293e+00 1.810000000000000053e+00
9.299999999999999378e-01 4.237922945806642971e+00 1.830000000000000071e+00
9.499999999999999556e-01 4.086514733592941262e+00 1.850000000000000089e+00
9.699999999999999734e-01 4.754640162368009015e+00 1.870000000000000107e+00
9.899999999999999911e-01 3.196875487689015305e+00 1.890000000000000124e+00
