-9.899999999999999911e-01 9.057427080157074428e-01 -9.900000000000000466e-02
-9.699999999999999734e-01 9.075560061158165492e-01 -9.700000000000000289e-02
-9.499999999999999556e-01 9.093729344408306714e-01 -9.500000000000000111e-02
-9.299999999999999378e-01 9.111935002601676548e-01 -9.299999999999999933e-02
-9.100000000000000311e-01 9.130177108576471579e-01 -9.100000000000001144e-02
-8.900000000000000133e-01 9.148455735302309932e-01 -8.900000000000000966e-02
-8.699999999999999956e-01 9.166770955882359573e-01 -8.700000000000000788e-02
-8.499999999999999778e-01 9.185122843565116657e-01 -8.500000000000000611e-02
-8.300000000000000711e-01 9.203511471751708584e-01 -8.300000000000001821e-02
-8.100000000000000533e-01 9.221936913995353313e-01 -8.100000000000001643e-02
-7.900000000000000355e-01 9.240399243998365097e-01 -7.900000000000001465e-02
-7.700000000000000178e-01 9.258898535610576852e-01 -7.700000000000001288e-02
-7.500000000000000000e-01 9.277434862829305739e-01 -7.500000000000001110e-02
-7.299999999999999822e-01 9.296008299799878305e-01 -7.299999999999999545e-02
-7.099999999999999645e-01 9.314618920816040148e-01 -7.099999999999999367e-02
-6.899999999999999467e-01 9.333266800320298984e-01 -6.899999999999999190e-02
-6.699999999999999289e-01 9.351952012904199973e-01 -6.699999999999999012e-02
-6.499999999999999112e-01 9.370674633308619939e-01 -6.499999999999998834e-02
-6.300000000000000044e-01 9.389434736424058237e-01 -6.300000000000000044e-02
-6.099999999999999867e-01 9.408232397290955396e-01 -6.099999999999999867e-02
-5.900000000000000799e-01 9.427067691099981772e-01 -5.900000000000001077e-02
-5.700000000000000622e-01 9.445940693192329540e-01 -5.700000000000000899e-02
-5.500000000000000444e-01 9.464851479060041317e-01 -5.500000000000000722e-02
-5.300000000000000266e-01 9.483800124346287719e-01 -5.300000000000000544e-02
-5.100000000000000089e-01 9.502786704845668231e-01 -5.100000000000000366e-02
-4.899999999999999911e-01 9.521811296504534283e-01 -4.900000000000000189e-02
-4.699999999999999734e-01 9.540873975421276798e-01 -4.700000000000000011e-02
-4.499999999999999556e-01 9.559974817846635942e-01 -4.499999999999999833e-02
-4.299999999999999933e-01 9.579113900184001995e-01 -4.300000000000000350e-02
-4.100000000000000311e-01 9.598291298989740650e-01 -4.100000000000000866e-02
-3.900000000000000133e-01 9.617507090973471673e-01 -3.900000000000000688e-02
-3.699999999999999956e-01 9.636761352998314267e-01 -3.699999999999999817e-02
-3.499999999999999778e-01 9.656054162082209347e-01 -3.499999999999999639e-02
-3.299999999999999600e-01 9.675385595386787330e-01 -3.299999999999999462e-02
-3.099999999999999423e-01 9.694755730338990851e-01 -3.099999999999999631e-02
-2.899999999999999800e-01 9.714164643421330236e-01 -2.899999999999999800e-02
-2.700000000000000178e-01 9.733612421475564824e-01 -2.700000000000000316e-02
-2.500000000000000000e-01 9.753099063229925259e-01 -2.500000000000000139e-02
-2.299999999999999822e-01 9.772625275698468839e-01 -2.299999999999999961e-02
-2.099999999999999645e-01 9.792186526220396647e-01 -2.099999999999999784e-02
-1.899999999999999467e-01 9.811813819536490122e-01 -1.899999999999999606e-02
-1.699999999999999845e-01 9.831318856648891824e-01 -1.699999999999999775e-02
-1.500000000000000222e-01 9.851734372757521285e-01 -1.500000000000000291e-02
-1.300000000000000044e-01 9.868018057764647022e-01 -1.300000000000000114e-02
-1.099999999999999867e-01 9.901837005717470941e-01 -1.099999999999999936e-02
-8.999999999999996891e-02 9.872132498915329180e-01 -8.999999999999997585e-03
-6.999999999999995115e-02 1.003958421003165569e+00 -6.999999999999995809e-03
-4.999999999999998890e-02 9.673272124527386717e-01 -4.999999999999999237e-03
-3.000000000000002665e-02 1.059671558963608096e+00 -3.000000000000002665e-03
-1.000000000000000888e-02 8.080572846410403187e-01 -1.000000000000000888e-03
1.000000000000000888e-02 1.424695922623356203e+00 5.100000000000000089e-01
3.000000000000002665e-02 1.506917783886755569e+00 5.300000000000000266e-01
5.000000000000004441e-02 1.511860800246614289e+00 5.500000000000000444e-01
7.000000000000006217e-02 1.529596224780135572e+00 5.700000000000000622e-01
9.000000000000007994e-02 1.591578762961154636e+00 5.900000000000000799e-01
1.100000000000000977e-01 1.694315467396307895e+00 6.100000000000000977e-01
1.300000000000001155e-01 1.818216889402205050e+00 6.300000000000001155e-01
1.500000000000000222e-01 1.940173461711629299e+00 6.500000000000000222e-01
1.699999999999999289e-01 2.037959733544996599e+00 6.699999999999999289e-01
1.899999999999999467e-01 2.096773341961156056e+00 6.899999999999999467e-01
2.099999999999999645e-01 2.118904465915774527e+00 7.099999999999999645e-01
2.299999999999999822e-01 2.124038836255857987e+00 7.299999999999999822e-01
2.500000000000000000e-01 2.134410570383582950e+00 7.500000000000000000e-01
2.700000000000000178e-01 2.160168420194088057e+00 7.700000000000000178e-01
2.900000000000000355e-01 2.199026920450920297e+00 7.900000000000000355e-01
3.100000000000000533e-01 2.244508272838201091e+00 8.100000000000000533e-01
3.300000000000000711e-01 2.291916336140575883e+00 8.300000000000000711e-01
3.500000000000000888e-01 2.339444748474687863e+00 8.500000000000000888e-01
3.700000000000001066e-01 2.387076098531847101e+00 8.700000000000001066e-01
3.900000000000001243e-01 2.435313998247718104e+00 8.900000000000001243e-01
4.100000000000000311e-01 2.484395266584566109e+00 9.100000000000000311e-01
4.299999999999999378e-01 2.534425912187679764e+00 9.299999999999999378e-01
4.499999999999999556e-01 2.585718011801053429e+00 9.499999999999999556e-01
4.699999999999999734e-01 2.638184245678217188e+00 9.699999999999999734e-01
4.899999999999999911e-01 2.691142645761918750e+00 9.899999999999999911e-01
5.100000000000000089e-01 2.744895603069664070e+00 1.410000000000000142e+00
5.300000000000000266e-01 2.801091841913397218e+00 1.430000000000000160e+00
5.500000000000000444e-01 2.859529010252174430e+00 1.450000000000000178e+00
5.700000000000000622e-01 2.916562135326686622e+00 1.470000000000000195e+00
5.900000000000000799e-01 2.970493100361369709e+00 1.490000000000000213e+00
6.100000000000000977e-01 3.027528943347792101e+00 1.510000000000000231e+00
6.300000000000001155e-01 3.096606445026865106e+00 1.530000000000000249e+00
6.500000000000001332e-01 3.175341611217451732e+00 1.550000000000000266e+00
6.700000000000000400e-01 3.244805851418675502e+00 1.570000000000000062e+00
6.899999999999999467e-01 3.285382799749543281e+00 1.589999999999999858e+00
7.099999999999999645e-01 3.301614958176122716e+00 1.609999999999999876e+00
7.299999999999999822e-01 3.325872941979916231e+00 1.629999999999999893e+00
7.500000000000000000e-01 3.392661571076251104e+00 1.649999999999999911e+00
7.700000000000000178e-01 3.514927677563761677e+00 1.669999999999999929e+00
7.900000000000000355e-01 3.685281561408790374e+00 1.689999999999999947e+00
8.100000000000000533e-01 3.889514268194502744e+00 1.709999999999999964e+00
8.300000000000000711e-01 4.115542977160713711e+00 1.729999999999999982e+00
8.500000000000000888e-01 4.355406238411056563e+00 1.750000000000000000e+00
8.700000000000001066e-01 4.604459572685576596e+00 1.770000000000000018e+00
8.900000000000001243e-01 4.859555410225723016e+00 1.790000000000000036e+00
9.100000000000000311e-01 5.119162404442080927e+00 1.810000000000000053e+00
9.299999999999999378e-01 5.382123846469410111e+00 1.830000000000000071e+00
9.499999999999999556e-01 5.638738061445105032e+00 1.850000000000000089e+00
9.699999999999999734e-01 5.932495336418700305e+00 1.870000000000000107e+00
9.899999999999999911e-01 6.067099686417173565e+00 1.890000000000000124e+00
