-9.899999999999999911e-01 9.057427080156890131e-01 -9.900000000000000466e-02
-9.699999999999999734e-01 9.075560061160636849e-01 -9.700000000000000289e-02
-9.499999999999999556e-01 9.093729344413644666e-01 -9.500000000000000111e-02
-9.299999999999999378e-01 9.111935002595270561e-01 -9.299999999999999933e-02
-9.100000000000000311e-01 9.130177108528569896e-01 -9.100000000000001144e-02
-8.900000000000000133e-01 9.148455735182099424e-01 -8.900000000000000966e-02
-8.699999999999999956e-01 9.166770955670380250e-01 -8.700000000000000788e-02
-8.499999999999999778e-01 9.185122843254229785e-01 -8.500000000000000611e-02
-8.300000000000000711e-01 9.203511471341188077e-01 -8.300000000000001821e-02
-8.100000000000000533e-01 9.221936913486051823e-01 -8.100000000000001643e-02
-7.900000000000000355e-01 9.240399243391024253e-01 -7.900000000000001465e-02
-7.700000000000000178e-01 9.258898534905264377e-01 -7.700000000000001288e-02
-7.500000000000000000e-01 9.277434862024622753e-01 -7.500000000000001110e-02
-7.299999999999999822e-01 9.296008298892731725e-01 -7.299999999999999545e-02
-7.099999999999999645e-01 9.314618919803574482e-01 -7.099999999999999367e-02
-6.899999999999999467e-01 9.333266799203827624e-01 -6.899999999999999190e-02
-6.699999999999999289e-01 9.351952011692852285e-01 -6.699999999999999012e-02
-6.499999999999999112e-01 9.370674632019906358e-01 -6.499999999999998834e-02
-6.300000000000000044e-01 9.389434735080479655e-01 -6.300000000000000044e-02
-6.099999999999999867e-01 9.408232395914418733e-01 -6.099999999999999867e-02
-5.900000000000000799e-01 9.427067689707331333e-01 -5.900000000000001077e-02
-5.700000000000000622e-01 9.445940691792569233e-01 -5.700000000000000899e-02
-5.500000000000000444e-01 9.464851477659277368e-01 -5.500000000000000722e-02
-5.300000000000000266e-01 9.483800122935119870e-01 -5.300000000000000544e-02
-5.100000000000000089e-01 9.502786703457143380e-01 -5.100000000000000366e-02
-4.899999999999999911e-01 9.521811295019924071e-01 -4.900000000000000189e-02
-4.699999999999999734e-01 9.540873974225446696e-01 -4.700000000000000011e-02
-4.499999999999999556e-01 9.559974815738345733e-01 -4.499999999999999833e-02
-4.299999999999999933e-01 9.579113900731534015e-01 -4.300000000000000350e-02
-4.100000000000000311e-01 9.598291292050348256e-01 -4.100000000000000866e-02
-3.900000000000000133e-01 9.617507104324356515e-01 -3.900000000000000688e-02
-3.699999999999999956e-01 9.636761312576196392e-01 -3.699999999999999817e-02
-3.499999999999999778e-01 9.656054262709374836e-01 -3.499999999999999639e-02
-3.299999999999999600e-01 9.675385324884177018e-01 -3.299999999999999462e-02
-3.099999999999999423e-01 9.694756445693679670e-01 -3.099999999999999631e-02
-2.899999999999999800e-01 9.714162717606829034e-01 -2.899999999999999800e-02
-2.700000000000000178e-01 9.733617588527506692e-01 -2.700000000000000316e-02
-2.500000000000000000e-01 9.753085253473110505e-01 -2.500000000000000139e-02
-2.299999999999999822e-01 9.772661846822348064e-01 -2.299999999999999961e-02
-2.099999999999999645e-01 9.792090932960517691e-01 -2.099999999999999784e-02
-1.899999999999999467e-01 9.812057239824957255e-01 -1.899999999999999606e-02
-1.699999999999999845e-01 9.830731802936651942e-01 -1.699999999999999775e-02
-1.500000000000000222e-01 9.853004740649227156e-01 -1.500000000000000291e-02
-1.300000000000000044e-01 9.865800926306247387e-01 -1.300000000000000114e-02
-1.099999999999999867e-01 9.904056597920649629e-01 -1.099999999999999936e-02
-8.999999999999996891e-02 9.874359380185242507e-01 -8.999999999999997585e-03
-6.999999999999995115e-02 1.002595798298947516e+00 -6.999999999999995809e-03
-4.999999999999998890e-02 9.689663384371642874e-01 -4.999999999999999237e-03
-3.000000000000002665e-02 1.063480827424193365e+00 -3.000000000000002665e-03
-1.000000000000000888e-02 7.944826662625272817e-01 -1.000000000000000888e-03
1.000000000000000888e-02 1.408679218541313727e+00 5.100000000000000089e-01
3.000000000000002665e-02 1.519884956304854207e+00 5.300000000000000266e-01
5.000000000000004441e-02 1.565038369314712074e+00 5.500000000000000444e-01
7.000000000000006217e-02 1.599242453577387479e+00 5.700000000000000622e-01
9.000000000000007994e-02 1.632055769872848838e+00 5.900000000000000799e-01
1.100000000000000977e-01 1.665204547884212571e+00 6.100000000000000977e-01
1.300000000000001155e-01 1.698970825940480989e+00 6.300000000000001155e-01
1.500000000000000222e-01 1.733343294465892193e+00 6.500000000000000222e-01
1.699999999999999289e-01 1.768262514383728945e+00 6.699999999999999289e-01
1.899999999999999467e-01 1.803717742600716711e+00 6.899999999999999467e-01
2.099999999999999645e-01 1.839802415802630930e+00 7.099999999999999645e-01
2.299999999999999822e-01 1.876717585041517200e+00 7.299999999999999822e-01
2.500000000000000000e-01 1.914708883306512455e+00 7.500000000000000000e-01
2.700000000000000178e-01 1.953950012733494113e+00 7.700000000000000178e-01
2.900000000000000355e-01 1.994415640746330709e+00 7.900000000000000355e-01
3.100000000000000533e-01 2.035804122693382290e+00 8.100000000000000533e-01
3.300000000000000711e-01 2.077569937276126932e+00 8.300000000000000711e-01
3.500000000000000888e-01 2.119101551999227340e+00 8.500000000000000888e-01
3.700000000000001066e-01 2.160022458228585851e+00 8.700000000000001066e-01
3.900000000000001243e-01 2.200506492567390282e+00 8.900000000000001243e-01
4.100000000000000311e-01 2.241434032538820453e+00 9.100000000000000311e-01
4.299999999999999378e-01 2.284250369218918664e+00 9.299999999999999378e-01
4.499999999999999556e-01 2.330534427240033235e+00 9.499999999999999556e-01
4.699999999999999734e-01 2.381436905042515928e+00 9.699999999999999734e-01
4.899999999999999911e-01 2.437170032817607357e+00 9.899999999999999911e-01
5.100000000000000089e-01 2.496635126658555137e+00 1.410000000000000142e+00
5.300000000000000266e-01 2.557223403501244885e+00 1.430000000000000160e+00
5.500000000000000444e-01 2.614964332895244326e+00 1.450000000000000178e+00
5.700000000000000622e-01 2.665416288857008986e+00 1.470000000000000195e+00
5.900000000000000799e-01 2.705539962874921489e+00 1.490000000000000213e+00
6.100000000000000977e-01 2.735880116932509765e+00 1.510000000000000231e+00
6.300000000000001155e-01 2.761359416813325307e+00 1.530000000000000249e+00
6.500000000000001332e-01 2.789495851779017599e+00 1.550000000000000266e+00
6.700000000000000400e-01 2.827074805248424916e+00 1.570000000000000062e+00
6.899999999999999467e-01 2.877742597513324618e+00 1.589999999999999858e+00
7.099999999999999645e-01 2.941797463579258753e+00 1.609999999999999876e+00
7.299999999999999822e-01 3.017512301411223063e+00 1.629999999999999893e+00
7.500000000000000000e-01 3.102482252999444690e+00 1.649999999999999911e+00
7.700000000000000178e-01 3.194676751194354569e+00 1.669999999999999929e+00
7.900000000000000355e-01 3.292233472568161012e+00 1.689999999999999947e+00
8.100000000000000533e-01 3.394677003633823631e+00 1.709999999999999964e+00
8.300000000000000711e-01 3.499685472223969640e+00 1.729999999999999982e+00
8.500000000000000888e-01 3.610765573979607179e+00 1.750000000000000000e+00
8.700000000000001066e-01 3.717532540991414614e+00 1.770000000000000018e+00
8.900000000000001243e-01 3.845214604294080907e+00 1.790000000000000036e+00
9.100000000000000311e-01 3.928805431162871287e+00 1.810000000000000053e+00
9.299999999999999378e-01 4.133266905468161667e+00 1.830000000000000071e+00
9.499999999999999556e-01 4.033043045288243533e+00 1.850000000000000089e+00
9.699999999999999734e-01 4.705315171773172267e+00 1.870000000000000107e+00
9.899999999999999911e-01 3.239633883479335896e+00 1.890000000000000124e+00
