-9.899999999999999911e-01 9.057427080156890131e-01 -9.900000000000000466e-02
-9.699999999999999734e-01 9.075560061160636849e-01 -9.700000000000000289e-02
-9.499999999999999556e-01 9.093729344413644666e-01 -9.500000000000000111e-02
-9.299999999999999378e-01 9.111935002595270561e-01 -9.299999999999999933e-02
-9.100000000000000311e-01 9.130177108528569896e-01 -9.100000000000001144e-02
-8.900000000000000133e-01 9.148455735182073889e-01 -8.900000000000000966e-02
-8.699999999999999956e-01 9.166770955670323628e-01 -8.700000000000000788e-02
-8.499999999999999778e-01 9.185122843254226455e-01 -8.500000000000000611e-02
-8.300000000000000711e-01 9.203511471341361272e-01 -8.300000000000001821e-02
-8.100000000000000533e-01 9.221936913486257215e-01 -8.100000000000001643e-02
-7.900000000000000355e-01 9.240399243390711170e-01 -7.900000000000001465e-02
-7.700000000000000178e-01 9.258898534904064226e-01 -7.700000000000001288e-02
-7.500000000000000000e-01 9.277434862023508089e-01 -7.500000000000001110e-02
-7.299999999999999822e-01 9.296008298894373745e-01 -7.299999999999999545e-02
-7.099999999999999645e-01 9.314618919810438991e-01 -7.099999999999999367e-02
-6.899999999999999467e-01 9.333266799214195997e-01 -6.899999999999999190e-02
-6.699999999999999289e-01 9.351952011697235445e-01 -6.699999999999999012e-02
-6.499999999999999112e-01 9.370674632000346449e-01 -6.499999999999998834e-02
-6.300000000000000044e-01 9.389434735014279276e-01 -6.300000000000000044e-02
-6.099999999999999867e-01 9.408232395778659551e-01 -6.099999999999999867e-02
-5.900000000000000799e-01 9.427067689486079427e-01 -5.900000000000001077e-02
-5.700000000000000622e-01 9.445940691472571871e-01 -5.700000000000000899e-02
-5.500000000000000444e-01 9.464851477244613509e-01 -5.500000000000000722e-02
-5.300000000000000266e-01 9.483800122407766153e-01 -5.300000000000000544e-02
-5.100000000000000089e-01 9.502786702857489720e-01 -5.100000000000000366e-02
-4.899999999999999911e-01 9.521811294269045822e-01 -4.900000000000000189e-02
-4.699999999999999734e-01 9.540873973461159174e-01 -4.700000000000000011e-02
-4.499999999999999556e-01 9.559974814755288763e-01 -4.499999999999999833e-02
-4.299999999999999933e-01 9.579113899711825253e-01 -4.300000000000000350e-02
-4.100000000000000311e-01 9.598291291111290535e-01 -4.100000000000000866e-02
-3.900000000000000133e-01 9.617507102498552563e-01 -3.900000000000000688e-02
-3.699999999999999956e-01 9.636761312316579620e-01 -3.699999999999999817e-02
-3.499999999999999778e-01 9.656054260634410191e-01 -3.499999999999999639e-02
-3.299999999999999600e-01 9.675385321597398391e-01 -3.299999999999999462e-02
-3.099999999999999423e-01 9.694756451477903880e-01 -3.099999999999999631e-02
-2.899999999999999800e-01 9.714162705991042923e-01 -2.899999999999999800e-02
-2.700000000000000178e-01 9.733617583999738532e-01 -2.700000000000000316e-02
-2.500000000000000000e-01 9.753085293585528337e-01 -2.500000000000000139e-02
-2.299999999999999822e-01 9.772661778634825769e-01 -2.299999999999999961e-02
-2.099999999999999645e-01 9.792090903138230829e-01 -2.099999999999999784e-02
-1.899999999999999467e-01 9.812057506050420042e-01 -1.899999999999999606e-02
-1.699999999999999845e-01 9.830731538706627415e-01 -1.699999999999999775e-02
-1.500000000000000222e-01 9.853004155203488601e-01 -1.500000000000000291e-02
-1.300000000000000044e-01 9.865802320982824947e-01 -1.300000000000000114e-02
-1.099999999999999867e-01 9.904057598395145101e-01 -1.099999999999999936e-02
-8.999999999999996891e-02 9.874354152158596465e-01 -8.999999999999997585e-03
-6.999999999999995115e-02 1.002595494359597161e+00 -6.999999999999995809e-03
-4.999999999999998890e-02 9.689685710464378543e-01 -4.999999999999999237e-03
-3.000000000000002665e-02 1.063482715801438383e+00 -3.000000000000002665e-03
-1.000000000000000888e-02 7.944684789468741126e-01 -1.000000000000000888e-03
1.000000000000000888e-02 1.408666165437799656e+00 5.100000000000000089e-01
3.000000000000002665e-02 1.519898770385640141e+00 5.300000000000000266e-01
5.000000000000004441e-02 1.565088940770807735e+00 5.500000000000000444e-01
7.000000000000006217e-02 1.599309792466188984e+00 5.700000000000000622e-01
9.000000000000007994e-02 1.632088114527183054e+00 5.900000000000000799e-01
1.100000000000000977e-01 1.665143382368613700e+00 6.100000000000000977e-01
1.300000000000001155e-01 1.698796772033674962e+00 6.300000000000001155e-01
1.500000000000000222e-01 1.733117325267202524e+00 6.500000000000000222e-01
1.699999999999999289e-01 1.768128773277251709e+00 6.699999999999999289e-01
1.899999999999999467e-01 1.803846956029526494e+00 6.899999999999999467e-01
2.099999999999999645e-01 1.840286608455275363e+00 7.099999999999999645e-01
2.299999999999999822e-01 1.877462562113823674e+00 7.299999999999999822e-01
2.500000000000000000e-01 1.915389888462354806e+00 7.500000000000000000e-01
2.700000000000000178e-01 1.954083828757055219e+00 7.700000000000000178e-01
2.900000000000000355e-01 1.993559710852405242e+00 7.900000000000000355e-01
3.100000000000000533e-01 2.033832937683976549e+00 8.100000000000000533e-01
3.300000000000000711e-01 2.074919088488996533e+00 8.300000000000000711e-01
3.500000000000000888e-01 2.116834125543928913e+00 8.500000000000000888e-01
3.700000000000001066e-01 2.159594647876156959e+00 8.700000000000001066e-01
3.900000000000001243e-01 2.203218097458103486e+00 8.900000000000001243e-01
4.100000000000000311e-01 2.247722819822507212e+00 9.100000000000000311e-01
4.299999999999999378e-01 2.293127915961122198e+00 9.299999999999999378e-01
4.499999999999999556e-01 2.339452888189565094e+00 9.499999999999999556e-01
4.699999999999999734e-01 2.386717158294395347e+00 9.699999999999999734e-01
4.899999999999999911e-01 2.434939598627854807e+00 9.899999999999999911e-01
5.100000000000000089e-01 2.484138237231376944e+00 1.410000000000000142e+00
5.300000000000000266e-01 2.534330281042987743e+00 1.430000000000000160e+00
5.500000000000000444e-01 2.585532508574319266e+00 1.450000000000000178e+00
5.700000000000000622e-01 2.637762037564646000e+00 1.470000000000000195e+00
5.900000000000000799e-01 2.691037229956442012e+00 1.490000000000000213e+00
6.100000000000000977e-01 2.745378775308175534e+00 1.510000000000000231e+00
6.300000000000001155e-01 2.800810050503650839e+00 1.530000000000000249e+00
6.500000000000001332e-01 2.857358212715245926e+00 1.550000000000000266e+00
6.700000000000000400e-01 2.915051618842236181e+00 1.570000000000000062e+00
6.899999999999999467e-01 2.973924464225078168e+00 1.589999999999999858e+00
7.099999999999999645e-01 3.034000949522915214e+00 1.609999999999999876e+00
7.299999999999999822e-01 3.095330178284064981e+00 1.629999999999999893e+00
7.500000000000000000e-01 3.157891021771230378e+00 1.649999999999999911e+00
7.700000000000000178e-01 3.221829415698361565e+00 1.669999999999999929e+00
7.900000000000000355e-01 3.286848622155548405e+00 1.689999999999999947e+00
8.100000000000000533e-01 3.353764897070083961e+00 1.709999999999999964e+00
8.300000000000000711e-01 3.420536059175596222e+00 1.729999999999999982e+00
8.500000000000000888e-01 3.492409905506844048e+00 1.750000000000000000e+00
8.700000000000001066e-01 3.556007255883512741e+00 1.770000000000000018e+00
8.900000000000001243e-01 3.645520321592662594e+00 1.790000000000000036e+00
9.100000000000000311e-01 3.673541926554587889e+00 1.810000000000000053e+00
9.299999999999999378e-01 3.862667946268901531e+00 1.830000000000000071e+00
9.499999999999999556e-01 3.639255240805855163e+00 1.850000000000000089e+00
9.699999999999999734e-01 4.441818409317734861e+00 1.870000000000000107e+00
9.899999999999999911e-01 2.244479575378492076e+00 1.890000000000000124e+00
