-9.899999999999999911e-01 9.057427080156890131e-01 -9.900000000000000466e-02
-9.699999999999999734e-01 9.075560061160636849e-01 -9.700000000000000289e-02
-9.499999999999999556e-01 9.093729344413644666e-01 -9.500000000000000111e-02
-9.299999999999999378e-01 9.111935002595270561e-01 -9.299999999999999933e-02
-9.100000000000000311e-01 9.130177108528569896e-01 -9.100000000000001144e-02
-8.900000000000000133e-01 9.148455735182073889e-01 -8.900000000000000966e-02
-8.699999999999999956e-01 9.166770955670323628e-01 -8.700000000000000788e-02
-8.499999999999999778e-01 9.185122843254226455e-01 -8.500000000000000611e-02
-8.300000000000000711e-01 9.203511471341361272e-01 -8.300000000000001821e-02
-8.100000000000000533e-01 9.221936913486258325e-01 -8.100000000000001643e-02
-7.900000000000000355e-01 9.240399243390711170e-01 -7.900000000000001465e-02
-7.700000000000000178e-01 9.258898534904064226e-01 -7.700000000000001288e-02
-7.500000000000000000e-01 9.277434862023516970e-01 -7.500000000000001110e-02
-7.299999999999999822e-01 9.296008298894424815e-01 -7.299999999999999545e-02
-7.099999999999999645e-01 9.314618919810520037e-01 -7.099999999999999367e-02
-6.899999999999999467e-01 9.333266799214215981e-01 -6.899999999999999190e-02
-6.699999999999999289e-01 9.351952011697065581e-01 -6.699999999999999012e-02
-6.499999999999999112e-01 9.370674632000025595e-01 -6.499999999999998834e-02
-6.300000000000000044e-01 9.389434735014214883e-01 -6.300000000000000044e-02
-6.099999999999999867e-01 9.408232395779438928e-01 -6.099999999999999867e-02
-5.900000000000000799e-01 9.427067689487804714e-01 -5.900000000000001077e-02
-5.700000000000000622e-01 9.445940691473773132e-01 -5.700000000000000899e-02
-5.500000000000000444e-01 9.464851477242418598e-01 -5.500000000000000722e-02
-5.300000000000000266e-01 9.483800122399638211e-01 -5.300000000000000544e-02
-5.100000000000000089e-01 9.502786702844064903e-01 -5.100000000000000366e-02
-4.899999999999999911e-01 9.521811294259081571e-01 -4.900000000000000189e-02
-4.699999999999999734e-01 9.540873973470682667e-01 -4.700000000000000011e-02
-4.499999999999999556e-01 9.559974814804995669e-01 -4.499999999999999833e-02
-4.299999999999999933e-01 9.579113899828153311e-01 -4.300000000000000350e-02
-4.100000000000000311e-01 9.598291291304638095e-01 -4.100000000000000866e-02
-3.900000000000000133e-01 9.617507102769355942e-01 -3.900000000000000688e-02
-3.699999999999999956e-01 9.636761312681287883e-01 -3.699999999999999817e-02
-3.499999999999999778e-01 9.656054261042639197e-01 -3.499999999999999639e-02
-3.299999999999999600e-01 9.675385322013284606e-01 -3.299999999999999462e-02
-3.099999999999999423e-01 9.694756452020723003e-01 -3.099999999999999631e-02
-2.899999999999999800e-01 9.714162706478619569e-01 -2.899999999999999800e-02
-2.700000000000000178e-01 9.733617584246736509e-01 -2.700000000000000316e-02
-2.500000000000000000e-01 9.753085294361343305e-01 -2.500000000000000139e-02
-2.299999999999999822e-01 9.772661779506803814e-01 -2.299999999999999961e-02
-2.099999999999999645e-01 9.792090902282761800e-01 -2.099999999999999784e-02
-1.899999999999999467e-01 9.812057506571089105e-01 -1.899999999999999606e-02
-1.699999999999999845e-01 9.830731543173237830e-01 -1.699999999999999775e-02
-1.500000000000000222e-01 9.853004153289464107e-01 -1.500000000000000291e-02
-1.300000000000000044e-01 9.865802310623597027e-01 -1.300000000000000114e-02
-1.099999999999999867e-01 9.904057606766543120e-01 -1.099999999999999936e-02
-8.999999999999996891e-02 9.874354190290466349e-01 -8.999999999999997585e-03
-6.999999999999995115e-02 1.002595493442700381e+00 -6.999999999999995809e-03
-4.999999999999998890e-02 9.689685517946637905e-01 -4.999999999999999237e-03
-3.000000000000002665e-02 1.063482711100137701e+00 -3.000000000000002665e-03
-1.000000000000000888e-02 7.944686153171381937e-01 -1.000000000000000888e-03
1.000000000000000888e-02 1.408666222630437836e+00 5.100000000000000089e-01
3.000000000000002665e-02 1.519898565865000828e+00 5.300000000000000266e-01
5.000000000000004441e-02 1.565088449371748514e+00 5.500000000000000444e-01
7.000000000000006217e-02 1.599309261375060132e+00 5.700000000000000622e-01
9.000000000000007994e-02 1.632088022917006498e+00 5.900000000000000799e-01
1.100000000000000977e-01 1.665144172472181383e+00 6.100000000000000977e-01
1.300000000000001155e-01 1.698798448682649287e+00 6.300000000000001155e-01
1.500000000000000222e-01 1.733119168696028556e+00 6.500000000000000222e-01
1.699999999999999289e-01 1.768129437798176440e+00 6.699999999999999289e-01
1.899999999999999467e-01 1.803845075352525473e+00 6.899999999999999467e-01
2.099999999999999645e-01 1.840281739068911460e+00 7.099999999999999645e-01
2.299999999999999822e-01 1.877456009936464554e+00 7.299999999999999822e-01
2.500000000000000000e-01 1.915384855031310840e+00 7.500000000000000000e-01
2.700000000000000178e-01 1.954084494916622949e+00 7.700000000000000178e-01
2.900000000000000355e-01 1.993569327271110803e+00 7.900000000000000355e-01
3.100000000000000533e-01 2.033851545368956515e+00 8.100000000000000533e-01
3.300000000000000711e-01 2.074941895746091447e+00 8.300000000000000711e-01
3.500000000000000888e-01 2.116851589989027005e+00 8.500000000000000888e-01
3.700000000000001066e-01 2.159594854482746573e+00 8.700000000000001066e-01
3.900000000000001243e-01 2.203191182478919430e+00 8.900000000000001243e-01
4.100000000000000311e-01 2.247666243271867703e+00 9.100000000000000311e-01
4.299999999999999378e-01 2.293050699373342827e+00 9.299999999999999378e-01
4.499999999999999556e-01 2.339376827416255189e+00 9.499999999999999556e-01
4.699999999999999734e-01 2.386673630555928849e+00 9.699999999999999734e-01
4.899999999999999911e-01 2.434961799611447653e+00 9.899999999999999911e-01
5.100000000000000089e-01 2.484250180539416597e+00 1.410000000000000142e+00
5.300000000000000266e-01 2.534535230385402294e+00 1.430000000000000160e+00
5.500000000000000444e-01 2.585804277190594469e+00 1.450000000000000178e+00
5.700000000000000622e-01 2.638042499114783279e+00 1.470000000000000195e+00
5.900000000000000799e-01 2.691242351626156104e+00 1.490000000000000213e+00
6.100000000000000977e-01 2.745413661734094291e+00 1.510000000000000231e+00
6.300000000000001155e-01 2.800591191739553398e+00 1.530000000000000249e+00
6.500000000000001332e-01 2.856838999619376818e+00 1.550000000000000266e+00
6.700000000000000400e-01 2.914245547019294058e+00 1.570000000000000062e+00
6.899999999999999467e-01 2.972920345377891849e+00 1.589999999999999858e+00
7.099999999999999645e-01 3.032964913480927116e+00 1.609999999999999876e+00
7.299999999999999822e-01 3.094491976713122927e+00 1.629999999999999893e+00
7.500000000000000000e-01 3.157514511455436157e+00 1.649999999999999911e+00
7.700000000000000178e-01 3.222167766354040008e+00 1.669999999999999929e+00
7.900000000000000355e-01 3.288097623767658462e+00 1.689999999999999947e+00
8.100000000000000533e-01 3.355996135388518375e+00 1.709999999999999964e+00
8.300000000000000711e-01 3.423681853353003568e+00 1.729999999999999982e+00
8.500000000000000888e-01 3.496165650470809183e+00 1.750000000000000000e+00
8.700000000000001066e-01 3.559951647498172278e+00 1.770000000000000018e+00
8.900000000000001243e-01 3.648940185019335036e+00 1.790000000000000036e+00
9.100000000000000311e-01 3.675713608950434086e+00 1.810000000000000053e+00
9.299999999999999378e-01 3.863089260127496427e+00 1.830000000000000071e+00
9.499999999999999556e-01 3.635818258801339020e+00 1.850000000000000089e+00
9.699999999999999734e-01 4.438896232472807846e+00 1.870000000000000107e+00
9.899999999999999911e-01 2.218596343196015841e+00 1.890000000000000124e+00
