-9.899999999999999911e-01 9.057427080156890131e-01 -9.900000000000000466e-02
-9.699999999999999734e-01 9.075560061160636849e-01 -9.700000000000000289e-02
-9.499999999999999556e-01 9.093729344413644666e-01 -9.500000000000000111e-02
-9.299999999999999378e-01 9.111935002595270561e-01 -9.299999999999999933e-02
-9.100000000000000311e-01 9.130177108528569896e-01 -9.100000000000001144e-02
-8.900000000000000133e-01 9.148455735182073889e-01 -8.900000000000000966e-02
-8.699999999999999956e-01 9.166770955670323628e-01 -8.700000000000000788e-02
-8.499999999999999778e-01 9.185122843254226455e-01 -8.500000000000000611e-02
-8.300000000000000711e-01 9.203511471341365713e-01 -8.300000000000001821e-02
-8.100000000000000533e-01 9.221936913486294962e-01 -8.100000000000001643e-02
-7.900000000000000355e-01 9.240399243390777784e-01 -7.900000000000001465e-02
-7.700000000000000178e-01 9.258898534904066446e-01 -7.700000000000001288e-02
-7.500000000000000000e-01 9.277434862023330453e-01 -7.500000000000001110e-02
-7.299999999999999822e-01 9.296008298894136157e-01 -7.299999999999999545e-02
-7.099999999999999645e-01 9.314618919810629949e-01 -7.099999999999999367e-02
-6.899999999999999467e-01 9.333266799215296228e-01 -6.899999999999999190e-02
-6.699999999999999289e-01 9.351952011698705380e-01 -6.699999999999999012e-02
-6.499999999999999112e-01 9.370674632000097759e-01 -6.499999999999998834e-02
-6.300000000000000044e-01 9.389434735009412059e-01 -6.300000000000000044e-02
-6.099999999999999867e-01 9.408232395768743039e-01 -6.099999999999999867e-02
-5.900000000000000799e-01 9.427067689475712164e-01 -5.900000000000001077e-02
-5.700000000000000622e-01 9.445940691474844497e-01 -5.700000000000000899e-02
-5.500000000000000444e-01 9.464851477277671510e-01 -5.500000000000000722e-02
-5.300000000000000266e-01 9.483800122493353246e-01 -5.300000000000000544e-02
-5.100000000000000089e-01 9.502786703017327419e-01 -5.100000000000000366e-02
-4.899999999999999911e-01 9.521811294512700918e-01 -4.900000000000000189e-02
-4.699999999999999734e-01 9.540873973811362374e-01 -4.700000000000000011e-02
-4.499999999999999556e-01 9.559974815205065646e-01 -4.499999999999999833e-02
-4.299999999999999933e-01 9.579113900256339686e-01 -4.300000000000000350e-02
-4.100000000000000311e-01 9.598291291808476178e-01 -4.100000000000000866e-02
-3.900000000000000133e-01 9.617507103203875030e-01 -3.900000000000000688e-02
-3.699999999999999956e-01 9.636761313127648609e-01 -3.699999999999999817e-02
-3.499999999999999778e-01 9.656054261730095956e-01 -3.499999999999999639e-02
-3.299999999999999600e-01 9.675385322147815881e-01 -3.299999999999999462e-02
-3.099999999999999423e-01 9.694756452463989538e-01 -3.099999999999999631e-02
-2.899999999999999800e-01 9.714162708160105630e-01 -2.899999999999999800e-02
-2.700000000000000178e-01 9.733617582722251527e-01 -2.700000000000000316e-02
-2.500000000000000000e-01 9.753085294107595171e-01 -2.500000000000000139e-02
-2.299999999999999822e-01 9.772661787626082397e-01 -2.299999999999999961e-02
-2.099999999999999645e-01 9.792090894928739964e-01 -2.099999999999999784e-02
-1.899999999999999467e-01 9.812057491941412746e-01 -1.899999999999999606e-02
-1.699999999999999845e-01 9.830731583670924145e-01 -1.699999999999999775e-02
-1.500000000000000222e-01 9.853004167994942053e-01 -1.500000000000000291e-02
-1.300000000000000044e-01 9.865802178057091476e-01 -1.300000000000000114e-02
-1.099999999999999867e-01 9.904057609722753952e-01 -1.099999999999999936e-02
-8.999999999999996891e-02 9.874354637735289764e-01 -8.999999999999997585e-03
-6.999999999999995115e-02 1.002595501378103160e+00 -6.999999999999995809e-03
-4.999999999999998890e-02 9.689683514156424149e-01 -4.999999999999999237e-03
-3.000000000000002665e-02 1.063482596026207094e+00 -3.000000000000002665e-03
-1.000000000000000888e-02 7.944699463628588365e-01 -1.000000000000000888e-03
1.000000000000000888e-02 1.408667148225553944e+00 5.100000000000000089e-01
3.000000000000002665e-02 1.519896960424456100e+00 5.300000000000000266e-01
5.000000000000004441e-02 1.565083691380419806e+00 5.500000000000000444e-01
7.000000000000006217e-02 1.599303454465499374e+00 5.700000000000000622e-01
9.000000000000007994e-02 1.632085918551230197e+00 5.900000000000000799e-01
1.100000000000000977e-01 1.665150720189686684e+00 6.100000000000000977e-01
1.300000000000001155e-01 1.698814701691206741e+00 6.300000000000001155e-01
1.500000000000000222e-01 1.733138908067422879e+00 6.500000000000000222e-01
1.699999999999999289e-01 1.768139425012261068e+00 6.699999999999999289e-01
1.899999999999999467e-01 1.803830555637784272e+00 6.899999999999999467e-01
2.099999999999999645e-01 1.840235946082002361e+00 7.099999999999999645e-01
2.299999999999999822e-01 1.877389307334992541e+00 7.299999999999999822e-01
2.500000000000000000e-01 1.915327640817961807e+00 7.500000000000000000e-01
2.700000000000000178e-01 1.954079439495695070e+00 7.700000000000000178e-01
2.900000000000000355e-01 1.993652893041365282e+00 7.900000000000000355e-01
3.100000000000000533e-01 2.034030448805495439e+00 8.100000000000000533e-01
3.300000000000000711e-01 2.075174671124363712e+00 8.300000000000000711e-01
3.500000000000000888e-01 2.117046285764689451e+00 8.500000000000000888e-01
3.700000000000001066e-01 2.159629925926567218e+00 8.700000000000001066e-01
3.900000000000001243e-01 2.202958485103360786e+00 8.900000000000001243e-01
4.100000000000000311e-01 2.247125247970105377e+00 9.100000000000000311e-01
4.299999999999999378e-01 2.292275395568131646e+00 9.299999999999999378e-01
4.499999999999999556e-01 2.338574690066649531e+00 9.499999999999999556e-01
4.699999999999999734e-01 2.386160978762886575e+00 9.699999999999999734e-01
4.899999999999999911e-01 2.435090733232655236e+00 9.899999999999999911e-01
5.100000000000000089e-01 2.485296218621027897e+00 1.410000000000000142e+00
5.300000000000000266e-01 2.536568927344607260e+00 1.430000000000000160e+00
5.500000000000000444e-01 2.588582203436240903e+00 1.450000000000000178e+00
5.700000000000000622e-01 2.640960066271940132e+00 1.470000000000000195e+00
5.900000000000000799e-01 2.693387725899270446e+00 1.490000000000000213e+00
6.100000000000000977e-01 2.745741846675756381e+00 1.510000000000000231e+00
6.300000000000001155e-01 2.798199220186421421e+00 1.530000000000000249e+00
6.500000000000001332e-01 2.851277652161898768e+00 1.550000000000000266e+00
6.700000000000000400e-01 2.905774969619728143e+00 1.570000000000000062e+00
6.899999999999999467e-01 2.962623610449967693e+00 1.589999999999999858e+00
7.099999999999999645e-01 3.022682574202011363e+00 1.609999999999999876e+00
7.299999999999999822e-01 3.086589127341446304e+00 1.629999999999999893e+00
7.500000000000000000e-01 3.154542374119365000e+00 1.649999999999999911e+00
7.700000000000000178e-01 3.226446774548497043e+00 1.669999999999999929e+00
7.900000000000000355e-01 3.301279406363046842e+00 1.689999999999999947e+00
8.100000000000000533e-01 3.378522837358925557e+00 1.709999999999999964e+00
8.300000000000000711e-01 3.454281944732354059e+00 1.729999999999999982e+00
8.500000000000000888e-01 3.531269720500406883e+00 1.750000000000000000e+00
8.700000000000001066e-01 3.593562290320887698e+00 1.770000000000000018e+00
8.900000000000001243e-01 3.673260164860394639e+00 1.790000000000000036e+00
9.100000000000000311e-01 3.681166973310431523e+00 1.810000000000000053e+00
9.299999999999999378e-01 3.846617997703069225e+00 1.830000000000000071e+00
9.499999999999999556e-01 3.579263424973368579e+00 1.850000000000000089e+00
9.699999999999999734e-01 4.386832982299161188e+00 1.870000000000000107e+00
9.899999999999999911e-01 1.954470271470563292e+00 1.890000000000000124e+00
