0.0 2.0 4.42 2.0000000000000453 4.419999999999755 -1.2485577391691675e-70
0.25 2.0 4.42 1.999999999999353 4.420000000001982 -2.850203213424424e-67
0.5 2.0 4.42 1.999999999999492 4.420000000001567 -2.1109980944259782e-64
0.75 2.0 4.42 2.000000000005013 4.419999999989219 -1.0864518245663961e-61
1.0 2.0 4.42 2.000000000006705 4.419999999985422 -4.36567780080435e-59
1.25 2.0 4.42 1.9999999999686182 4.420000000068267 -1.4244864646060943e-56
1.5 2.0 4.42 1.9999999999349116 4.420000000148051 -3.833786490499683e-54
1.75 2.0 4.42 2.0000000001646905 4.419999999629084 -8.548289091174405e-52
2.0 2.0 4.42 2.000000000553178 4.419999998769164 -1.5726437566102247e-49
2.25 2.0 4.42 1.9999999994220872 4.420000001326457 -2.351308388844086e-47
2.5 2.0 4.42 1.9999999961735506 4.420000008348039 -2.7506291988257142e-45
2.75 2.0 4.42 2.000000000306022 4.4199999995980095 -2.2523830569655327e-43
3.0 2.0 4.42 2.000000023443948 4.419999947816815 -6.518129048276597e-42
3.25 2.0 4.42 2.0000000285299775 4.419999935398691 1.637631564719423e-39
3.5 2.0 4.42 1.9999999280334375 4.420000164074311 3.7190631002266737e-37
3.75 2.0 4.42 1.9999998368433651 4.420000337940785 4.767397604445987e-35
4.0 2.0 4.42 2.000000548419913 4.419998830323312 4.547325892745335e-33
4.25 2.0 4.42 2.000004114958694 4.419990967615993 3.4602839938301873e-31
4.5 2.0 4.42 2.000017212517078 4.419961871738206 2.1566080528120858e-29
4.75 2.0 4.42 2.000064291739271 4.419857484234489 1.111987969600823e-27
5.0 2.0 4.42 2.000225525132397 4.419497513693841 4.7468193800184217e-26
5.25 2.0 4.42 2.0004775569555107 4.418955427230989 1.6638083285143045e-24
5.5 2.0 4.42 2.000648610276742 4.418528595599586 4.6815685166807494e-23
5.75 2.0 4.42 2.0007273457214128 4.418400083838331 9.976476910669732e-22
6.0 2.0 4.42 2.0007507070870956 4.418359359744619 1.3091921451978668e-20
6.25 2.0 4.42 2.0007488393175845 4.418328552103812 -4.8921798420998234e-20
6.5 2.0 4.42 2.0007437102021144 4.418329427736139 -8.808736703694343e-18
6.75 1.9999999999999996 4.42 2.000734321673937 4.418361480935845 -3.023468242913689e-16
7.0 1.9999999999999907 4.42 2.000692877364597 4.418471213998666 -6.988407961666439e-15
7.25 1.9999999999998332 4.42 2.0005482084072552 4.41880418342227 -1.250209723893004e-13
7.5 2.00099999999759 4.42 2.0002886297443405 4.419380949774132 -1.8100340773142959e-12
7.75 2.00099999997126 4.42 2.000094923835287 4.41973206015215 -2.1586786279083474e-11
8.0 2.0009999997160612 4.42 2.000020724190213 4.41993449909056 -2.1327078847736331e-10
8.25 2.000999997682972 4.42 2.0000203905534493 4.419990132812424 -1.7403567350686184e-09
8.5 2.0009999845890882 4.42 2.000039151150465 4.419940343478293 -1.157538197381337e-08
8.75 2.0009999192106394 4.42 2.0000750313317357 4.419827093233767 -6.068217856011783e-08
9.0 2.0009996962691305 4.42 2.0001299496479867 4.419678418498488 -2.2813709273067303e-07
9.25 2.000999493557895 4.42 2.000182824509353 4.419582893276128 -3.803967102260639e-07
9.5 2.0010031513409983 4.42 2.0001905612950392 4.419605506244384 2.3670244376693356e-06
9.75 2.0000358822251654 4.42 2.000035576060463 4.42004838842243 2.695195306443837e-05
10.0 2.0002090443120917 4.42 1.999964266195635 4.420669860405402 0.00015702467937915227
10.25 2.000890976051388 4.42 2.000600249028171 4.420807417747787 0.0006693744426668637
10.5 2.003011350317759 4.42 2.002815378729759 4.420637055545952 0.002263562657804649
10.75 2.0083105247372948 4.42 2.008226331694195 4.420317155408879 0.006254988727532051
11.0 2.018936165733992 4.42 2.01896761953586 4.420089087437571 0.014289354925302632
11.25 2.0356850186288216 4.42 2.03531603756422 4.420947600242876 0.027035756852131283
11.5 2.0552822801890627 4.42 2.0546244777122884 4.423044616039602 0.04207354924039483
11.75 2.0691426958581935 4.42 2.069048084257487 4.419185425866347 0.05278713821237704
12.0 2.0665098707470744 4.42 2.066693271081178 4.418915888252276 0.050747193659481916
12.25 2.0416361374021044 4.42 2.041734062849118 4.419027985597146 0.03158840711176899
12.5 2.0 4.42 2.000342625804232 4.417007460508605 -0.0
12.75 1.957482368365155 4.42 1.9573735954718945 4.419056639400042 -0.03158840711176899
13.0 1.9312050917707424 4.42 1.9310809556107829 4.4201575658599115 -0.050747193659481916
13.25 1.9283834058079075 4.42 1.9293382314895058 4.416150709568508 -0.05278713821237704
13.5 1.9431505605950246 4.42 1.9430184685510352 4.421533476929584 -0.04207354924039483
13.75 1.9636697427603236 4.42 1.9636479790679842 4.421210505807393 -0.027035756852131283
14.0 1.980883849031008 4.42 1.9810806490646735 4.420470196024647 -0.014289354925302632
14.25 1.9916550032110838 4.42 1.991774272758966 4.421427623927993 -0.006254988727532051
14.5 1.996984135714661 4.42 1.9970558579910844 4.422027970428279 -0.002263562657804649
14.75 1.9991086292132314 4.42 1.9992488403603654 4.4211799360403425 -0.0006693744426668637
15.0 1.9997909339657418 4.42 2.0000139955769223 4.421944882296193 -0.00015702467937915227
15.25 1.9999641171348823 4.42 2.000277827079021 4.4221073854846455 -2.695195306443837e-05
15.5 1.9999968486540651 4.42 2.0002506691274355 4.421665191800875 -2.3670244376693356e-06
15.75 2.0000005064419777 4.42 2.000189107234999 4.421254757746123 3.803967102260639e-07
16.0 2.0000003037308236 4.42 2.000161138014391 4.421087625887052 2.2813709273067303e-07
16.25 2.0000000807893574 4.42 2.0001476575667994 4.420966309091051 6.068217856011783e-08
16.5 2.0000000154109117 4.42 2.00011893204012 4.420789849427732 1.157538197381337e-08
16.75 2.000000002317028 4.42 2.000051824552478 4.420354345518442 1.7403567350686184e-09
17.0 2.0000000002839387 4.42 1.9999839281579357 4.419874534047412 2.1327078847736331e-10
17.25 2.0000000000287392 4.42 1.999956127380563 4.419713102239234 2.1586786279083474e-11
17.5 2.0000000000024096 4.42 1.999955254048649 4.419721646162703 1.8100340773142959e-12
17.75 2.0000000000001665 4.42 1.99996872135321 4.41975918481664 1.250209723893004e-13
18.0 2.0000000000000093 4.42 1.9999726480568962 4.41984232745148 6.988407961666439e-15
18.25 2.0000000000000004 4.42 1.9999922582958143 4.419939221587982 3.023468242913689e-16
18.5 2.0 4.42 2.0000266693008206 4.420178066109999 8.808736703694343e-18
18.75 2.0 4.42 2.0000899713631237 4.420597358683422 4.8921798420998234e-20
19.0 2.0 4.42 2.0001451879224748 4.420964104344241 -1.3091921451978668e-20
19.25 2.0 4.42 2.0001487881627056 4.420987975148755 -9.976476910669732e-22
19.5 2.0 4.42 2.000103584886667 4.420687809466543 -4.6815685166807494e-23
19.75 2.0 4.42 2.000045664158329 4.420303207201028 -1.6638083285143045e-24
20.0 2.0 4.42 2.000002660554043 4.42001754887796 -4.7468193800184217e-26
20.25 2.0 4.42 1.9999866603698213 4.419911258803168 -1.111987969600823e-27
20.5 2.0 4.42 1.9999826321024456 4.41988442745314 -2.1566080528120858e-29
20.75 2.0 4.42 1.999982813654018 4.419885905239293 -3.4602839938301873e-31
21.0 2.0 4.42 1.9999851475527997 4.419901398357284 -4.547325892745335e-33
21.25 2.0 4.42 1.9999887033099162 4.419925005937264 -4.767397604445987e-35
21.5 2.0 4.42 1.9999926396172016 4.419951143931788 -3.7190631002266737e-37
21.75 2.0 4.42 1.999996122551 4.4199742762076255 -1.637631564719423e-39
22.0 2.0 4.42 1.9999984179879555 4.419989680592538 6.518129048276597e-42
22.25 2.0 4.42 1.9999994671724135 4.4199965264856935 2.2523830569655327e-43
22.5 2.0 4.42 1.9999998594156816 4.419999050870056 2.7506291988257142e-45
22.75 2.0 4.42 1.9999999884349602 4.419999916437582 2.351308388844086e-47
23.0 2.0 4.42 2.000000015432639 4.420000101106638 1.5726437566102247e-49
23.25 2.0 4.42 2.000000007881385 4.420000052231456 8.548289091174405e-52
23.5 2.0 4.42 1.9999999983277708 4.419999988891108 3.833786490499683e-54
23.75 2.0 4.42 1.9999999960302843 4.419999973642935 1.4244864646060943e-56
24.0 2.0 4.42 1.99999999807333 4.4199999872070395 4.36567780080435e-59
24.25 2.0 4.42 2.000000000057905 4.4200000003798205 1.0864518245663961e-61
24.5 2.0 4.42 2.000000000556053 4.420000003701382 2.1109980944259782e-64
24.75 2.0 4.42 2.0000000002341274 4.420000001589523 2.850203213424424e-67
