0.0 2.0 4.42 2.000000000001787 4.420000000003345 -1.2485577391691675e-70
0.25 2.0 4.42 2.000000000003964 4.419999999994661 -2.850203213424424e-67
0.5 2.0 4.42 1.999999999996505 4.420000000008621 -2.1109980944259782e-64
0.75 2.0 4.42 1.999999999955745 4.420000000097964 -1.0864518245663961e-61
1.0 2.0 4.42 1.999999999903409 4.4200000002139 -4.36567780080435e-59
1.25 2.0 4.42 2.000000000109409 4.419999999756728 -1.4244864646060943e-56
1.5 2.0 4.42 2.000000001143372 4.419999997461618 -3.833786490499683e-54
1.75 2.0 4.42 2.0000000024507663 4.419999994559463 -8.548289091174405e-52
2.0 2.0 4.42 1.9999999982080081 4.420000003978019 -1.5726437566102247e-49
2.25 2.0 4.42 1.9999999763982874 4.420000052393396 -2.351308388844086e-47
2.5 2.0 4.42 1.999999943840317 4.420000124668789 -2.7506291988257142e-45
2.75 2.0 4.42 1.9999999964951891 4.420000007780312 -2.2523830569655327e-43
3.0 2.0 4.42 2.0000003521366767 4.419999218292061 -6.518129048276597e-42
3.25 2.0 4.42 2.000001048128233 4.419997673259899 1.637631564719423e-39
3.5 2.0 4.42 2.00000102722457 4.419997719664201 3.7190631002266737e-37
3.75 2.0 4.42 1.999997326586922 4.4200059346886 4.767397604445987e-35
4.0 2.0 4.42 1.99998703749209 4.420028775145755 4.547325892745335e-33
4.25 2.0 4.42 1.9999749024055165 4.420055713058499 3.4602839938301873e-31
4.5 2.0 4.42 1.9999834597272546 4.420036717219444 2.1566080528120858e-29
4.75 2.0 4.42 2.00005212857686 4.419884274053345 1.111987969600823e-27
5.0 2.0 4.42 2.0002112166566333 4.419531042442664 4.7468193800184217e-26
5.25 2.0 4.42 2.0004416569022276 4.419019238723591 1.6638083285143045e-24
5.5 2.0 4.42 2.000664379802225 4.418524410684094 4.6815685166807494e-23
5.75 2.0 4.42 2.000792520189347 4.418239641590366 9.976476910669732e-22
6.0 2.0 4.42 2.0008082035768284 4.418204782032097 1.3091921451978668e-20
6.25 2.0 4.42 2.000775131621508 4.4182782853596345 -4.8921798420998234e-20
6.5 2.0 4.42 2.000760841082206 4.418310045247007 -8.808736703694343e-18
6.75 1.9999999999999996 4.42 2.000758155784483 4.418316012860762 -3.023468242913689e-16
7.0 1.9999999999999907 4.42 2.0006998564251113 4.418445570830135 -6.988407961666439e-15
7.25 1.9999999999998332 4.42 2.0005401432230028 4.418800444897999 -1.250209723893004e-13
7.5 2.00099999999759 4.42 2.000306628653795 4.41931915261579 -1.8100340773142959e-12
7.75 2.00099999997126 4.42 2.0000842440972537 4.419812967436581 -2.1586786279083474e-11
8.0 2.0009999997160612 4.42 1.999956719906724 4.420096066052507 -2.1327078847736331e-10
8.25 2.000999997682972 4.42 1.9999436337569527 4.4201251181463785 -1.7403567350686184e-09
8.5 2.0009999845890882 4.42 1.9999865649557131 4.420029790171803 -1.157538197381337e-08
8.75 2.0009999192106394 4.42 2.0000129590262334 4.419971018167699 -6.068217856011783e-08
9.0 2.0009996962691305 4.42 2.000006226786163 4.419985461796592 -2.2813709273067303e-07
9.25 2.000999493557895 4.42 1.9999946807191966 4.420010741343971 -3.803967102260639e-07
9.5 2.0010031513409983 4.42 1.9999982292291354 4.420011047162996 2.3670244376693356e-06
9.75 2.0000358822251654 4.42 2.0000335488558694 4.4200050550643795 2.695195306443837e-05
10.0 2.0002090443120917 4.42 2.0002057446775785 4.420006853192659 0.00015702467937915227
10.25 2.000890976051388 4.42 2.0008872622227245 4.420008177983242 0.0006693744426668637
10.5 2.003011350317759 4.42 2.0030098416203197 4.420004601060697 0.002263562657804649
10.75 2.0083105247372948 4.42 2.0083118245793132 4.419998605963517 0.006254988727532051
11.0 2.018936165733992 4.42 2.018940057324039 4.419989511457796 0.014289354925302632
11.25 2.0356850186288216 4.42 2.0356910592983173 4.419979688664268 0.027035756852131283
11.5 2.0552822801890627 4.42 2.055289834203655 4.419977783962212 0.04207354924039483
11.75 2.0691426958581935 4.42 2.0691515939324603 4.41998931035862 0.05278713821237704
12.0 2.0665098707470744 4.42 2.0665191872849693 4.420006877632413 0.050747193659481916
12.25 2.0416361374021044 4.42 2.0416423037499674 4.420009168034282 0.03158840711176899
12.5 2.0 4.42 1.9999974254012522 4.419977345131168 -0.0
12.75 1.957482368365155 4.42 1.9574677469971795 4.419920797554026 -0.03158840711176899
13.0 1.9312050917707424 4.42 1.9311831911154058 4.4198875763837515 -0.050747193659481916
13.25 1.9283834058079075 4.42 1.928369572955063 4.419945263065356 -0.05278713821237704
13.5 1.9431505605950246 4.42 1.9431667963293753 4.420139813633364 -0.04207354924039483
13.75 1.9636697427603236 4.42 1.963735698501679 4.420460338016871 -0.027035756852131283
14.0 1.980883849031008 4.42 1.9810085027112292 4.4208405729920885 -0.014289354925302632
14.25 1.9916550032110838 4.42 1.991834681649247 4.421199141773374 -0.006254988727532051
14.5 1.996984135714661 4.42 1.9972072924990687 4.421484123099862 -0.002263562657804649
14.75 1.9991086292132314 4.42 1.9993622641547752 4.421684918415978 -0.0006693744426668637
15.0 1.9997909339657418 4.42 2.0000631169823224 4.4218075568413 -0.00015702467937915227
15.25 1.9999641171348823 4.42 2.000241719928192 4.421843411218242 -2.695195306443837e-05
15.5 1.9999968486540651 4.42 2.0002625163453085 4.421764126764225 -2.3670244376693356e-06
15.75 2.0000005064419777 4.42 2.000233572302803 4.421547623898419 3.803967102260639e-07
16.0 2.0000003037308236 4.42 2.000182520855131 4.421209958570279 2.2813709273067303e-07
16.25 2.0000000807893574 4.42 2.000122542883715 4.420813161310052 6.068217856011783e-08
16.5 2.0000000154109117 4.42 2.0000664452671253 4.420441095341913 1.157538197381337e-08
16.75 2.000000002317028 4.42 2.0000243119694807 4.420161414881987 1.7403567350686184e-09
17.0 2.0000000002839387 4.42 1.999999962461291 4.41999974893963 2.1327078847736331e-10
17.25 2.0000000000287392 4.42 1.9999908828213295 4.419939462814135 2.1586786279083474e-11
17.5 2.0000000000024096 4.42 1.9999911345455832 4.4199411344001245 1.8100340773142959e-12
17.75 2.0000000000001665 4.42 1.9999948374482863 4.419965721228577 1.250209723893004e-13
18.0 2.0000000000000093 4.42 1.999998270671939 4.4199885174444224 6.988407961666439e-15
18.25 2.0000000000000004 4.42 2.00000012610146 4.4200008373013 3.023468242913689e-16
18.5 2.0 4.42 2.0000006232120238 4.420004138065204 8.808736703694343e-18
18.75 2.0 4.42 2.000000460716386 4.420003059110398 4.8921798420998234e-20
19.0 2.0 4.42 2.0000001812837827 4.420001203706005 -1.3091921451978668e-20
19.25 2.0 4.42 2.000000011014234 4.42000007313343 -9.976476910669732e-22
19.5 2.0 4.42 1.9999999606732404 4.4199997388743375 -4.6815685166807494e-23
19.75 2.0 4.42 1.9999999696602593 4.419999798547225 -1.6638083285143045e-24
20.0 2.0 4.42 1.9999999890017879 4.419999926973004 -4.7468193800184217e-26
20.25 2.0 4.42 1.999999999953176 4.4199999996891055 -1.111987969600823e-27
20.5 2.0 4.42 2.000000002516444 4.4200000167089435 -2.1566080528120858e-29
20.75 2.0 4.42 2.000000001586546 4.420000010534516 -3.4602839938301873e-31
21.0 2.0 4.42 2.00000000041587 4.420000002761347 -4.547325892745335e-33
21.25 2.0 4.42 1.9999999999080205 4.419999999389276 -4.767397604445987e-35
21.5 2.0 4.42 1.9999999998597977 4.41999999906908 -3.7190631002266737e-37
21.75 2.0 4.42 1.9999999999392628 4.419999999596728 -1.637631564719423e-39
22.0 2.0 4.42 1.99999999999427 4.419999999961963 6.518129048276597e-42
22.25 2.0 4.42 2.000000000008713 4.4200000000578665 2.2523830569655327e-43
22.5 2.0 4.42 2.000000000005699 4.420000000037859 2.7506291988257142e-45
22.75 2.0 4.42 2.000000000001326 4.420000000008821 2.351308388844086e-47
23.0 2.0 4.42 1.999999999999631 4.419999999997558 1.5726437566102247e-49
23.25 2.0 4.42 1.999999999999578 4.419999999997203 8.548289091174405e-52
23.5 2.0 4.42 1.999999999999857 4.4199999999990585 3.833786490499683e-54
23.75 2.0 4.42 2.000000000000002 4.42000000000002 1.4244864646060943e-56
24.0 2.0 4.42 2.000000000000022 4.420000000000159 4.36567780080435e-59
24.25 2.0 4.42 2.000000000000008 4.420000000000059 1.0864518245663961e-61
24.5 2.0 4.42 1.9999999999999982 4.419999999999989 2.1109980944259782e-64
24.75 2.0 4.42 1.9999999999999967 4.419999999999979 2.850203213424424e-67
