0.0 2.0 4.42 2.000000000000046 4.419999999999758 -1.2485577391691675e-70
0.25 2.0 4.42 1.9999999999993543 4.420000000001986 -2.850203213424424e-67
0.5 2.0 4.42 1.999999999999491 4.420000000001572 -2.1109980944259782e-64
0.75 2.0 4.42 2.000000000005012 4.419999999989223 -1.0864518245663961e-61
1.0 2.0 4.42 2.000000000006704 4.4199999999854285 -4.36567780080435e-59
1.25 2.0 4.42 1.9999999999686149 4.420000000068274 -1.4244864646060943e-56
1.5 2.0 4.42 1.9999999999349105 4.420000000148052 -3.833786490499683e-54
1.75 2.0 4.42 2.000000000164706 4.419999999629052 -8.548289091174405e-52
2.0 2.0 4.42 2.000000000553182 4.41999999876915 -1.5726437566102247e-49
2.25 2.0 4.42 1.9999999994219664 4.420000001326741 -2.351308388844086e-47
2.5 2.0 4.42 1.999999996173436 4.420000008348274 -2.7506291988257142e-45
2.75 2.0 4.42 2.0000000003067937 4.419999999596259 -2.2523830569655327e-43
3.0 2.0 4.42 2.000000023445472 4.419999947813647 -6.518129048276597e-42
3.25 2.0 4.42 2.0000000285271122 4.4199999354045865 1.637631564719423e-39
3.5 2.0 4.42 1.9999999280240535 4.420000164095303 3.7190631002266737e-37
3.75 2.0 4.42 1.9999998368540772 4.420000337916955 4.767397604445987e-35
4.0 2.0 4.42 2.000000548519898 4.419998830103935 4.547325892745335e-33
4.25 2.0 4.42 2.000004115257196 4.419990966946173 3.4602839938301873e-31
4.5 2.0 4.42 2.000017212797757 4.419961871167947 2.1566080528120858e-29
4.75 2.0 4.42 2.000064294011403 4.419857482197678 1.111987969600823e-27
5.0 2.0 4.42 2.000225491901477 4.419497544415592 4.7468193800184217e-26
5.25 2.0 4.42 2.000477369773697 4.418955952763321 1.6638083285143045e-24
5.5 2.0 4.42 2.0006486678651783 4.418528786396234 4.6815685166807494e-23
5.75 2.0 4.42 2.00072746228727 4.418398538746462 9.976476910669732e-22
6.0 2.0 4.42 2.000751052503591 4.418359422707942 1.3091921451978668e-20
6.25 2.0 4.42 2.0007488196993064 4.418329707104272 -4.8921798420998234e-20
6.5 2.0 4.42 2.0007425083286225 4.418331832660876 -8.808736703694343e-18
6.75 1.9999999999999996 4.42 2.0007311896329103 4.4183668008348835 -3.023468242913689e-16
7.0 1.9999999999999907 4.42 2.0006861766189097 4.4184852488033926 -6.988407961666439e-15
7.25 1.9999999999998332 4.42 2.000538853383335 4.418825890080734 -1.250209723893004e-13
7.5 2.00099999999759 4.42 2.000280268971812 4.419400628084746 -1.8100340773142959e-12
7.75 2.00099999997126 4.42 2.0000864079136265 4.419751267556007 -2.1586786279083474e-11
8.0 2.0009999997160612 4.42 2.0000089201815188 4.419961265675528 -2.1327078847736331e-10
8.25 2.000999997682972 4.42 2.000003395626456 4.420028314586226 -1.7403567350686184e-09
8.5 2.0009999845890882 4.42 2.000001824521118 4.420018991202808 -1.157538197381337e-08
8.75 2.0009999192106394 4.42 1.9999977165659022 4.4199837812562395 -6.068217856011783e-08
9.0 2.0009996962691305 4.42 1.9999967557816278 4.419984840062339 -2.2813709273067303e-07
9.25 2.000999493557895 4.42 1.9999987983558836 4.42000911724169 -3.803967102260639e-07
9.5 2.0010031513409983 4.42 2.000003435223442 4.420019412683695 2.3670244376693356e-06
9.75 2.0000358822251654 4.42 2.0000333879827754 4.420006121311667 2.695195306443837e-05
10.0 2.0002090443120917 4.42 2.0002034510209565 4.419992013774006 0.00015702467937915227
10.25 2.000890976051388 4.42 2.000886404745252 4.419995093104973 0.0006693744426668637
10.5 2.003011350317759 4.42 2.0030110751546206 4.42001038437784 0.002263562657804649
10.75 2.0083105247372948 4.42 2.008313985963911 4.420016091933656 0.006254988727532051
11.0 2.018936165733992 4.42 2.018940806716694 4.4199984384236695 0.014289354925302632
11.25 2.0356850186288216 4.42 2.035688748981739 4.4199749066372345 0.027035756852131283
11.5 2.0552822801890627 4.42 2.0552862967243133 4.419967389941238 0.04207354924039483
11.75 2.0691426958581935 4.42 2.069151002829579 4.419976303727651 0.05278713821237704
12.0 2.0665098707470744 4.42 2.0665182783579263 4.419997260576377 0.050747193659481916
12.25 2.0416361374021044 4.42 2.041639334096735 4.420007555904782 0.03158840711176899
12.5 2.0 4.42 2.0000060335223857 4.419992667728572 -0.0
12.75 1.957482368365155 4.42 1.9574755412334688 4.420019895087799 -0.03158840711176899
13.0 1.9312050917707424 4.42 1.931207287604901 4.420003488158065 -0.050747193659481916
13.25 1.9283834058079075 4.42 1.9283823498146242 4.420050522012872 -0.05278713821237704
13.5 1.9431505605950246 4.42 1.943166998754803 4.4201339568607985 -0.04207354924039483
13.75 1.9636697427603236 4.42 1.963724712271993 4.42038660728843 -0.027035756852131283
14.0 1.980883849031008 4.42 1.9810013279658603 4.42079580036885 -0.014289354925302632
14.25 1.9916550032110838 4.42 1.9918372724898312 4.4212044392201655 -0.006254988727532051
14.5 1.996984135714661 4.42 1.9972076717566376 4.4215041567021665 -0.002263562657804649
14.75 1.9991086292132314 4.42 1.9993545024638824 4.421625823551961 -0.0006693744426668637
15.0 1.9997909339657418 4.42 2.0000440225188796 4.421663061469151 -0.00015702467937915227
15.25 1.9999641171348823 4.42 2.000211887053353 4.42167044209285 -2.695195306443837e-05
15.5 1.9999968486540651 4.42 2.000243660779792 4.421624240383295 -2.3670244376693356e-06
15.75 2.0000005064419777 4.42 2.000230590402947 4.421532403355537 3.803967102260639e-07
16.0 2.0000003037308236 4.42 2.000192965436213 4.421278894521434 2.2813709273067303e-07
16.25 2.0000000807893574 4.42 2.0001285925100607 4.420853339695654 6.068217856011783e-08
16.5 2.0000000154109117 4.42 2.0000638004041553 4.420423509912258 1.157538197381337e-08
16.75 2.000000002317028 4.42 2.0000230700676824 4.4201530702818665 1.7403567350686184e-09
17.0 2.0000000002839387 4.42 2.0000080235357625 4.4200530686389214 2.1327078847736331e-10
17.25 2.0000000000287392 4.42 2.0000026829271844 4.420017469273896 2.1586786279083474e-11
17.5 2.0000000000024096 4.42 2.000000821662098 4.420005161647966 1.8100340773142959e-12
17.75 2.0000000000001665 4.42 2.000000188429854 4.420001235391956 1.250209723893004e-13
18.0 2.0000000000000093 4.42 2.00000001438723 4.420000115414435 6.988407961666439e-15
18.25 2.0000000000000004 4.42 1.9999999853336377 4.41999990533941 3.023468242913689e-16
18.5 2.0 4.42 1.99999999496533 4.419999966734367 8.808736703694343e-18
18.75 2.0 4.42 2.0000000036246735 4.420000024077842 4.8921798420998234e-20
19.0 2.0 4.42 2.000000003612316 4.420000023983223 -1.3091921451978668e-20
19.25 2.0 4.42 2.0000000007320278 4.420000004860624 -9.976476910669732e-22
19.5 2.0 4.42 1.9999999993861617 4.41999999592419 -4.6815685166807494e-23
19.75 2.0 4.42 1.9999999995864868 4.4199999972543385 -1.6638083285143045e-24
20.0 2.0 4.42 2.0000000000095692 4.420000000063546 -4.7468193800184217e-26
20.25 2.0 4.42 2.0000000001090066 4.420000000723805 -1.111987969600823e-27
20.5 2.0 4.42 2.0000000000348246 4.420000000231247 -2.1566080528120858e-29
20.75 2.0 4.42 1.999999999984847 4.419999999899407 -3.4602839938301873e-31
21.0 2.0 4.42 1.9999999999870037 4.419999999913726 -4.547325892745335e-33
21.25 2.0 4.42 1.9999999999997027 4.419999999998038 -4.767397604445987e-35
21.5 2.0 4.42 2.0000000000029163 4.420000000019374 -3.7190631002266737e-37
21.75 2.0 4.42 2.0000000000008615 4.420000000005733 -1.637631564719423e-39
22.0 2.0 4.42 1.9999999999995695 4.41999999999715 6.518129048276597e-42
22.25 2.0 4.42 1.9999999999996967 4.419999999997995 2.2523830569655327e-43
22.5 2.0 4.42 2.0000000000000155 4.4200000000001145 2.7506291988257142e-45
22.75 2.0 4.42 2.0000000000000653 4.42000000000044 2.351308388844086e-47
23.0 2.0 4.42 2.000000000000008 4.420000000000059 1.5726437566102247e-49
23.25 2.0 4.42 1.9999999999999845 4.419999999999908 8.548289091174405e-52
23.5 2.0 4.42 1.9999999999999922 4.419999999999956 3.833786490499683e-54
23.75 2.0 4.42 1.9999999999999991 4.419999999999998 1.4244864646060943e-56
24.0 2.0 4.42 2.0 4.420000000000002 4.36567780080435e-59
24.25 2.0 4.42 2.0 4.42 1.0864518245663961e-61
24.5 2.0 4.42 2.0 4.42 2.1109980944259782e-64
24.75 2.0 4.42 2.0 4.42 2.850203213424424e-67
