0.0 2.0 4.42 2.0 4.42 -1.2485577391691675e-70
0.025 2.0 4.42 2.0 4.42 -3.207128725903494e-70
0.05 2.0 4.42 2.0 4.42 -7.61021152254107e-70
0.07500000000000001 2.0 4.42 2.0 4.42 -1.7199764743941343e-69
0.1 2.0 4.42 2.0 4.42 -3.760245770446665e-69
0.125 2.0 4.42 2.0 4.42 -8.023378137447364e-69
0.15000000000000002 2.0 4.42 2.0 4.42 -1.6803071359948142e-68
0.17500000000000002 2.0 4.42 2.0 4.42 -3.466961123203379e-68
0.2 2.0 4.42 2.0 4.42 -7.066277007771242e-68
0.225 2.0 4.42 2.0 4.42 -1.4254606042637545e-67
0.25 2.0 4.42 2.0 4.42 -2.850203213424424e-67
0.275 2.0 4.42 2.0 4.42 -5.6551073145168206e-67
0.30000000000000004 2.0 4.42 2.0 4.42 -1.1143840376281877e-66
0.325 2.0 4.42 2.0 4.42 -2.182559875779752e-66
0.35000000000000003 2.0 4.42 2.0 4.42 -4.250945511354934e-66
0.375 2.0 4.42 2.0 4.42 -8.237583357394523e-66
0.4 2.0 4.42 2.0 4.42 -1.5888450293899902e-65
0.42500000000000004 2.0 4.42 2.0 4.42 -3.05123791520653e-65
0.45 2.0 4.42 2.0 4.42 -5.83588937011854e-65
0.47500000000000003 2.0 4.42 2.0 4.42 -1.1119377206531254e-64
0.5 2.0 4.42 2.0 4.42 -2.1109980944259782e-64
0.525 2.0 4.42 2.0 4.42 -3.99400634946599e-64
0.55 2.0 4.42 2.0 4.42 -7.532042663427859e-64
0.5750000000000001 2.0 4.42 2.0 4.42 -1.415992906768477e-63
0.6000000000000001 2.0 4.42 2.0 4.42 -2.6540415818424765e-63
0.625 2.0 4.42 2.0 4.42 -4.960217038783217e-63
0.65 2.0 4.42 2.0 4.42 -9.244484572660568e-63
0.675 2.0 4.42 2.0 4.42 -1.718272474634892e-62
0.7000000000000001 2.0 4.42 2.0 4.42 -3.1853928444269616e-62
0.7250000000000001 2.0 4.42 2.0 4.42 -5.890152117734197e-62
0.75 2.0 4.42 2.0 4.42 -1.0864518245663961e-61
0.775 2.0 4.42 2.0 4.42 -1.999125932595272e-61
0.8 2.0 4.42 2.0 4.42 -3.6697668525828435e-61
0.8250000000000001 2.0 4.42 2.0 4.42 -6.720882163419382e-61
0.8500000000000001 2.0 4.42 2.0 4.42 -1.2280684238163775e-60
0.875 2.0 4.42 2.0 4.42 -2.2389513277987053e-60
0.9 2.0 4.42 2.0 4.42 -4.0729434217744756e-60
0.925 2.0 4.42 2.0 4.42 -7.393127966516549e-60
0.9500000000000001 2.0 4.42 2.0 4.42 -1.3391137051841452e-59
0.9750000000000001 2.0 4.42 2.0 4.42 -2.420406029382249e-59
1.0 2.0 4.42 2.0 4.42 -4.36567780080435e-59
1.0250000000000001 2.0 4.42 2.0 4.42 -7.8581087712697095e-59
1.05 2.0 4.42 2.0 4.42 -1.411551286346563e-58
1.075 2.0 4.42 2.0 4.42 -2.530440596163147e-58
1.1 2.0 4.42 2.0 4.42 -4.527144471640695e-58
1.125 2.0 4.42 2.0 4.42 -8.083295968589929e-58
1.1500000000000001 2.0 4.42 2.0 4.42 -1.4404397548971597e-57
1.175 2.0 4.42 2.0 4.42 -2.5618293684040885e-57
1.2000000000000002 2.0 4.42 2.0 4.42 -4.5473588753179857e-57
1.225 2.0 4.42 2.0 4.42 -8.056142177712438e-57
1.25 2.0 4.42 2.0 4.42 -1.4244864646060943e-56
1.2750000000000001 2.0 4.42 2.0 4.42 -2.5139511568903604e-56
1.3 2.0 4.42 2.0 4.42 -4.428189557266659e-56
1.3250000000000002 2.0 4.42 2.0 4.42 -7.785196324389693e-56
1.35 2.0 4.42 2.0 4.42 -1.3661225834023005e-55
1.375 2.0 4.42 2.0 4.42 -2.3927033740792414e-55
1.4000000000000001 2.0 4.42 2.0 4.42 -4.1828194890858076e-55
1.425 2.0 4.42 2.0 4.42 -7.298474087965946e-55
1.4500000000000002 2.0 4.42 2.0 4.42 -1.2710978009256623e-54
1.475 2.0 4.42 2.0 4.42 -2.209585075711625e-54
1.5 2.0 4.42 2.0 4.42 -3.833786490499683e-54
1.5250000000000001 2.0 4.42 2.0 4.42 -6.639429774965276e-54
1.55 2.0 4.42 2.0 4.42 -1.1476757239728728e-53
1.5750000000000002 2.0 4.42 2.0 4.42 -1.9801254871404934e-53
1.6 2.0 4.42 2.0 4.42 -3.4099698947990406e-53
1.625 2.0 4.42 2.0 4.42 -5.861267598663116e-53
1.6500000000000001 2.0 4.42 2.0 4.42 -1.0055744678944166e-52
1.675 2.0 4.42 2.0 4.42 -1.7219350198428513e-52
1.7000000000000002 2.0 4.42 2.0 4.42 -2.943044929141196e-52
1.725 2.0 4.42 2.0 4.42 -5.020558570927434e-52
1.75 2.0 4.42 2.0 4.42 -8.548289091174405e-52
1.7750000000000001 2.0 4.42 2.0 4.42 -1.452696785103895e-51
1.8 2.0 4.42 2.0 4.42 -2.4639706292681554e-51
1.8250000000000002 2.0 4.42 2.0 4.42 -4.1711573187998824e-51
1.85 2.0 4.42 2.0 4.42 -7.047471785717218e-51
1.875 2.0 4.42 2.0 4.42 -1.1883943908134718e-50
1.9000000000000001 2.0 4.42 2.0 4.42 -2.000011615982941e-50
1.925 2.0 4.42 2.0 4.42 -3.359253341841682e-50
1.9500000000000002 2.0 4.42 2.0 4.42 -5.630984641584324e-50
1.975 2.0 4.42 2.0 4.42 -9.41997283432247e-50
2.0 2.0 4.42 2.0 4.42 -1.5726437566102247e-49
2.025 2.0 4.42 2.0 4.42 -2.620097012181645e-49
2.0500000000000003 2.0 4.42 2.0 4.42 -4.356129591028779e-49
2.075 2.0 4.42 2.0 4.42 -7.227195561827664e-49
2.1 2.0 4.42 2.0 4.42 -1.1964998047712175e-48
2.125 2.0 4.42 2.0 4.42 -1.976589158084722e-48
2.15 2.0 4.42 2.0 4.42 -3.2581201677903115e-48
2.1750000000000003 2.0 4.42 2.0 4.42 -5.358575572987094e-48
2.2 2.0 4.42 2.0 4.42 -8.793189124986368e-48
2.225 2.0 4.42 2.0 4.42 -1.4395935097033357e-47
2.25 2.0 4.42 2.0 4.42 -2.351308388844086e-47
2.275 2.0 4.42 2.0 4.42 -3.831187377468307e-47
2.3000000000000003 2.0 4.42 2.0 4.42 -6.227114849281717e-47
2.325 2.0 4.42 2.0 4.42 -1.0095855044541322e-46
2.35 2.0 4.42 2.0 4.42 -1.632571775631622e-46
2.375 2.0 4.42 2.0 4.42 -2.632942317395744e-46
2.4000000000000004 2.0 4.42 2.0 4.42 -4.23461073102761e-46
2.4250000000000003 2.0 4.42 2.0 4.42 -6.791217650451203e-46
2.45 2.0 4.42 2.0 4.42 -1.0859198604467562e-45
2.475 2.0 4.42 2.0 4.42 -1.73105984679808e-45
2.5 2.0 4.42 2.0 4.42 -2.7506291988257142e-45
2.5250000000000004 2.0 4.42 2.0 4.42 -4.356033735763538e-45
2.5500000000000003 2.0 4.42 2.0 4.42 -6.874067827199131e-45
2.575 2.0 4.42 2.0 4.42 -1.0807188965707083e-44
2.6 2.0 4.42 2.0 4.42 -1.6923394763152405e-44
2.625 2.0 4.42 2.0 4.42 -2.638888646042497e-44
2.6500000000000004 2.0 4.42 2.0 4.42 -4.0961546419023566e-44
2.6750000000000003 2.0 4.42 2.0 4.42 -6.326902277480685e-44
2.7 2.0 4.42 2.0 4.42 -9.72012144562803e-44
2.725 2.0 4.42 2.0 4.42 -1.4845133099631818e-43
2.75 2.0 4.42 2.0 4.42 -2.2523830569655327e-43
2.7750000000000004 2.0 4.42 2.0 4.42 -3.392276304524222e-43
2.8000000000000003 2.0 4.42 2.0 4.42 -5.066210362384411e-43
2.825 2.0 4.42 2.0 4.42 -7.49276645961125e-43
2.85 2.0 4.42 2.0 4.42 -1.0954931288719216e-42
2.875 2.0 4.42 2.0 4.42 -1.5796414191572262e-42
2.9000000000000004 2.0 4.42 2.0 4.42 -2.2389744900556132e-42
2.9250000000000003 2.0 4.42 2.0 4.42 -3.104373336154678e-42
2.95 2.0 4.42 2.0 4.42 -4.1789500664144645e-42
2.975 2.0 4.42 2.0 4.42 -5.393393793276109e-42
3.0 2.0 4.42 2.0 4.42 -6.518129048276597e-42
3.0250000000000004 2.0 4.42 2.0 4.42 -6.997093868289248e-42
3.0500000000000003 2.0 4.42 2.0 4.42 -5.6417737497315465e-42
3.075 2.0 4.42 2.0 4.42 -7.962398971434832e-44
3.1 2.0 4.42 2.0 4.42 1.422411275693031e-41
3.125 2.0 4.42 2.0 4.42 4.567817789604015e-41
3.1500000000000004 2.0 4.42 2.0 4.42 1.0952769302849172e-40
3.1750000000000003 2.0 4.42 2.0 4.42 2.329325329794819e-40
3.2 2.0 4.42 2.0 4.42 4.636017683509511e-40
3.225 2.0 4.42 2.0 4.42 8.843682806708304e-40
3.25 2.0 4.42 2.0 4.42 1.637631564719423e-39
3.2750000000000004 2.0 4.42 2.0 4.42 2.966111642178372e-39
3.3000000000000003 2.0 4.42 2.0 4.42 5.2804380857322505e-39
3.325 2.0 4.42 2.0 4.42 9.270696934396925e-39
3.35 2.0 4.42 2.0 4.42 1.6089691475392133e-38
3.375 2.0 4.42 2.0 4.42 2.7652750956800404e-38
3.4000000000000004 2.0 4.42 2.0 4.42 4.712626436385147e-38
3.4250000000000003 2.0 4.42 2.0 4.42 7.972076175243819e-38
3.45 2.0 4.42 2.0 4.42 1.3397382911216649e-37
3.475 2.0 4.42 2.0 4.42 2.2381838356032733e-37
3.5 2.0 4.42 2.0 4.42 3.7190631002266737e-37
3.5250000000000004 2.0 4.42 2.0 4.42 6.149328554848944e-37
3.5500000000000003 2.0 4.42 2.0 4.42 1.0121407319873481e-36
3.575 2.0 4.42 2.0 4.42 1.6588636843696637e-36
3.6 2.0 4.42 2.0 4.42 2.708035664796088e-36
3.625 2.0 4.42 2.0 4.42 4.404258009248603e-36
3.6500000000000004 2.0 4.42 2.0 4.42 7.137614307672968e-36
3.6750000000000003 2.0 4.42 2.0 4.42 1.1528461656909949e-35
3.7 2.0 4.42 2.0 4.42 1.8560693312315038e-35
3.725 2.0 4.42 2.0 4.42 2.979066736622274e-35
3.75 2.0 4.42 2.0 4.42 4.767397604445987e-35
3.7750000000000004 2.0 4.42 2.0 4.42 7.607531331130017e-35
3.8000000000000003 2.0 4.42 2.0 4.42 1.2106218924007303e-34
3.825 2.0 4.42 2.0 4.42 1.921376879200274e-34
3.85 2.0 4.42 2.0 4.42 3.0415081655923462e-34
3.875 2.0 4.42 2.0 4.42 4.802503147034089e-34
3.9000000000000004 2.0 4.42 2.0 4.42 7.564418649237672e-34
3.9250000000000003 2.0 4.42 2.0 4.42 1.1886038390279906e-33
3.95 2.0 4.42 2.0 4.42 1.8632647696966683e-33
3.975 2.0 4.42 2.0 4.42 2.9141243919621215e-33
4.0 2.0 4.42 2.0 4.42 4.547325892745335e-33
4.025 2.0 4.42 2.0 4.42 7.08003429138678e-33
4.05 2.0 4.42 2.0 4.42 1.0999204945488797e-32
4.075 2.0 4.42 2.0 4.42 1.7050924828732827e-32
4.1000000000000005 2.0 4.42 2.0 4.42 2.6375954000813244e-32
4.125 2.0 4.42 2.0 4.42 4.0714940949284585e-32
4.15 2.0 4.42 2.0 4.42 6.271849961695167e-32
4.175 2.0 4.42 1.9999999999999996 4.42 9.641478893875457e-32
4.2 2.0 4.42 1.9999999999999962 4.420000000000005 1.4791318609840628e-31
4.2250000000000005 2.0 4.42 1.9999999999999916 4.420000000000012 2.2646115092850218e-31
4.25 2.0 4.42 1.9999999999999867 4.420000000000027 3.4602839938301873e-31
4.275 2.0 4.42 1.999999999999981 4.4200000000000355 5.2767676836075284e-31
4.3 2.0 4.42 1.999999999999979 4.420000000000039 8.0309842467275e-31
4.325 2.0 4.42 1.9999999999999796 4.420000000000041 1.219887966077023e-30
4.3500000000000005 2.0 4.42 1.9999999999999776 4.420000000000044 1.8493825857628825e-30
4.375 2.0 4.42 1.9999999999999736 4.420000000000044 2.798298194819873e-30
4.4 2.0 4.42 1.9999999999999685 4.42000000000006 4.225965288071211e-30
4.425 2.0 4.42 1.9999999999999578 4.420000000000086 6.369808936104075e-30
4.45 2.0 4.42 1.9999999999999551 4.4200000000000825 9.582941706884708e-30
4.4750000000000005 2.0 4.42 1.9999999999999791 4.420000000000043 1.4389518087574973e-29
4.5 2.0 4.42 1.999999999999982 4.420000000000011 2.1566080528120858e-29
4.525 2.0 4.42 1.9999999999999174 4.420000000000186 3.2260863834562185e-29
4.55 2.0 4.42 1.9999999999998823 4.4200000000002255 4.8168421569564733e-29
4.575 2.0 4.42 2.000000000000078 4.419999999999815 7.178471636680691e-29
4.6000000000000005 2.0 4.42 2.000000000000216 4.419999999999531 1.0677900206662695e-28
4.625 2.0 4.42 1.9999999999996876 4.420000000000599 1.5853487713817023e-28
4.65 2.0 4.42 1.9999999999991684 4.420000000001962 2.349358714699909e-28
4.675 2.0 4.42 2.0000000000004174 4.419999999998856 3.4750376167468296e-28
4.7 2.0 4.42 2.000000000002447 4.419999999994771 5.130446096074551e-28
4.7250000000000005 2.0 4.42 1.9999999999995328 4.420000000000837 7.560240733947868e-28
4.75 2.0 4.42 1.9999999999928648 4.420000000015806 1.111987969600823e-27
4.775 2.0 4.42 1.9999999999979585 4.420000000004897 1.6324777288682076e-27
4.800000000000001 2.0 4.42 2.000000000018522 4.419999999957859 2.3920791350568763e-27
4.825 2.0 4.42 2.0000000000151825 4.419999999968022 3.498508622723132e-27
4.8500000000000005 2.0 4.42 1.9999999999565485 4.4200000000939745 5.107015027443151e-27
4.875 2.0 4.42 1.999999999935416 4.420000000146065 7.44089836681967e-27
4.9 2.0 4.42 2.000000000080453 4.419999999819421 1.0820679358050657e-26
4.925000000000001 2.0 4.42 2.000000000230126 4.419999999488519 1.5705474219976266e-26
4.95 2.0 4.42 1.9999999999246814 4.42000000017285 2.2751548869943728e-26
4.9750000000000005 2.0 4.42 1.9999999992360977 4.420000001682194 3.2894995160088094e-26
5.0 2.0 4.42 1.9999999993737896 4.420000001410725 4.7468193800184217e-26
5.025 2.0 4.42 2.0000000011521184 4.419999997407829 6.836348138133838e-26
5.050000000000001 2.0 4.42 2.0000000029142404 4.419999993611669 9.826259699366093e-26
5.075 2.0 4.42 2.000000003259373 4.419999992664895 1.4095755114034432e-25
5.1000000000000005 2.0 4.42 2.0000000138176577 4.4199999694149685 2.017982107211274e-25
5.125 2.0 4.42 2.0000000913536513 4.419999797567083 2.8831502816409013e-25
5.15 2.0 4.42 2.000000453070551 4.419998994523395 4.1108315305850485e-25
5.175000000000001 2.0 4.42 2.0000020035199375 4.419995552506312 5.849182239504409e-25
5.2 2.0 4.42 2.000008276795587 4.4199816157189655 8.305265084697836e-25
5.2250000000000005 2.0 4.42 2.0000544696853337 4.419879282828097 1.1767754269319202e-24
5.25 2.0 4.42 2.0001969815211345 4.419562860480552 1.6638083285143045e-24
5.275 2.0 4.42 2.0004211573798782 4.4190626522614025 2.3473041374023936e-24
5.300000000000001 2.0 4.42 2.0006370414272245 4.418590420631961 3.3042837924156444e-24
5.325 2.0 4.42 2.0007577013069517 4.41831108829725 4.64099834688132e-24
5.3500000000000005 2.0 4.42 2.000782055689463 4.418265939428079 6.503606934487226e-24
5.375 2.0 4.42 2.000771275707306 4.418291229287032 9.092577194644609e-24
5.4 2.0 4.42 2.0007569390004756 4.41831216340134 1.2682028866634167e-23
5.425000000000001 2.0 4.42 2.000748468022132 4.418336082232287 1.7645607765431595e-23
5.45 2.0 4.42 2.0007458735460237 4.418348400636992 2.4490938514206842e-23
5.4750000000000005 2.0 4.42 2.0007459329291706 4.418343648157213 3.390527718294937e-23
5.5 2.0 4.42 2.0007474911474046 4.418335684650522 4.6815685166807494e-23
5.525 2.0 4.42 2.000749637638069 4.418335079737669 6.446788458404909e-23
5.550000000000001 2.0 4.42 2.000750328888044 4.418336380835614 8.852893455553563e-23
5.575 2.0 4.42 2.000749466617245 4.4183348045396675 1.2121996938613886e-22
5.6000000000000005 2.0 4.42 2.0007487629649336 4.4183347546659615 1.6548641332673977e-22
5.625 2.0 4.42 2.000749010533006 4.418337100933462 2.252142269674823e-22
5.65 2.0 4.42 2.0007493907934575 4.418337064239513 3.055016545536122e-22
5.675000000000001 2.0 4.42 2.0007494403620907 4.418334645097342 4.1299630014263464e-22
5.7 2.0 4.42 2.000749503194612 4.418334130663808 5.563066249343022e-22
5.7250000000000005 2.0 4.42 2.000749617184625 4.418335594280251 7.464942745661968e-22
5.75 2.0 4.42 2.000749494868398 4.4183359188825175 9.976476910669732e-22
5.775 2.0 4.42 2.0007492746261986 4.418335187550837 1.327526226736045e-21
5.800000000000001 2.0 4.42 2.0007492640032387 4.418335395589237 1.7582444372291907e-21
5.825 2.0 4.42 2.0007493634418605 4.418336116996799 2.3169339133912443e-21
5.8500000000000005 2.0 4.42 2.0007493410180137 4.418335919645957 3.0362683497293437e-21
5.875 2.0 4.42 2.0007492738752233 4.418335337994073 3.954656992153136e-21
5.9 2.0 4.42 2.0007493153161686 4.4183354355467035 5.11578837693969e-21
5.925000000000001 2.0 4.42 2.0007493801542404 4.418335750131811 6.5670206144603765e-21
5.95 2.0 4.42 2.000749358793026 4.418335604856303 8.355838251723559e-21
5.9750000000000005 2.0 4.42 2.000749319537947 4.418335431028547 1.0523189124483777e-20
6.0 2.0 4.42 2.0007493356642048 4.418335652816061 1.3091921451978668e-20
6.025 2.0 4.42 2.000749351125695 4.418335850554163 1.604768304251177e-20
6.050000000000001 2.0 4.42 2.000749320071728 4.418335695703124 1.9308411043164975e-20
6.075 2.0 4.42 2.0007492976912173 4.418335544452983 2.2676779569081865e-20
6.1000000000000005 2.0 4.42 2.0007493152903075 4.418335613980253 2.5767472569967825e-20
6.125 2.0 4.42 2.000749330823439 4.418335648688547 2.789761923259548e-20
6.15 2.0 4.42 2.000749326210588 4.418335569620321 2.7923769080008826e-20
6.175000000000001 2.0 4.42 2.000749328148062 4.418335574824629 2.400184620455049e-20
6.2 2.0 4.42 2.0007493422294633 4.418335697539317 1.323685989615532e-20
6.2250000000000005 2.0 4.42 2.0007493413411686 4.418335736272216 -8.824253177571133e-21
6.25 2.0 4.42 2.000749324278608 4.41833565584832 -4.8921798420998234e-20
6.275 2.0 4.42 2.000749316358907 4.418335611646999 -1.1712514172146412e-19
6.300000000000001 2.0 4.42 2.000749319487125 4.418335618598164 -2.2831278910267004e-19
6.325 2.0 4.42 2.0007493204206446 4.41833560515953 -4.0426416012822785e-19
6.3500000000000005 2.0 4.42 2.0007493194477637 4.418335591200954 -6.76601658932568e-19
6.375 2.0 4.42 2.000749325228411 4.418335633215835 -1.0909101867037715e-18
6.4 2.0 4.42 2.000749333604267 4.418335699968116 -1.7124811617720026e-18
6.425000000000001 2.0 4.42 2.000749332834505 4.418335704890986 -2.634290061535745e-18
6.45 2.0 4.42 2.0007493255190623 4.4183356627943 -3.988034572032288e-18
6.4750000000000005 2.0 4.42 2.0007493203785427 4.418335634743182 -5.9593532496919114e-18
6.5 2.0 4.42 2.0007493175778057 4.418335621303804 -8.808736703694343e-18
6.525 2.0 4.42 2.0007493147573774 4.418335610245358 -1.2900166942861003e-17
6.550000000000001 2.0 4.42 2.0007493145749824 4.418335616044773 -1.8740217965579606e-17
6.575 2.0 4.42 2.0007493197980515 4.418335656263979 -2.7031277165721784e-17
6.6000000000000005 2.0 4.42 2.000749325500312 4.4183356982473105 -3.874377474699012e-17
6.625 2.0 4.42 2.0007493256033477 4.418335700177819 -5.5213930824722155e-17
6.65 2.0 4.42 2.000749322044143 4.418335673752379 -7.827566888087937e-17
6.675000000000001 2.0 4.42 2.0007493192406494 4.418335647303103 -1.1043815715156673e-16
6.7 1.9999999999999996 4.42 2.000749317759599 4.418335625767682 -1.5512412961216225e-16
6.7250000000000005 1.9999999999999996 4.42 2.0007493171713997 4.41833561109715 -2.1698896722718152e-16
6.75 1.9999999999999996 4.42 2.000749319097502 4.4183356167189585 -3.023468242913689e-16
6.775 1.9999999999999996 4.42 2.0007493240278036 4.41833564674657 -4.197382948699487e-16
6.800000000000001 1.9999999999999991 4.42 2.0007493283823874 4.418335675019065 -5.806847812887535e-16
6.825 1.9999999999999987 4.42 2.000749329106182 4.418335677151406 -8.00688552537078e-16
6.8500000000000005 1.9999999999999987 4.42 2.0007493277683666 4.418335658982807 -1.1005553584170277e-15
6.875 1.9999999999999978 4.42 2.0007493269984487 4.418335635484777 -1.5081395283077498e-15
6.9 1.9999999999999973 4.42 2.000749326633753 4.418335613721522 -2.0606411652510937e-15
6.925000000000001 1.999999999999996 4.42 2.0007493250862716 4.418335603405199 -2.8076231563983075e-15
6.95 1.9999999999999951 4.42 2.0007493219563375 4.418335618472474 -3.814964538080919e-15
6.9750000000000005 1.999999999999993 4.42 2.0007493180162905 4.418335656436971 -5.170029138986673e-15
7.0 1.9999999999999907 4.42 2.000749314083221 4.418335691860379 -6.988407961666439e-15
7.025 1.9999999999999876 4.42 2.0007493110039634 4.418335703513232 -9.422694927499562e-15
7.050000000000001 1.9999999999999831 4.42 2.0007493098848927 4.418335694874267 -1.2673883980809923e-14
7.075 1.9999999999999774 4.42 2.000749311140316 4.4183356744004865 -1.700613805461918e-14
7.1000000000000005 1.9999999999999698 4.42 2.0007493132864815 4.418335652019388 -2.276588563206433e-14
7.125 1.9999999999999596 4.42 2.00074930261366 4.418335663975159 -3.0406459207729985e-14
7.15 1.9999999999999458 4.42 2.0007492207013042 4.418335847717567 -4.051981494254537e-14
7.175000000000001 1.999999999999928 4.42 2.0007488450804787 4.41833670108164 -5.387728028906569e-14
7.2 1.999999999999905 4.42 2.0007472384539104 4.41834029587522 -7.148178603823506e-14
7.2250000000000005 1.9999999999998739 4.42 2.0007406038231825 4.418355068508037 -9.463467516962882e-14
7.25 1.9999999999998332 4.42 2.000693062040604 4.4184604242146275 -1.250209723893004e-13
7.275 1.9999999999997806 4.42 2.000551222993484 4.418775756472769 -1.6481798091187783e-13
7.300000000000001 1.9999999999997111 4.42 2.000330310444025 4.419268416346241 -2.1683328998172973e-13
7.325 1.9999999999996212 4.42 2.000116455102108 4.419736478734146 -2.8467977983416343e-13
7.3500000000000005 1.9999999999995033 4.42 1.9999939868495058 4.420019443972432 -3.729970628133679e-13
7.375 1.9999999999993505 4.42 1.9999667724011048 4.420069454282189 -4.87731075149774e-13
7.4 1.9999999999991525 4.42 1.999977012804272 4.420047648564771 -6.364863229835808e-13
7.425000000000001 1.9999999999988964 4.42 1.9999912731467058 4.420026279293811 -8.289686951367867e-13
7.45 1.9999999999985656 4.42 2.000000261691765 4.420000254228235 -1.0775409101704336e-12
7.4750000000000005 1.9999999999981388 4.42 2.000003345228998 4.419987527089342 -1.3979177155221707e-12
7.5 2.00099999999759 4.42 2.0000035949156088 4.419992135085433 -1.8100340773142959e-12
7.525 2.000999999996886 4.42 2.0000019458904674 4.419999580064836 -2.339126995974484e-12
7.550000000000001 2.000999999995983 4.42 1.9999996925175463 4.419999902570687 -3.017080494228466e-12
7.575 2.000999999994829 4.42 1.999998975050295 4.419999260036179 -3.88409402752548e-12
7.6000000000000005 2.000999999993356 4.42 1.9999998803003427 4.420001139691079 -4.990747382234668e-12
7.625 2.0009999999914783 4.42 2.0000005421152625 4.420000941317339 -6.400550420574792e-12
7.65 2.0009999999890917 4.42 2.0000002626243507 4.419998582831255 -8.1930842209193e-12
7.675000000000001 2.000999999986064 4.42 1.999999890168516 4.419998860749461 -1.0467861720582424e-11
7.7 2.0009999999822274 4.42 1.9999998382821027 4.420001220489246 -1.3349061426410604e-11
7.7250000000000005 2.000999999977379 4.42 1.9999997502112046 4.420001457769956 -1.6991317707779093e-11
7.75 2.00099999997126 4.42 1.999999637206472 4.41999995611702 -2.1586786279083474e-11
7.775 2.0009999999635557 4.42 1.9999997869278738 4.419999790664115 -2.7373744425752153e-11
7.800000000000001 2.0009999999538723 4.42 2.0000000254814747 4.4200005881982545 -3.464703309457915e-11
7.825 2.000999999941726 4.42 2.0000000438133494 4.420000332754811 -4.3770702966370494e-11
7.8500000000000005 2.0009999999265182 4.42 1.9999999596625084 4.419999621102664 -5.519328989775615e-11
7.875 2.000999999907516 4.42 1.9999999909739832 4.419999815343782 -6.946621751012237e-11
7.9 2.000999999883818 4.42 2.000000047440684 4.420000294881878 -8.726590704663453e-11
7.925000000000001 2.0009999998543235 4.42 1.9999999924629202 4.420000099930005 -1.094202676805989e-10
7.95 2.000999999817684 4.42 1.9999999251248823 4.419999797443683 -1.369403448902136e-10
7.9750000000000005 2.000999999772261 4.42 1.9999999513154654 4.420000035198356 -1.710580207770042e-10
8.0 2.0009999997160612 4.42 1.9999999920391827 4.420000278956516 -2.1327078847736331e-10
8.025 2.000999999646666 4.42 1.9999999748652635 4.420000085346908 -2.6539476287917325e-10
8.05 2.00099999956115 4.42 1.999999960633239 4.419999906830774 -3.2962724094277563e-10
8.075000000000001 2.000999999455982 4.42 1.999999985732557 4.42000003219778 -4.0862028554370805e-10
8.1 2.000999999326912 4.42 1.9999999945327227 4.420000120741533 -5.055669744560906e-10
8.125 2.0009999991688336 4.42 1.9999999664479595 4.420000029090435 -6.243021272063907e-10
8.15 2.0009999989756313 4.42 1.9999999472718326 4.420000028629044 -7.694194918146766e-10
8.175 2.0009999987399985 4.42 1.9999999525098204 4.420000173633031 -9.464075337165068e-10
8.200000000000001 2.000999998453227 4.42 1.9999999480566535 4.420000212357046 -1.1618061108033733e-09
8.225 2.0009999981049713 4.42 1.999999927258304 4.420000106938774 -1.4233864289221667e-09
8.25 2.000999997682972 4.42 1.999999918761868 4.420000072693218 -1.7403567350686184e-09
8.275 2.0009999971727455 4.42 1.9999999222168208 4.420000135794479 -2.123596200202413e-09
8.3 2.0009999965572303 4.42 1.9999999173342262 4.420000174452989 -2.585919344084918e-09
8.325000000000001 2.000999995816394 4.42 1.9999999053469701 4.420000194640854 -3.1423731284093117e-09
8.35 2.0009999949267914 4.42 1.999999898893321 4.420000255576143 -3.810568451821858e-09
8.375 2.0009999938610714 4.42 1.9999998938681702 4.420000324060403 -4.611047172371882e-09
8.4 2.0009999925874493 4.42 1.999999875706995 4.420000310964376 -5.567684900177361e-09
8.425 2.0009999910691176 4.42 1.999999849330788 4.420000248084269 -6.708128574178038e-09
8.450000000000001 2.0009999892636205 4.42 1.9999998303787676 4.42000024703173 -8.064266176171801e-09
8.475 2.0009999871221966 4.42 1.9999998188048873 4.420000304520128 -9.672723741052234e-09
8.5 2.0009999845890882 4.42 1.999999806945835 4.420000370379574 -1.157538197381337e-08
8.525 2.000999981600842 4.42 1.9999997938938425 4.420000444007951 -1.3819901139804517e-08
8.55 2.000999978085624 4.42 1.9999997796400732 4.420000527798528 -1.6460238289259392e-08
8.575000000000001 2.0009999739625624 4.42 1.9999997585578184 4.420000585422332 -1.9557135117662234e-08
8.6 2.0009999691411866 4.42 1.999999725194578 4.420000577217804 -2.3178547627291094e-08
8.625 2.000999963520973 4.42 1.9999996865976761 4.420000545828827 -2.7399979986059073e-08
8.65 2.000999956991097 4.42 1.9999996536033797 4.420000566664509 -3.230467428442141e-08
8.675 2.0009999494304522 4.42 1.9999996252960217 4.420000645129304 -3.798359493613758e-08
8.700000000000001 2.00099994070805 4.42 1.999999595724962 4.420000744719394 -4.453513087667617e-08
8.725 2.000999930683913 4.42 1.999999563203171 4.420000851789423 -5.2064420059472794e-08
8.75 2.0009999192106394 4.42 1.9999995262811914 4.420000954258305 -6.068217856011783e-08
8.775 2.000999906135811 4.42 1.99999948055248 4.420001024790277 -7.050289034369548e-08
8.8 2.000999891305488 4.42 1.9999994241199148 4.420001051546738 -8.16421828472761e-08
8.825000000000001 2.000999874569064 4.42 1.9999993630912702 4.420001075982913 -9.42131773370399e-08
8.85 2.0009998557858344 4.42 1.999999304231721 4.420001146053225 -1.0832156081889094e-07
8.875 2.0009998348336535 4.42 1.9999992468978924 4.420001258943872 -1.240590773561188e-07
8.9 2.000999811620189 4.42 1.9999991870220637 4.420001386187756 -1.4149508016508565e-07
8.925 2.0009997860973088 4.42 1.9999991224405398 4.42000151222566 -1.6066572095482354e-07
8.950000000000001 2.000999758279288 4.42 1.9999990511496097 4.420001626325459 -1.8156027873583417e-07
8.975 2.000999728265588 4.42 1.999998970658514 4.420001715183528 -2.0410404579461039e-07
9.0 2.0009996962691305 4.42 1.999998881999784 4.4200017837920464 -2.2813709273067303e-07
9.025 2.0009996626511026 4.42 1.9999987910001433 4.4200018661126945 -2.5338812638281813e-07
9.05 2.000999627963502 4.42 1.999998702196867 4.420001988901052 -2.794425331313558e-07
9.075000000000001 2.0009995930008104 4.42 1.999998614816948 4.420002143511079 -3.057035644737143e-07
9.1 2.0009995588623912 4.42 1.9999985265738294 4.420002308320859 -3.3134547099711315e-07
9.125 2.0009995270274166 4.42 1.9999984373118123 4.420002470711919 -3.552572240524588e-07
9.15 2.0009994994443767 4.42 1.999998347768853 4.420002621097959 -3.759752808138156e-07
9.175 2.00099947863751 4.42 1.9999982588032088 4.42000274924443 -3.9160364737948985e-07
9.200000000000001 2.000999467832746 4.42 1.9999981741118829 4.420002859664029 -3.9971927571543875e-07
9.225 2.0009994711061196 4.42 1.9999981016258273 4.420002977475274 -3.9726059338094177e-07
9.25 2.000999493557895 4.42 1.9999980501687067 4.420003125342244 -3.803967102260639e-07
9.275 2.0009995415160615 4.42 1.999998026534197 4.420003305128842 -3.443745740814826e-07
9.3 2.0009996227731897 4.42 1.9999980368937431 4.42000350631253 -2.8334105876507274e-07
9.325000000000001 2.0009997468610963 4.42 1.9999980889336166 4.420003716177156 -1.9013666388823996e-07
9.35 2.00099992536813 4.42 1.999998191988247 4.420003917920177 -5.605718890501236e-08
9.375 2.0010001723043866 4.42 1.9999983577634173 4.420004094444323 1.2942058380315937e-07
9.4 2.0010005045205523 4.42 1.9999986032434933 4.420004245457935 3.789534969636227e-07
9.425 2.001000942186571 4.42 1.9999989521292187 4.4200043933494175 7.076915558651469e-07
9.450000000000001 2.001001509336739 4.42 1.9999994323708896 4.420004562241978 1.1336873698566534e-06
9.475 2.0010022344882983 4.42 2.000000073778423 4.4200047584315385 1.6783608011039327e-06
9.5 2.0010031513409983 4.42 2.000000908945563 4.420004972498348 2.3670244376693356e-06
9.525 2.00000429956549 4.42 2.0000019755383676 4.420005189148485 3.229475799034653e-06
9.55 2.0000057256887533 4.42 2.0000033178803696 4.420005391401285 4.3006624412371665e-06
9.575000000000001 2.000007484085064 4.42 2.000004989063286 4.420005567915454 5.62142634543546e-06
9.600000000000001 2.0000096380811825 4.42 2.000007053799986 4.420005725091425 7.239334136373669e-06
9.625 2.000012261184625 4.42 2.0000095893047116 4.420005884763659 9.209599773068e-06
9.65 2.000015438443837 4.42 2.0000126837848318 4.420006064877233 1.1596106369122588e-05
9.675 2.0000192679490225 4.42 2.0000164358986066 4.420006265853765 1.4472533719284427e-05
9.700000000000001 2.000023862482087 4.42 2.0000209569722376 4.4200064746190115 1.7923597916040973e-05
9.725000000000001 2.0000293513237444 4.42 2.0000263741125837 4.420006673226624 2.2046409118175832e-05
9.75 2.0000358822251654 4.42 2.0000328328885337 4.420006843570553 2.695195306443837e-05
9.775 2.000043623550734 4.42 2.000040500651976 4.420006975060781 3.276670129149581e-05
9.8 2.0000527665973293 4.42 2.0000495705249124 4.420007075882023 3.9634354197480685e-05
9.825000000000001 2.000063528094208 4.42 2.000060263714084 4.420007171800921 4.771772007213217e-05
9.850000000000001 2.0000761528858533 4.42 2.0000728295373706 4.42000728836957 5.720073197347757e-05
9.875 2.0000909167981953 4.42 2.000087545465016 4.420007432403709 6.829060285179713e-05
9.9 2.000108129686216 4.42 2.0001047195997934 4.420007587901876 8.1220117588032e-05
9.925 2.0001281386582956 4.42 2.0001246955805256 4.420007727570835 9.62500586113735e-05
9.950000000000001 2.00015133146952 4.42 2.00014785806035 4.4200078266685825 0.00011367175947743903
9.975000000000001 2.00017814007272 4.42 2.0001746385461403 4.4200078777610265 0.00013380977821490233
10.0 2.0002090443120917 4.42 2.00020552005134 4.420007897940641 0.00015702467937915227
10.025 2.000244575739986 4.42 2.0002410387134333 4.4200079131723555 0.0001837159105850429
10.05 2.00028532153272 4.42 2.0002817842735556 4.420007936510653 0.00021432475583056692
10.075000000000001 2.000331928476219 4.42 2.0003284025865344 4.420007957655746 0.00024933734417856523
10.100000000000001 2.0003851069867857 4.42 2.0003816012227196 4.420007953990737 0.00028928768834964567
10.125 2.0004456351265536 4.42 2.000442155713775 4.420007905099681 0.00033476072351890226
10.15 2.0005143625670425 4.42 2.000510915150045 4.420007803436098 0.00038639531213171874
10.175 2.0005922144479062 4.42 2.000588806628748 4.420007658776973 0.0004448871758980226
10.200000000000001 2.0006801950714483 4.42 2.000676837886859 4.420007490748284 0.0005109917113368845
10.225000000000001 2.000779391366848 4.42 2.0007760988448227 4.420007316508933 0.0005855266403797992
10.25 2.000890976051388 4.42 2.000887763171325 4.420007140009437 0.0006693744426668637
10.275 2.001016210409472 4.42 2.001013090937368 4.420006951068127 0.0007634845113596697
10.3 2.001156446603855 4.42 2.001153432319 4.42000673479405 0.0008688749696318584
10.325000000000001 2.0013131294275595 4.42 2.001310230913678 4.420006481913612 0.0009866340805762504
10.350000000000001 2.0014877973994554 4.42 2.001485025564733 4.420006193618475 0.0011179211791870934
10.375 2.001682083101675 4.42 2.001679450232585 4.42000587852781 0.0012639670514472895
10.4 2.001897712653019 4.42 2.0018952321530237 4.420005544041296 0.0014260736824893974
10.425 2.002136504209535 4.42 2.0021341891624616 4.420005188455777 0.001605613293427514
10.450000000000001 2.0024003653816465 4.42 2.002398227244993 4.4200048018597755 0.001804026584901746
10.475000000000001 2.002691289456798 4.42 2.002689338268653 4.420004376304767 0.0020228201047651196
10.5 2.003011350317759 4.42 2.0030095962607652 4.420003914801948 0.002263562657804649
10.525 2.003362695949631 4.42 2.0033611505543414 4.420003428819341 0.0025278806770498556
10.55 2.0037475404335034 4.42 2.0037462160578765 4.4200029269574 0.0028174524792057894
10.575000000000001 2.004168154331674 4.42 2.004167062479568 4.42000240729716 0.003134001331169485
10.600000000000001 2.0046268533785843 4.42 2.0046260036722154 4.420001861618066 0.003479287260551768
10.625 2.005125985403279 4.42 2.005125386249324 4.420001286598181 0.003855097550723615
10.65 2.0056679154232864 4.42 2.0056675756228337 4.420000690192766 0.0042632358702114435
10.675 2.0062550088664732 4.42 2.006254938507064 4.420000086802203 0.00470550999733299
10.700000000000001 2.006889612896665 4.42 2.0068898225254066 4.419999485786467 0.0051837181138285875
10.725000000000001 2.0075740358405105 4.42 2.007574534455961 4.41999888366507 0.005699633655903253
10.75 2.0083105247372948 4.42 2.008311318246208 4.419998267217826 0.006254988727532051
10.775 2.0091012410598417 4.42 2.009102332411791 4.419997624515085 0.006851456099036528
10.8 2.0099482346832325 4.42 2.009949625266776 4.419996953249633 0.0074906298337215835
10.825000000000001 2.0108534162084384 4.42 2.010855107015691 4.419996259198559 0.008174004606645599
10.850000000000001 2.0118185277798575 4.42 2.0118205194779133 4.419995548894251 0.008902953802210829
10.875 2.012845112568689 4.42 2.0128474050778857 4.419994826282922 0.009678706501005496
10.9 2.0139344831276964 4.42 2.013937075794911 4.419994096657097 0.010502323490956748
10.925 2.0150876888566014 4.42 2.0150905813504325 4.419993371405933 0.011374672463079757
10.950000000000001 2.016305482850626 4.42 2.0163086757862363 4.419992666131664 0.01229640257761636
10.975000000000001 2.017588288436903 4.42 2.017591782790336 4.419991992560749 0.01326791861178228
11.0 2.018936165733992 4.42 2.0189399611973737 4.419991351470554 0.014289354925302632
11.025 2.0203487785979477 4.42 2.020352871986667 4.41999073296745 0.015360549503988833
11.05 2.021825362343562 4.42 2.0218297470662865 4.419990123476765 0.01648101836435281
11.075000000000001 2.023364692651018 4.42 2.0233693592766375 4.419989512976917 0.017649930623212476
11.100000000000001 2.0249650560855352 4.42 2.0249699932446923 4.419988897173052 0.018866084554933892
11.125 2.026624222670183 4.42 2.0266294176905078 4.419988275670532 0.02012788497491368
11.15 2.028339420959311 4.42 2.0283448604153236 4.419987651366291 0.02143332230065258
11.175 2.0301073160616547 4.42 2.0301129867337835 4.419987033110812 0.022779953650846937
11.200000000000001 2.0319239910576887 4.42 2.031929881128906 4.419986437223542 0.024164886347898915
11.225000000000001 2.033784932245072 4.42 2.033791031784431 4.419985882748822 0.02558476418970099
11.25 2.0356850186288216 4.42 2.0356913187099748 4.419985382439132 0.027035756852131283
11.275 2.037618516049207 4.42 2.037625007103782 4.419984937498352 0.02851355277408386
11.3 2.039579076310327 4.42 2.039585747054836 4.419984541301643 0.030013355861796782
11.325000000000001 2.041559741636059 4.42 2.0415665791390776 4.419984187282763 0.031529886328555336
11.350000000000001 2.0435529547379194 4.42 2.043559944906168 4.419983871762675 0.033057385959417915
11.375 2.045550574731627 4.42 2.045557702286348 4.41998358987376 0.03458962805843038
11.4 2.047543899086374 4.42 2.0475511470794032 4.41998333248795 0.036119932297924
11.425 2.049523691733469 4.42 2.049531041512851 4.41998309036977 0.03764118464610008
11.450000000000001 2.051480217399758 4.42 2.051487649589672 4.419982860765925 0.03914586250046818
11.475000000000001 2.0534032821667156 4.42 2.053410777984547 4.419982648058302 0.04062606510118198
11.5 2.0552822801890627 4.42 2.0552898217912943 4.4199824580516704 0.04207354924039483
11.525 2.0571062464379057 4.42 2.0571138162826195 4.419982293427392 0.04347977022200409
11.55 2.0588639152635926 4.42 2.058871496136504 4.419982156535615 0.044835927961240744
11.575000000000001 2.0605437845033796 4.42 2.0605513608545527 4.419982056030834 0.046133018046262436
11.600000000000001 2.0621341847895907 4.42 2.0621417438310337 4.419982007843348 0.0473618875150567
11.625 2.063623353645865 4.42 2.063630884967397 4.419982027348279 0.0485132950314933
11.65 2.0649995138932664 4.42 2.065007007815533 4.419982118093015 0.04957797507525319
11.675 2.066250955825199 4.42 2.066258401496833 4.419982268494768 0.0505467056926399
11.700000000000001 2.0673661225510203 4.42 2.0673735070161263 4.419982461085223 0.05141037929001539
11.725000000000001 2.068333697853767 4.42 2.0683410066195087 4.419982682573381 0.05216007588986548
11.75 2.0691426958581935 4.42 2.069149914261669 4.419982928652816 0.05278713821237704
11.775 2.0697825517620734 4.42 2.0697896658812693 4.419983201185421 0.053283247893947776
11.8 2.070243212847082 4.42 2.0702502096267645 4.4199835020343485 0.0536405021092665
11.825000000000001 2.070515228956144 4.42 2.0705220958482187 4.419983829707873 0.05385148982645448
11.850000000000001 2.070589841602418 4.42 2.070596566099132 4.419984180799842 0.05390936689611507
11.875 2.0704590708615256 4.42 2.0704656405938513 4.419984552975041 0.053807929155783495
11.9 2.070115799193589 4.42 2.070122202603466 4.419984946667496 0.05354168272185695
11.925 2.069553851345402 4.42 2.0695600780400305 4.419985364778363 0.05310591064214969
11.950000000000001 2.068768069495699 4.42 2.0687741100468937 4.419985810156492 0.0524967350941395
11.975000000000001 2.0677543828281286 4.42 2.067760228534261 4.419986283251552 0.05171117433697806
12.0 2.0665098707470744 4.42 2.066515513482396 4.419986782743997 0.050747193659481916
12.025 2.065032818990646 4.42 2.0650382510218757 4.419987306874449 0.049603749611488834
12.05 2.063322767942778 4.42 2.063327981670544 4.419987852262465 0.0482808268618579
12.075000000000001 2.0613805525018467 4.42 2.061385540065926 4.419988412380959 0.046779467092532695
12.100000000000001 2.059208332926128 4.42 2.0592130860007725 4.419988979451273 0.04510178941382956
12.125 2.0568096161460683 4.42 2.0568141264282707 4.419989549054888 0.0432510018706274
12.15 2.054189267108943 4.42 2.0541935272563 4.41999012282234 0.04123140370144185
12.175 2.051353509802452 4.42 2.051357513982208 4.419990705990921 0.03904837811133465
12.200000000000001 2.048309917689008 4.42 2.0483136613551998 4.419991302365043 0.03670837542396508
12.225000000000001 2.0450673933714034 4.42 2.0450708727458484 4.419991912142925 0.03421888658646924
12.25 2.0416361374021044 4.42 2.0416393492912093 4.419992534111977 0.03158840711176899
12.275 2.038027606241961 4.42 2.038030548178155 4.41999316816506 0.028826391654831605
12.3 2.034254459468852 4.42 2.0342571297266705 4.419993814355335 0.025943199530739525
12.325000000000001 2.0303304964320454 4.42 2.0303328937411207 4.4199944704387 0.02295003159156795
12.350000000000001 2.026270582643317 4.42 2.026272705944327 4.419995132392281 0.019858858984434125
12.375 2.0220905662906117 4.42 2.0220924149378825 4.419995797559916 0.01668234441309194
12.4 2.0178071853540134 4.42 2.0178087594504075 4.419996465404628 0.013433756618617485
12.425 2.013437965896597 4.42 2.0134392659825195 4.419997133289492 0.01012687887965847
12.450000000000001 2.009001112194348 4.42 2.0090021382395173 4.419997791604038 0.0067759124080948845
12.475000000000001 2.0045153894594727 4.42 2.0045161400812646 4.419998425342186 0.003395375580652372
12.5 2.0 4.42 2.0000004729252545 4.4199990227089385 -0.0
12.525 1.995474453745285 4.42 1.9954746475503964 4.419999583261171 -0.0033953755806526128
12.55 1.990958434151568 4.42 1.9909583500433272 4.420000118248148 -0.006775912408095125
12.575000000000001 1.986471660583403 4.42 1.9864713030032388 4.4200006429692 -0.010126878879658706
12.600000000000001 1.9820337483447503 4.42 1.9820331242740075 4.420001167900334 -0.01343375661861772
12.625 1.9776640676065051 4.42 1.977663185263351 4.420001695138529 -0.01668234441309194
12.65 1.97338160254353 4.42 1.973380470407679 4.420002220299378 -0.019858858984434347
12.675 1.969204812051841 4.42 1.969203438490929 4.420002736276926 -0.022950031591568172
12.700000000000001 1.9651514934628003 4.42 1.965149886640483 4.420003235958978 -0.025943199530739737
12.725000000000001 1.9612386507032455 4.42 1.961236818718699 4.42000371291808 -0.028826391654831807
12.75 1.957482368365155 4.42 1.9574803193961516 4.420004161977143 -0.03158840711176899
12.775 1.9538976931424838 4.42 1.953895435618065 4.420004580053811 -0.034218886586469426
12.8 1.9504985240630244 4.42 1.950496067254563 4.42000496689704 -0.03670837542396526
12.825000000000001 1.9472975128866912 4.42 1.9472948674047221 4.420005327115925 -0.03904837811133481
12.850000000000001 1.944305975956239 4.42 1.944303154321975 4.42000567020586 -0.041231403701441995
12.875 1.9415338186707598 4.42 1.9415308357799845 4.420006006538888 -0.0432510018706274
12.9 1.9389894736060187 4.42 1.9389863455998237 4.4200063426627505 -0.04510178941382968
12.925 1.9366798531299452 4.42 1.9366765959707148 4.420006675248615 -0.04677946709253282
12.950000000000001 1.9346103171587345 4.42 1.9346069455773902 4.420006991620256 -0.04828082686185801
12.975000000000001 1.932784656473128 4.42 1.9327811827536678 4.420007278128912 -0.049603749611488925
13.0 1.9312050917707424 4.42 1.9312015267732776 4.4200075230180005 -0.050747193659481916
13.025 1.9298722883754609 4.42 1.9298686420960447 4.420007717691971 -0.05171117433697812
13.05 1.9287853862661677 4.42 1.9287816667155198 4.420007856359161 -0.05249673509413956
13.075000000000001 1.9279420448326043 4.42 1.9279382596587251 4.420007932160508 -0.05310591064214972
13.100000000000001 1.9273385015237514 4.42 1.9273346586076547 4.420007948853359 -0.05354168272185698
13.125 1.9269696433315942 4.42 1.9269657521464783 4.420007926622706 -0.053807929155783495
13.15 1.9268290898573062 4.42 1.926825165103498 4.420007892827277 -0.053909366896115064
13.175 1.926909286543315 4.42 1.9269053453697838 4.420007875258911 -0.05385148982645447
13.200000000000001 1.927201606527772 4.42 1.9271976655145355 4.42000787460279 -0.05364050210926648
13.225000000000001 1.9276964594900425 4.42 1.9276925315587694 4.420007861539303 -0.053283247893947755
13.25 1.9283834058079075 4.42 1.9283794962818144 4.420007805749867 -0.05278713821237704
13.275 1.9292512743384318 4.42 1.9292473866835707 4.420007685136685 -0.05216007588986544
13.3 1.9302882821626408 4.42 1.9302844200899814 4.4200075156856045 -0.05141037929001534
13.325000000000001 1.9314821546958072 4.42 1.9314783270899016 4.420007338586095 -0.05054670569263984
13.350000000000001 1.9328202446558107 4.42 1.9328164664962908 4.420007186257771 -0.04957797507525311
13.375 1.9342896484967147 4.42 1.934285933437465 4.420007080194447 -0.0485132950314933
13.4 1.9358773190480023 4.42 1.9358736841109554 4.420007017862296 -0.047361887515056614
13.425 1.9375701732465052 4.42 1.9375666319364235 4.420007008793864 -0.04613301804626234
13.450000000000001 1.93935519400276 4.42 1.9393517565808005 4.420007025499515 -0.04483592796124065
13.475000000000001 1.9412195254017097 4.42 1.9412161971545192 4.420007020086833 -0.04347977022200399
13.5 1.9431505605950246 4.42 1.943147333413422 4.420006978065847 -0.04207354924039483
13.525 1.945136021895547 4.42 1.9451329033529436 4.420006872225061 -0.040626065101181864
13.55 1.9471640327303965 4.42 1.947161006281031 4.420006766504882 -0.03914586250046807
13.575000000000001 1.9492231812460818 4.42 1.949220265981178 4.42000658055694 -0.03764118464609997
13.600000000000001 1.9513025754849342 4.42 1.9512997366332525 4.420006410631965 -0.0361199322979239
13.625 1.953391890166205 4.42 1.9533891567575536 4.420006069827001 -0.03458962805843038
13.65 1.9554814052069107 4.42 1.9554787069185409 4.42000574186238 -0.033057385959417804
13.675 1.9575620362065396 4.42 1.957559431399595 4.420005131253246 -0.031529886328555225
13.700000000000001 1.9596253571965085 4.42 1.959622739078352 4.420004728153199 -0.03001335586179667
13.725000000000001 1.9616636160198981 4.42 1.961661138936298 4.420004108366032 -0.02851355277408376
13.75 1.9636697427603236 4.42 1.9636672621214042 4.420004217528355 -0.027035756852131283
13.775 1.9656373516812775 4.42 1.9656351990019831 4.420004217942413 -0.025584764189700883
13.8 1.967560737169827 4.42 1.9675586534070975 4.4200057038336364 -0.024164886347898814
13.825000000000001 1.9694348642018902 4.42 1.9694334267315476 4.420006587100922 -0.02277995365084684
13.850000000000001 1.971255353861213 4.42 1.9712538835749842 4.420009191793027 -0.02143332230065249
13.875 1.9730184644515016 4.42 1.9730177828453868 4.420008719056847 -0.02012788497491368
13.9 1.9747210687416112 4.42 1.9747196324551322 4.420009523237974 -0.018866084554933802
13.925 1.976360627878041 4.42 1.976359611609798 4.420002581281723 -0.017649930623212396
13.950000000000001 1.9779351624879455 4.42 1.9779313146441173 4.419996323057903 -0.016481018364352725
13.975000000000001 1.979443221480053 4.42 1.9794391070852793 4.419975131991631 -0.015360549503988756
14.0 1.980883849031008 4.42 1.9808744625314718 4.419962372949814 -0.014289354925302632
14.025 1.9822565502212686 4.42 1.9822475072718961 4.419944134199714 -0.013267918611782212
14.05 1.9835612557583644 4.42 1.9835550531229111 4.419972554313035 -0.012296402577616296
14.075000000000001 1.9847982861966569 4.42 1.9848131090903536 4.420108203036558 -0.011374672463079692
14.100000000000001 1.9859683160321775 4.42 1.986028167530099 4.420407688186831 -0.010502323490956688
14.125 1.9870723380192 4.42 1.9871958382521597 4.420829347382821 -0.009678706501005496
14.15 1.9881116280223572 4.42 1.9882982846170256 4.421248149395959 -0.008902953802210775
14.175 1.989087710684766 4.42 1.9893173567833222 4.4215329226922595 -0.008174004606645552
14.200000000000001 1.9900023261592212 4.42 1.9902487031873553 4.421643369789193 -0.007490629833721534
14.225000000000001 1.9908573981163464 4.42 1.9911063515838587 4.421659850589662 -0.006851456099036484
14.25 1.9916550032110838 4.42 1.9919045217769789 4.421663018098115 -0.006254988727532051
14.275 1.9923973421573027 4.42 1.9926470266956764 4.421663574394449 -0.0056996336559032145
14.3 1.9930867125299008 4.42 1.9933364738868153 4.421663576519417 -0.005183718113828554
14.325000000000001 1.9937254833848268 4.42 1.993975305805669 4.42166351230343 -0.004705509997332955
14.350000000000001 1.994316071760136 4.42 1.994565959131408 4.421663509306258 -0.004263235870211413
14.375 1.9948609210956874 4.42 1.9951108798472768 4.421663582333554 -0.003855097550723615
14.4 1.9953624815855737 4.42 1.9956125133297797 4.42166369783504 -0.0034792872605517427
14.425 1.995823192455861 4.42 1.9960732920318376 4.421663809115693 -0.003134001331169462
14.450000000000001 1.996245466140881 4.42 1.996495623849543 4.421663884198681 -0.0028174524792057673
14.475000000000001 1.9966316743141124 4.42 1.9968818801988735 4.421663919718643 -0.002527880677049835
14.5 1.996984135714661 4.42 1.9972343825126688 4.421663931914661 -0.002263562657804649
14.525 1.9973051056974813 4.42 1.9975553893099545 4.421663940021856 -0.002022820104765104
14.55 1.9975967674247137 4.42 1.9978470857252195 4.421663955634859 -0.0018040265849017302
14.575000000000001 1.9978612246067817 4.42 1.9981115757946786 4.421663979321674 -0.001605613293427501
14.600000000000001 1.9981004956951056 4.42 1.9983508773787464 4.421664005707167 -0.0014260736824893846
14.625 1.9983165094233482 4.42 1.998566918602416 4.421664029326058 -0.0012639670514472895
14.65 1.9985111015908876 4.42 1.998761534969431 4.421664046859089 -0.001117921179187084
14.675 1.9986860129805701 4.42 1.998936467172658 4.421664056428433 -0.0009866340805762413
14.700000000000001 1.998842888302587 4.42 1.9990933600242762 4.4216640575007835 -0.000868874969631851
14.725000000000001 1.9989832760574477 4.42 1.9992337625568104 4.421664052460347 -0.0007634845113596627
14.75 1.9991086292132314 4.42 1.9993591287605939 4.421664047034652 -0.0006693744426668637
14.775 1.9992203065955634 4.42 1.9994708186137866 4.421664047864111 -0.0005855266403797935
14.8 1.9993195748928256 4.42 1.9995700996158394 4.4216640593926755 -0.0005109917113368792
14.825000000000001 1.9994076111838972 4.42 1.9996581490922753 4.421664082408135 -0.00044488717589801825
14.850000000000001 1.999485505901043 4.42 1.9997360571198741 4.421664113719724 -0.0003863953121317146
14.875 1.999554266146343 4.42 1.999804829703479 4.421664145320583 -0.00033476072351890226
14.9 1.9996148192860947 4.42 1.9998653923801721 4.42166416435328 -0.0002892876883496427
14.925 1.999668016753875 4.42 1.999918594595104 4.421664156971056 -0.00024933734417856247
14.950000000000001 1.9997146379992563 4.42 1.9999652147808789 4.421664115914796 -0.00021432475583056475
14.975000000000001 1.9997553945255002 4.42 2.000005965434301 4.421664047161306 -0.00018371591058504084
15.0 1.9997909339657418 4.42 2.000041496885542 4.421663968199191 -0.00015702467937915227
15.025 1.999821844153238 4.42 2.0000723999477996 4.421663898436345 -0.0001338097782149008
15.05 1.9998486571470677 4.42 2.000099208689897 4.421663850601889 -0.00011367175947743762
15.075000000000001 1.9998718531802178 4.42 2.0001224040994674 4.421663829713686 -9.625005861137234e-05
15.100000000000001 1.9998918645022004 4.42 2.0001424186688466 4.42166383671351 -8.122011758803099e-05
15.125 1.9999090790932492 4.42 2.0001596402163275 4.421663870342131 -6.829060285179713e-05
15.15 1.999923844231639 4.42 2.0001744150242966 4.421663924139244 -5.7200731973476875e-05
15.175 1.9999364698998119 4.42 2.000187051244529 4.421663984668216 -4.771772007213153e-05
15.200000000000001 1.9999472320187506 4.42 2.0001978225426558 4.4216640382404755 -3.963435419748019e-05
15.225000000000001 1.9999563755033931 4.42 2.000206973117963 4.4216640786283135 -3.276670129149535e-05
15.25 1.9999641171348823 4.42 2.0002147205937297 4.421664111384965 -2.695195306443837e-05
15.275 1.9999706482480597 4.42 2.000221257822203 4.421664148453709 -2.2046409118175513e-05
15.3 1.9999761372348928 4.42 2.00022675529557 4.421664199225235 -1.7923597916040692e-05
15.325000000000001 1.9999807318664524 4.42 2.000231360781696 4.421664269426593 -1.4472533719284208e-05
15.350000000000001 1.999984561437697 4.42 2.0002352026982315 4.4216643485323335 -1.1596106369122417e-05
15.375 1.999987738740653 4.42 2.0002383895080715 4.421664407014584 -9.209599773068e-06
15.4 1.9999903618726473 4.42 2.0002410122160983 4.421664407954572 -7.239334136373541e-06
15.425 1.999992515887097 4.42 2.000243154801509 4.421664321948651 -5.621426345435355e-06
15.450000000000001 1.9999942742949517 4.42 2.000244890032757 4.42166417547437 -4.300662441237082e-06
15.475000000000001 1.9999957004253222 4.42 2.0002462927550972 4.421664015658344 -3.2294757990345845e-06
15.5 1.9999968486540651 4.42 2.0002474235075924 4.42166388998994 -2.3670244376693356e-06
15.525 1.9999977655092196 4.42 2.0002483252615626 4.421663814421199 -1.6783608011039327e-06
15.55 1.9999984906621286 4.42 2.000249046583119 4.421663745084232 -1.1336873698566197e-06
15.575000000000001 1.9999990578129876 4.42 2.0002496006027655 4.42166372189791 -7.076915558651206e-07
15.600000000000001 1.9999994954793208 4.42 2.000250044620178 4.4216636763689 -3.789534969636025e-07
15.625 1.9999998276955986 4.42 2.0002503666307554 4.42166372826456 -1.2942058380315937e-07
15.65 2.000000074631867 4.42 2.000250646058776 4.421663775958693 5.605718890501236e-08
15.675 2.0000002531388716 4.42 2.0002508317785037 4.421664052238414 1.901366638882477e-07
15.700000000000001 2.000000377226739 4.42 2.000251042542602 4.421664296842099 2.8334105876507787e-07
15.725000000000001 2.0000004584838345 4.42 2.000251124963768 4.421664771557245 3.4437457408148624e-07
15.75 2.0000005064419777 4.42 2.0002512759878304 4.421664811649081 3.803967102260639e-07
15.775 2.0000005288937412 4.42 2.0002511868342028 4.4216649427765 3.9726059338094177e-07
15.8 2.000000532167113 4.42 2.000251222299183 4.421663969633193 3.9971927571543897e-07
15.825000000000001 2.000000521362355 4.42 2.0002508123011875 4.421663047921599 3.916036473794895e-07
15.850000000000001 2.000000500555499 4.42 2.000250770581818 4.421660460294319 3.7597528081381474e-07
15.875 2.0000004729724723 4.42 2.0002500783331723 4.421659475551532 3.552572240524588e-07
15.9 2.000000441137512 4.42 2.0002504024500185 4.421657166655477 3.3134547099711315e-07
15.925 2.0000004069991073 4.42 2.000249828969608 4.421660003552162 3.057035644737124e-07
15.950000000000001 2.000000372036429 4.42 2.00025149498696 4.421662163440994 2.794425331313539e-07
15.975000000000001 2.0000003373488404 4.42 2.000251573240358 4.421675894993447 2.533881263828163e-07
16.0 2.0000003037308236 4.42 2.0002559300515896 4.421686475550283 2.2813709273067303e-07
16.025000000000002 2.0000002717343754 4.42 2.0002564525650897 4.421712278422414 2.0410404579460877e-07
16.05 2.000000241720683 4.42 2.0002604681483103 4.421719594818315 1.8156027873583263e-07
16.075 2.000000213902668 4.42 2.0002554033459976 4.421698546397397 1.6066572095482354e-07
16.1 2.000000188379794 4.42 2.0002356066049796 4.421562318012043 1.4149508016508443e-07
16.125 2.000000165166333 4.42 2.000190077031542 4.42126135268771 1.240590773561188e-07
16.150000000000002 2.0000001442141553 4.42 2.0001260513107604 4.420835952527921 1.0832156081888993e-07
16.175 2.000000125430928 4.42 2.0000626278467397 4.4204150373245925 9.421317733703885e-08
16.2 2.0000001086945067 4.42 2.0000197862327678 4.420130653579894 8.16421828472761e-08
16.225 2.000000093864184 4.42 2.000003297385893 4.420021271397194 7.050289034369478e-08
16.25 2.0000000807893574 4.42 2.0000007826394985 4.420004660158925 6.068217856011783e-08
16.275000000000002 2.000000069316085 4.42 2.000000238974736 4.4200011259654115 5.206442005947228e-08
16.3 2.0000000592919487 4.42 2.0000001015570943 4.420000280048488 4.4535130876675715e-08
16.325 2.0000000505695463 4.42 2.000000061369115 4.420000071235371 3.798359493613758e-08
16.35 2.0000000430089027 4.42 2.000000046017456 4.420000020248246 3.230467428442107e-08
16.375 2.0000000364790265 4.42 2.0000000374631797 4.420000006368205 2.7399979986059073e-08
16.400000000000002 2.000000030858813 4.42 2.0000000310999795 4.420000001607727 2.317854762729081e-08
16.425 2.000000026037437 4.42 2.0000000259635136 4.419999999514676 1.9557135117661993e-08
16.45 2.000000021914376 4.42 2.0000000217529696 4.419999998929363 1.6460238289259392e-08
16.475 2.0000000183991573 4.42 2.0000000182936732 4.4199999992996934 1.3819901139804342e-08
16.5 2.0000000154109117 4.42 2.000000015392189 4.419999999875813 1.157538197381337e-08
16.525000000000002 2.000000012877803 4.42 2.0000000129019226 4.420000000160288 9.67272374105211e-09
16.55 2.0000000107363793 4.42 2.000000010756366 4.420000000132843 8.064266176171698e-09
16.575 2.0000000089308823 4.42 2.000000008932672 4.420000000012003 6.708128574178038e-09
16.6 2.00000000741255 4.42 2.000000007405867 4.419999999955739 5.56768490017729e-09
16.625 2.000000006138928 4.42 2.000000006134848 4.419999999973009 4.611047172371882e-09
16.650000000000002 2.000000005073209 4.42 2.000000005073864 4.420000000004448 3.810568451821807e-09
16.675 2.000000004183606 4.42 2.000000004185579 4.420000000013212 3.14237312840927e-09
16.7 2.0000000034427696 4.42 2.0000000034434127 4.420000000004375 2.585919344084918e-09
16.725 2.0000000028272544 4.42 2.0000000028266824 4.419999999996307 2.123596200202385e-09
16.75 2.000000002317028 4.42 2.0000000023164386 4.419999999996187 1.7403567350686184e-09
16.775000000000002 2.0000000018950286 4.42 2.000000001894954 4.419999999999579 1.4233864289221427e-09
16.8 2.000000001546773 4.42 2.000000001546943 4.420000000001193 1.1618061108033578e-09
16.825 2.000000001260002 4.42 2.0000000012600614 4.420000000000469 9.464075337165068e-10
16.85 2.000000001024368 4.42 2.0000000010242753 4.419999999999455 7.694194918146633e-10
16.875 2.0000000008311662 4.42 2.000000000831057 4.419999999999331 6.243021272063907e-10
16.900000000000002 2.000000000673088 4.42 2.0000000006730376 4.419999999999715 5.055669744560837e-10
16.925 2.0000000005440173 4.42 2.000000000544 4.419999999999929 4.086202855437025e-10
16.95 2.00000000043885 4.42 2.000000000438823 4.419999999999851 3.2962724094277563e-10
16.975 2.000000000353334 4.42 2.000000000353289 4.419999999999736 2.653947628791696e-10
17.0 2.0000000002839387 4.42 2.0000000002838902 4.419999999999741 2.1327078847736331e-10
17.025000000000002 2.0000000002277383 4.42 2.000000000227698 4.419999999999794 1.71058020777e-10
17.05 2.000000000182316 4.42 2.000000000182279 4.419999999999818 1.3694034489021215e-10
17.075 2.000000000145677 4.42 2.000000000145639 4.419999999999806 1.094202676805989e-10
17.1 2.0000000001161817 4.42 2.0000000001161444 4.419999999999796 8.726590704663297e-11
17.125 2.0000000000924842 4.42 2.000000000092446 4.419999999999802 6.946621751012237e-11
17.150000000000002 2.0000000000734817 4.42 2.0000000000734417 4.419999999999813 5.5193289897754794e-11
17.175 2.0000000000582743 4.42 2.000000000058232 4.419999999999815 4.3770702966370184e-11
17.2 2.000000000046127 4.42 2.000000000046083 4.419999999999822 3.464703309457915e-11
17.225 2.000000000036444 4.42 2.0000000000364 4.419999999999815 2.7373744425751665e-11
17.25 2.0000000000287392 4.42 2.000000000028696 4.419999999999812 2.1586786279083474e-11
17.275000000000002 2.0000000000226215 4.42 2.0000000000225766 4.419999999999812 1.699131770777867e-11
17.3 2.0000000000177725 4.42 2.000000000017728 4.41999999999981 1.3349061426410507e-11
17.325 2.0000000000139364 4.42 2.0000000000138902 4.4199999999998125 1.0467861720582424e-11
17.35 2.0000000000109077 4.42 2.0000000000108615 4.41999999999981 8.193084220919152e-12
17.375 2.000000000008521 4.42 2.0000000000084732 4.419999999999813 6.400550420574792e-12
17.400000000000002 2.000000000006645 4.42 2.000000000006596 4.419999999999813 4.990747382234542e-12
17.425 2.0000000000051714 4.42 2.0000000000051212 4.419999999999817 3.884094027525451e-12
17.45 2.0000000000040172 4.42 2.0000000000039693 4.419999999999808 3.017080494228466e-12
17.475 2.0000000000031144 4.42 2.000000000003067 4.4199999999998045 2.3391269959744414e-12
17.5 2.0000000000024096 4.42 2.0000000000023634 4.419999999999801 1.8100340773142959e-12
17.525000000000002 2.000000000001861 4.42 2.0000000000018163 4.4199999999997965 1.3979177155221345e-12
17.55 2.0000000000014344 4.42 2.0000000000013918 4.419999999999794 1.0775409101704219e-12
17.575 2.0000000000011036 4.42 2.0000000000010605 4.419999999999797 8.289686951367867e-13
17.6 2.0000000000008473 4.42 2.0000000000008042 4.4199999999997965 6.364863229835692e-13
17.625 2.0000000000006493 4.42 2.000000000000606 4.419999999999798 4.87731075149774e-13
17.650000000000002 2.000000000000497 4.42 2.000000000000451 4.419999999999802 3.729970628133569e-13
17.675 2.000000000000379 4.42 2.000000000000333 4.419999999999803 2.8467977983416025e-13
17.7 2.0000000000002887 4.42 2.000000000000245 4.419999999999794 2.1683328998172973e-13
17.725 2.0000000000002194 4.42 2.0000000000001785 4.419999999999787 1.6481798091187475e-13
17.75 2.0000000000001665 4.42 2.0000000000001252 4.419999999999795 1.250209723893004e-13
17.775000000000002 2.0000000000001257 4.42 2.0000000000000844 4.419999999999799 9.463467516962598e-14
17.8 2.000000000000095 4.42 2.000000000000054 4.419999999999796 7.148178603823452e-14
17.825 2.0000000000000715 4.42 2.000000000000031 4.419999999999797 5.387728028906569e-14
17.85 2.0000000000000537 4.42 2.0000000000000115 4.419999999999798 4.051981494254445e-14
17.875 2.0000000000000404 4.42 1.9999999999999962 4.419999999999803 3.0406459207729985e-14
17.900000000000002 2.00000000000003 4.42 1.9999999999999858 4.419999999999806 2.2765885632063636e-14
17.925 2.0000000000000226 4.42 1.9999999999999774 4.419999999999808 1.7006138054619047e-14
17.95 2.000000000000017 4.42 1.9999999999999722 4.4199999999998045 1.2673883980809923e-14
17.975 2.0000000000000124 4.42 1.9999999999999654 4.4199999999998045 9.422694927499377e-15
18.0 2.0000000000000093 4.42 1.9999999999999614 4.4199999999998045 6.988407961666439e-15
18.025000000000002 2.0000000000000067 4.42 1.9999999999999623 4.419999999999799 5.170029138986513e-15
18.05 2.000000000000005 4.42 1.9999999999999596 4.419999999999798 3.814964538080875e-15
18.075 2.0000000000000036 4.42 1.9999999999999576 4.419999999999799 2.8076231563983075e-15
18.1 2.000000000000003 4.42 1.9999999999999574 4.419999999999799 2.0606411652510444e-15
18.125 2.0000000000000018 4.42 1.9999999999999563 4.4199999999997965 1.5081395283077498e-15
18.150000000000002 2.0000000000000013 4.42 1.999999999999955 4.419999999999796 1.1005553584169886e-15
18.175 2.000000000000001 4.42 1.9999999999999543 4.419999999999794 8.006885525370713e-16
18.2 2.000000000000001 4.42 1.9999999999999556 4.419999999999792 5.806847812887535e-16
18.225 2.0000000000000004 4.42 1.9999999999999543 4.419999999999792 4.197382948699386e-16
18.25 2.0000000000000004 4.42 1.999999999999956 4.419999999999787 3.023468242913689e-16
18.275000000000002 2.0000000000000004 4.42 1.9999999999999556 4.419999999999787 2.1698896722717427e-16
18.3 2.0 4.42 1.9999999999999547 4.419999999999783 1.551241296121609e-16
18.325 2.0 4.42 1.999999999999955 4.4199999999997805 1.1043815715156673e-16
18.35 2.0 4.42 1.9999999999999536 4.419999999999783 7.82756688808774e-17
18.375 2.0 4.42 1.999999999999953 4.419999999999789 5.5213930824722155e-17
18.400000000000002 2.0 4.42 1.9999999999999547 4.4199999999997965 3.8743774746988765e-17
18.425 2.0 4.42 1.9999999999999563 4.419999999999799 2.7031277165721338e-17
18.45 2.0 4.42 1.999999999999957 4.419999999999794 1.8740217965579606e-17
18.475 2.0 4.42 1.9999999999999583 4.419999999999794 1.2900166942860656e-17
18.5 2.0 4.42 1.9999999999999576 4.419999999999796 8.808736703694343e-18
18.525000000000002 2.0 4.42 1.9999999999999574 4.4199999999997965 5.959353249691681e-18
18.55 2.0 4.42 1.9999999999999583 4.419999999999794 3.988034572032246e-18
18.575 2.0 4.42 1.9999999999999596 4.41999999999979 2.634290061535745e-18
18.6 2.0 4.42 1.999999999999959 4.41999999999979 1.71248116177195e-18
18.625 2.0 4.42 1.9999999999999587 4.41999999999979 1.0909101867037715e-18
18.650000000000002 2.0 4.42 1.9999999999999574 4.419999999999793 6.766016589325305e-19
18.675 2.0 4.42 1.999999999999957 4.419999999999799 4.042641601282188e-19
18.7 2.0 4.42 1.9999999999999576 4.4199999999998045 2.2831278910267004e-19
18.725 2.0 4.42 1.9999999999999574 4.419999999999803 1.171251417214572e-19
18.75 2.0 4.42 1.9999999999999576 4.419999999999799 4.8921798420998234e-20
18.775000000000002 2.0 4.42 1.9999999999999576 4.419999999999801 8.824253177567946e-21
18.8 2.0 4.42 1.9999999999999578 4.419999999999799 -1.3236859896155833e-20
18.825 2.0 4.42 1.9999999999999583 4.419999999999798 -2.400184620455049e-20
18.85 2.0 4.42 1.9999999999999596 4.419999999999806 -2.792376908000898e-20
18.875 2.0 4.42 1.9999999999999603 4.419999999999808 -2.789761923259548e-20
18.900000000000002 2.0 4.42 1.9999999999999603 4.419999999999808 -2.576747256996749e-20
18.925 2.0 4.42 1.9999999999999603 4.419999999999806 -2.2676779569081847e-20
18.95 2.0 4.42 1.99999999999996 4.419999999999803 -1.9308411043164975e-20
18.975 2.0 4.42 1.999999999999961 4.419999999999799 -1.6047683042511574e-20
19.0 2.0 4.42 1.99999999999996 4.419999999999801 -1.3091921451978668e-20
19.025000000000002 2.0 4.42 1.999999999999961 4.419999999999797 -1.0523189124483515e-20
19.05 2.0 4.42 1.999999999999961 4.419999999999796 -8.355838251723466e-21
19.075 2.0 4.42 1.999999999999961 4.419999999999794 -6.5670206144603765e-21
19.1 2.0 4.42 1.999999999999961 4.419999999999793 -5.115788376939609e-21
19.125 2.0 4.42 1.9999999999999616 4.41999999999979 -3.954656992153136e-21
19.150000000000002 2.0 4.42 1.999999999999961 4.41999999999979 -3.036268349729257e-21
19.175 2.0 4.42 1.999999999999961 4.4199999999997885 -2.316933913391233e-21
19.200000000000003 2.0 4.42 1.9999999999999596 4.4199999999997885 -1.7582444372291298e-21
19.225 2.0 4.42 1.9999999999999596 4.419999999999787 -1.3275262267360122e-21
19.25 2.0 4.42 1.999999999999959 4.419999999999787 -9.976476910669732e-22
19.275000000000002 2.0 4.42 1.9999999999999576 4.41999999999979 -7.464942745661739e-22
19.3 2.0 4.42 1.9999999999999574 4.4199999999997885 -5.563066249342951e-22
19.325000000000003 2.0 4.42 1.9999999999999574 4.4199999999997885 -4.1299630014261654e-22
19.35 2.0 4.42 1.999999999999957 4.4199999999997885 -3.055016545536044e-22
19.375 2.0 4.42 1.999999999999957 4.419999999999786 -2.252142269674823e-22
19.400000000000002 2.0 4.42 1.9999999999999587 4.41999999999978 -1.6548641332673453e-22
19.425 2.0 4.42 1.9999999999999583 4.4199999999997805 -1.2121996938613729e-22
19.450000000000003 2.0 4.42 1.9999999999999583 4.4199999999997805 -8.852893455553162e-23
19.475 2.0 4.42 1.9999999999999578 4.419999999999776 -6.446788458404784e-23
19.5 2.0 4.42 1.9999999999999583 4.419999999999774 -4.6815685166807494e-23
19.525000000000002 2.0 4.42 1.9999999999999583 4.419999999999776 -3.390527718294826e-23
19.55 2.0 4.42 1.9999999999999587 4.419999999999775 -2.4490938514206692e-23
19.575000000000003 2.0 4.42 1.9999999999999583 4.419999999999776 -1.7645607765430784e-23
19.6 2.0 4.42 1.9999999999999583 4.419999999999776 -1.2682028866633919e-23
19.625 2.0 4.42 1.9999999999999583 4.419999999999774 -9.092577194644609e-24
19.650000000000002 2.0 4.42 1.9999999999999583 4.4199999999997726 -6.503606934487009e-24
19.675 2.0 4.42 1.9999999999999583 4.419999999999769 -4.640998346881257e-24
19.700000000000003 2.0 4.42 1.9999999999999583 4.419999999999767 -3.3042837924154887e-24
19.725 2.0 4.42 1.9999999999999576 4.419999999999767 -2.3473041374023304e-24
19.75 2.0 4.42 1.9999999999999563 4.4199999999997726 -1.6638083285143045e-24
19.775000000000002 2.0 4.42 1.9999999999999547 4.419999999999775 -1.176775426931872e-24
19.8 2.0 4.42 1.9999999999999543 4.4199999999997726 -8.305265084697724e-25
19.825000000000003 2.0 4.42 1.9999999999999536 4.419999999999772 -5.849182239504089e-25
19.85 2.0 4.42 1.9999999999999556 4.4199999999997726 -4.1108315305849346e-25
19.875 2.0 4.42 1.9999999999999556 4.4199999999997726 -2.8831502816409013e-25
19.900000000000002 2.0 4.42 1.999999999999955 4.419999999999774 -2.0179821072111906e-25
19.925 2.0 4.42 1.9999999999999576 4.419999999999771 -1.4095755114034237e-25
19.950000000000003 2.0 4.42 1.9999999999999576 4.419999999999774 -9.826259699365618e-26
19.975 2.0 4.42 1.9999999999999567 4.419999999999786 -6.836348138133649e-26
20.0 2.0 4.42 1.9999999999999563 4.4199999999997885 -4.7468193800184217e-26
20.025000000000002 2.0 4.42 1.9999999999999574 4.419999999999783 -3.289499516008671e-26
20.05 2.0 4.42 1.9999999999999587 4.419999999999781 -2.275154886994341e-26
20.075000000000003 2.0 4.42 1.9999999999999603 4.419999999999778 -1.5705474219975388e-26
20.1 2.0 4.42 1.9999999999999596 4.41999999999978 -1.082067935805043e-26
20.125 2.0 4.42 1.9999999999999596 4.419999999999778 -7.44089836681967e-27
20.150000000000002 2.0 4.42 1.99999999999996 4.419999999999778 -5.107015027442973e-27
20.175 2.0 4.42 1.999999999999961 4.419999999999783 -3.4985086227231074e-27
20.200000000000003 2.0 4.42 1.9999999999999616 4.419999999999783 -2.3920791350567586e-27
20.225 2.0 4.42 1.9999999999999603 4.419999999999783 -1.6324777288681613e-27
20.25 2.0 4.42 1.999999999999959 4.419999999999785 -1.111987969600823e-27
20.275000000000002 2.0 4.42 1.999999999999959 4.419999999999783 -7.5602407339476e-28
20.3 2.0 4.42 1.9999999999999583 4.419999999999788 -5.130446096074478e-28
20.325000000000003 2.0 4.42 1.9999999999999591 4.419999999999794 -3.4750376167466816e-28
20.35 2.0 4.42 1.9999999999999596 4.419999999999794 -2.349358714699842e-28
20.375 2.0 4.42 1.999999999999961 4.419999999999791 -1.5853487713817023e-28
20.400000000000002 2.0 4.42 1.999999999999961 4.41999999999979 -1.0677900206662238e-28
20.425 2.0 4.42 1.999999999999961 4.419999999999787 -7.178471636680587e-29
20.450000000000003 2.0 4.42 1.9999999999999616 4.419999999999783 -4.8168421569562676e-29
20.475 2.0 4.42 1.9999999999999616 4.419999999999781 -3.2260863834561266e-29
20.5 2.0 4.42 1.9999999999999631 4.419999999999779 -2.1566080528120858e-29
20.525000000000002 2.0 4.42 1.9999999999999647 4.419999999999786 -1.4389518087574146e-29
20.55 2.0 4.42 1.999999999999965 4.419999999999792 -9.582941706884708e-30
20.575000000000003 2.0 4.42 1.9999999999999636 4.419999999999796 -6.369808936103708e-30
20.6 2.0 4.42 1.9999999999999631 4.419999999999797 -4.2259652880710884e-30
20.625 2.0 4.42 1.9999999999999643 4.419999999999799 -2.798298194819873e-30
20.650000000000002 2.0 4.42 1.9999999999999643 4.419999999999796 -1.8493825857627753e-30
20.675 2.0 4.42 1.9999999999999643 4.419999999999794 -1.219887966077023e-30
20.700000000000003 2.0 4.42 1.9999999999999623 4.419999999999796 -8.030984246727032e-31
20.725 2.0 4.42 1.9999999999999616 4.4199999999997965 -5.276767683607375e-31
20.75 2.0 4.42 1.9999999999999616 4.419999999999797 -3.4602839938301873e-31
20.775000000000002 2.0 4.42 1.9999999999999623 4.4199999999997965 -2.264611509284889e-31
20.8 2.0 4.42 1.9999999999999627 4.419999999999799 -1.4791318609840628e-31
20.825000000000003 2.0 4.42 1.9999999999999627 4.419999999999801 -9.641478893874892e-32
20.85 2.0 4.42 1.9999999999999616 4.419999999999802 -6.271849961694984e-32
20.875 2.0 4.42 1.9999999999999627 4.419999999999804 -4.0714940949284585e-32
20.900000000000002 2.0 4.42 1.9999999999999638 4.419999999999811 -2.637595400081169e-32
20.925 2.0 4.42 1.9999999999999658 4.419999999999821 -1.7050924828732827e-32
20.950000000000003 2.0 4.42 1.999999999999968 4.419999999999831 -1.0999204945488146e-32
20.975 2.0 4.42 1.999999999999969 4.419999999999833 -7.080034291386471e-33
21.0 2.0 4.42 1.9999999999999694 4.419999999999831 -4.547325892745335e-33
21.025000000000002 2.0 4.42 1.999999999999969 4.419999999999831 -2.9141243919620346e-33
21.05 2.0 4.42 1.9999999999999676 4.419999999999831 -1.8632647696966683e-33
21.075000000000003 2.0 4.42 1.9999999999999662 4.419999999999834 -1.1886038390279195e-33
21.1 2.0 4.42 1.9999999999999662 4.419999999999833 -7.564418649237447e-34
21.125 2.0 4.42 1.999999999999967 4.419999999999829 -4.802503147034089e-34
21.150000000000002 2.0 4.42 1.999999999999967 4.419999999999826 -3.0415081655922543e-34
21.175 2.0 4.42 1.999999999999967 4.419999999999826 -1.921376879200274e-34
21.200000000000003 2.0 4.42 1.999999999999967 4.419999999999824 -1.2106218924006396e-34
21.225 2.0 4.42 1.999999999999967 4.419999999999822 -7.607531331129786e-35
21.25 2.0 4.42 1.9999999999999676 4.419999999999819 -4.767397604445987e-35
21.275000000000002 2.0 4.42 1.999999999999967 4.419999999999818 -2.97906673662214e-35
21.3 2.0 4.42 1.999999999999967 4.419999999999815 -1.8560693312315038e-35
21.325000000000003 2.0 4.42 1.9999999999999656 4.419999999999819 -1.1528461656909069e-35
21.35 2.0 4.42 1.9999999999999667 4.419999999999813 -7.137614307672745e-36
21.375 2.0 4.42 1.999999999999967 4.4199999999998125 -4.404258009248603e-36
21.400000000000002 2.0 4.42 1.9999999999999676 4.419999999999814 -2.7080356647960035e-36
21.425 2.0 4.42 1.999999999999969 4.4199999999998205 -1.6588636843696637e-36
21.450000000000003 2.0 4.42 1.9999999999999694 4.4199999999998205 -1.0121407319872835e-36
21.475 2.0 4.42 1.9999999999999682 4.419999999999822 -6.149328554848747e-37
21.5 2.0 4.42 1.999999999999968 4.419999999999822 -3.7190631002266737e-37
21.525000000000002 2.0 4.42 1.999999999999969 4.4199999999998205 -2.2381838356031685e-37
21.55 2.0 4.42 1.999999999999969 4.419999999999818 -1.3397382911216649e-37
21.575000000000003 2.0 4.42 1.999999999999969 4.419999999999818 -7.972076175243288e-38
21.6 2.0 4.42 1.9999999999999682 4.419999999999819 -4.712626436384921e-38
21.625 2.0 4.42 1.9999999999999682 4.419999999999818 -2.7652750956800404e-38
21.650000000000002 2.0 4.42 1.999999999999969 4.419999999999818 -1.6089691475391572e-38
21.675 2.0 4.42 1.9999999999999694 4.419999999999817 -9.270696934396925e-39
21.700000000000003 2.0 4.42 1.9999999999999682 4.419999999999819 -5.2804380857317944e-39
21.725 2.0 4.42 1.999999999999969 4.419999999999818 -2.966111642178262e-39
21.75 2.0 4.42 1.9999999999999694 4.419999999999817 -1.637631564719423e-39
21.775000000000002 2.0 4.42 1.999999999999969 4.419999999999815 -8.84368280670795e-40
21.8 2.0 4.42 1.999999999999969 4.419999999999813 -4.636017683509511e-40
21.825000000000003 2.0 4.42 1.999999999999969 4.419999999999812 -2.3293253297945707e-40
21.85 2.0 4.42 1.999999999999969 4.41999999999981 -1.0952769302848603e-40
21.875 2.0 4.42 1.9999999999999682 4.41999999999981 -4.567817789604015e-41
21.900000000000002 2.0 4.42 1.999999999999967 4.41999999999981 -1.4224112756928885e-41
21.925 2.0 4.42 1.999999999999967 4.41999999999981 7.962398971434832e-44
21.950000000000003 2.0 4.42 1.999999999999967 4.41999999999981 5.6417737497319404e-42
21.975 2.0 4.42 1.999999999999967 4.419999999999809 6.997093868289196e-42
22.0 2.0 4.42 1.9999999999999682 4.419999999999807 6.518129048276597e-42
22.025000000000002 2.0 4.42 1.9999999999999662 4.41999999999981 5.393393793276051e-42
22.05 2.0 4.42 1.9999999999999654 4.41999999999981 4.1789500664144645e-42
22.075000000000003 2.0 4.42 1.999999999999965 4.41999999999981 3.1043733361545746e-42
22.1 2.0 4.42 1.999999999999965 4.419999999999808 2.2389744900555717e-42
22.125 2.0 4.42 1.9999999999999654 4.419999999999806 1.5796414191572262e-42
22.150000000000002 2.0 4.42 1.9999999999999656 4.419999999999802 1.0954931288718836e-42
22.175 2.0 4.42 1.9999999999999667 4.419999999999799 7.49276645961125e-43
22.200000000000003 2.0 4.42 1.9999999999999667 4.419999999999799 5.066210362384114e-43
22.225 2.0 4.42 1.9999999999999662 4.419999999999799 3.392276304524096e-43
22.25 2.0 4.42 1.9999999999999662 4.419999999999799 2.2523830569655327e-43
22.275000000000002 2.0 4.42 1.9999999999999662 4.419999999999797 1.4845133099631467e-43
22.3 2.0 4.42 1.9999999999999667 4.419999999999796 9.72012144562803e-44
22.325000000000003 2.0 4.42 1.9999999999999656 4.419999999999796 6.326902277480289e-44
22.35 2.0 4.42 1.999999999999965 4.4199999999997965 4.0961546419022566e-44
22.375 2.0 4.42 1.9999999999999656 4.419999999999794 2.638888646042497e-44
22.400000000000002 2.0 4.42 1.9999999999999654 4.419999999999794 1.692339476315174e-44
22.425 2.0 4.42 1.999999999999965 4.419999999999792 1.0807188965707083e-44
22.450000000000003 2.0 4.42 1.9999999999999636 4.419999999999794 6.874067827198685e-45
22.475 2.0 4.42 1.9999999999999654 4.419999999999788 4.3560337357634266e-45
22.5 2.0 4.42 1.9999999999999656 4.419999999999786 2.7506291988257142e-45
22.525000000000002 2.0 4.42 1.9999999999999654 4.419999999999787 1.7310598467980355e-45
22.55 2.0 4.42 1.999999999999965 4.4199999999997885 1.0859198604467562e-45
22.575000000000003 2.0 4.42 1.999999999999965 4.4199999999997885 6.7912176504507534e-46
22.6 2.0 4.42 1.9999999999999654 4.419999999999787 4.234610731027439e-46
22.625 2.0 4.42 1.9999999999999643 4.419999999999788 2.632942317395744e-46
22.650000000000002 2.0 4.42 1.9999999999999636 4.419999999999786 1.6325717756315788e-46
22.675 2.0 4.42 1.9999999999999643 4.419999999999785 1.0095855044541322e-46
22.700000000000003 2.0 4.42 1.999999999999965 4.419999999999789 6.227114849281298e-47
22.725 2.0 4.42 1.9999999999999662 4.419999999999796 3.831187377468204e-47
22.75 2.0 4.42 1.9999999999999662 4.419999999999797 2.351308388844086e-47
22.775000000000002 2.0 4.42 1.9999999999999667 4.419999999999794 1.4395935097032767e-47
22.8 2.0 4.42 1.9999999999999658 4.419999999999794 8.793189124986368e-48
22.825000000000003 2.0 4.42 1.999999999999965 4.419999999999798 5.358575572986728e-48
22.85 2.0 4.42 1.999999999999967 4.419999999999803 3.258120167790177e-48
22.875 2.0 4.42 1.9999999999999682 4.4199999999998045 1.976589158084722e-48
22.900000000000002 2.0 4.42 1.9999999999999682 4.4199999999998045 1.196499804771185e-48
22.925 2.0 4.42 1.9999999999999682 4.4199999999998045 7.227195561827664e-49
22.950000000000003 2.0 4.42 1.9999999999999682 4.419999999999804 4.35612959102848e-49
22.975 2.0 4.42 1.9999999999999685 4.4199999999998045 2.620097012181536e-49
23.0 2.0 4.42 1.9999999999999696 4.419999999999809 1.5726437566102247e-49
23.025000000000002 2.0 4.42 1.9999999999999714 4.419999999999824 9.41997283432208e-50
23.05 2.0 4.42 1.999999999999974 4.41999999999984 5.630984641584324e-50
23.075000000000003 2.0 4.42 1.9999999999999754 4.41999999999985 3.3592533418414484e-50
23.1 2.0 4.42 1.9999999999999776 4.41999999999986 2.000011615982886e-50
23.125 2.0 4.42 1.9999999999999807 4.4199999999998765 1.1883943908134718e-50
23.150000000000002 2.0 4.42 1.9999999999999831 4.419999999999896 7.047471785717021e-51
23.175 2.0 4.42 1.9999999999999858 4.419999999999909 4.1711573187998824e-51
23.200000000000003 2.0 4.42 1.9999999999999876 4.419999999999925 2.463970629267948e-51
23.225 2.0 4.42 1.9999999999999905 4.419999999999943 1.4526967851038338e-51
23.25 2.0 4.42 1.9999999999999938 4.419999999999964 8.548289091174405e-52
23.275000000000002 2.0 4.42 1.9999999999999967 4.4199999999999795 5.020558570927222e-52
23.3 2.0 4.42 1.9999999999999976 4.419999999999986 2.943044929141196e-52
23.325000000000003 2.0 4.42 1.9999999999999976 4.419999999999985 1.7219350198427055e-52
23.35 2.0 4.42 1.9999999999999976 4.419999999999986 1.0055744678943882e-52
23.375 2.0 4.42 1.9999999999999976 4.419999999999985 5.861267598663116e-53
23.400000000000002 2.0 4.42 1.9999999999999976 4.419999999999986 3.4099698947988955e-53
23.425 2.0 4.42 1.9999999999999976 4.419999999999985 1.9801254871404934e-53
23.450000000000003 2.0 4.42 1.9999999999999976 4.419999999999986 1.1476757239727917e-53
23.475 2.0 4.42 1.9999999999999976 4.419999999999985 6.639429774964993e-54
23.5 2.0 4.42 1.9999999999999976 4.419999999999986 3.833786490499683e-54
23.525000000000002 2.0 4.42 1.9999999999999976 4.419999999999985 2.2095850757115304e-54
23.55 2.0 4.42 1.9999999999999976 4.419999999999986 1.2710978009256623e-54
23.575000000000003 2.0 4.42 1.9999999999999976 4.419999999999985 7.298474087965426e-55
23.6 2.0 4.42 1.9999999999999976 4.419999999999986 4.182819489085629e-55
23.625 2.0 4.42 1.9999999999999976 4.419999999999985 2.3927033740792414e-55
23.650000000000002 2.0 4.42 1.9999999999999976 4.419999999999986 1.3661225834022422e-55
23.675 2.0 4.42 1.9999999999999976 4.419999999999985 7.785196324389693e-56
23.700000000000003 2.0 4.42 1.9999999999999976 4.419999999999986 4.428189557266278e-56
23.725 2.0 4.42 1.9999999999999976 4.419999999999985 2.5139511568902517e-56
23.75 2.0 4.42 1.9999999999999976 4.419999999999986 1.4244864646060943e-56
23.775000000000002 2.0 4.42 1.9999999999999976 4.419999999999985 8.056142177712205e-57
23.8 2.0 4.42 1.9999999999999976 4.419999999999986 4.5473588753179857e-57
23.825000000000003 2.0 4.42 1.9999999999999976 4.419999999999985 2.561829368403867e-57
23.85 2.0 4.42 1.9999999999999976 4.419999999999986 1.440439754897118e-57
23.875 2.0 4.42 1.9999999999999976 4.419999999999985 8.083295968589929e-58
23.900000000000002 2.0 4.42 1.9999999999999976 4.419999999999986 4.527144471640561e-58
23.925 2.0 4.42 1.9999999999999976 4.419999999999985 2.530440596163147e-58
23.950000000000003 2.0 4.42 1.9999999999999976 4.419999999999986 1.41155128634644e-58
23.975 2.0 4.42 1.9999999999999976 4.419999999999985 7.858108771269479e-59
24.0 2.0 4.42 1.9999999999999976 4.419999999999986 4.36567780080435e-59
24.025000000000002 2.0 4.42 1.9999999999999976 4.419999999999985 2.420406029382109e-59
24.05 2.0 4.42 1.9999999999999976 4.419999999999986 1.3391137051841452e-59
24.075000000000003 2.0 4.42 1.9999999999999976 4.419999999999985 7.393127966515902e-60
24.1 2.0 4.42 1.9999999999999976 4.419999999999986 4.072943421774355e-60
24.125 2.0 4.42 1.9999999999999976 4.419999999999985 2.2389513277987053e-60
24.150000000000002 2.0 4.42 1.9999999999999976 4.419999999999986 1.228068423816306e-60
24.175 2.0 4.42 1.9999999999999976 4.419999999999985 6.720882163419382e-61
24.200000000000003 2.0 4.42 1.9999999999999976 4.419999999999986 3.6697668525825195e-61
24.225 2.0 4.42 1.9999999999999976 4.419999999999985 1.999125932595155e-61
24.25 2.0 4.42 1.9999999999999976 4.419999999999986 1.0864518245663961e-61
24.275000000000002 2.0 4.42 1.9999999999999976 4.419999999999985 5.89015211773402e-62
24.3 2.0 4.42 1.9999999999999976 4.419999999999986 3.1853928444269616e-62
24.325000000000003 2.0 4.42 1.9999999999999976 4.4199999999999875 1.718272474634739e-62
24.35 2.0 4.42 1.9999999999999982 4.419999999999991 9.244484572660024e-63
24.375 2.0 4.42 1.999999999999999 4.419999999999995 4.960217038783217e-63
24.400000000000002 2.0 4.42 2.0 4.419999999999998 2.6540415818423955e-63
24.425 2.0 4.42 2.0 4.42 1.415992906768477e-63
24.450000000000003 2.0 4.42 2.0 4.42 7.532042663427179e-64
24.475 2.0 4.42 2.0 4.42 3.9940063494657534e-64
24.5 2.0 4.42 2.0 4.42 2.1109980944259782e-64
24.525000000000002 2.0 4.42 2.0 4.42 1.111937720653059e-64
24.55 2.0 4.42 2.0 4.42 5.83588937011854e-65
24.575000000000003 2.0 4.42 2.0 4.42 3.05123791520625e-65
24.6 2.0 4.42 2.0 4.42 1.5888450293899394e-65
24.625 2.0 4.42 2.0 4.42 8.237583357394523e-66
24.650000000000002 2.0 4.42 2.0 4.42 4.2509455113546756e-66
24.675 2.0 4.42 2.0 4.42 2.182559875779752e-66
24.700000000000003 2.0 4.42 2.0 4.42 1.1143840376280823e-66
24.725 2.0 4.42 2.0 4.42 5.6551073145166315e-67
24.75 2.0 4.42 2.0 4.42 2.850203213424424e-67
24.775000000000002 2.0 4.42 2.0 4.42 1.4254606042636654e-67
24.8 2.0 4.42 2.0 4.42 7.066277007771242e-68
24.825000000000003 2.0 4.42 2.0 4.42 3.466961123203033e-68
24.85 2.0 4.42 2.0 4.42 1.680307135994705e-68
24.875 2.0 4.42 2.0 4.42 8.023378137447364e-69
24.900000000000002 2.0 4.42 2.0 4.42 3.760245770446518e-69
24.925 2.0 4.42 2.0 4.42 1.7199764743941343e-69
24.950000000000003 2.0 4.42 2.0 4.42 7.610211522539974e-70
24.975 2.0 4.42 2.0 4.42 3.20712872590325e-70
