0.0 2.0 4.42 2.0 4.42 -1.2485577391691675e-70
0.25 2.0 4.42 2.0 4.42 -2.850203213424424e-67
0.5 2.0 4.42 2.0 4.42 -2.1109980944259782e-64
0.75 2.0 4.42 2.0 4.42 -1.0864518245663961e-61
1.0 2.0 4.42 2.0 4.42 -4.36567780080435e-59
1.25 2.0 4.42 2.0 4.42 -1.4244864646060943e-56
1.5 2.0 4.42 2.0 4.42 -3.833786490499683e-54
1.75 2.0 4.42 2.0 4.42 -8.548289091174405e-52
2.0 2.0 4.42 2.0 4.42 -1.5726437566102247e-49
2.25 2.0 4.42 2.0 4.42 -2.351308388844086e-47
2.5 2.0 4.42 2.0 4.42 -2.7506291988257142e-45
2.75 2.0 4.42 2.0 4.42 -2.2523830569655327e-43
3.0 2.0 4.42 2.0 4.42 -6.518129048276597e-42
3.25 2.0 4.42 2.0 4.42 1.637631564719423e-39
3.5 2.0 4.42 2.0 4.42 3.7190631002266737e-37
3.75 2.0 4.42 2.0 4.42 4.767397604445987e-35
4.0 2.0 4.42 2.0 4.42 4.547325892745335e-33
4.25 2.0 4.42 2.0 4.42 3.4602839938301873e-31
4.5 2.0 4.42 2.0 4.42 2.1566080528120858e-29
4.75 2.0 4.42 2.0 4.42 1.111987969600823e-27
5.0 2.0 4.42 2.0 4.42 4.7468193800184217e-26
5.25 2.0 4.42 2.0 4.42 1.6638083285143045e-24
5.5 2.0 4.42 2.0 4.42 4.6815685166807494e-23
5.75 2.0 4.42 2.0 4.42 9.976476910669732e-22
6.0 2.0 4.42 2.0 4.42 1.3091921451978668e-20
6.25 2.0 4.42 2.0 4.42 -4.8921798420998234e-20
6.5 2.0 4.42 2.0 4.42 -8.808736703694343e-18
6.75 1.9999999999999996 4.42 1.9999999999999996 4.42 -3.023468242913689e-16
7.0 1.9999999999999907 4.42 1.9999999999999907 4.42 -6.988407961666439e-15
7.25 1.9999999999998332 4.42 1.999999999999833 4.42 -1.250209723893004e-13
7.5 1.99999999999759 4.42 1.99999999999759 4.42 -1.8100340773142959e-12
7.75 1.99999999997126 4.42 1.9999999999712599 4.42 -2.1586786279083474e-11
8.0 1.9999999997160611 4.42 1.9999999997160607 4.42 -2.1327078847736331e-10
8.25 1.9999999976829719 4.42 1.9999999976829717 4.42 -1.7403567350686184e-09
8.5 1.9999999845890881 4.42 1.9999999845890877 4.42 -1.157538197381337e-08
8.75 1.9999999192106395 4.42 1.9999999192106395 4.419999999999999 -6.068217856011783e-08
9.0 1.9999996962691307 4.42 1.9999996962691304 4.42 -2.2813709273067303e-07
9.25 1.9999994935578953 4.42 1.9999994935578953 4.42 -3.803967102260639e-07
9.5 2.0000031513409984 4.42 2.0000031513409984 4.42 2.3670244376693356e-06
9.75 2.0000358822251654 4.42 2.0000358822251654 4.42 2.695195306443837e-05
10.0 2.0002090443120917 4.42 2.0002090443120917 4.42 0.00015702467937915227
10.25 2.000890976051388 4.42 2.000890976051388 4.42 0.0006693744426668637
10.5 2.003011350317759 4.42 2.0030113503177587 4.42 0.002263562657804649
10.75 2.0083105247372948 4.42 2.0083105247372948 4.419999999999996 0.006254988727532051
11.0 2.018936165733992 4.42 2.0189361657339915 4.42 0.014289354925302632
11.25 2.0356850186288216 4.42 2.035685018628821 4.42 0.027035756852131283
11.5 2.0552822801890627 4.42 2.0552822801890627 4.419999999999996 0.04207354924039483
11.75 2.0691426958581935 4.42 2.0691426958581935 4.42 0.05278713821237704
12.0 2.0665098707470744 4.42 2.0665098707470744 4.42 0.050747193659481916
12.25 2.0416361374021044 4.42 2.0416361374021044 4.42 0.03158840711176899
12.5 2.0 4.42 2.0 4.42 -0.0
12.75 1.957482368365155 4.42 1.9574823683651548 4.42 -0.03158840711176899
13.0 1.9312050917707424 4.42 1.9312050917707422 4.42 -0.050747193659481916
13.25 1.9283834058079075 4.42 1.9283834058079075 4.42 -0.05278713821237704
13.5 1.9431505605950246 4.42 1.9431505605950246 4.42 -0.04207354924039483
13.75 1.9636697427603236 4.42 1.9636697427603231 4.42 -0.027035756852131283
14.0 1.980883849031008 4.42 1.9808838490310074 4.42 -0.014289354925302632
14.25 1.9916550032110838 4.42 1.9916550032110836 4.42 -0.006254988727532051
14.5 1.996984135714661 4.42 1.9969841357146605 4.42 -0.002263562657804649
14.75 1.9991086292132314 4.42 1.9991086292132314 4.42 -0.0006693744426668637
15.0 1.9997909339657418 4.42 1.9997909339657416 4.42 -0.00015702467937915227
15.25 1.9999641171348823 4.42 1.9999641171348823 4.42 -2.695195306443837e-05
15.5 1.9999968486540651 4.42 1.9999968486540651 4.42 -2.3670244376693356e-06
15.75 2.0000005064419777 4.42 2.0000005064419777 4.42 3.803967102260639e-07
16.0 2.0000003037308236 4.42 2.0000003037308236 4.42 2.2813709273067303e-07
16.25 2.0000000807893574 4.42 2.0000000807893574 4.42 6.068217856011783e-08
16.5 2.0000000154109117 4.42 2.0000000154109117 4.42 1.157538197381337e-08
16.75 2.000000002317028 4.42 2.000000002317028 4.42 1.7403567350686184e-09
17.0 2.0000000002839387 4.42 2.000000000283938 4.42 2.1327078847736331e-10
17.25 2.0000000000287392 4.42 2.0000000000287392 4.42 2.1586786279083474e-11
17.5 2.0000000000024096 4.42 2.0000000000024096 4.42 1.8100340773142959e-12
17.75 2.0000000000001665 4.42 2.0000000000001665 4.42 1.250209723893004e-13
18.0 2.0000000000000093 4.42 2.0000000000000093 4.42 6.988407961666439e-15
18.25 2.0000000000000004 4.42 2.0 4.42 3.023468242913689e-16
18.5 2.0 4.42 2.0 4.42 8.808736703694343e-18
18.75 2.0 4.42 2.0 4.42 4.8921798420998234e-20
19.0 2.0 4.42 2.0 4.42 -1.3091921451978668e-20
19.25 2.0 4.42 2.0 4.42 -9.976476910669732e-22
19.5 2.0 4.42 2.0 4.42 -4.6815685166807494e-23
19.75 2.0 4.42 2.0 4.42 -1.6638083285143045e-24
20.0 2.0 4.42 2.0 4.42 -4.7468193800184217e-26
20.25 2.0 4.42 2.0 4.42 -1.111987969600823e-27
20.5 2.0 4.42 2.0 4.42 -2.1566080528120858e-29
20.75 2.0 4.42 2.0 4.42 -3.4602839938301873e-31
21.0 2.0 4.42 2.0 4.42 -4.547325892745335e-33
21.25 2.0 4.42 2.0 4.42 -4.767397604445987e-35
21.5 2.0 4.42 2.0 4.42 -3.7190631002266737e-37
21.75 2.0 4.42 2.0 4.42 -1.637631564719423e-39
22.0 2.0 4.42 2.0 4.42 6.518129048276597e-42
22.25 2.0 4.42 2.0 4.42 2.2523830569655327e-43
22.5 2.0 4.42 2.0 4.42 2.7506291988257142e-45
22.75 2.0 4.42 2.0 4.42 2.351308388844086e-47
23.0 2.0 4.42 2.0 4.42 1.5726437566102247e-49
23.25 2.0 4.42 2.0 4.42 8.548289091174405e-52
23.5 2.0 4.42 2.0 4.42 3.833786490499683e-54
23.75 2.0 4.42 2.0 4.42 1.4244864646060943e-56
24.0 2.0 4.42 2.0 4.42 4.36567780080435e-59
24.25 2.0 4.42 2.0 4.42 1.0864518245663961e-61
24.5 2.0 4.42 2.0 4.42 2.1109980944259782e-64
24.75 2.0 4.42 2.0 4.42 2.850203213424424e-67
