0.0 2.0 4.42 2.0 4.42 -1.2485577391691675e-70
0.025 2.0 4.42 2.0 4.42 -3.207128725903494e-70
0.05 2.0 4.42 2.0 4.42 -7.61021152254107e-70
0.07500000000000001 2.0 4.42 2.0 4.42 -1.7199764743941343e-69
0.1 2.0 4.42 2.0 4.42 -3.760245770446665e-69
0.125 2.0 4.42 2.0 4.42 -8.023378137447364e-69
0.15000000000000002 2.0 4.42 2.0 4.42 -1.6803071359948142e-68
0.17500000000000002 2.0 4.42 2.0 4.42 -3.466961123203379e-68
0.2 2.0 4.42 2.0 4.42 -7.066277007771242e-68
0.225 2.0 4.42 2.0 4.42 -1.4254606042637545e-67
0.25 2.0 4.42 2.0 4.42 -2.850203213424424e-67
0.275 2.0 4.42 2.0 4.42 -5.6551073145168206e-67
0.30000000000000004 2.0 4.42 2.0 4.42 -1.1143840376281877e-66
0.325 2.0 4.42 2.0 4.42 -2.182559875779752e-66
0.35000000000000003 2.0 4.42 2.0 4.42 -4.250945511354934e-66
0.375 2.0 4.42 2.0 4.42 -8.237583357394523e-66
0.4 2.0 4.42 2.0 4.42 -1.5888450293899902e-65
0.42500000000000004 2.0 4.42 2.0 4.42 -3.05123791520653e-65
0.45 2.0 4.42 2.0 4.42 -5.83588937011854e-65
0.47500000000000003 2.0 4.42 2.0 4.42 -1.1119377206531254e-64
0.5 2.0 4.42 2.0 4.42 -2.1109980944259782e-64
0.525 2.0 4.42 2.0 4.42 -3.99400634946599e-64
0.55 2.0 4.42 2.0 4.42 -7.532042663427859e-64
0.5750000000000001 2.0 4.42 2.0 4.42 -1.415992906768477e-63
0.6000000000000001 2.0 4.42 2.0 4.42 -2.6540415818424765e-63
0.625 2.0 4.42 2.0 4.42 -4.960217038783217e-63
0.65 2.0 4.42 2.0 4.42 -9.244484572660568e-63
0.675 2.0 4.42 2.0 4.42 -1.718272474634892e-62
0.7000000000000001 2.0 4.42 2.0 4.42 -3.1853928444269616e-62
0.7250000000000001 2.0 4.42 2.0 4.42 -5.890152117734197e-62
0.75 2.0 4.42 2.0 4.42 -1.0864518245663961e-61
0.775 2.0 4.42 2.0 4.42 -1.999125932595272e-61
0.8 2.0 4.42 2.0 4.42 -3.6697668525828435e-61
0.8250000000000001 2.0 4.42 2.0 4.42 -6.720882163419382e-61
0.8500000000000001 2.0 4.42 2.0 4.42 -1.2280684238163775e-60
0.875 2.0 4.42 2.0 4.42 -2.2389513277987053e-60
0.9 2.0 4.42 2.0 4.42 -4.0729434217744756e-60
0.925 2.0 4.42 2.0 4.42 -7.393127966516549e-60
0.9500000000000001 2.0 4.42 2.0 4.42 -1.3391137051841452e-59
0.9750000000000001 2.0 4.42 2.0 4.42 -2.420406029382249e-59
1.0 2.0 4.42 2.0 4.42 -4.36567780080435e-59
1.0250000000000001 2.0 4.42 2.0 4.42 -7.8581087712697095e-59
1.05 2.0 4.42 2.0 4.42 -1.411551286346563e-58
1.075 2.0 4.42 2.0 4.42 -2.530440596163147e-58
1.1 2.0 4.42 2.0 4.42 -4.527144471640695e-58
1.125 2.0 4.42 2.0 4.42 -8.083295968589929e-58
1.1500000000000001 2.0 4.42 2.0 4.42 -1.4404397548971597e-57
1.175 2.0 4.42 2.0 4.42 -2.5618293684040885e-57
1.2000000000000002 2.0 4.42 2.0 4.42 -4.5473588753179857e-57
1.225 2.0 4.42 2.0 4.42 -8.056142177712438e-57
1.25 2.0 4.42 2.0 4.42 -1.4244864646060943e-56
1.2750000000000001 2.0 4.42 2.0 4.42 -2.5139511568903604e-56
1.3 2.0 4.42 2.0 4.42 -4.428189557266659e-56
1.3250000000000002 2.0 4.42 2.0 4.42 -7.785196324389693e-56
1.35 2.0 4.42 2.0 4.42 -1.3661225834023005e-55
1.375 2.0 4.42 2.0 4.42 -2.3927033740792414e-55
1.4000000000000001 2.0 4.42 2.0 4.42 -4.1828194890858076e-55
1.425 2.0 4.42 2.0 4.42 -7.298474087965946e-55
1.4500000000000002 2.0 4.42 2.0 4.42 -1.2710978009256623e-54
1.475 2.0 4.42 2.0 4.42 -2.209585075711625e-54
1.5 2.0 4.42 2.0 4.42 -3.833786490499683e-54
1.5250000000000001 2.0 4.42 2.0 4.42 -6.639429774965276e-54
1.55 2.0 4.42 2.0 4.42 -1.1476757239728728e-53
1.5750000000000002 2.0 4.42 2.0 4.42 -1.9801254871404934e-53
1.6 2.0 4.42 2.0 4.42 -3.4099698947990406e-53
1.625 2.0 4.42 2.0 4.42 -5.861267598663116e-53
1.6500000000000001 2.0 4.42 2.0 4.42 -1.0055744678944166e-52
1.675 2.0 4.42 2.0 4.42 -1.7219350198428513e-52
1.7000000000000002 2.0 4.42 2.0 4.42 -2.943044929141196e-52
1.725 2.0 4.42 2.0 4.42 -5.020558570927434e-52
1.75 2.0 4.42 2.0 4.42 -8.548289091174405e-52
1.7750000000000001 2.0 4.42 2.0 4.42 -1.452696785103895e-51
1.8 2.0 4.42 2.0 4.42 -2.4639706292681554e-51
1.8250000000000002 2.0 4.42 2.0 4.42 -4.1711573187998824e-51
1.85 2.0 4.42 2.0 4.42 -7.047471785717218e-51
1.875 2.0 4.42 2.0 4.42 -1.1883943908134718e-50
1.9000000000000001 2.0 4.42 2.0 4.42 -2.000011615982941e-50
1.925 2.0 4.42 2.0 4.42 -3.359253341841682e-50
1.9500000000000002 2.0 4.42 2.0 4.42 -5.630984641584324e-50
1.975 2.0 4.42 2.0 4.42 -9.41997283432247e-50
2.0 2.0 4.42 2.0 4.42 -1.5726437566102247e-49
2.025 2.0 4.42 2.0 4.42 -2.620097012181645e-49
2.0500000000000003 2.0 4.42 2.0 4.42 -4.356129591028779e-49
2.075 2.0 4.42 2.0 4.42 -7.227195561827664e-49
2.1 2.0 4.42 2.0 4.42 -1.1964998047712175e-48
2.125 2.0 4.42 2.0 4.42 -1.976589158084722e-48
2.15 2.0 4.42 2.0 4.42 -3.2581201677903115e-48
2.1750000000000003 2.0 4.42 2.0 4.42 -5.358575572987094e-48
2.2 2.0 4.42 2.0 4.42 -8.793189124986368e-48
2.225 2.0 4.42 2.0 4.42 -1.4395935097033357e-47
2.25 2.0 4.42 2.0 4.42 -2.351308388844086e-47
2.275 2.0 4.42 2.0 4.42 -3.831187377468307e-47
2.3000000000000003 2.0 4.42 2.0 4.42 -6.227114849281717e-47
2.325 2.0 4.42 2.0 4.42 -1.0095855044541322e-46
2.35 2.0 4.42 2.0 4.42 -1.632571775631622e-46
2.375 2.0 4.42 2.0 4.42 -2.632942317395744e-46
2.4000000000000004 2.0 4.42 2.0 4.42 -4.23461073102761e-46
2.4250000000000003 2.0 4.42 2.0 4.42 -6.791217650451203e-46
2.45 2.0 4.42 2.0 4.42 -1.0859198604467562e-45
2.475 2.0 4.42 2.0 4.42 -1.73105984679808e-45
2.5 2.0 4.42 2.0 4.42 -2.7506291988257142e-45
2.5250000000000004 2.0 4.42 2.0 4.42 -4.356033735763538e-45
2.5500000000000003 2.0 4.42 2.0 4.42 -6.874067827199131e-45
2.575 2.0 4.42 2.0 4.42 -1.0807188965707083e-44
2.6 2.0 4.42 2.0 4.42 -1.6923394763152405e-44
2.625 2.0 4.42 2.0 4.42 -2.638888646042497e-44
2.6500000000000004 2.0 4.42 2.0 4.42 -4.0961546419023566e-44
2.6750000000000003 2.0 4.42 2.0 4.42 -6.326902277480685e-44
2.7 2.0 4.42 2.0 4.42 -9.72012144562803e-44
2.725 2.0 4.42 2.0 4.42 -1.4845133099631818e-43
2.75 2.0 4.42 2.0 4.42 -2.2523830569655327e-43
2.7750000000000004 2.0 4.42 2.0 4.42 -3.392276304524222e-43
2.8000000000000003 2.0 4.42 2.0 4.42 -5.066210362384411e-43
2.825 2.0 4.42 2.0 4.42 -7.49276645961125e-43
2.85 2.0 4.42 2.0 4.42 -1.0954931288719216e-42
2.875 2.0 4.42 2.0 4.42 -1.5796414191572262e-42
2.9000000000000004 2.0 4.42 2.0 4.42 -2.2389744900556132e-42
2.9250000000000003 2.0 4.42 2.0 4.42 -3.104373336154678e-42
2.95 2.0 4.42 2.0 4.42 -4.1789500664144645e-42
2.975 2.0 4.42 2.0 4.42 -5.393393793276109e-42
3.0 2.0 4.42 2.0 4.42 -6.518129048276597e-42
3.0250000000000004 2.0 4.42 2.0 4.42 -6.997093868289248e-42
3.0500000000000003 2.0 4.42 2.0 4.42 -5.6417737497315465e-42
3.075 2.0 4.42 2.0 4.42 -7.962398971434832e-44
3.1 2.0 4.42 2.0 4.42 1.422411275693031e-41
3.125 2.0 4.42 2.0 4.42 4.567817789604015e-41
3.1500000000000004 2.0 4.42 2.0 4.42 1.0952769302849172e-40
3.1750000000000003 2.0 4.42 2.0 4.42 2.329325329794819e-40
3.2 2.0 4.42 2.0 4.42 4.636017683509511e-40
3.225 2.0 4.42 2.0 4.42 8.843682806708304e-40
3.25 2.0 4.42 2.0 4.42 1.637631564719423e-39
3.2750000000000004 2.0 4.42 2.0 4.42 2.966111642178372e-39
3.3000000000000003 2.0 4.42 2.0 4.42 5.2804380857322505e-39
3.325 2.0 4.42 2.0 4.42 9.270696934396925e-39
3.35 2.0 4.42 2.0 4.42 1.6089691475392133e-38
3.375 2.0 4.42 2.0 4.42 2.7652750956800404e-38
3.4000000000000004 2.0 4.42 2.0 4.42 4.712626436385147e-38
3.4250000000000003 2.0 4.42 2.0 4.42 7.972076175243819e-38
3.45 2.0 4.42 2.0 4.42 1.3397382911216649e-37
3.475 2.0 4.42 2.0 4.42 2.2381838356032733e-37
3.5 2.0 4.42 2.0 4.42 3.7190631002266737e-37
3.5250000000000004 2.0 4.42 2.0 4.42 6.149328554848944e-37
3.5500000000000003 2.0 4.42 2.0 4.42 1.0121407319873481e-36
3.575 2.0 4.42 2.0 4.42 1.6588636843696637e-36
3.6 2.0 4.42 2.0 4.42 2.708035664796088e-36
3.625 2.0 4.42 2.0 4.42 4.404258009248603e-36
3.6500000000000004 2.0 4.42 2.0 4.42 7.137614307672968e-36
3.6750000000000003 2.0 4.42 2.0 4.42 1.1528461656909949e-35
3.7 2.0 4.42 2.0 4.42 1.8560693312315038e-35
3.725 2.0 4.42 2.0 4.42 2.979066736622274e-35
3.75 2.0 4.42 2.0 4.42 4.767397604445987e-35
3.7750000000000004 2.0 4.42 2.0 4.42 7.607531331130017e-35
3.8000000000000003 2.0 4.42 2.0 4.42 1.2106218924007303e-34
3.825 2.0 4.42 2.0 4.42 1.921376879200274e-34
3.85 2.0 4.42 2.0 4.42 3.0415081655923462e-34
3.875 2.0 4.42 2.0 4.42 4.802503147034089e-34
3.9000000000000004 2.0 4.42 2.0 4.42 7.564418649237672e-34
3.9250000000000003 2.0 4.42 2.0 4.42 1.1886038390279906e-33
3.95 2.0 4.42 2.0 4.42 1.8632647696966683e-33
3.975 2.0 4.42 2.0 4.42 2.9141243919621215e-33
4.0 2.0 4.42 2.0 4.42 4.547325892745335e-33
4.025 2.0 4.42 2.0 4.42 7.08003429138678e-33
4.05 2.0 4.42 2.0 4.42 1.0999204945488797e-32
4.075 2.0 4.42 2.0 4.42 1.7050924828732827e-32
4.1000000000000005 2.0 4.42 2.0 4.42 2.6375954000813244e-32
4.125 2.0 4.42 2.0 4.42 4.0714940949284585e-32
4.15 2.0 4.42 2.0 4.42 6.271849961695167e-32
4.175 2.0 4.42 2.0 4.42 9.641478893875457e-32
4.2 2.0 4.42 2.0 4.42 1.4791318609840628e-31
4.2250000000000005 2.0 4.42 2.0 4.42 2.2646115092850218e-31
4.25 2.0 4.42 2.0 4.42 3.4602839938301873e-31
4.275 2.0 4.42 2.0 4.42 5.2767676836075284e-31
4.3 2.0 4.42 2.0 4.42 8.0309842467275e-31
4.325 2.0 4.42 2.0 4.42 1.219887966077023e-30
4.3500000000000005 2.0 4.42 2.0 4.42 1.8493825857628825e-30
4.375 2.0 4.42 2.0 4.42 2.798298194819873e-30
4.4 2.0 4.42 2.0 4.42 4.225965288071211e-30
4.425 2.0 4.42 2.0 4.42 6.369808936104075e-30
4.45 2.0 4.42 2.0 4.42 9.582941706884708e-30
4.4750000000000005 2.0 4.42 2.0 4.42 1.4389518087574973e-29
4.5 2.0 4.42 2.0 4.42 2.1566080528120858e-29
4.525 2.0 4.42 2.0 4.42 3.2260863834562185e-29
4.55 2.0 4.42 2.0 4.42 4.8168421569564733e-29
4.575 2.0 4.42 2.0 4.42 7.178471636680691e-29
4.6000000000000005 2.0 4.42 2.0 4.42 1.0677900206662695e-28
4.625 2.0 4.42 2.0 4.42 1.5853487713817023e-28
4.65 2.0 4.42 2.0 4.42 2.349358714699909e-28
4.675 2.0 4.42 2.0 4.42 3.4750376167468296e-28
4.7 2.0 4.42 2.0 4.42 5.130446096074551e-28
4.7250000000000005 2.0 4.42 2.0 4.42 7.560240733947868e-28
4.75 2.0 4.42 2.0 4.42 1.111987969600823e-27
4.775 2.0 4.42 2.0 4.42 1.6324777288682076e-27
4.800000000000001 2.0 4.42 2.0 4.42 2.3920791350568763e-27
4.825 2.0 4.42 2.0 4.42 3.498508622723132e-27
4.8500000000000005 2.0 4.42 2.0 4.42 5.107015027443151e-27
4.875 2.0 4.42 2.0 4.42 7.44089836681967e-27
4.9 2.0 4.42 2.0 4.42 1.0820679358050657e-26
4.925000000000001 2.0 4.42 2.0 4.42 1.5705474219976266e-26
4.95 2.0 4.42 2.0 4.42 2.2751548869943728e-26
4.9750000000000005 2.0 4.42 2.0 4.42 3.2894995160088094e-26
5.0 2.0 4.42 2.0 4.42 4.7468193800184217e-26
5.025 2.0 4.42 2.0 4.42 6.836348138133838e-26
5.050000000000001 2.0 4.42 2.0 4.42 9.826259699366093e-26
5.075 2.0 4.42 2.0 4.42 1.4095755114034432e-25
5.1000000000000005 2.0 4.42 2.0 4.42 2.017982107211274e-25
5.125 2.0 4.42 2.0 4.42 2.8831502816409013e-25
5.15 2.0 4.42 2.0 4.42 4.1108315305850485e-25
5.175000000000001 2.0 4.42 2.0 4.42 5.849182239504409e-25
5.2 2.0 4.42 2.0 4.42 8.305265084697836e-25
5.2250000000000005 2.0 4.42 2.0 4.42 1.1767754269319202e-24
5.25 2.0 4.42 2.0 4.42 1.6638083285143045e-24
5.275 2.0 4.42 2.0 4.42 2.3473041374023936e-24
5.300000000000001 2.0 4.42 2.0 4.42 3.3042837924156444e-24
5.325 2.0 4.42 2.0 4.42 4.64099834688132e-24
5.3500000000000005 2.0 4.42 2.0 4.42 6.503606934487226e-24
5.375 2.0 4.42 2.0 4.42 9.092577194644609e-24
5.4 2.0 4.42 2.0 4.42 1.2682028866634167e-23
5.425000000000001 2.0 4.42 2.0 4.42 1.7645607765431595e-23
5.45 2.0 4.42 2.0 4.42 2.4490938514206842e-23
5.4750000000000005 2.0 4.42 2.0 4.42 3.390527718294937e-23
5.5 2.0 4.42 2.0 4.42 4.6815685166807494e-23
5.525 2.0 4.42 2.0 4.42 6.446788458404909e-23
5.550000000000001 2.0 4.42 2.0 4.42 8.852893455553563e-23
5.575 2.0 4.42 2.0 4.42 1.2121996938613886e-22
5.6000000000000005 2.0 4.42 2.0 4.42 1.6548641332673977e-22
5.625 2.0 4.42 2.0 4.42 2.252142269674823e-22
5.65 2.0 4.42 2.0 4.42 3.055016545536122e-22
5.675000000000001 2.0 4.42 2.0 4.42 4.1299630014263464e-22
5.7 2.0 4.42 2.0 4.42 5.563066249343022e-22
5.7250000000000005 2.0 4.42 2.0 4.42 7.464942745661968e-22
5.75 2.0 4.42 2.0 4.42 9.976476910669732e-22
5.775 2.0 4.42 2.0 4.42 1.327526226736045e-21
5.800000000000001 2.0 4.42 2.0 4.42 1.7582444372291907e-21
5.825 2.0 4.42 2.0 4.42 2.3169339133912443e-21
5.8500000000000005 2.0 4.42 2.0 4.42 3.0362683497293437e-21
5.875 2.0 4.42 2.0 4.42 3.954656992153136e-21
5.9 2.0 4.42 2.0 4.42 5.11578837693969e-21
5.925000000000001 2.0 4.42 2.0 4.42 6.5670206144603765e-21
5.95 2.0 4.42 2.0 4.42 8.355838251723559e-21
5.9750000000000005 2.0 4.42 2.0 4.42 1.0523189124483777e-20
6.0 2.0 4.42 2.0 4.42 1.3091921451978668e-20
6.025 2.0 4.42 2.0 4.42 1.604768304251177e-20
6.050000000000001 2.0 4.42 2.0 4.42 1.9308411043164975e-20
6.075 2.0 4.42 2.0 4.42 2.2676779569081865e-20
6.1000000000000005 2.0 4.42 2.0 4.42 2.5767472569967825e-20
6.125 2.0 4.42 2.0 4.42 2.789761923259548e-20
6.15 2.0 4.42 2.0 4.42 2.7923769080008826e-20
6.175000000000001 2.0 4.42 2.0 4.42 2.400184620455049e-20
6.2 2.0 4.42 2.0 4.42 1.323685989615532e-20
6.2250000000000005 2.0 4.42 2.0 4.42 -8.824253177571133e-21
6.25 2.0 4.42 2.0 4.42 -4.8921798420998234e-20
6.275 2.0 4.42 2.0 4.42 -1.1712514172146412e-19
6.300000000000001 2.0 4.42 2.0 4.42 -2.2831278910267004e-19
6.325 2.0 4.42 2.0 4.42 -4.0426416012822785e-19
6.3500000000000005 2.0 4.42 2.0 4.42 -6.76601658932568e-19
6.375 2.0 4.42 2.0 4.42 -1.0909101867037715e-18
6.4 2.0 4.42 2.0 4.42 -1.7124811617720026e-18
6.425000000000001 2.0 4.42 2.0 4.42 -2.634290061535745e-18
6.45 2.0 4.42 2.0 4.42 -3.988034572032288e-18
6.4750000000000005 2.0 4.42 2.0 4.42 -5.9593532496919114e-18
6.5 2.0 4.42 2.0 4.42 -8.808736703694343e-18
6.525 2.0 4.42 2.0 4.42 -1.2900166942861003e-17
6.550000000000001 2.0 4.42 2.0 4.42 -1.8740217965579606e-17
6.575 2.0 4.42 2.0 4.42 -2.7031277165721784e-17
6.6000000000000005 2.0 4.42 2.0 4.42 -3.874377474699012e-17
6.625 2.0 4.42 2.0 4.42 -5.5213930824722155e-17
6.65 2.0 4.42 2.0 4.42 -7.827566888087937e-17
6.675000000000001 2.0 4.42 2.0 4.42 -1.1043815715156673e-16
6.7 1.9999999999999996 4.42 1.9999999999999996 4.42 -1.5512412961216225e-16
6.7250000000000005 1.9999999999999996 4.42 1.9999999999999996 4.42 -2.1698896722718152e-16
6.75 1.9999999999999996 4.42 1.9999999999999996 4.42 -3.023468242913689e-16
6.775 1.9999999999999996 4.42 1.9999999999999996 4.42 -4.197382948699487e-16
6.800000000000001 1.9999999999999991 4.42 1.999999999999999 4.42 -5.806847812887535e-16
6.825 1.9999999999999987 4.42 1.9999999999999987 4.419999999999998 -8.00688552537078e-16
6.8500000000000005 1.9999999999999987 4.42 1.9999999999999976 4.42 -1.1005553584170277e-15
6.875 1.9999999999999978 4.42 1.9999999999999976 4.419999999999996 -1.5081395283077498e-15
6.9 1.9999999999999973 4.42 1.9999999999999962 4.419999999999996 -2.0606411652510937e-15
6.925000000000001 1.999999999999996 4.42 1.9999999999999956 4.419999999999996 -2.8076231563983075e-15
6.95 1.9999999999999951 4.42 1.9999999999999936 4.419999999999996 -3.814964538080919e-15
6.9750000000000005 1.999999999999993 4.42 1.999999999999991 4.419999999999996 -5.170029138986673e-15
7.0 1.9999999999999907 4.42 1.9999999999999882 4.419999999999994 -6.988407961666439e-15
7.025 1.9999999999999876 4.42 1.999999999999985 4.419999999999993 -9.422694927499562e-15
7.050000000000001 1.9999999999999831 4.42 1.999999999999981 4.419999999999989 -1.2673883980809923e-14
7.075 1.9999999999999774 4.42 1.9999999999999736 4.419999999999991 -1.700613805461918e-14
7.1000000000000005 1.9999999999999698 4.42 1.999999999999965 4.419999999999991 -2.276588563206433e-14
7.125 1.9999999999999596 4.42 1.9999999999999556 4.419999999999989 -3.0406459207729985e-14
7.15 1.9999999999999458 4.42 1.9999999999999423 4.419999999999986 -4.051981494254537e-14
7.175000000000001 1.999999999999928 4.42 1.999999999999925 4.419999999999982 -5.387728028906569e-14
7.2 1.999999999999905 4.42 1.9999999999999003 4.419999999999984 -7.148178603823506e-14
7.2250000000000005 1.9999999999998739 4.42 1.9999999999998697 4.419999999999982 -9.463467516962882e-14
7.25 1.9999999999998332 4.42 1.9999999999998284 4.419999999999982 -1.250209723893004e-13
7.275 1.9999999999997806 4.42 1.9999999999997764 4.419999999999979 -1.6481798091187783e-13
7.300000000000001 1.9999999999997111 4.42 1.9999999999997071 4.419999999999979 -2.1683328998172973e-13
7.325 1.9999999999996212 4.42 1.9999999999996165 4.419999999999978 -2.8467977983416343e-13
7.3500000000000005 1.9999999999995033 4.42 1.9999999999994986 4.419999999999979 -3.729970628133679e-13
7.375 1.9999999999993505 4.42 1.9999999999993459 4.419999999999975 -4.87731075149774e-13
7.4 1.9999999999991525 4.42 1.9999999999991473 4.419999999999973 -6.364863229835808e-13
7.425000000000001 1.9999999999988964 4.42 1.9999999999988898 4.419999999999975 -8.289686951367867e-13
7.45 1.9999999999985656 4.42 1.99999999999856 4.4199999999999715 -1.0775409101704336e-12
7.4750000000000005 1.9999999999981388 4.42 1.9999999999981324 4.419999999999972 -1.3979177155221707e-12
7.5 1.99999999999759 4.42 1.9999999999975835 4.41999999999997 -1.8100340773142959e-12
7.525 1.999999999996886 4.42 1.99999999999688 4.419999999999968 -2.339126995974484e-12
7.550000000000001 1.999999999995983 4.42 1.9999999999959766 4.41999999999997 -3.017080494228466e-12
7.575 1.9999999999948288 4.42 1.9999999999948217 4.41999999999997 -3.88409402752548e-12
7.6000000000000005 1.9999999999933558 4.42 1.9999999999933482 4.419999999999968 -4.990747382234668e-12
7.625 1.9999999999914784 4.42 1.9999999999914717 4.419999999999966 -6.400550420574792e-12
7.65 1.9999999999890918 4.42 1.999999999989085 4.419999999999964 -8.1930842209193e-12
7.675000000000001 1.9999999999860638 4.42 1.9999999999860567 4.419999999999963 -1.0467861720582424e-11
7.7 1.9999999999822273 4.42 1.9999999999822204 4.419999999999963 -1.3349061426410604e-11
7.7250000000000005 1.999999999977379 4.42 1.9999999999773714 4.419999999999961 -1.6991317707779093e-11
7.75 1.99999999997126 4.42 1.9999999999712526 4.419999999999961 -2.1586786279083474e-11
7.775 1.9999999999635558 4.42 1.999999999963548 4.419999999999959 -2.7373744425752153e-11
7.800000000000001 1.9999999999538722 4.42 1.9999999999538631 4.419999999999961 -3.464703309457915e-11
7.825 1.999999999941726 4.42 1.9999999999417155 4.419999999999961 -4.3770702966370494e-11
7.8500000000000005 1.9999999999265183 4.42 1.9999999999265077 4.419999999999959 -5.519328989775615e-11
7.875 1.9999999999075162 4.42 1.999999999907506 4.419999999999956 -6.946621751012237e-11
7.9 1.999999999883818 4.42 1.999999999883809 4.419999999999954 -8.726590704663453e-11
7.925000000000001 1.9999999998543234 4.42 1.9999999998543128 4.4199999999999555 -1.094202676805989e-10
7.95 1.999999999817684 4.42 1.9999999998176734 4.419999999999954 -1.369403448902136e-10
7.9750000000000005 1.9999999997722613 4.42 1.999999999772251 4.419999999999951 -1.710580207770042e-10
8.0 1.9999999997160611 4.42 1.9999999997160514 4.419999999999948 -2.1327078847736331e-10
8.025 1.999999999646666 4.42 1.9999999996466549 4.419999999999948 -2.6539476287917325e-10
8.05 1.9999999995611502 4.42 1.9999999995611393 4.419999999999947 -3.2962724094277563e-10
8.075000000000001 1.999999999455982 4.42 1.9999999994559714 4.419999999999946 -4.0862028554370805e-10
8.1 1.999999999326912 4.42 1.9999999993269 4.419999999999948 -5.055669744560906e-10
8.125 1.9999999991688335 4.42 1.9999999991688222 4.419999999999948 -6.243021272063907e-10
8.15 1.9999999989756314 4.42 1.9999999989756203 4.419999999999947 -7.694194918146766e-10
8.175 1.9999999987399986 4.42 1.9999999987399875 4.419999999999943 -9.464075337165068e-10
8.200000000000001 1.9999999984532268 4.42 1.9999999984532142 4.419999999999947 -1.1618061108033733e-09
8.225 1.9999999981049712 4.42 1.99999999810496 4.419999999999943 -1.4233864289221667e-09
8.25 1.9999999976829719 4.42 1.9999999976829603 4.419999999999943 -1.7403567350686184e-09
8.275 1.9999999971727453 4.42 1.9999999971727338 4.419999999999943 -2.123596200202413e-09
8.3 1.9999999965572304 4.42 1.9999999965572182 4.419999999999943 -2.585919344084918e-09
8.325000000000001 1.999999995816394 4.42 1.999999995816382 4.419999999999943 -3.1423731284093117e-09
8.35 1.9999999949267913 4.42 1.999999994926779 4.419999999999943 -3.810568451821858e-09
8.375 1.9999999938610715 4.42 1.99999999386106 4.419999999999943 -4.611047172371882e-09
8.4 1.9999999925874494 4.42 1.9999999925874377 4.419999999999943 -5.567684900177361e-09
8.425 1.9999999910691177 4.42 1.9999999910691055 4.419999999999941 -6.708128574178038e-09
8.450000000000001 1.9999999892636207 4.42 1.9999999892636091 4.4199999999999395 -8.064266176171801e-09
8.475 1.9999999871221965 4.42 1.9999999871221847 4.4199999999999395 -9.672723741052234e-09
8.5 1.9999999845890881 4.42 1.9999999845890764 4.419999999999938 -1.157538197381337e-08
8.525 1.9999999816008422 4.42 1.9999999816008294 4.419999999999938 -1.3819901139804517e-08
8.55 1.9999999780856237 4.42 1.9999999780856106 4.419999999999936 -1.6460238289259392e-08
8.575000000000001 1.9999999739625625 4.42 1.9999999739625505 4.419999999999934 -1.9557135117662234e-08
8.6 1.9999999691411865 4.42 1.9999999691411716 4.419999999999937 -2.3178547627291094e-08
8.625 1.999999963520973 4.42 1.9999999635209567 4.4199999999999395 -2.7399979986059073e-08
8.65 1.9999999569910967 4.42 1.9999999569910796 4.419999999999943 -3.230467428442141e-08
8.675 1.9999999494304521 4.42 1.9999999494304355 4.4199999999999395 -3.798359493613758e-08
8.700000000000001 1.9999999407080498 4.42 1.9999999407080329 4.419999999999936 -4.453513087667617e-08
8.725 1.9999999306839127 4.42 1.9999999306838954 4.419999999999936 -5.2064420059472794e-08
8.75 1.9999999192106395 4.42 1.999999919210623 4.419999999999932 -6.068217856011783e-08
8.775 1.9999999061358111 4.42 1.9999999061357945 4.419999999999936 -7.050289034369548e-08
8.8 1.999999891305488 4.42 1.9999998913054708 4.419999999999932 -8.16421828472761e-08
8.825000000000001 1.9999998745690641 4.42 1.9999998745690466 4.419999999999932 -9.42131773370399e-08
8.85 1.9999998557858343 4.42 1.9999998557858163 4.419999999999932 -1.0832156081889094e-07
8.875 1.9999998348336534 4.42 1.999999834833635 4.419999999999932 -1.240590773561188e-07
8.9 1.999999811620189 4.42 1.9999998116201696 4.419999999999934 -1.4149508016508565e-07
8.925 1.9999997860973087 4.42 1.9999997860972887 4.419999999999934 -1.6066572095482354e-07
8.950000000000001 1.999999758279288 4.42 1.9999997582792681 4.419999999999934 -1.8156027873583417e-07
8.975 1.999999728265588 4.42 1.9999997282655664 4.419999999999932 -2.0410404579461039e-07
9.0 1.9999996962691307 4.42 1.9999996962691091 4.419999999999934 -2.2813709273067303e-07
9.025 1.9999996626511027 4.42 1.9999996626510808 4.419999999999932 -2.5338812638281813e-07
9.05 1.999999627963502 4.42 1.9999996279634793 4.419999999999934 -2.794425331313558e-07
9.075000000000001 1.9999995930008105 4.42 1.9999995930007886 4.419999999999929 -3.057035644737143e-07
9.1 1.9999995588623913 4.42 1.9999995588623705 4.419999999999927 -3.3134547099711315e-07
9.125 1.9999995270274165 4.42 1.9999995270273951 4.419999999999929 -3.552572240524588e-07
9.15 1.9999994994443766 4.42 1.999999499444356 4.419999999999927 -3.759752808138156e-07
9.175 1.99999947863751 4.42 1.999999478637487 4.419999999999929 -3.9160364737948985e-07
9.200000000000001 1.999999467832746 4.42 1.9999994678327233 4.419999999999927 -3.9971927571543875e-07
9.225 1.9999994711061195 4.42 1.9999994711060975 4.419999999999922 -3.9726059338094177e-07
9.25 1.9999994935578953 4.42 1.9999994935578727 4.419999999999922 -3.803967102260639e-07
9.275 1.9999995415160614 4.42 1.9999995415160394 4.419999999999919 -3.443745740814826e-07
9.3 1.9999996227731898 4.42 1.999999622773169 4.419999999999916 -2.8334105876507274e-07
9.325000000000001 1.9999997468610962 4.42 1.9999997468610764 4.419999999999914 -1.9013666388823996e-07
9.35 1.99999992536813 4.42 1.9999999253681102 4.419999999999913 -5.605718890501236e-08
9.375 2.0000001723043868 4.42 2.000000172304367 4.419999999999911 1.2942058380315937e-07
9.4 2.0000005045205524 4.42 2.000000504520533 4.419999999999911 3.789534969636227e-07
9.425 2.000000942186571 4.42 2.000000942186551 4.419999999999911 7.076915558651469e-07
9.450000000000001 2.000001509336739 4.42 2.0000015093367187 4.419999999999916 1.1336873698566534e-06
9.475 2.0000022344882984 4.42 2.000002234488277 4.419999999999916 1.6783608011039327e-06
9.5 2.0000031513409984 4.42 2.0000031513409775 4.419999999999918 2.3670244376693356e-06
9.525 2.00000429956549 4.42 2.0000042995654677 4.419999999999916 3.229475799034653e-06
9.55 2.0000057256887533 4.42 2.0000057256887303 4.419999999999918 4.3006624412371665e-06
9.575000000000001 2.000007484085064 4.42 2.0000074840850397 4.419999999999916 5.62142634543546e-06
9.600000000000001 2.0000096380811825 4.42 2.000009638081159 4.419999999999913 7.239334136373669e-06
9.625 2.000012261184625 4.42 2.0000122611845996 4.419999999999916 9.209599773068e-06
9.65 2.000015438443837 4.42 2.0000154384438105 4.419999999999916 1.1596106369122588e-05
9.675 2.0000192679490225 4.42 2.000019267948991 4.4199999999999235 1.4472533719284427e-05
9.700000000000001 2.000023862482087 4.42 2.000023862482056 4.419999999999925 1.7923597916040973e-05
9.725000000000001 2.0000293513237444 4.42 2.0000293513237115 4.419999999999929 2.2046409118175832e-05
9.75 2.0000358822251654 4.42 2.0000358822251325 4.419999999999927 2.695195306443837e-05
9.775 2.000043623550734 4.42 2.0000436235506998 4.419999999999929 3.276670129149581e-05
9.8 2.0000527665973293 4.42 2.000052766597294 4.419999999999931 3.9634354197480685e-05
9.825000000000001 2.000063528094208 4.42 2.000063528094172 4.419999999999932 4.771772007213217e-05
9.850000000000001 2.0000761528858533 4.42 2.0000761528858186 4.419999999999927 5.720073197347757e-05
9.875 2.0000909167981953 4.42 2.000090916798163 4.41999999999992 6.829060285179713e-05
9.9 2.000108129686216 4.42 2.0001081296861836 4.419999999999918 8.1220117588032e-05
9.925 2.0001281386582956 4.42 2.0001281386582628 4.419999999999916 9.62500586113735e-05
9.950000000000001 2.00015133146952 4.42 2.000151331469487 4.419999999999916 0.00011367175947743903
9.975000000000001 2.00017814007272 4.42 2.000178140072685 4.419999999999918 0.00013380977821490233
10.0 2.0002090443120917 4.42 2.0002090443120575 4.419999999999916 0.00015702467937915227
10.025 2.000244575739986 4.42 2.000244575739951 4.419999999999916 0.0001837159105850429
10.05 2.00028532153272 4.42 2.0002853215326866 4.419999999999915 0.00021432475583056692
10.075000000000001 2.000331928476219 4.42 2.000331928476185 4.419999999999913 0.00024933734417856523
10.100000000000001 2.0003851069867857 4.42 2.0003851069867515 4.4199999999999084 0.00028928768834964567
10.125 2.0004456351265536 4.42 2.0004456351265176 4.419999999999915 0.00033476072351890226
10.15 2.0005143625670425 4.42 2.0005143625670083 4.419999999999909 0.00038639531213171874
10.175 2.0005922144479062 4.42 2.000592214447874 4.419999999999906 0.0004448871758980226
10.200000000000001 2.0006801950714483 4.42 2.000680195071417 4.419999999999902 0.0005109917113368845
10.225000000000001 2.000779391366848 4.42 2.0007793913668186 4.419999999999893 0.0005855266403797992
10.25 2.000890976051388 4.42 2.000890976051358 4.419999999999893 0.0006693744426668637
10.275 2.001016210409472 4.42 2.001016210409441 4.419999999999895 0.0007634845113596697
10.3 2.001156446603855 4.42 2.0011564466038236 4.419999999999893 0.0008688749696318584
10.325000000000001 2.0013131294275595 4.42 2.001313129427527 4.419999999999893 0.0009866340805762504
10.350000000000001 2.0014877973994554 4.42 2.001487797399424 4.419999999999886 0.0011179211791870934
10.375 2.001682083101675 4.42 2.0016820831016444 4.419999999999883 0.0012639670514472895
10.4 2.001897712653019 4.42 2.001897712652986 4.419999999999886 0.0014260736824893974
10.425 2.002136504209535 4.42 2.0021365042095027 4.419999999999883 0.001605613293427514
10.450000000000001 2.0024003653816465 4.42 2.0024003653816136 4.419999999999882 0.001804026584901746
10.475000000000001 2.002691289456798 4.42 2.0026912894567674 4.419999999999876 0.0020228201047651196
10.5 2.003011350317759 4.42 2.0030113503177285 4.419999999999876 0.002263562657804649
10.525 2.003362695949631 4.42 2.0033626959496 4.419999999999876 0.0025278806770498556
10.55 2.0037475404335034 4.42 2.003747540433472 4.419999999999879 0.0028174524792057894
10.575000000000001 2.004168154331674 4.42 2.0041681543316425 4.419999999999877 0.003134001331169485
10.600000000000001 2.0046268533785843 4.42 2.0046268533785545 4.41999999999987 0.003479287260551768
10.625 2.005125985403279 4.42 2.00512598540325 4.4199999999998685 0.003855097550723615
10.65 2.0056679154232864 4.42 2.005667915423257 4.419999999999866 0.0042632358702114435
10.675 2.0062550088664732 4.42 2.006255008866444 4.419999999999863 0.00470550999733299
10.700000000000001 2.006889612896665 4.42 2.006889612896636 4.419999999999861 0.0051837181138285875
10.725000000000001 2.0075740358405105 4.42 2.0075740358404808 4.419999999999861 0.005699633655903253
10.75 2.0083105247372948 4.42 2.0083105247372632 4.419999999999863 0.006254988727532051
10.775 2.0091012410598417 4.42 2.009101241059809 4.419999999999865 0.006851456099036528
10.8 2.0099482346832325 4.42 2.0099482346831987 4.419999999999863 0.0074906298337215835
10.825000000000001 2.0108534162084384 4.42 2.010853416208404 4.419999999999865 0.008174004606645599
10.850000000000001 2.0118185277798575 4.42 2.0118185277798224 4.419999999999863 0.008902953802210829
10.875 2.012845112568689 4.42 2.0128451125686544 4.419999999999861 0.009678706501005496
10.9 2.0139344831276964 4.42 2.013934483127662 4.419999999999861 0.010502323490956748
10.925 2.0150876888566014 4.42 2.015087688856566 4.419999999999865 0.011374672463079757
10.950000000000001 2.016305482850626 4.42 2.0163054828505884 4.419999999999866 0.01229640257761636
10.975000000000001 2.017588288436903 4.42 2.0175882884368646 4.419999999999867 0.01326791861178228
11.0 2.018936165733992 4.42 2.018936165733953 4.4199999999998685 0.014289354925302632
11.025 2.0203487785979477 4.42 2.020348778597909 4.419999999999863 0.015360549503988833
11.05 2.021825362343562 4.42 2.021825362343523 4.419999999999863 0.01648101836435281
11.075000000000001 2.023364692651018 4.42 2.0233646926509783 4.419999999999863 0.017649930623212476
11.100000000000001 2.0249650560855352 4.42 2.0249650560854953 4.419999999999863 0.018866084554933892
11.125 2.026624222670183 4.42 2.0266242226701427 4.419999999999861 0.02012788497491368
11.15 2.028339420959311 4.42 2.0283394209592718 4.419999999999858 0.02143332230065258
11.175 2.0301073160616547 4.42 2.030107316061615 4.419999999999858 0.022779953650846937
11.200000000000001 2.0319239910576887 4.42 2.0319239910576465 4.419999999999861 0.024164886347898915
11.225000000000001 2.033784932245072 4.42 2.0337849322450285 4.419999999999863 0.02558476418970099
11.25 2.0356850186288216 4.42 2.0356850186287785 4.41999999999986 0.027035756852131283
11.275 2.037618516049207 4.42 2.0376185160491644 4.419999999999858 0.02851355277408386
11.3 2.039579076310327 4.42 2.039579076310283 4.41999999999986 0.030013355861796782
11.325000000000001 2.041559741636059 4.42 2.0415597416360143 4.419999999999861 0.031529886328555336
11.350000000000001 2.0435529547379194 4.42 2.0435529547378746 4.41999999999986 0.033057385959417915
11.375 2.045550574731627 4.42 2.0455505747315823 4.419999999999858 0.03458962805843038
11.4 2.047543899086374 4.42 2.0475438990863295 4.419999999999855 0.036119932297924
11.425 2.049523691733469 4.42 2.049523691733424 4.419999999999854 0.03764118464610008
11.450000000000001 2.051480217399758 4.42 2.0514802173997104 4.419999999999858 0.03914586250046818
11.475000000000001 2.0534032821667156 4.42 2.053403282166669 4.419999999999855 0.04062606510118198
11.5 2.0552822801890627 4.42 2.0552822801890143 4.419999999999858 0.04207354924039483
11.525 2.0571062464379057 4.42 2.0571062464378587 4.419999999999855 0.04347977022200409
11.55 2.0588639152635926 4.42 2.058863915263542 4.41999999999986 0.044835927961240744
11.575000000000001 2.0605437845033796 4.42 2.060543784503329 4.41999999999986 0.046133018046262436
11.600000000000001 2.0621341847895907 4.42 2.0621341847895405 4.4199999999998525 0.0473618875150567
11.625 2.063623353645865 4.42 2.063623353645815 4.419999999999849 0.0485132950314933
11.65 2.0649995138932664 4.42 2.064999513893215 4.419999999999856 0.04957797507525319
11.675 2.066250955825199 4.42 2.066250955825147 4.4199999999998525 0.0505467056926399
11.700000000000001 2.0673661225510203 4.42 2.0673661225509683 4.419999999999847 0.05141037929001539
11.725000000000001 2.068333697853767 4.42 2.068333697853714 4.419999999999847 0.05216007588986548
11.75 2.0691426958581935 4.42 2.069142695858141 4.419999999999847 0.05278713821237704
11.775 2.0697825517620734 4.42 2.069782551762022 4.419999999999845 0.053283247893947776
11.8 2.070243212847082 4.42 2.070243212847031 4.419999999999844 0.0536405021092665
11.825000000000001 2.070515228956144 4.42 2.0705152289560926 4.419999999999844 0.05385148982645448
11.850000000000001 2.070589841602418 4.42 2.070589841602369 4.4199999999998365 0.05390936689611507
11.875 2.0704590708615256 4.42 2.0704590708614767 4.419999999999835 0.053807929155783495
11.9 2.070115799193589 4.42 2.07011579919354 4.419999999999833 0.05354168272185695
11.925 2.069553851345402 4.42 2.0695538513453533 4.419999999999831 0.05310591064214969
11.950000000000001 2.068768069495699 4.42 2.0687680694956514 4.419999999999826 0.0524967350941395
11.975000000000001 2.0677543828281286 4.42 2.0677543828280793 4.419999999999829 0.05171117433697806
12.0 2.0665098707470744 4.42 2.0665098707470246 4.419999999999831 0.050747193659481916
12.025 2.065032818990646 4.42 2.0650328189905958 4.41999999999983 0.049603749611488834
12.05 2.063322767942778 4.42 2.06332276794273 4.4199999999998285 0.0482808268618579
12.075000000000001 2.0613805525018467 4.42 2.061380552501797 4.4199999999998365 0.046779467092532695
12.100000000000001 2.059208332926128 4.42 2.0592083329260773 4.419999999999842 0.04510178941382956
12.125 2.0568096161460683 4.42 2.056809616146018 4.419999999999831 0.0432510018706274
12.15 2.054189267108943 4.42 2.0541892671088933 4.419999999999825 0.04123140370144185
12.175 2.051353509802452 4.42 2.0513535098024027 4.419999999999819 0.03904837811133465
12.200000000000001 2.048309917689008 4.42 2.048309917688961 4.419999999999808 0.03670837542396508
12.225000000000001 2.0450673933714034 4.42 2.0450673933713572 4.4199999999998045 0.03421888658646924
12.25 2.0416361374021044 4.42 2.0416361374020555 4.41999999999981 0.03158840711176899
12.275 2.038027606241961 4.42 2.0380276062419114 4.41999999999981 0.028826391654831605
12.3 2.034254459468852 4.42 2.0342544594688023 4.419999999999808 0.025943199530739525
12.325000000000001 2.0303304964320454 4.42 2.0303304964319957 4.419999999999808 0.02295003159156795
12.350000000000001 2.026270582643317 4.42 2.026270582643267 4.419999999999803 0.019858858984434125
12.375 2.0220905662906117 4.42 2.0220905662905633 4.419999999999799 0.01668234441309194
12.4 2.0178071853540134 4.42 2.0178071853539628 4.4199999999998045 0.013433756618617485
12.425 2.013437965896597 4.42 2.0134379658965473 4.4199999999998045 0.01012687887965847
12.450000000000001 2.009001112194348 4.42 2.0090011121942988 4.419999999999799 0.0067759124080948845
12.475000000000001 2.0045153894594727 4.42 2.0045153894594243 4.419999999999797 0.003395375580652372
12.5 2.0 4.42 1.9999999999999496 4.419999999999801 -0.0
12.525 1.995474453745285 4.42 1.9954744537452358 4.419999999999799 -0.0033953755806526128
12.55 1.990958434151568 4.42 1.9909584341515174 4.419999999999801 -0.006775912408095125
12.575000000000001 1.986471660583403 4.42 1.9864716605833515 4.419999999999803 -0.010126878879658706
12.600000000000001 1.9820337483447503 4.42 1.9820337483446977 4.419999999999802 -0.01343375661861772
12.625 1.9776640676065051 4.42 1.9776640676064532 4.419999999999797 -0.01668234441309194
12.65 1.97338160254353 4.42 1.9733816025434763 4.419999999999799 -0.019858858984434347
12.675 1.969204812051841 4.42 1.969204812051788 4.4199999999997965 -0.022950031591568172
12.700000000000001 1.9651514934628003 4.42 1.9651514934627479 4.419999999999796 -0.025943199530739737
12.725000000000001 1.9612386507032455 4.42 1.9612386507031905 4.419999999999802 -0.028826391654831807
12.75 1.957482368365155 4.42 1.9574823683651015 4.419999999999799 -0.03158840711176899
12.775 1.9538976931424838 4.42 1.9538976931424314 4.419999999999798 -0.034218886586469426
12.8 1.9504985240630244 4.42 1.9504985240629735 4.4199999999997965 -0.03670837542396526
12.825000000000001 1.9472975128866912 4.42 1.947297512886642 4.419999999999794 -0.03904837811133481
12.850000000000001 1.944305975956239 4.42 1.9443059759561876 4.419999999999799 -0.041231403701441995
12.875 1.9415338186707598 4.42 1.9415338186707078 4.419999999999801 -0.0432510018706274
12.9 1.9389894736060187 4.42 1.9389894736059676 4.419999999999794 -0.04510178941382968
12.925 1.9366798531299452 4.42 1.9366798531298923 4.419999999999796 -0.04677946709253282
12.950000000000001 1.9346103171587345 4.42 1.9346103171586788 4.419999999999794 -0.04828082686185801
12.975000000000001 1.932784656473128 4.42 1.932784656473072 4.4199999999997885 -0.049603749611488925
13.0 1.9312050917707424 4.42 1.9312050917706862 4.419999999999787 -0.050747193659481916
13.025 1.9298722883754609 4.42 1.9298722883754043 4.419999999999788 -0.05171117433697812
13.05 1.9287853862661677 4.42 1.928785386266112 4.419999999999788 -0.05249673509413956
13.075000000000001 1.9279420448326043 4.42 1.9279420448325508 4.419999999999793 -0.05310591064214972
13.100000000000001 1.9273385015237514 4.42 1.9273385015236995 4.419999999999797 -0.05354168272185698
13.125 1.9269696433315942 4.42 1.9269696433315426 4.419999999999799 -0.053807929155783495
13.15 1.9268290898573062 4.42 1.9268290898572533 4.419999999999803 -0.053909366896115064
13.175 1.926909286543315 4.42 1.926909286543264 4.419999999999805 -0.05385148982645447
13.200000000000001 1.927201606527772 4.42 1.9272016065277242 4.419999999999811 -0.05364050210926648
13.225000000000001 1.9276964594900425 4.42 1.927696459489995 4.419999999999812 -0.053283247893947755
13.25 1.9283834058079075 4.42 1.9283834058078584 4.419999999999809 -0.05278713821237704
13.275 1.9292512743384318 4.42 1.9292512743383832 4.419999999999807 -0.05216007588986544
13.3 1.9302882821626408 4.42 1.9302882821625933 4.419999999999806 -0.05141037929001534
13.325000000000001 1.9314821546958072 4.42 1.9314821546957601 4.4199999999998045 -0.05054670569263984
13.350000000000001 1.9328202446558107 4.42 1.9328202446557645 4.419999999999801 -0.04957797507525311
13.375 1.9342896484967147 4.42 1.9342896484966703 4.419999999999797 -0.0485132950314933
13.4 1.9358773190480023 4.42 1.9358773190479592 4.419999999999799 -0.047361887515056614
13.425 1.9375701732465052 4.42 1.9375701732464605 4.419999999999809 -0.04613301804626234
13.450000000000001 1.93935519400276 4.42 1.9393551940027178 4.419999999999817 -0.04483592796124065
13.475000000000001 1.9412195254017097 4.42 1.9412195254016686 4.4199999999998125 -0.04347977022200399
13.5 1.9431505605950246 4.42 1.9431505605949844 4.419999999999808 -0.04207354924039483
13.525 1.945136021895547 4.42 1.9451360218955067 4.419999999999808 -0.040626065101181864
13.55 1.9471640327303965 4.42 1.9471640327303548 4.41999999999981 -0.03914586250046807
13.575000000000001 1.9492231812460818 4.42 1.9492231812460399 4.419999999999812 -0.03764118464609997
13.600000000000001 1.9513025754849342 4.42 1.951302575484891 4.419999999999812 -0.0361199322979239
13.625 1.953391890166205 4.42 1.9533918901661629 4.41999999999981 -0.03458962805843038
13.65 1.9554814052069107 4.42 1.9554814052068672 4.41999999999981 -0.033057385959417804
13.675 1.9575620362065396 4.42 1.957562036206496 4.41999999999981 -0.031529886328555225
13.700000000000001 1.9596253571965085 4.42 1.9596253571964632 4.419999999999812 -0.03001335586179667
13.725000000000001 1.9616636160198981 4.42 1.9616636160198524 4.419999999999812 -0.02851355277408376
13.75 1.9636697427603236 4.42 1.9636697427602785 4.419999999999808 -0.027035756852131283
13.775 1.9656373516812775 4.42 1.965637351681232 4.419999999999806 -0.025584764189700883
13.8 1.967560737169827 4.42 1.9675607371697814 4.419999999999807 -0.024164886347898814
13.825000000000001 1.9694348642018902 4.42 1.9694348642018449 4.419999999999804 -0.02277995365084684
13.850000000000001 1.971255353861213 4.42 1.9712553538611675 4.4199999999998045 -0.02143332230065249
13.875 1.9730184644515016 4.42 1.9730184644514563 4.4199999999998045 -0.02012788497491368
13.9 1.9747210687416112 4.42 1.9747210687415637 4.419999999999806 -0.018866084554933802
13.925 1.976360627878041 4.42 1.9763606278779922 4.419999999999808 -0.017649930623212396
13.950000000000001 1.9779351624879455 4.42 1.9779351624878978 4.4199999999998045 -0.016481018364352725
13.975000000000001 1.979443221480053 4.42 1.9794432214800062 4.419999999999802 -0.015360549503988756
14.0 1.980883849031008 4.42 1.9808838490309606 4.419999999999802 -0.014289354925302632
14.025 1.9822565502212686 4.42 1.982256550221222 4.419999999999797 -0.013267918611782212
14.05 1.9835612557583644 4.42 1.983561255758313 4.4199999999998045 -0.012296402577616296
14.075000000000001 1.9847982861966569 4.42 1.984798286196604 4.41999999999981 -0.011374672463079692
14.100000000000001 1.9859683160321775 4.42 1.985968316032125 4.419999999999813 -0.010502323490956688
14.125 1.9870723380192 4.42 1.9870723380191477 4.41999999999981 -0.009678706501005496
14.15 1.9881116280223572 4.42 1.988111628022304 4.419999999999808 -0.008902953802210775
14.175 1.989087710684766 4.42 1.9890877106847114 4.419999999999812 -0.008174004606645552
14.200000000000001 1.9900023261592212 4.42 1.9900023261591666 4.4199999999998045 -0.007490629833721534
14.225000000000001 1.9908573981163464 4.42 1.9908573981162918 4.419999999999804 -0.006851456099036484
14.25 1.9916550032110838 4.42 1.9916550032110298 4.4199999999998045 -0.006254988727532051
14.275 1.9923973421573027 4.42 1.9923973421572492 4.419999999999808 -0.0056996336559032145
14.3 1.9930867125299008 4.42 1.993086712529847 4.4199999999998045 -0.005183718113828554
14.325000000000001 1.9937254833848268 4.42 1.993725483384773 4.419999999999799 -0.004705509997332955
14.350000000000001 1.994316071760136 4.42 1.9943160717600827 4.419999999999793 -0.004263235870211413
14.375 1.9948609210956874 4.42 1.994860921095634 4.419999999999794 -0.003855097550723615
14.4 1.9953624815855737 4.42 1.9953624815855202 4.419999999999794 -0.0034792872605517427
14.425 1.995823192455861 4.42 1.995823192455807 4.419999999999793 -0.003134001331169462
14.450000000000001 1.996245466140881 4.42 1.9962454661408273 4.419999999999795 -0.0028174524792057673
14.475000000000001 1.9966316743141124 4.42 1.9966316743140602 4.419999999999802 -0.002527880677049835
14.5 1.996984135714661 4.42 1.9969841357146096 4.419999999999807 -0.002263562657804649
14.525 1.9973051056974813 4.42 1.99730510569743 4.419999999999808 -0.002022820104765104
14.55 1.9975967674247137 4.42 1.9975967674246624 4.419999999999813 -0.0018040265849017302
14.575000000000001 1.9978612246067817 4.42 1.9978612246067309 4.419999999999819 -0.001605613293427501
14.600000000000001 1.9981004956951056 4.42 1.9981004956950548 4.4199999999998205 -0.0014260736824893846
14.625 1.9983165094233482 4.42 1.9983165094232975 4.419999999999818 -0.0012639670514472895
14.65 1.9985111015908876 4.42 1.9985111015908383 4.419999999999819 -0.001117921179187084
14.675 1.9986860129805701 4.42 1.9986860129805197 4.419999999999819 -0.0009866340805762413
14.700000000000001 1.998842888302587 4.42 1.998842888302537 4.41999999999982 -0.000868874969631851
14.725000000000001 1.9989832760574477 4.42 1.998983276057399 4.419999999999815 -0.0007634845113596627
14.75 1.9991086292132314 4.42 1.9991086292131834 4.419999999999813 -0.0006693744426668637
14.775 1.9992203065955634 4.42 1.999220306595515 4.419999999999815 -0.0005855266403797935
14.8 1.9993195748928256 4.42 1.999319574892777 4.419999999999817 -0.0005109917113368792
14.825000000000001 1.9994076111838972 4.42 1.9994076111838481 4.419999999999815 -0.00044488717589801825
14.850000000000001 1.999485505901043 4.42 1.9994855059009933 4.419999999999815 -0.0003863953121317146
14.875 1.999554266146343 4.42 1.9995542661462942 4.4199999999998125 -0.00033476072351890226
14.9 1.9996148192860947 4.42 1.9996148192860472 4.419999999999809 -0.0002892876883496427
14.925 1.999668016753875 4.42 1.9996680167538279 4.419999999999811 -0.00024933734417856247
14.950000000000001 1.9997146379992563 4.42 1.999714637999211 4.419999999999815 -0.00021432475583056475
14.975000000000001 1.9997553945255002 4.42 1.9997553945254563 4.4199999999998205 -0.00018371591058504084
15.0 1.9997909339657418 4.42 1.999790933965698 4.419999999999819 -0.00015702467937915227
15.025 1.999821844153238 4.42 1.9998218441531947 4.419999999999818 -0.0001338097782149008
15.05 1.9998486571470677 4.42 1.9998486571470264 4.419999999999825 -0.00011367175947743762
15.075000000000001 1.9998718531802178 4.42 1.9998718531801774 4.419999999999833 -9.625005861137234e-05
15.100000000000001 1.9998918645022004 4.42 1.9998918645021588 4.419999999999835 -8.122011758803099e-05
15.125 1.9999090790932492 4.42 1.9999090790932086 4.419999999999831 -6.829060285179713e-05
15.15 1.999923844231639 4.42 1.9999238442316005 4.419999999999826 -5.7200731973476875e-05
15.175 1.9999364698998119 4.42 1.9999364698997717 4.419999999999826 -4.771772007213153e-05
15.200000000000001 1.9999472320187506 4.42 1.9999472320187102 4.419999999999828 -3.963435419748019e-05
15.225000000000001 1.9999563755033931 4.42 1.999956375503353 4.419999999999826 -3.276670129149535e-05
15.25 1.9999641171348823 4.42 1.9999641171348421 4.419999999999824 -2.695195306443837e-05
15.275 1.9999706482480597 4.42 1.9999706482480186 4.419999999999826 -2.2046409118175513e-05
15.3 1.9999761372348928 4.42 1.9999761372348521 4.419999999999823 -1.7923597916040692e-05
15.325000000000001 1.9999807318664524 4.42 1.9999807318664127 4.41999999999982 -1.4472533719284208e-05
15.350000000000001 1.999984561437697 4.42 1.9999845614376583 4.419999999999819 -1.1596106369122417e-05
15.375 1.999987738740653 4.42 1.9999877387406144 4.41999999999982 -9.209599773068e-06
15.4 1.9999903618726473 4.42 1.9999903618726074 4.419999999999822 -7.239334136373541e-06
15.425 1.999992515887097 4.42 1.9999925158870575 4.419999999999822 -5.621426345435355e-06
15.450000000000001 1.9999942742949517 4.42 1.9999942742949153 4.419999999999821 -4.300662441237082e-06
15.475000000000001 1.9999957004253222 4.42 1.9999957004252864 4.419999999999824 -3.2294757990345845e-06
15.5 1.9999968486540651 4.42 1.99999684865403 4.419999999999828 -2.3670244376693356e-06
15.525 1.9999977655092196 4.42 1.9999977655091845 4.419999999999828 -1.6783608011039327e-06
15.55 1.9999984906621286 4.42 1.9999984906620936 4.419999999999823 -1.1336873698566197e-06
15.575000000000001 1.9999990578129876 4.42 1.999999057812953 4.4199999999998205 -7.076915558651206e-07
15.600000000000001 1.9999994954793208 4.42 1.9999994954792881 4.419999999999815 -3.789534969636025e-07
15.625 1.9999998276955986 4.42 1.9999998276955642 4.419999999999815 -1.2942058380315937e-07
15.65 2.000000074631867 4.42 2.000000074631833 4.419999999999813 5.605718890501236e-08
15.675 2.0000002531388716 4.42 2.000000253138839 4.419999999999809 1.901366638882477e-07
15.700000000000001 2.000000377226739 4.42 2.0000003772267076 4.419999999999806 2.8334105876507787e-07
15.725000000000001 2.0000004584838345 4.42 2.000000458483802 4.419999999999808 3.4437457408148624e-07
15.75 2.0000005064419777 4.42 2.0000005064419444 4.419999999999806 3.803967102260639e-07
15.775 2.0000005288937412 4.42 2.000000528893706 4.419999999999812 3.9726059338094177e-07
15.8 2.000000532167113 4.42 2.0000005321670784 4.41999999999981 3.9971927571543897e-07
15.825000000000001 2.000000521362355 4.42 2.0000005213623195 4.41999999999981 3.916036473794895e-07
15.850000000000001 2.000000500555499 4.42 2.0000005005554606 4.419999999999813 3.7597528081381474e-07
15.875 2.0000004729724723 4.42 2.0000004729724346 4.4199999999998125 3.552572240524588e-07
15.9 2.000000441137512 4.42 2.0000004411374723 4.419999999999813 3.3134547099711315e-07
15.925 2.0000004069991073 4.42 2.000000406999069 4.419999999999813 3.057035644737124e-07
15.950000000000001 2.000000372036429 4.42 2.000000372036391 4.419999999999813 2.794425331313539e-07
15.975000000000001 2.0000003373488404 4.42 2.0000003373488013 4.419999999999815 2.533881263828163e-07
16.0 2.0000003037308236 4.42 2.0000003037307827 4.419999999999817 2.2813709273067303e-07
16.025000000000002 2.0000002717343754 4.42 2.0000002717343355 4.41999999999981 2.0410404579460877e-07
16.05 2.000000241720683 4.42 2.0000002417206417 4.419999999999812 1.8156027873583263e-07
16.075 2.000000213902668 4.42 2.000000213902626 4.419999999999815 1.6066572095482354e-07
16.1 2.000000188379794 4.42 2.000000188379752 4.419999999999812 1.4149508016508443e-07
16.125 2.000000165166333 4.42 2.000000165166293 4.4199999999998045 1.240590773561188e-07
16.150000000000002 2.0000001442141553 4.42 2.0000001442141153 4.4199999999998045 1.0832156081888993e-07
16.175 2.000000125430928 4.42 2.000000125430889 4.419999999999799 9.421317733703885e-08
16.2 2.0000001086945067 4.42 2.0000001086944668 4.419999999999798 8.16421828472761e-08
16.225 2.000000093864184 4.42 2.000000093864146 4.419999999999794 7.050289034369478e-08
16.25 2.0000000807893574 4.42 2.0000000807893175 4.4199999999997965 6.068217856011783e-08
16.275000000000002 2.000000069316085 4.42 2.0000000693160462 4.419999999999799 5.206442005947228e-08
16.3 2.0000000592919487 4.42 2.000000059291909 4.419999999999803 4.4535130876675715e-08
16.325 2.0000000505695463 4.42 2.000000050569506 4.419999999999799 3.798359493613758e-08
16.35 2.0000000430089027 4.42 2.000000043008863 4.419999999999802 3.230467428442107e-08
16.375 2.0000000364790265 4.42 2.0000000364789887 4.419999999999808 2.7399979986059073e-08
16.400000000000002 2.000000030858813 4.42 2.0000000308587733 4.419999999999815 2.317854762729081e-08
16.425 2.000000026037437 4.42 2.000000026037398 4.419999999999815 1.9557135117661993e-08
16.45 2.000000021914376 4.42 2.000000021914338 4.419999999999818 1.6460238289259392e-08
16.475 2.0000000183991573 4.42 2.0000000183991196 4.419999999999818 1.3819901139804342e-08
16.5 2.0000000154109117 4.42 2.0000000154108726 4.419999999999815 1.157538197381337e-08
16.525000000000002 2.000000012877803 4.42 2.0000000128777646 4.41999999999981 9.67272374105211e-09
16.55 2.0000000107363793 4.42 2.000000010736339 4.419999999999813 8.064266176171698e-09
16.575 2.0000000089308823 4.42 2.0000000089308414 4.419999999999815 6.708128574178038e-09
16.6 2.00000000741255 4.42 2.000000007412508 4.419999999999818 5.56768490017729e-09
16.625 2.000000006138928 4.42 2.0000000061388867 4.419999999999817 4.611047172371882e-09
16.650000000000002 2.000000005073209 4.42 2.000000005073166 4.419999999999819 3.810568451821807e-09
16.675 2.000000004183606 4.42 2.000000004183562 4.4199999999998205 3.14237312840927e-09
16.7 2.0000000034427696 4.42 2.000000003442725 4.419999999999823 2.585919344084918e-09
16.725 2.0000000028272544 4.42 2.0000000028272105 4.419999999999819 2.123596200202385e-09
16.75 2.000000002317028 4.42 2.000000002316985 4.419999999999815 1.7403567350686184e-09
16.775000000000002 2.0000000018950286 4.42 2.0000000018949855 4.419999999999814 1.4233864289221427e-09
16.8 2.000000001546773 4.42 2.0000000015467307 4.419999999999813 1.1618061108033578e-09
16.825 2.000000001260002 4.42 2.0000000012599597 4.419999999999817 9.464075337165068e-10
16.85 2.000000001024368 4.42 2.000000001024326 4.41999999999982 7.694194918146633e-10
16.875 2.0000000008311662 4.42 2.0000000008311236 4.4199999999998205 6.243021272063907e-10
16.900000000000002 2.000000000673088 4.42 2.000000000673043 4.419999999999824 5.055669744560837e-10
16.925 2.0000000005440173 4.42 2.000000000543973 4.419999999999822 4.086202855437025e-10
16.95 2.00000000043885 4.42 2.0000000004388054 4.4199999999998205 3.2962724094277563e-10
16.975 2.000000000353334 4.42 2.00000000035329 4.419999999999818 2.653947628791696e-10
17.0 2.0000000002839387 4.42 2.000000000283893 4.419999999999819 2.1327078847736331e-10
17.025000000000002 2.0000000002277383 4.42 2.0000000002276948 4.419999999999818 1.71058020777e-10
17.05 2.000000000182316 4.42 2.0000000001822724 4.419999999999828 1.3694034489021215e-10
17.075 2.000000000145677 4.42 2.000000000145632 4.419999999999829 1.094202676805989e-10
17.1 2.0000000001161817 4.42 2.0000000001161355 4.419999999999834 8.726590704663297e-11
17.125 2.0000000000924842 4.42 2.000000000092438 4.419999999999829 6.946621751012237e-11
17.150000000000002 2.0000000000734817 4.42 2.0000000000734355 4.419999999999831 5.5193289897754794e-11
17.175 2.0000000000582743 4.42 2.000000000058228 4.419999999999826 4.3770702966370184e-11
17.2 2.000000000046127 4.42 2.000000000046083 4.419999999999819 3.464703309457915e-11
17.225 2.000000000036444 4.42 2.0000000000363993 4.41999999999982 2.7373744425751665e-11
17.25 2.0000000000287392 4.42 2.0000000000286953 4.419999999999817 2.1586786279083474e-11
17.275000000000002 2.0000000000226215 4.42 2.00000000002258 4.419999999999807 1.699131770777867e-11
17.3 2.0000000000177725 4.42 2.0000000000177316 4.419999999999806 1.3349061426410507e-11
17.325 2.0000000000139364 4.42 2.0000000000138956 4.419999999999806 1.0467861720582424e-11
17.35 2.0000000000109077 4.42 2.000000000010867 4.4199999999998045 8.193084220919152e-12
17.375 2.000000000008521 4.42 2.0000000000084786 4.419999999999807 6.400550420574792e-12
17.400000000000002 2.000000000006645 4.42 2.000000000006602 4.419999999999806 4.990747382234542e-12
17.425 2.0000000000051714 4.42 2.0000000000051266 4.419999999999808 3.884094027525451e-12
17.45 2.0000000000040172 4.42 2.0000000000039724 4.419999999999808 3.017080494228466e-12
17.475 2.0000000000031144 4.42 2.0000000000030678 4.419999999999813 2.3391269959744414e-12
17.5 2.0000000000024096 4.42 2.0000000000023634 4.419999999999812 1.8100340773142959e-12
17.525000000000002 2.000000000001861 4.42 2.0000000000018163 4.4199999999998045 1.3979177155221345e-12
17.55 2.0000000000014344 4.42 2.0000000000013904 4.419999999999803 1.0775409101704219e-12
17.575 2.0000000000011036 4.42 2.0000000000010605 4.419999999999798 8.289686951367867e-13
17.6 2.0000000000008473 4.42 2.0000000000008047 4.419999999999797 6.364863229835692e-13
17.625 2.0000000000006493 4.42 2.000000000000605 4.419999999999801 4.87731075149774e-13
17.650000000000002 2.000000000000497 4.42 2.000000000000451 4.419999999999802 3.729970628133569e-13
17.675 2.000000000000379 4.42 2.000000000000332 4.4199999999998045 2.8467977983416025e-13
17.7 2.0000000000002887 4.42 2.0000000000002434 4.419999999999799 2.1683328998172973e-13
17.725 2.0000000000002194 4.42 2.000000000000173 4.419999999999796 1.6481798091187475e-13
17.75 2.0000000000001665 4.42 2.00000000000012 4.419999999999796 1.250209723893004e-13
17.775000000000002 2.0000000000001257 4.42 2.0000000000000813 4.419999999999794 9.463467516962598e-14
17.8 2.000000000000095 4.42 2.0000000000000475 4.419999999999799 7.148178603823452e-14
17.825 2.0000000000000715 4.42 2.000000000000021 4.419999999999806 5.387728028906569e-14
17.85 2.0000000000000537 4.42 2.000000000000004 4.41999999999981 4.051981494254445e-14
17.875 2.0000000000000404 4.42 1.9999999999999893 4.419999999999812 3.0406459207729985e-14
17.900000000000002 2.00000000000003 4.42 1.9999999999999796 4.419999999999808 2.2765885632063636e-14
17.925 2.0000000000000226 4.42 1.9999999999999722 4.419999999999809 1.7006138054619047e-14
17.95 2.000000000000017 4.42 1.9999999999999667 4.419999999999808 1.2673883980809923e-14
17.975 2.0000000000000124 4.42 1.9999999999999616 4.419999999999807 9.422694927499377e-15
18.0 2.0000000000000093 4.42 1.999999999999959 4.4199999999998045 6.988407961666439e-15
18.025000000000002 2.0000000000000067 4.42 1.9999999999999556 4.4199999999998045 5.170029138986513e-15
18.05 2.000000000000005 4.42 1.9999999999999536 4.4199999999998045 3.814964538080875e-15
18.075 2.0000000000000036 4.42 1.999999999999952 4.419999999999804 2.8076231563983075e-15
18.1 2.000000000000003 4.42 1.999999999999952 4.419999999999799 2.0606411652510444e-15
18.125 2.0000000000000018 4.42 1.999999999999951 4.419999999999799 1.5081395283077498e-15
18.150000000000002 2.0000000000000013 4.42 1.9999999999999503 4.4199999999997965 1.1005553584169886e-15
18.175 2.000000000000001 4.42 1.9999999999999503 4.419999999999796 8.006885525370713e-16
18.2 2.000000000000001 4.42 1.9999999999999534 4.419999999999793 5.806847812887535e-16
18.225 2.0000000000000004 4.42 1.9999999999999547 4.419999999999797 4.197382948699386e-16
18.25 2.0000000000000004 4.42 1.9999999999999536 4.419999999999799 3.023468242913689e-16
18.275000000000002 2.0000000000000004 4.42 1.9999999999999534 4.419999999999799 2.1698896722717427e-16
18.3 2.0 4.42 1.9999999999999543 4.419999999999794 1.551241296121609e-16
18.325 2.0 4.42 1.999999999999955 4.419999999999792 1.1043815715156673e-16
18.35 2.0 4.42 1.9999999999999543 4.419999999999794 7.82756688808774e-17
18.375 2.0 4.42 1.999999999999955 4.419999999999793 5.5213930824722155e-17
18.400000000000002 2.0 4.42 1.999999999999955 4.419999999999792 3.8743774746988765e-17
18.425 2.0 4.42 1.999999999999955 4.41999999999979 2.7031277165721338e-17
18.45 2.0 4.42 1.999999999999955 4.4199999999997885 1.8740217965579606e-17
18.475 2.0 4.42 1.999999999999955 4.419999999999788 1.2900166942860656e-17
18.5 2.0 4.42 1.999999999999956 4.419999999999786 8.808736703694343e-18
18.525000000000002 2.0 4.42 1.999999999999955 4.4199999999997885 5.959353249691681e-18
18.55 2.0 4.42 1.9999999999999563 4.419999999999786 3.988034572032246e-18
18.575 2.0 4.42 1.9999999999999556 4.4199999999997885 2.634290061535745e-18
18.6 2.0 4.42 1.9999999999999536 4.419999999999793 1.71248116177195e-18
18.625 2.0 4.42 1.9999999999999547 4.419999999999794 1.0909101867037715e-18
18.650000000000002 2.0 4.42 1.999999999999955 4.419999999999796 6.766016589325305e-19
18.675 2.0 4.42 1.9999999999999538 4.419999999999796 4.042641601282188e-19
18.7 2.0 4.42 1.9999999999999531 4.419999999999802 2.2831278910267004e-19
18.725 2.0 4.42 1.9999999999999547 4.4199999999998125 1.171251417214572e-19
18.75 2.0 4.42 1.999999999999956 4.419999999999815 4.8921798420998234e-20
18.775000000000002 2.0 4.42 1.9999999999999551 4.419999999999808 8.824253177567946e-21
18.8 2.0 4.42 1.9999999999999543 4.419999999999801 -1.3236859896155833e-20
18.825 2.0 4.42 1.9999999999999547 4.419999999999796 -2.400184620455049e-20
18.85 2.0 4.42 1.999999999999956 4.419999999999791 -2.792376908000898e-20
18.875 2.0 4.42 1.9999999999999563 4.419999999999787 -2.789761923259548e-20
18.900000000000002 2.0 4.42 1.9999999999999556 4.419999999999787 -2.576747256996749e-20
18.925 2.0 4.42 1.9999999999999574 4.419999999999791 -2.2676779569081847e-20
18.95 2.0 4.42 1.9999999999999583 4.4199999999997965 -1.9308411043164975e-20
18.975 2.0 4.42 1.9999999999999583 4.419999999999796 -1.6047683042511574e-20
19.0 2.0 4.42 1.9999999999999574 4.419999999999794 -1.3091921451978668e-20
19.025000000000002 2.0 4.42 1.9999999999999563 4.419999999999796 -1.0523189124483515e-20
19.05 2.0 4.42 1.9999999999999556 4.419999999999796 -8.355838251723466e-21
19.075 2.0 4.42 1.999999999999956 4.419999999999792 -6.5670206144603765e-21
19.1 2.0 4.42 1.9999999999999563 4.41999999999979 -5.115788376939609e-21
19.125 2.0 4.42 1.9999999999999543 4.419999999999791 -3.954656992153136e-21
19.150000000000002 2.0 4.42 1.9999999999999536 4.41999999999979 -3.036268349729257e-21
19.175 2.0 4.42 1.9999999999999547 4.419999999999787 -2.316933913391233e-21
19.200000000000003 2.0 4.42 1.999999999999955 4.419999999999787 -1.7582444372291298e-21
19.225 2.0 4.42 1.9999999999999547 4.419999999999785 -1.3275262267360122e-21
19.25 2.0 4.42 1.9999999999999543 4.419999999999783 -9.976476910669732e-22
19.275000000000002 2.0 4.42 1.9999999999999534 4.419999999999783 -7.464942745661739e-22
19.3 2.0 4.42 1.9999999999999547 4.419999999999777 -5.563066249342951e-22
19.325000000000003 2.0 4.42 1.999999999999957 4.419999999999775 -4.1299630014261654e-22
19.35 2.0 4.42 1.9999999999999563 4.419999999999776 -3.055016545536044e-22
19.375 2.0 4.42 1.9999999999999556 4.419999999999776 -2.252142269674823e-22
19.400000000000002 2.0 4.42 1.999999999999957 4.419999999999772 -1.6548641332673453e-22
19.425 2.0 4.42 1.9999999999999576 4.419999999999769 -1.2121996938613729e-22
19.450000000000003 2.0 4.42 1.9999999999999576 4.419999999999771 -8.852893455553162e-23
19.475 2.0 4.42 1.9999999999999576 4.419999999999774 -6.446788458404784e-23
19.5 2.0 4.42 1.9999999999999576 4.419999999999771 -4.6815685166807494e-23
19.525000000000002 2.0 4.42 1.9999999999999583 4.419999999999769 -3.390527718294826e-23
19.55 2.0 4.42 1.9999999999999583 4.4199999999997726 -2.4490938514206692e-23
19.575000000000003 2.0 4.42 1.9999999999999583 4.419999999999775 -1.7645607765430784e-23
19.6 2.0 4.42 1.999999999999959 4.419999999999775 -1.2682028866633919e-23
19.625 2.0 4.42 1.999999999999959 4.419999999999776 -9.092577194644609e-24
19.650000000000002 2.0 4.42 1.9999999999999596 4.4199999999997726 -6.503606934487009e-24
19.675 2.0 4.42 1.9999999999999614 4.419999999999771 -4.640998346881257e-24
19.700000000000003 2.0 4.42 1.99999999999996 4.419999999999775 -3.3042837924154887e-24
19.725 2.0 4.42 1.9999999999999576 4.419999999999783 -2.3473041374023304e-24
19.75 2.0 4.42 1.9999999999999563 4.4199999999997885 -1.6638083285143045e-24
19.775000000000002 2.0 4.42 1.999999999999957 4.419999999999788 -1.176775426931872e-24
19.8 2.0 4.42 1.9999999999999574 4.4199999999997885 -8.305265084697724e-25
19.825000000000003 2.0 4.42 1.9999999999999583 4.419999999999786 -5.849182239504089e-25
19.85 2.0 4.42 1.9999999999999596 4.419999999999783 -4.1108315305849346e-25
19.875 2.0 4.42 1.999999999999959 4.419999999999783 -2.8831502816409013e-25
19.900000000000002 2.0 4.42 1.9999999999999596 4.419999999999786 -2.0179821072111906e-25
19.925 2.0 4.42 1.9999999999999576 4.41999999999979 -1.4095755114034237e-25
19.950000000000003 2.0 4.42 1.9999999999999563 4.419999999999793 -9.826259699365618e-26
19.975 2.0 4.42 1.9999999999999574 4.419999999999791 -6.836348138133649e-26
20.0 2.0 4.42 1.9999999999999578 4.4199999999997885 -4.7468193800184217e-26
20.025000000000002 2.0 4.42 1.9999999999999583 4.419999999999786 -3.289499516008671e-26
20.05 2.0 4.42 1.9999999999999596 4.419999999999783 -2.275154886994341e-26
20.075000000000003 2.0 4.42 1.9999999999999563 4.419999999999786 -1.5705474219975388e-26
20.1 2.0 4.42 1.9999999999999574 4.419999999999783 -1.082067935805043e-26
20.125 2.0 4.42 1.9999999999999587 4.419999999999778 -7.44089836681967e-27
20.150000000000002 2.0 4.42 1.999999999999959 4.419999999999774 -5.107015027442973e-27
20.175 2.0 4.42 1.9999999999999605 4.419999999999774 -3.4985086227231074e-27
20.200000000000003 2.0 4.42 1.999999999999961 4.419999999999778 -2.3920791350567586e-27
20.225 2.0 4.42 1.99999999999996 4.419999999999778 -1.6324777288681613e-27
20.25 2.0 4.42 1.9999999999999603 4.419999999999776 -1.111987969600823e-27
20.275000000000002 2.0 4.42 1.9999999999999591 4.419999999999778 -7.5602407339476e-28
20.3 2.0 4.42 1.999999999999959 4.419999999999783 -5.130446096074478e-28
20.325000000000003 2.0 4.42 1.999999999999959 4.419999999999785 -3.4750376167466816e-28
20.35 2.0 4.42 1.9999999999999603 4.419999999999782 -2.349358714699842e-28
20.375 2.0 4.42 1.9999999999999605 4.419999999999785 -1.5853487713817023e-28
20.400000000000002 2.0 4.42 1.9999999999999618 4.419999999999787 -1.0677900206662238e-28
20.425 2.0 4.42 1.999999999999963 4.4199999999997885 -7.178471636680587e-29
20.450000000000003 2.0 4.42 1.9999999999999631 4.41999999999979 -4.8168421569562676e-29
20.475 2.0 4.42 1.9999999999999643 4.419999999999794 -3.2260863834561266e-29
20.5 2.0 4.42 1.9999999999999636 4.419999999999801 -2.1566080528120858e-29
20.525000000000002 2.0 4.42 1.999999999999963 4.419999999999801 -1.4389518087574146e-29
20.55 2.0 4.42 1.9999999999999636 4.419999999999798 -9.582941706884708e-30
20.575000000000003 2.0 4.42 1.999999999999964 4.419999999999796 -6.369808936103708e-30
20.6 2.0 4.42 1.9999999999999636 4.419999999999797 -4.2259652880710884e-30
20.625 2.0 4.42 1.9999999999999627 4.419999999999796 -2.798298194819873e-30
20.650000000000002 2.0 4.42 1.999999999999964 4.419999999999793 -1.8493825857627753e-30
20.675 2.0 4.42 1.999999999999963 4.419999999999796 -1.219887966077023e-30
20.700000000000003 2.0 4.42 1.9999999999999627 4.419999999999794 -8.030984246727032e-31
20.725 2.0 4.42 1.999999999999961 4.419999999999796 -5.276767683607375e-31
20.75 2.0 4.42 1.999999999999961 4.419999999999803 -3.4602839938301873e-31
20.775000000000002 2.0 4.42 1.999999999999961 4.419999999999803 -2.264611509284889e-31
20.8 2.0 4.42 1.999999999999961 4.419999999999799 -1.4791318609840628e-31
20.825000000000003 2.0 4.42 1.999999999999961 4.419999999999798 -9.641478893874892e-32
20.85 2.0 4.42 1.9999999999999616 4.419999999999799 -6.271849961694984e-32
20.875 2.0 4.42 1.9999999999999616 4.419999999999803 -4.0714940949284585e-32
20.900000000000002 2.0 4.42 1.999999999999961 4.419999999999814 -2.637595400081169e-32
20.925 2.0 4.42 1.9999999999999627 4.4199999999998205 -1.7050924828732827e-32
20.950000000000003 2.0 4.42 1.999999999999963 4.419999999999823 -1.0999204945488146e-32
20.975 2.0 4.42 1.999999999999964 4.419999999999824 -7.080034291386471e-33
21.0 2.0 4.42 1.9999999999999643 4.419999999999826 -4.547325892745335e-33
21.025000000000002 2.0 4.42 1.999999999999965 4.419999999999824 -2.9141243919620346e-33
21.05 2.0 4.42 1.999999999999965 4.419999999999826 -1.8632647696966683e-33
21.075000000000003 2.0 4.42 1.9999999999999654 4.419999999999822 -1.1886038390279195e-33
21.1 2.0 4.42 1.9999999999999654 4.4199999999998205 -7.564418649237447e-34
21.125 2.0 4.42 1.999999999999965 4.419999999999819 -4.802503147034089e-34
21.150000000000002 2.0 4.42 1.999999999999965 4.419999999999819 -3.0415081655922543e-34
21.175 2.0 4.42 1.9999999999999656 4.419999999999815 -1.921376879200274e-34
21.200000000000003 2.0 4.42 1.9999999999999676 4.41999999999981 -1.2106218924006396e-34
21.225 2.0 4.42 1.9999999999999654 4.419999999999815 -7.607531331129786e-35
21.25 2.0 4.42 1.9999999999999643 4.419999999999817 -4.767397604445987e-35
21.275000000000002 2.0 4.42 1.999999999999967 4.41999999999981 -2.97906673662214e-35
21.3 2.0 4.42 1.999999999999967 4.419999999999815 -1.8560693312315038e-35
21.325000000000003 2.0 4.42 1.999999999999967 4.4199999999998205 -1.1528461656909069e-35
21.35 2.0 4.42 1.9999999999999676 4.419999999999822 -7.137614307672745e-36
21.375 2.0 4.42 1.999999999999967 4.4199999999998205 -4.404258009248603e-36
21.400000000000002 2.0 4.42 1.9999999999999667 4.419999999999817 -2.7080356647960035e-36
21.425 2.0 4.42 1.999999999999968 4.4199999999998205 -1.6588636843696637e-36
21.450000000000003 2.0 4.42 1.9999999999999682 4.419999999999828 -1.0121407319872835e-36
21.475 2.0 4.42 1.9999999999999685 4.419999999999826 -6.149328554848747e-37
21.5 2.0 4.42 1.999999999999968 4.419999999999824 -3.7190631002266737e-37
21.525000000000002 2.0 4.42 1.9999999999999676 4.419999999999826 -2.2381838356031685e-37
21.55 2.0 4.42 1.9999999999999676 4.419999999999822 -1.3397382911216649e-37
21.575000000000003 2.0 4.42 1.999999999999967 4.419999999999822 -7.972076175243288e-38
21.6 2.0 4.42 1.9999999999999656 4.419999999999824 -4.712626436384921e-38
21.625 2.0 4.42 1.9999999999999656 4.419999999999819 -2.7652750956800404e-38
21.650000000000002 2.0 4.42 1.9999999999999662 4.419999999999817 -1.6089691475391572e-38
21.675 2.0 4.42 1.9999999999999667 4.419999999999818 -9.270696934396925e-39
21.700000000000003 2.0 4.42 1.9999999999999667 4.41999999999982 -5.2804380857317944e-39
21.725 2.0 4.42 1.9999999999999667 4.419999999999819 -2.966111642178262e-39
21.75 2.0 4.42 1.9999999999999667 4.419999999999819 -1.637631564719423e-39
21.775000000000002 2.0 4.42 1.999999999999967 4.419999999999815 -8.84368280670795e-40
21.8 2.0 4.42 1.9999999999999676 4.419999999999813 -4.636017683509511e-40
21.825000000000003 2.0 4.42 1.9999999999999676 4.4199999999998125 -2.3293253297945707e-40
21.85 2.0 4.42 1.9999999999999676 4.419999999999812 -1.0952769302848603e-40
21.875 2.0 4.42 1.999999999999967 4.419999999999812 -4.567817789604015e-41
21.900000000000002 2.0 4.42 1.999999999999965 4.419999999999815 -1.4224112756928885e-41
21.925 2.0 4.42 1.9999999999999643 4.419999999999813 7.962398971434832e-44
21.950000000000003 2.0 4.42 1.9999999999999636 4.419999999999812 5.6417737497319404e-42
21.975 2.0 4.42 1.9999999999999636 4.41999999999981 6.997093868289196e-42
22.0 2.0 4.42 1.9999999999999636 4.419999999999808 6.518129048276597e-42
22.025000000000002 2.0 4.42 1.999999999999964 4.4199999999998045 5.393393793276051e-42
22.05 2.0 4.42 1.999999999999965 4.419999999999801 4.1789500664144645e-42
22.075000000000003 2.0 4.42 1.999999999999965 4.419999999999797 3.1043733361545746e-42
22.1 2.0 4.42 1.999999999999965 4.419999999999794 2.2389744900555717e-42
22.125 2.0 4.42 1.999999999999965 4.419999999999793 1.5796414191572262e-42
22.150000000000002 2.0 4.42 1.9999999999999654 4.419999999999793 1.0954931288718836e-42
22.175 2.0 4.42 1.9999999999999654 4.419999999999794 7.49276645961125e-43
22.200000000000003 2.0 4.42 1.9999999999999656 4.419999999999792 5.066210362384114e-43
22.225 2.0 4.42 1.9999999999999654 4.419999999999793 3.392276304524096e-43
22.25 2.0 4.42 1.9999999999999656 4.41999999999979 2.2523830569655327e-43
22.275000000000002 2.0 4.42 1.9999999999999654 4.41999999999979 1.4845133099631467e-43
22.3 2.0 4.42 1.9999999999999654 4.41999999999979 9.72012144562803e-44
22.325000000000003 2.0 4.42 1.9999999999999643 4.419999999999792 6.326902277480289e-44
22.35 2.0 4.42 1.9999999999999636 4.41999999999979 4.0961546419022566e-44
22.375 2.0 4.42 1.9999999999999643 4.419999999999787 2.638888646042497e-44
22.400000000000002 2.0 4.42 1.9999999999999636 4.419999999999786 1.692339476315174e-44
22.425 2.0 4.42 1.9999999999999636 4.419999999999786 1.0807188965707083e-44
22.450000000000003 2.0 4.42 1.9999999999999643 4.419999999999783 6.874067827198685e-45
22.475 2.0 4.42 1.9999999999999636 4.419999999999787 4.3560337357634266e-45
22.5 2.0 4.42 1.999999999999965 4.419999999999789 2.7506291988257142e-45
22.525000000000002 2.0 4.42 1.9999999999999656 4.419999999999792 1.7310598467980355e-45
22.55 2.0 4.42 1.9999999999999643 4.419999999999791 1.0859198604467562e-45
22.575000000000003 2.0 4.42 1.9999999999999656 4.419999999999787 6.7912176504507534e-46
22.6 2.0 4.42 1.9999999999999636 4.41999999999979 4.234610731027439e-46
22.625 2.0 4.42 1.9999999999999643 4.419999999999786 2.632942317395744e-46
22.650000000000002 2.0 4.42 1.9999999999999636 4.419999999999785 1.6325717756315788e-46
22.675 2.0 4.42 1.999999999999964 4.419999999999788 1.0095855044541322e-46
22.700000000000003 2.0 4.42 1.9999999999999656 4.419999999999792 6.227114849281298e-47
22.725 2.0 4.42 1.9999999999999662 4.419999999999797 3.831187377468204e-47
22.75 2.0 4.42 1.9999999999999667 4.419999999999802 2.351308388844086e-47
22.775000000000002 2.0 4.42 1.999999999999967 4.419999999999799 1.4395935097032767e-47
22.8 2.0 4.42 1.9999999999999682 4.419999999999801 8.793189124986368e-48
22.825000000000003 2.0 4.42 1.9999999999999682 4.419999999999807 5.358575572986728e-48
22.85 2.0 4.42 1.999999999999969 4.419999999999812 3.258120167790177e-48
22.875 2.0 4.42 1.999999999999969 4.419999999999808 1.976589158084722e-48
22.900000000000002 2.0 4.42 1.999999999999969 4.419999999999808 1.196499804771185e-48
22.925 2.0 4.42 1.9999999999999682 4.419999999999808 7.227195561827664e-49
22.950000000000003 2.0 4.42 1.9999999999999682 4.419999999999807 4.35612959102848e-49
22.975 2.0 4.42 1.9999999999999682 4.419999999999806 2.620097012181536e-49
23.0 2.0 4.42 1.999999999999969 4.419999999999811 1.5726437566102247e-49
23.025000000000002 2.0 4.42 1.9999999999999711 4.419999999999819 9.41997283432208e-50
23.05 2.0 4.42 1.9999999999999725 4.41999999999983 5.630984641584324e-50
23.075000000000003 2.0 4.42 1.9999999999999754 4.419999999999845 3.3592533418414484e-50
23.1 2.0 4.42 1.9999999999999778 4.419999999999866 2.000011615982886e-50
23.125 2.0 4.42 1.999999999999981 4.4199999999998845 1.1883943908134718e-50
23.150000000000002 2.0 4.42 1.9999999999999836 4.419999999999898 7.047471785717021e-51
23.175 2.0 4.42 1.9999999999999856 4.419999999999907 4.1711573187998824e-51
23.200000000000003 2.0 4.42 1.9999999999999873 4.419999999999918 2.463970629267948e-51
23.225 2.0 4.42 1.9999999999999902 4.4199999999999395 1.4526967851038338e-51
23.25 2.0 4.42 1.9999999999999936 4.419999999999957 8.548289091174405e-52
23.275000000000002 2.0 4.42 1.9999999999999953 4.419999999999972 5.020558570927222e-52
23.3 2.0 4.42 1.9999999999999973 4.419999999999981 2.943044929141196e-52
23.325000000000003 2.0 4.42 1.9999999999999976 4.419999999999985 1.7219350198427055e-52
23.35 2.0 4.42 1.9999999999999976 4.419999999999986 1.0055744678943882e-52
23.375 2.0 4.42 1.9999999999999976 4.419999999999985 5.861267598663116e-53
23.400000000000002 2.0 4.42 1.9999999999999976 4.419999999999986 3.4099698947988955e-53
23.425 2.0 4.42 1.9999999999999976 4.419999999999985 1.9801254871404934e-53
23.450000000000003 2.0 4.42 1.9999999999999976 4.419999999999986 1.1476757239727917e-53
23.475 2.0 4.42 1.9999999999999976 4.419999999999985 6.639429774964993e-54
23.5 2.0 4.42 1.9999999999999976 4.419999999999986 3.833786490499683e-54
23.525000000000002 2.0 4.42 1.9999999999999976 4.419999999999985 2.2095850757115304e-54
23.55 2.0 4.42 1.9999999999999976 4.419999999999986 1.2710978009256623e-54
23.575000000000003 2.0 4.42 1.9999999999999976 4.419999999999985 7.298474087965426e-55
23.6 2.0 4.42 1.9999999999999976 4.419999999999986 4.182819489085629e-55
23.625 2.0 4.42 1.9999999999999976 4.419999999999985 2.3927033740792414e-55
23.650000000000002 2.0 4.42 1.9999999999999976 4.419999999999986 1.3661225834022422e-55
23.675 2.0 4.42 1.9999999999999976 4.419999999999985 7.785196324389693e-56
23.700000000000003 2.0 4.42 1.9999999999999976 4.419999999999986 4.428189557266278e-56
23.725 2.0 4.42 1.9999999999999976 4.419999999999985 2.5139511568902517e-56
23.75 2.0 4.42 1.9999999999999976 4.419999999999986 1.4244864646060943e-56
23.775000000000002 2.0 4.42 1.9999999999999976 4.419999999999985 8.056142177712205e-57
23.8 2.0 4.42 1.9999999999999976 4.419999999999986 4.5473588753179857e-57
23.825000000000003 2.0 4.42 1.9999999999999976 4.419999999999985 2.561829368403867e-57
23.85 2.0 4.42 1.9999999999999976 4.419999999999986 1.440439754897118e-57
23.875 2.0 4.42 1.9999999999999976 4.419999999999985 8.083295968589929e-58
23.900000000000002 2.0 4.42 1.9999999999999976 4.419999999999986 4.527144471640561e-58
23.925 2.0 4.42 1.9999999999999976 4.419999999999985 2.530440596163147e-58
23.950000000000003 2.0 4.42 1.9999999999999976 4.419999999999986 1.41155128634644e-58
23.975 2.0 4.42 1.9999999999999976 4.419999999999985 7.858108771269479e-59
24.0 2.0 4.42 1.9999999999999976 4.419999999999986 4.36567780080435e-59
24.025000000000002 2.0 4.42 1.9999999999999976 4.419999999999985 2.420406029382109e-59
24.05 2.0 4.42 1.9999999999999976 4.419999999999986 1.3391137051841452e-59
24.075000000000003 2.0 4.42 1.9999999999999976 4.419999999999985 7.393127966515902e-60
24.1 2.0 4.42 1.9999999999999976 4.419999999999986 4.072943421774355e-60
24.125 2.0 4.42 1.9999999999999976 4.419999999999985 2.2389513277987053e-60
24.150000000000002 2.0 4.42 1.9999999999999976 4.419999999999986 1.228068423816306e-60
24.175 2.0 4.42 1.9999999999999976 4.419999999999985 6.720882163419382e-61
24.200000000000003 2.0 4.42 1.9999999999999976 4.419999999999986 3.6697668525825195e-61
24.225 2.0 4.42 1.9999999999999976 4.419999999999985 1.999125932595155e-61
24.25 2.0 4.42 1.9999999999999976 4.419999999999986 1.0864518245663961e-61
24.275000000000002 2.0 4.42 1.9999999999999976 4.419999999999985 5.89015211773402e-62
24.3 2.0 4.42 1.9999999999999976 4.419999999999986 3.1853928444269616e-62
24.325000000000003 2.0 4.42 1.9999999999999976 4.4199999999999875 1.718272474634739e-62
24.35 2.0 4.42 1.9999999999999982 4.419999999999991 9.244484572660024e-63
24.375 2.0 4.42 1.999999999999999 4.419999999999995 4.960217038783217e-63
24.400000000000002 2.0 4.42 2.0 4.419999999999998 2.6540415818423955e-63
24.425 2.0 4.42 2.0 4.42 1.415992906768477e-63
24.450000000000003 2.0 4.42 2.0 4.42 7.532042663427179e-64
24.475 2.0 4.42 2.0 4.42 3.9940063494657534e-64
24.5 2.0 4.42 2.0 4.42 2.1109980944259782e-64
24.525000000000002 2.0 4.42 2.0 4.42 1.111937720653059e-64
24.55 2.0 4.42 2.0 4.42 5.83588937011854e-65
24.575000000000003 2.0 4.42 2.0 4.42 3.05123791520625e-65
24.6 2.0 4.42 2.0 4.42 1.5888450293899394e-65
24.625 2.0 4.42 2.0 4.42 8.237583357394523e-66
24.650000000000002 2.0 4.42 2.0 4.42 4.2509455113546756e-66
24.675 2.0 4.42 2.0 4.42 2.182559875779752e-66
24.700000000000003 2.0 4.42 2.0 4.42 1.1143840376280823e-66
24.725 2.0 4.42 2.0 4.42 5.6551073145166315e-67
24.75 2.0 4.42 2.0 4.42 2.850203213424424e-67
24.775000000000002 2.0 4.42 2.0 4.42 1.4254606042636654e-67
24.8 2.0 4.42 2.0 4.42 7.066277007771242e-68
24.825000000000003 2.0 4.42 2.0 4.42 3.466961123203033e-68
24.85 2.0 4.42 2.0 4.42 1.680307135994705e-68
24.875 2.0 4.42 2.0 4.42 8.023378137447364e-69
24.900000000000002 2.0 4.42 2.0 4.42 3.760245770446518e-69
24.925 2.0 4.42 2.0 4.42 1.7199764743941343e-69
24.950000000000003 2.0 4.42 2.0 4.42 7.610211522539974e-70
24.975 2.0 4.42 2.0 4.42 3.20712872590325e-70
