0.0 2.0 4.42 2.0000119984621314 4.419999392008955 -1.2485577391691675e-70
0.25 2.0 4.42 2.0000114387789134 4.420001270863491 -2.850203213424424e-67
0.5 2.0 4.42 2.0000114411069134 4.420001878448215 -2.1109980944259782e-64
0.75 2.0 4.42 2.000012236039602 4.420000527356111 -1.0864518245663961e-61
1.0 2.0 4.42 2.000012700274018 4.419999701072104 -4.36567780080435e-59
1.25 2.0 4.42 2.0000124708390956 4.420000276508432 -1.4244864646060943e-56
1.5 2.0 4.42 2.00001169622161 4.420001821868734 -3.833786490499683e-54
1.75 2.0 4.42 2.0000112347380536 4.420002457235039 -8.548289091174405e-52
2.0 2.0 4.42 2.0000116232775413 4.420000978395075 -1.5726437566102247e-49
2.25 2.0 4.42 2.0000123523421873 4.419998679589736 -2.351308388844086e-47
2.5 2.0 4.42 2.000012502798995 4.419997735616985 -2.7506291988257142e-45
2.75 2.0 4.42 2.0000117733192813 4.419998877751634 -2.2523830569655327e-43
3.0 2.0 4.42 2.0000109382510862 4.42000046424478 -6.518129048276597e-42
3.25 2.0 4.42 2.000010983935688 4.420000246730532 1.637631564719423e-39
3.5 2.0 4.42 2.000011922616048 4.419998318002938 3.7190631002266737e-37
3.75 2.0 4.42 2.0000127039689257 4.4199969352268536 4.767397604445987e-35
4.0 2.0 4.42 2.000012384999038 4.419998248701198 4.547325892745335e-33
4.25 2.0 4.42 2.0000113179531787 4.420001267290019 3.4602839938301873e-31
4.5 2.0 4.42 2.0000107884079696 4.420003120150815 2.1566080528120858e-29
4.75 2.0 4.42 2.0000115808360146 4.420001918875226 1.111987969600823e-27
5.0 2.0 4.42 2.0000129024027884 4.419999376522754 4.7468193800184217e-26
5.25 2.0 4.42 2.0000132620477213 4.419998758416112 1.6638083285143045e-24
5.5 2.0 4.42 2.000012145346592 4.420001152761839 4.6815685166807494e-23
5.75 2.0 4.42 2.0000108145217252 4.4200038310848075 9.976476910669732e-22
6.0 2.0 4.42 2.000010864709296 4.420003197672562 1.3091921451978668e-20
6.25 2.0 4.42 2.000012311465945 4.419999427180651 -4.8921798420998234e-20
6.5 2.0 4.42 2.000013440816882 4.4199961689165015 -8.808736703694343e-18
6.75 1.9999999999999996 4.42 2.000012677151275 4.41999725517984 -3.023468242913689e-16
7.0 1.9999999999999907 4.42 2.0000106945144482 4.420001139605109 -6.988407961666439e-15
7.25 1.9999999999998332 4.42 2.0000096915247205 4.420003172721905 -1.250209723893004e-13
7.5 1.99999999999759 4.42 2.000011095053889 4.420000009144121 -1.8100340773142959e-12
7.75 1.99999999997126 4.42 2.0000133855439555 4.419995111564947 -2.1586786279083474e-11
8.0 1.9999999997160611 4.42 2.0000138856525744 4.419994403017387 -2.1327078847736331e-10
8.25 1.9999999976829719 4.42 2.000011713442925 4.419999686723436 -1.7403567350686184e-09
8.5 1.9999999845890881 4.42 2.000009381036607 4.4200055023182685 -1.157538197381337e-08
8.75 1.9999999192106395 4.42 2.0000099460081486 4.420004854802061 -6.068217856011783e-08
9.0 1.9999996962691307 4.42 2.000012796821783 4.419998277590561 -2.2813709273067303e-07
9.25 1.9999994935578953 4.42 2.000014982533076 4.41999344279462 -3.803967102260639e-07
9.5 2.0000031513409984 4.42 2.00001460161293 4.420006494614386 2.3670244376693356e-06
9.75 2.0000358822251654 4.42 2.0000407693384683 4.420040841170032 2.695195306443837e-05
10.0 2.0002090443120917 4.42 2.000215238512502 4.420085896170303 0.00015702467937915227
10.25 2.000890976051388 4.42 2.0008911851595093 4.420186430737472 0.0006693744426668637
10.5 2.003011350317759 4.42 2.003003656416679 4.42027276647995 0.002263562657804649
10.75 2.0083105247372948 4.42 2.0083250985518375 4.420134264358733 0.006254988727532051
11.0 2.018936165733992 4.42 2.0189760942945254 4.420018064503251 0.014289354925302632
11.25 2.0356850186288216 4.42 2.035391332073172 4.4207933293512545 0.027035756852131283
11.5 2.0552822801890627 4.42 2.0547521212195674 4.422758609897041 0.04207354924039483
11.75 2.0691426958581935 4.42 2.0691232184313586 4.4190082759077045 0.05278713821237704
12.0 2.0665098707470744 4.42 2.06670965125734 4.418874919807611 0.050747193659481916
12.25 2.0416361374021044 4.42 2.041714000590272 4.4190860768427545 0.03158840711176899
12.5 2.0 4.42 2.000237463404074 4.417240931446362 -0.0
12.75 1.957482368365155 4.42 1.9574241980042335 4.418955300634509 -0.03158840711176899
13.0 1.9312050917707424 4.42 1.9310107953997016 4.4203309030781215 -0.050747193659481916
13.25 1.9283834058079075 4.42 1.9292899365813634 4.416218585575608 -0.05278713821237704
13.5 1.9431505605950246 4.42 1.9429995953880002 4.421382293844495 -0.04207354924039483
13.75 1.9636697427603236 4.42 1.9636446218881252 4.420888862502484 -0.027035756852131283
14.0 1.980883849031008 4.42 1.980915810547365 4.419887460471314 -0.014289354925302632
14.25 1.9916550032110838 4.42 1.9916535591497129 4.4199106935680685 -0.006254988727532051
14.5 1.996984135714661 4.42 1.9968349192892318 4.4210934587925586 -0.002263562657804649
14.75 1.9991086292132314 4.42 1.999016576481364 4.419846800910777 -0.0006693744426668637
15.0 1.9997909339657418 4.42 1.99973194276474 4.419799361405072 -0.00015702467937915227
15.25 1.9999641171348823 4.42 2.0000056147646963 4.420357412800392 -2.695195306443837e-05
15.5 1.9999968486540651 4.42 2.0000341752256956 4.420253634755568 -2.3670244376693356e-06
15.75 2.0000005064419777 4.42 1.9999901113402805 4.419925244261336 3.803967102260639e-07
16.0 2.0000003037308236 4.42 1.999963889146582 4.419759892337421 2.2813709273067303e-07
16.25 2.0000000807893574 4.42 1.999991968383492 4.4199459524488045 6.068217856011783e-08
16.5 2.0000000154109117 4.42 2.000023892403831 4.4201586873878735 1.157538197381337e-08
16.75 2.000000002317028 4.42 2.0000159935128576 4.4201061451869785 1.7403567350686184e-09
17.0 2.0000000002839387 4.42 1.9999911706594364 4.41994117526121 2.1327078847736331e-10
17.25 2.0000000000287392 4.42 1.9999836663410968 4.41989150299162 2.1586786279083474e-11
17.5 2.0000000000024096 4.42 1.9999987485343302 4.419991699306918 1.8100340773142959e-12
17.75 2.0000000000001665 4.42 2.0000117315954817 4.420078075049012 1.250209723893004e-13
18.0 2.0000000000000093 4.42 2.0000058772541665 4.42003911260051 6.988407961666439e-15
18.25 2.0000000000000004 4.42 1.9999945603441827 4.41996354523656 3.023468242913689e-16
18.5 2.0 4.42 1.9999934183121122 4.419956380392861 8.808736703694343e-18
18.75 2.0 4.42 2.000000747959535 4.420005338633491 4.8921798420998234e-20
19.0 2.0 4.42 2.0000055890073116 4.420037158944103 -1.3091921451978668e-20
19.25 2.0 4.42 2.000001874112423 4.420012499598448 -9.976476910669732e-22
19.5 2.0 4.42 1.999996616990382 4.419976872622051 -4.6815685166807494e-23
19.75 2.0 4.42 1.9999969226142604 4.41997950032445 -1.6638083285143045e-24
20.0 2.0 4.42 2.0000006937936776 4.420005221652217 -4.7468193800184217e-26
20.25 2.0 4.42 2.0000026151975936 4.4200173696571134 -1.111987969600823e-27
20.5 2.0 4.42 2.0000006177019816 4.4200041911103956 -2.1566080528120858e-29
20.75 2.0 4.42 1.9999984716578731 4.4199893725150785 -3.4602839938301873e-31
21.0 2.0 4.42 1.9999988453683426 4.419992583187641 -4.547325892745335e-33
21.25 2.0 4.42 2.000000554374539 4.420004119222218 -4.767397604445987e-35
21.5 2.0 4.42 2.0000012918864236 4.420008465850177 -3.7190631002266737e-37
21.75 2.0 4.42 2.0000001906701494 4.4200011439687 -1.637631564719423e-39
22.0 2.0 4.42 1.9999990850016303 4.419993564393895 6.518129048276597e-42
22.25 2.0 4.42 1.9999993135905818 4.419995537306696 2.2523830569655327e-43
22.5 2.0 4.42 2.0000002692420016 4.420001894168365 2.7506291988257142e-45
22.75 2.0 4.42 2.000000704534148 4.420004470366578 2.351308388844086e-47
23.0 2.0 4.42 2.000000173035457 4.420001191962893 1.5726437566102247e-49
23.25 2.0 4.42 1.9999995893908091 4.419997600222967 8.548289091174405e-52
23.5 2.0 4.42 1.9999996626646528 4.419998236895118 3.833786490499683e-54
23.75 2.0 4.42 2.0000001910876644 4.420001107501509 1.4244864646060943e-56
24.0 2.0 4.42 2.0000004528198247 4.42000254915 4.36567780080435e-59
24.25 2.0 4.42 2.0000001504984732 4.42000081497768 1.0864518245663961e-61
24.5 2.0 4.42 1.9999997384549162 4.419998319348097 2.1109980944259782e-64
24.75 2.0 4.42 1.9999997858647343 4.419998670353719 2.850203213424424e-67
