6.250000000000000347e-03 9.985317228904316833e-01 4.698616936811749412e+00 9.986736164834766338e-01 4.698616817745408625e+00
1.875000000000000278e-02 9.963941689516027100e-01 4.698616929622974503e+00 9.962732476048306030e-01 4.698616817745405960e+00
3.125000000000000000e-02 9.940975176145981917e-01 4.698617216226216975e+00 9.945458244421827576e-01 4.698616817745405072e+00
4.375000000000000416e-02 9.938862480491467144e-01 4.698617108876671722e+00 9.938001197888748361e-01 4.698616817745403296e+00
5.625000000000000139e-02 9.944767965503923390e-01 4.698617107841629448e+00 9.942092874639826272e-01 4.698616817745403296e+00
6.875000000000000555e-02 9.960595759533008575e-01 4.698619547966662147e+00 9.958105740368778935e-01 4.698616817745403296e+00
8.125000000000001665e-02 9.986917464832534286e-01 4.698627616694631470e+00 9.985266330764097642e-01 4.698616817745399743e+00
9.375000000000000000e-02 1.002294788695860417e+00 4.698647127574657745e+00 1.002199220367914201e+00 4.698616817745396190e+00
1.062500000000000111e-01 1.006698241939639304e+00 4.698691087968938085e+00 1.006626108153226618e+00 4.698716817745392405e+00
1.187499999999999944e-01 1.011656007285160808e+00 4.698714545379656826e+00 1.011594064950033012e+00 4.698716817745388852e+00
1.312500000000000056e-01 1.016950918516932978e+00 4.698708420326863866e+00 1.016903579199662122e+00 4.698716817745387075e+00
1.437500000000000167e-01 1.022404921912899445e+00 4.698676613879304576e+00 1.022383825532709345e+00 4.698716817745384411e+00
1.562500000000000000e-01 1.027858594285040450e+00 4.698586237125513598e+00 1.027898601995764327e+00 4.698716817745381746e+00
1.687500000000000111e-01 1.033205428804132797e+00 4.698446157547497393e+00 1.033345301284146256e+00 4.698716817745379082e+00
1.812500000000000222e-01 1.038467208475237324e+00 4.698399648276583740e+00 1.038649407951795389e+00 4.698716817745376417e+00
1.937500000000000056e-01 1.043587162174763217e+00 4.698405185582066323e+00 1.043756756770752414e+00 4.698716817745373753e+00
2.062500000000000167e-01 1.048454323047492087e+00 4.698428850401348278e+00 1.048625165234947865e+00 4.698616817745371321e+00
2.187500000000000000e-01 1.053136509023668177e+00 4.698495827984530138e+00 1.053216356255103570e+00 4.698616817745369545e+00
2.312500000000000111e-01 1.057400035979526365e+00 4.698577462032898389e+00 1.057488503972262794e+00 4.698616817745367769e+00
2.437500000000000222e-01 1.061474900155384260e+00 4.698613705401611718e+00 1.061389347719574161e+00 4.698616817745365992e+00
2.562499999999999778e-01 1.064741043631638240e+00 4.698625597008449617e+00 1.064849636798207877e+00 4.698616817745365992e+00
2.687500000000000444e-01 1.068039985109361378e+00 4.698628895635739156e+00 1.067776676754638832e+00 4.698616817745365992e+00
2.812500000000000000e-01 1.069908839794287969e+00 4.698627762032828947e+00 1.070047940347484516e+00 4.698616817745365992e+00
2.937500000000000666e-01 1.071947846833646301e+00 4.698624263267711321e+00 1.071505102239246998e+00 4.698616817745364216e+00
3.062500000000000222e-01 1.071800637578813609e+00 4.698620162173705594e+00 1.071949491631281948e+00 4.698616817745360663e+00
3.187499999999999778e-01 1.070753316479146289e+00 4.698611953977636091e+00 1.071140846839791827e+00 4.698616817745357110e+00
3.312500000000000444e-01 1.068324610523968099e+00 4.698594386115027888e+00 1.068802316515537143e+00 4.698616817745351781e+00
3.437500000000000000e-01 1.064112146276189996e+00 4.698558330878409350e+00 1.064635582684853921e+00 4.698616817745350005e+00
3.562500000000000666e-01 1.057820342218009468e+00 4.698541171825540985e+00 1.058350145574802781e+00 4.698616817745350005e+00
3.687500000000000222e-01 1.049205577944738454e+00 4.698545110096572941e+00 1.049709251487300765e+00 4.698616817745350005e+00
3.812499999999999778e-01 1.038146130173236870e+00 4.698569137925581174e+00 1.038590741671927997e+00 4.698616817745350005e+00
3.937500000000000444e-01 1.024720198969532703e+00 4.698634401878345024e+00 1.025054241805249511e+00 4.698616817745350005e+00
4.062500000000000000e-01 1.009237004455728393e+00 4.698762082868602974e+00 1.009398614761662483e+00 4.698616817745350005e+00
4.187500000000000666e-01 9.922229778505509135e-01 4.698942986305247871e+00 9.921897475474320549e-01 4.698616817745348229e+00
4.312500000000000222e-01 9.745060193203816112e-01 4.699081661016758282e+00 9.742430101445094248e-01 4.698616817745346452e+00
4.437499999999999778e-01 9.566584708316094865e-01 4.699174113959706744e+00 9.565577318106448512e-01 4.698616817745344676e+00
4.562500000000000444e-01 9.409402054384724545e-01 4.699225071217064453e+00 9.402171947318996859e-01 4.698616817745344676e+00
4.687500000000000000e-01 9.254818473409536228e-01 4.699254089722232131e+00 9.262781810859620490e-01 4.698616817745344676e+00
4.812500000000000666e-01 9.165571342510601127e-01 4.699277168410905148e+00 9.156737292642529447e-01 4.698616817745343788e+00
4.937500000000000222e-01 9.075406211600545170e-01 4.699283975781311185e+00 9.091433499921550698e-01 4.698616817745344676e+00
5.062500000000000888e-01 9.079509797724986120e-01 4.699296575538157050e+00 9.071931157443247074e-01 4.698616817745344676e+00
5.187500000000000444e-01 9.114861435782586341e-01 4.699293954841250454e+00 9.100797719255528939e-01 4.698616817745342900e+00
5.312500000000000000e-01 9.190883423240729933e-01 4.699273074004321593e+00 9.178106213844434702e-01 4.698616817745341123e+00
5.437499999999999556e-01 9.310662151522223207e-01 4.699212582832712926e+00 9.301532964353588229e-01 4.698616817745341123e+00
5.562500000000000222e-01 9.472221509842524423e-01 4.699097341361982316e+00 9.466539872540944422e-01 4.698616817745341123e+00
5.687500000000000888e-01 9.670382354382582868e-01 4.699005306865859488e+00 9.666665213702285708e-01 4.698616817745342011e+00
5.812500000000000444e-01 9.897507351856378310e-01 4.699074793269431893e+00 9.893958592016749432e-01 4.698616817745339347e+00
5.937500000000000000e-01 1.014422954772991714e+00 4.698972260162661563e+00 1.013957206964640534e+00 4.698616817745337570e+00
6.062500000000000666e-01 1.039893454902231174e+00 4.698722435139826459e+00 1.039446764814465407e+00 4.698616817745337570e+00
6.187500000000000222e-01 1.065444194798960353e+00 4.699046283094975074e+00 1.065014484619501989e+00 4.698616817745337570e+00
6.312500000000000888e-01 1.090089681901883489e+00 4.697943747956491833e+00 1.089926175059749980e+00 4.698616817745335794e+00
6.437500000000000444e-01 1.113308106825718902e+00 4.697153720965711265e+00 1.113603847542576020e+00 4.698616817745332241e+00
6.562500000000000000e-01 1.135356388747414069e+00 4.698544177292120594e+00 1.135638856999573232e+00 4.698616817745328689e+00
6.687500000000000666e-01 1.155765395604067880e+00 4.698337600475968046e+00 1.155779470767413386e+00 4.698616817745330465e+00
6.812500000000000222e-01 1.173590201496817365e+00 4.697254655688159808e+00 1.173899905684681944e+00 4.698616817745331353e+00
6.937500000000000888e-01 1.189667568366286954e+00 4.698230060634461580e+00 1.189959920707882368e+00 4.698616817745330465e+00
7.062500000000000444e-01 1.203711855778124784e+00 4.699196318785602955e+00 1.203962981115056508e+00 4.698616817745330465e+00
7.187500000000000000e-01 1.215809168473836355e+00 4.698206474111254138e+00 1.215918256279171494e+00 4.698616817745326912e+00
7.312500000000000666e-01 1.225275418587220333e+00 4.697681782138740658e+00 1.225808828092247005e+00 4.698616817745323360e+00
7.437500000000000222e-01 1.233504189238352700e+00 4.698108557050450607e+00 1.233566486516852301e+00 4.698616817745320695e+00
7.562500000000000888e-01 1.238703290111935473e+00 4.698726664438330758e+00 1.239052753167435794e+00 4.698616817745319807e+00
7.687500000000000444e-01 1.242425160177657251e+00 4.698470284344211656e+00 1.242046205192039121e+00 4.698616817745319807e+00
7.812500000000000000e-01 1.241164702145132859e+00 4.698271815234505766e+00 1.242237305028577543e+00 4.698616817745320695e+00
7.937500000000000666e-01 1.238049416484444221e+00 4.698254551902391718e+00 1.239233155119430219e+00 4.698616817745323360e+00
8.062500000000000222e-01 1.231630527305673350e+00 4.698381295775078570e+00 1.232575813941629850e+00 4.698616817745320695e+00
8.187500000000000888e-01 1.221005961782307470e+00 4.698604220224757100e+00 1.221779617345887692e+00 4.698616817745318031e+00
8.312500000000000444e-01 1.205619844933629281e+00 4.698838250212682865e+00 1.206394166244860955e+00 4.698616817745316254e+00
8.437500000000000000e-01 1.185248072170806743e+00 4.699018822809410523e+00 1.186096057443438045e+00 4.698616817745310925e+00
8.562500000000000666e-01 1.159922689696762266e+00 4.699115903259635907e+00 1.160801441478841234e+00 4.698616817745307372e+00
8.687500000000000222e-01 1.129979324908117366e+00 4.699142383762942465e+00 1.130776436231949678e+00 4.698616817745305596e+00
8.812500000000000888e-01 1.096123184827337615e+00 4.699147030905566069e+00 1.096710900633029562e+00 4.698616817745303820e+00
8.937500000000000444e-01 1.059438382137064538e+00 4.699188205283127751e+00 1.059722450271428862e+00 4.698616817745303820e+00
9.062500000000000000e-01 1.021339824280568909e+00 4.699301159125915284e+00 1.021275966692730020e+00 4.698616817745303820e+00
9.187500000000000666e-01 9.833599320308487046e-01 4.699359850376657377e+00 9.830348101392862858e-01 4.698616817745302043e+00
9.312500000000000222e-01 9.472897929143682116e-01 4.699851781213988389e+00 9.466834534715635741e-01 4.698616817745302043e+00
9.437500000000000888e-01 9.142636086197183376e-01 4.699207820470564734e+00 9.137717873593775852e-01 4.698616817745301155e+00
9.562500000000000444e-01 8.861882771679832071e-01 4.697961417250905214e+00 8.856067212058316152e-01 4.698616817745303820e+00
9.687500000000000000e-01 8.625131010354795125e-01 4.703342534339946646e+00 8.632176414543581977e-01 4.698616817745296714e+00
9.812500000000000666e-01 8.484965386350944438e-01 4.697455569499636496e+00 8.473412956645332006e-01 4.698616817745315366e+00
9.937500000000000222e-01 8.362663836717552091e-01 4.696559297719032244e+00 8.385144454226536315e-01 4.698616817745262964e+00
