6.250000000000000347e-03 9.986740562510503239e-01 4.698616817775141286e+00 9.986740562517285591e-01 4.698616817745408625e+00
1.875000000000000278e-02 9.962715575770322296e-01 4.698616817951029034e+00 9.962715574262401841e-01 4.698616817745406848e+00
3.125000000000000000e-02 9.945393264605577599e-01 4.698616817888688679e+00 9.945393265148838591e-01 4.698616817745405072e+00
4.375000000000000416e-02 9.937890208017822191e-01 4.698616816572378951e+00 9.937890212323383654e-01 4.698616817745405072e+00
5.625000000000000139e-02 9.941832812083378768e-01 4.698616819495823549e+00 9.941832805773733739e-01 4.698616817745402408e+00
6.875000000000000555e-02 9.957730625358143239e-01 4.698616820279383433e+00 9.957730611185270364e-01 4.698616817745405072e+00
8.125000000000001665e-02 9.984821027206223221e-01 4.698616814671910724e+00 9.984821027423496087e-01 4.698616817745405072e+00
9.375000000000000000e-02 1.002150808279157257e+00 4.698616822675322879e+00 1.002150808446008678e+00 4.698616817745403296e+00
1.062500000000000111e-01 1.006576343721787614e+00 4.698616802863281094e+00 1.006576351273409387e+00 4.698716817745402174e+00
1.187499999999999944e-01 1.011544917357970697e+00 4.698616801512034868e+00 1.011544927403517313e+00 4.698716817745401286e+00
1.312500000000000056e-01 1.016856284492140272e+00 4.698616826435314309e+00 1.016856285627860679e+00 4.698716817745395957e+00
1.437500000000000167e-01 1.022338860580012110e+00 4.698616820320347998e+00 1.022338843820084886e+00 4.698716817745395069e+00
1.562500000000000000e-01 1.027855785432961300e+00 4.698616848851495220e+00 1.027855772480738228e+00 4.698716817745392405e+00
1.687500000000000111e-01 1.033304059702359723e+00 4.698616828990533456e+00 1.033304070700141519e+00 4.698716817745389740e+00
1.812500000000000222e-01 1.038608668268095503e+00 4.698616256976135830e+00 1.038609014556891363e+00 4.698716817745388852e+00
1.937500000000000056e-01 1.043714735719107889e+00 4.698614809613242294e+00 1.043716440153373171e+00 4.698716817745387075e+00
2.062500000000000167e-01 1.048577957320950826e+00 4.698609073724918872e+00 1.048584169070814642e+00 4.698616817745383756e+00
2.187500000000000000e-01 1.053160695077520081e+00 4.698600195505914456e+00 1.053174116969066931e+00 4.698616817745381979e+00
2.312500000000000111e-01 1.057426224982495055e+00 4.698594865947669064e+00 1.057444371753007317e+00 4.698616817745381979e+00
2.437500000000000222e-01 1.061323198994099437e+00 4.698593381580417727e+00 1.061343048156223601e+00 4.698616817745383756e+00
2.562499999999999778e-01 1.064780173120614126e+00 4.698593587991760856e+00 1.064800398578227725e+00 4.698616817745381979e+00
2.687500000000000444e-01 1.067705417788079814e+00 4.698595115541056799e+00 1.067724773574867392e+00 4.698616817745378427e+00
2.812500000000000000e-01 1.069975504337738581e+00 4.698598686556819892e+00 1.069992012481248977e+00 4.698616817745376650e+00
2.937500000000000666e-01 1.071437310578028823e+00 4.698606152155150539e+00 1.071447440132822670e+00 4.698616817745374874e+00
3.062500000000000222e-01 1.071880380809205224e+00 4.698614384802252353e+00 1.071883287519452832e+00 4.698616817745373986e+00
3.187499999999999778e-01 1.071067980750244786e+00 4.698618342712841844e+00 1.071067476258830586e+00 4.698616817745376650e+00
3.312500000000000444e-01 1.068725224546779540e+00 4.698619032224902625e+00 1.068724230296551170e+00 4.698616817745373986e+00
3.437500000000000000e-01 1.064555473047282819e+00 4.698619058563775042e+00 1.064554487204291355e+00 4.698616817745370433e+00
3.562500000000000666e-01 1.058270009598734740e+00 4.698618986314330392e+00 1.058269053981958807e+00 4.698616817745369545e+00
3.687500000000000222e-01 1.049634323171588113e+00 4.698618968450432476e+00 1.049633358365324565e+00 4.698616817745371321e+00
3.812499999999999778e-01 1.038528245639023462e+00 4.698619051995589047e+00 1.038527255351549883e+00 4.698616817745368657e+00
3.937500000000000444e-01 1.025012318886793450e+00 4.698619137347671781e+00 1.025011348933912991e+00 4.698616817745365992e+00
4.062500000000000000e-01 1.009384061122891918e+00 4.698619189403466123e+00 1.009383136713368767e+00 4.698616817745365104e+00
4.187500000000000666e-01 9.922057600489355700e-01 4.698619212818506696e+00 9.922048672976657713e-01 4.698616817745365992e+00
4.312500000000000222e-01 9.742870583031529863e-01 4.698619184549515992e+00 9.742861726964739955e-01 4.698616817745362439e+00
4.437499999999999778e-01 9.566224340438784779e-01 4.698619244897868086e+00 9.566215342794543997e-01 4.698616817745360663e+00
4.562500000000000444e-01 9.402909465560617130e-01 4.698619549116937577e+00 9.402899777647195645e-01 4.698616817745358887e+00
4.687500000000000000e-01 9.263497656983656903e-01 4.698619865687245323e+00 9.263487247780430867e-01 4.698616817745358887e+00
4.812500000000000666e-01 9.157309010265417548e-01 4.698619918354203229e+00 9.157298302436298609e-01 4.698616817745358887e+00
4.937500000000000222e-01 9.091817007968170383e-01 4.698619983200885919e+00 9.091805868999871532e-01 4.698616817745357110e+00
5.062500000000000888e-01 9.072000223081146952e-01 4.698620019804060632e+00 9.071988196078832889e-01 4.698616817745355334e+00
5.187500000000000444e-01 9.100380304500202966e-01 4.698620063001888170e+00 9.100368113093973976e-01 4.698616817745355334e+00
5.312500000000000000e-01 9.177305530341341999e-01 4.698620867588232386e+00 9.177292074831937541e-01 4.698616817745355334e+00
5.437499999999999556e-01 9.300424461115163188e-01 4.698620432913967804e+00 9.300410628031554605e-01 4.698616817745355334e+00
5.562500000000000222e-01 9.465191708220661582e-01 4.698619269509691776e+00 9.465178454004496977e-01 4.698616817745352670e+00
5.687500000000000888e-01 9.665166809624569089e-01 4.698620207557000938e+00 9.665151993350780124e-01 4.698616817745352670e+00
5.812500000000000444e-01 9.892412155715329947e-01 4.698621441746260174e+00 9.892397647373287750e-01 4.698616817745348229e+00
5.937500000000000000e-01 1.013807693900052431e+00 4.698619173847623287e+00 1.013807055056468620e+00 4.698616817745350005e+00
6.062500000000000666e-01 1.039311401336335816e+00 4.698615449589802928e+00 1.039311636575587894e+00 4.698616817745348229e+00
6.187500000000000222e-01 1.064899683015288590e+00 4.698615189745236620e+00 1.064899878238539710e+00 4.698616817745346452e+00
6.312500000000000888e-01 1.089833113245616936e+00 4.698619593524401949e+00 1.089832673175155975e+00 4.698616817745344676e+00
6.437500000000000444e-01 1.113527861654084683e+00 4.698623565817657166e+00 1.113526961844252927e+00 4.698616817745342011e+00
6.562500000000000000e-01 1.135570644944065233e+00 4.698620604952633784e+00 1.135569997075196236e+00 4.698616817745344676e+00
6.687500000000000666e-01 1.155707334206190318e+00 4.698611536003048705e+00 1.155707774000032106e+00 4.698616817745342011e+00
6.812500000000000222e-01 1.173812612279868661e+00 4.698605670179937022e+00 1.173813893648131046e+00 4.698616817745339347e+00
6.937500000000000888e-01 1.189848732413385068e+00 4.698612641613513219e+00 1.189849137754967145e+00 4.698616817745337570e+00
7.062500000000000444e-01 1.203820969643445427e+00 4.698634472881089152e+00 1.203818224766825651e+00 4.698616817745341123e+00
7.187500000000000000e-01 1.215739712140506912e+00 4.698665088115262733e+00 1.215732778178322260e+00 4.698616817745338459e+00
7.312500000000000666e-01 1.225587794010537745e+00 4.698694387642806447e+00 1.225576776151484637e+00 4.698616817745335794e+00
7.437500000000000222e-01 1.233299741070838174e+00 4.698714418993469977e+00 1.233285980311103369e+00 4.698616817745331353e+00
7.562500000000000888e-01 1.238736723026694797e+00 4.698724782401546562e+00 1.238721589635275233e+00 4.698616817745330465e+00
7.687500000000000444e-01 1.241688759228947614e+00 4.698727967943565176e+00 1.241673136312816395e+00 4.698616817745331353e+00
7.812500000000000000e-01 1.241850267624425186e+00 4.698722382971482148e+00 1.241835525282477093e+00 4.698616817745334018e+00
7.937500000000000666e-01 1.238808420779155872e+00 4.698706510984312246e+00 1.238796012099217858e+00 4.698616817745330465e+00
8.062500000000000222e-01 1.232116983482336892e+00 4.698681071085642813e+00 1.232108098315148226e+00 4.698616817745325136e+00
8.187500000000000888e-01 1.221300053593839863e+00 4.698651219233329179e+00 1.221295272069871540e+00 4.698616817745325136e+00
8.312500000000000444e-01 1.205915006242069598e+00 4.698625451343177772e+00 1.205913787281689631e+00 4.698616817745325136e+00
8.437500000000000000e-01 1.185646225174571855e+00 4.698610664554099259e+00 1.185647048377028057e+00 4.698616817745326024e+00
8.562500000000000666e-01 1.160413956709654082e+00 4.698607710688472494e+00 1.160415130925727123e+00 4.698616817745326912e+00
8.687500000000000222e-01 1.130480763242194708e+00 4.698611999954275475e+00 1.130481442522418778e+00 4.698616817745326912e+00
8.812500000000000888e-01 1.096524163259494200e+00 4.698617331542110698e+00 1.096524130071236058e+00 4.698616817745328689e+00
8.937500000000000444e-01 1.059644999025953549e+00 4.698619686211989332e+00 1.059644635844450455e+00 4.698616817745328689e+00
9.062500000000000000e-01 1.021291556244628751e+00 4.698619049318116581e+00 1.021291278663073232e+00 4.698616817745330465e+00
9.187500000000000666e-01 9.831185449199951742e-01 4.698617331917960271e+00 9.831184679072927368e-01 4.698616817745326912e+00
9.312500000000000222e-01 9.468062292539681790e-01 4.698616218450464288e+00 9.468063013463753341e-01 4.698616817745331353e+00
9.437500000000000888e-01 9.139090696432210503e-01 4.698616094791431941e+00 9.139091515868098536e-01 4.698616817745320695e+00
9.562500000000000444e-01 8.857361716053105960e-01 4.698616491473476486e+00 8.857362126283883086e-01 4.698616817745331353e+00
9.687500000000000000e-01 8.633256073823996068e-01 4.698616878197791280e+00 8.633256027083615614e-01 4.698616817745309149e+00
9.812500000000000666e-01 8.474170653438319878e-01 4.698617023768395740e+00 8.474170420239989232e-01 4.698616817745344676e+00
9.937500000000000222e-01 8.385465836807896034e-01 4.698616944838800435e+00 8.385465711717485782e-01 4.698616817745280727e+00
