6.250000000000000347e-03 9.986748882255676030e-01 4.698616817625640429e+00 9.986748883019922474e-01 4.698616817745410401e+00
1.875000000000000278e-02 9.962708983073506053e-01 4.698616817287811998e+00 9.962708985956938434e-01 4.698616817745410401e+00
3.125000000000000000e-02 9.945347888909638057e-01 4.698616818117185900e+00 9.945347886603543852e-01 4.698616817745410401e+00
4.375000000000000416e-02 9.937771884679127421e-01 4.698616817413325819e+00 9.937771886746507022e-01 4.698616817745410401e+00
5.625000000000000139e-02 9.941737349681012414e-01 4.698616815703960725e+00 9.941737362475684403e-01 4.698616817745408625e+00
6.875000000000000555e-02 9.957639243374027949e-01 4.698616821894200157e+00 9.957639217369400608e-01 4.698616817745408625e+00
8.125000000000001665e-02 9.984718669998060570e-01 4.698616819351530971e+00 9.984718659574605137e-01 4.698616817745408625e+00
9.375000000000000000e-02 1.002139818239887958e+00 4.698616798795312022e+00 1.002139830462486447e+00 4.698616817745408625e+00
1.062500000000000111e-01 1.006565262662564519e+00 4.698616830255076593e+00 1.006565254581934354e+00 4.698716817745406615e+00
1.187499999999999944e-01 1.011534090626484694e+00 4.698616883382356058e+00 1.011534046534545261e+00 4.698716817745404839e+00
1.312500000000000056e-01 1.016845611928554494e+00 4.698616744789319455e+00 1.016845661320750605e+00 4.698716817745404839e+00
1.437500000000000167e-01 1.022328173120807593e+00 4.698616570464162479e+00 1.022328347377679414e+00 4.698716817745403063e+00
1.562500000000000000e-01 1.027845365523317067e+00 4.698617000271239519e+00 1.027845235606187568e+00 4.698716817745401286e+00
1.687500000000000111e-01 1.033294119334106753e+00 4.698617880700214577e+00 1.033293340336449040e+00 4.698716817745399510e+00
1.812500000000000222e-01 1.038598454568916862e+00 4.698617393652044782e+00 1.038598006355550663e+00 4.698716817745397734e+00
1.937500000000000056e-01 1.043702739683172842e+00 4.698613742083871614e+00 1.043705085132684118e+00 4.698716817745394181e+00
2.062500000000000167e-01 1.048564495463482960e+00 4.698606680519232803e+00 1.048572488177331952e+00 4.698616817745390861e+00
2.187500000000000000e-01 1.053147802545152611e+00 4.698599174674531476e+00 1.053162050656784920e+00 4.698616817745387308e+00
2.312500000000000111e-01 1.057413778237645152e+00 4.698594762599378249e+00 1.057432041510365295e+00 4.698616817745384644e+00
2.437500000000000222e-01 1.061310124990960446e+00 4.698593086733843904e+00 1.061330261334278546e+00 4.698616817745381979e+00
2.562499999999999778e-01 1.064767022707288291e+00 4.698593261408401389e+00 1.064787485380775500e+00 4.698616817745379315e+00
2.687500000000000444e-01 1.067691994723766857e+00 4.698595431520145027e+00 1.067711018720578497e+00 4.698616817745378427e+00
2.812500000000000000e-01 1.069963163705871967e+00 4.698600247670165153e+00 1.069978326302847282e+00 4.698616817745376650e+00
2.937500000000000666e-01 1.071421991688049191e+00 4.698607374063722197e+00 1.071431100274951032e+00 4.698616817745373986e+00
3.062500000000000222e-01 1.071867442789410596e+00 4.698614042236993527e+00 1.071870765987424257e+00 4.698616817745373098e+00
3.187499999999999778e-01 1.071057433615376642e+00 4.698617969007932160e+00 1.071057320605299790e+00 4.698616817745371321e+00
3.312500000000000444e-01 1.068715874360773643e+00 4.698619471248086654e+00 1.068714456220954734e+00 4.698616817745369545e+00
3.437500000000000000e-01 1.064546334300259245e+00 4.698619589981957390e+00 1.064544831593611018e+00 4.698616817745369545e+00
3.562500000000000666e-01 1.058260681061865105e+00 4.698619269489354267e+00 1.058259473518667004e+00 4.698616817745369545e+00
3.687500000000000222e-01 1.049624630127726554e+00 4.698619023344441814e+00 1.049623652316699740e+00 4.698616817745369545e+00
3.812499999999999778e-01 1.038518209495090217e+00 4.698618955858405499e+00 1.038517317911908266e+00 4.698616817745369545e+00
3.937500000000000444e-01 1.025002301760740364e+00 4.698619000238322130e+00 1.025001416989085978e+00 4.698616817745371321e+00
4.062500000000000000e-01 1.009375143886009019e+00 4.698619086098080544e+00 1.009374245150328697e+00 4.698616817745371321e+00
4.187500000000000666e-01 9.921994517765628796e-01 4.698619183212889183e+00 9.921985399546799922e-01 4.698616817745371321e+00
4.312500000000000222e-01 9.742852407654616353e-01 4.698619287945574818e+00 9.742843170740010939e-01 4.698616817745371321e+00
4.437499999999999778e-01 9.566257912526259233e-01 4.698619404675628886e+00 9.566248517491824366e-01 4.698616817745371321e+00
4.562500000000000444e-01 9.402995041449142555e-01 4.698619537049006922e+00 9.402985403131514097e-01 4.698616817745369545e+00
4.687500000000000000e-01 9.263606609046561857e-01 4.698619686243313609e+00 9.263596609091517831e-01 4.698616817745368657e+00
4.812500000000000666e-01 9.157422800908203708e-01 4.698619851613859311e+00 9.157412294754569970e-01 4.698616817745369545e+00
4.937500000000000222e-01 9.091856636064102881e-01 4.698620031135685160e+00 9.091845458769121091e-01 4.698616817745367769e+00
5.062500000000000888e-01 9.071997500994340990e-01 4.698620219609780158e+00 9.071985482851772087e-01 4.698616817745367769e+00
5.187500000000000444e-01 9.100448775279899039e-01 4.698620401592647156e+00 9.100435787258311926e-01 4.698616817745365992e+00
5.312500000000000000e-01 9.177326409531578744e-01 4.698620536445360152e+00 9.177312470700622615e-01 4.698616817745365992e+00
5.437499999999999556e-01 9.300355544836047539e-01 4.698620543291168516e+00 9.300341012819293152e-01 4.698616817745365992e+00
5.562500000000000222e-01 9.465047359995012455e-01 4.698620314422324640e+00 9.465033135641449658e-01 4.698616817745365992e+00
5.687500000000000888e-01 9.664980038348752744e-01 4.698619775823649647e+00 9.664967563600057598e-01 4.698616817745365992e+00
5.812500000000000444e-01 9.892222944747263158e-01 4.698618972219101408e+00 9.892213739867770084e-01 4.698616817745363328e+00
5.937500000000000000e-01 1.013792070932468814e+00 4.698618142791803898e+00 1.013791549129540392e+00 4.698616817745360663e+00
6.062500000000000666e-01 1.039300061846615941e+00 4.698617651865976796e+00 1.039299864693834952e+00 4.698616817745357999e+00
6.187500000000000222e-01 1.064890766941386735e+00 4.698617735500363324e+00 1.064890705183500597e+00 4.698616817745358887e+00
6.312500000000000888e-01 1.089823885817551963e+00 4.698618457791142511e+00 1.089823745748304873e+00 4.698616817745360663e+00
6.437500000000000444e-01 1.113516102666597396e+00 4.698619876781868321e+00 1.113515703813446667e+00 4.698616817745358887e+00
6.562500000000000000e-01 1.135555230052564646e+00 4.698622189973319152e+00 1.135554417280993267e+00 4.698616817745355334e+00
6.687500000000000666e-01 1.155688065100575868e+00 4.698625820235747597e+00 1.155686658677107292e+00 4.698616817745351781e+00
6.812500000000000222e-01 1.173789094710796288e+00 4.698631473820776172e+00 1.173786833090110449e+00 4.698616817745347340e+00
6.937500000000000888e-01 1.189819473809285544e+00 4.698640199268112383e+00 1.189815960513372239e+00 4.698616817745348229e+00
7.062500000000000444e-01 1.203784621456080561e+00 4.698653360675475454e+00 1.203779282876525691e+00 4.698616817745350005e+00
7.187500000000000000e-01 1.215695591879459858e+00 4.698670136780005890e+00 1.215687962076599238e+00 4.698616817745350005e+00
7.312500000000000666e-01 1.225536618633142893e+00 4.698682155691383144e+00 1.225527298549789368e+00 4.698616817745350005e+00
7.437500000000000222e-01 1.233241865465912301e+00 4.698687663917158197e+00 1.233231760105858221e+00 4.698616817745348229e+00
7.562500000000000888e-01 1.238676522787991674e+00 4.698689088296157834e+00 1.238666233513342263e+00 4.698616817745344676e+00
7.687500000000000444e-01 1.241623352480611508e+00 4.698688540026711102e+00 1.241613219022771997e+00 4.698616817745341123e+00
7.812500000000000000e-01 1.241776695037051459e+00 4.698686601202190616e+00 1.241766919685680870e+00 4.698616817745339347e+00
7.937500000000000666e-01 1.238746122607478073e+00 4.698682422377383539e+00 1.238736996735442020e+00 4.698616817745339347e+00
8.062500000000000222e-01 1.232074758078515853e+00 4.698674884739908464e+00 1.232066721603399140e+00 4.698616817745339347e+00
8.187500000000000888e-01 1.221277993074470158e+00 4.698662945872318808e+00 1.221271624804786793e+00 4.698616817745339347e+00
8.312500000000000444e-01 1.205908409964407291e+00 4.698647594823919249e+00 1.205904151472491304e+00 4.698616817745339347e+00
8.437500000000000000e-01 1.185647870105967838e+00 4.698635212202176170e+00 1.185645352751540482e+00 4.698616817745342011e+00
8.562500000000000666e-01 1.160416429604945510e+00 4.698627519105964545e+00 1.160414993913024162e+00 4.698616817745339347e+00
8.687500000000000222e-01 1.130479264205415557e+00 4.698622884051692594e+00 1.130478473958791863e+00 4.698616817745335794e+00
8.812500000000000888e-01 1.096518790792889941e+00 4.698620126887801618e+00 1.096518362577521000e+00 4.698616817745332241e+00
8.937500000000000444e-01 1.059639489429360149e+00 4.698618495188396693e+00 1.059639293798595450e+00 4.698616817745330465e+00
9.062500000000000000e-01 1.021291372345830339e+00 4.698617547208084666e+00 1.021291253749388339e+00 4.698616817745328689e+00
9.187500000000000666e-01 9.831257316720853900e-01 4.698617031682942979e+00 9.831257756305751272e-01 4.698616817745326912e+00
9.312500000000000222e-01 9.468216094870323118e-01 4.698616793975050498e+00 9.468214554358931334e-01 4.698616817745326024e+00
9.437500000000000888e-01 9.139288704875718761e-01 4.698616723151071817e+00 9.139292555850839772e-01 4.698616817745323360e+00
9.562500000000000444e-01 8.857612237959858748e-01 4.698616734306567899e+00 8.857603327743344135e-01 4.698616817745323360e+00
9.687500000000000000e-01 8.633497473138160849e-01 4.698616768867759141e+00 8.633519801599147669e-01 4.698616817745314478e+00
9.812500000000000666e-01 8.474472908199445209e-01 4.698616798548423290e+00 8.474416489899591065e-01 4.698616817745331353e+00
9.937500000000000222e-01 8.385637363693073665e-01 4.698616815750893849e+00 8.385784214927913816e-01 4.698616817745285168e+00
