6.250000000000000347e-03 9.986750353102942235e-01 4.698616817627083719e+00 9.986750353857967166e-01 4.698616817745408625e+00
1.875000000000000278e-02 9.962710544906551169e-01 4.698616817285504510e+00 9.962710547804304317e-01 4.698616817745407737e+00
3.125000000000000000e-02 9.945347935410331353e-01 4.698616818118009242e+00 9.945347933100590065e-01 4.698616817745405072e+00
4.375000000000000416e-02 9.937769578047119801e-01 4.698616817421137348e+00 9.937769580062363328e-01 4.698616817745403296e+00
5.625000000000000139e-02 9.941733105974306373e-01 4.698616815678720471e+00 9.941733118926086021e-01 4.698616817745401519e+00
6.875000000000000555e-02 9.957634381684239422e-01 4.698616821914242792e+00 9.957634355576325813e-01 4.698616817745399743e+00
8.125000000000001665e-02 9.984714570905057762e-01 4.698616819416944423e+00 9.984714560018311813e-01 4.698616817745397967e+00
9.375000000000000000e-02 1.002139560606784885e+00 4.698616798612075485e+00 1.002139572944782397e+00 4.698616817745397078e+00
1.062500000000000111e-01 1.006565157504749397e+00 4.698616830255661014e+00 1.006565149449901497e+00 4.698716817745395069e+00
1.187499999999999944e-01 1.011534091100361410e+00 4.698616884000765381e+00 1.011534046574694923e+00 4.698716817745394181e+00
1.312500000000000056e-01 1.016845661580072946e+00 4.698616744372559495e+00 1.016845711176618039e+00 4.698716817745392405e+00
1.437500000000000167e-01 1.022328232201165754e+00 4.698616568865904952e+00 1.022328407675429762e+00 4.698716817745390628e+00
1.562500000000000000e-01 1.027845418279716982e+00 4.698617001324640441e+00 1.027845287854392886e+00 4.698716817745388852e+00
1.687500000000000111e-01 1.033294162830005192e+00 4.698617884570005288e+00 1.033293380794253036e+00 4.698716817745387075e+00
1.812500000000000222e-01 1.038598487410457016e+00 4.698617394312698536e+00 1.038598037945682950e+00 4.698716817745384411e+00
1.937500000000000056e-01 1.043702762396483852e+00 4.698613736319275702e+00 1.043705111932927476e+00 4.698716817745383523e+00
2.062500000000000167e-01 1.048564513449613322e+00 4.698606672113427862e+00 1.048572512984228045e+00 4.698616817745381979e+00
2.187500000000000000e-01 1.053147827761239386e+00 4.698599178529871523e+00 1.053162074442732354e+00 4.698616817745380203e+00
2.312500000000000111e-01 1.057413807659131733e+00 4.698594772627027183e+00 1.057432063564260671e+00 4.698616817745379315e+00
2.437500000000000222e-01 1.061310146065502558e+00 4.698593089403088285e+00 1.061330279361222928e+00 4.698616817745378427e+00
2.562499999999999778e-01 1.064767029577226909e+00 4.698593257505986998e+00 1.064787495231425130e+00 4.698616817745376650e+00
2.687500000000000444e-01 1.067691986774623292e+00 4.698595428415634601e+00 1.067711013594073943e+00 4.698616817745374874e+00
2.812500000000000000e-01 1.069963134431231477e+00 4.698600249768646542e+00 1.069978295291055481e+00 4.698616817745373986e+00
2.937500000000000666e-01 1.071421920734416666e+00 4.698607377344047542e+00 1.071431026102104944e+00 4.698616817745373986e+00
3.062500000000000222e-01 1.071867296411322279e+00 4.698614038674936211e+00 1.071870621869345452e+00 4.698616817745374874e+00
3.187499999999999778e-01 1.071057174885452046e+00 4.698617963878128023e+00 1.071057066460201046e+00 4.698616817745373986e+00
3.312500000000000444e-01 1.068715451610374512e+00 4.698619470097867179e+00 1.068714035208363056e+00 4.698616817745373098e+00
3.437500000000000000e-01 1.064545673357043976e+00 4.698619592142870616e+00 1.064544169308563548e+00 4.698616817745373098e+00
3.562500000000000666e-01 1.058259693597430662e+00 4.698619272239819011e+00 1.058258484034899638e+00 4.698616817745371321e+00
3.687500000000000222e-01 1.049623235849926450e+00 4.698619024942153111e+00 1.049622256879344517e+00 4.698616817745370433e+00
3.812499999999999778e-01 1.038516373179710239e+00 4.698618956254948742e+00 1.038515481398219364e+00 4.698616817745369545e+00
3.937500000000000444e-01 1.025000085152294460e+00 4.698619000158057446e+00 1.024999200574399971e+00 4.698616817745369545e+00
4.062500000000000000e-01 1.009372755109727127e+00 4.698619086082681306e+00 1.009371856528665568e+00 4.698616817745369545e+00
4.187500000000000666e-01 9.921972473530650261e-01 4.698619183394557197e+00 9.921963355475794666e-01 4.698616817745369545e+00
4.312500000000000222e-01 9.742836153240330699e-01 4.698619288242177561e+00 9.742826915735778304e-01 4.698616817745369545e+00
4.437499999999999778e-01 9.566249190711026973e-01 4.698619404987909753e+00 9.566239795009910951e-01 4.698616817745369545e+00
4.562500000000000444e-01 9.402990068989707240e-01 4.698619537329068230e+00 9.402980430216549834e-01 4.698616817745369545e+00
4.687500000000000000e-01 9.263594235530767662e-01 4.698619686480574487e+00 9.263584235386874699e-01 4.698616817745368657e+00
4.812500000000000666e-01 9.157386781147058841e-01 4.698619851805364789e+00 9.157376275095102658e-01 4.698616817745368657e+00
4.937500000000000222e-01 9.091782687022516019e-01 4.698620031278679221e+00 9.091771510153154878e-01 4.698616817745368657e+00
5.062500000000000888e-01 9.071882098086299084e-01 4.698620219730481828e+00 9.071870080589838903e-01 4.698616817745369545e+00
5.187500000000000444e-01 9.100304024521828072e-01 4.698620401798248025e+00 9.100291036833529912e-01 4.698616817745367769e+00
5.312500000000000000e-01 9.177176655294495555e-01 4.698620536924202895e+00 9.177162715402189530e-01 4.698616817745365992e+00
5.437499999999999556e-01 9.300226527547492683e-01 4.698620544129822107e+00 9.300211992277673811e-01 4.698616817745363328e+00
5.562500000000000222e-01 9.464954074126954442e-01 4.698620315342070697e+00 9.464939845572071242e-01 4.698616817745363328e+00
5.687500000000000888e-01 9.664920612258279808e-01 4.698619776392700231e+00 9.664908135555465574e-01 4.698616817745362439e+00
5.812500000000000444e-01 9.892181740538745771e-01 4.698618972591035003e+00 9.892172537081638239e-01 4.698616817745362439e+00
5.937500000000000000e-01 1.013787769168016162e+00 4.698618143609817110e+00 1.013787247491638066e+00 4.698616817745358887e+00
6.062500000000000666e-01 1.039294063854191208e+00 4.698617653082108880e+00 1.039293866473991468e+00 4.698616817745355334e+00
6.187500000000000222e-01 1.064882473311601130e+00 4.698617736489037355e+00 1.064882411135442020e+00 4.698616817745351781e+00
6.312500000000000888e-01 1.089813468986699174e+00 4.698618458314696156e+00 1.089813328670516501e+00 4.698616817745351781e+00
6.437500000000000444e-01 1.113504065102557838e+00 4.698619877080679075e+00 1.113503666255226232e+00 4.698616817745351781e+00
6.562500000000000000e-01 1.135541995748574839e+00 4.698622190255790088e+00 1.135541183061523851e+00 4.698616817745353558e+00
6.687500000000000666e-01 1.155673779438076476e+00 4.698625820351102433e+00 1.155672373061366276e+00 4.698616817745352670e+00
6.812500000000000222e-01 1.173773623413225664e+00 4.698631473242390832e+00 1.173771361865393770e+00 4.698616817745350005e+00
6.937500000000000888e-01 1.189802503962480218e+00 4.698640197253741491e+00 1.189798990900205133e+00 4.698616817745346452e+00
7.062500000000000444e-01 1.203765779341766429e+00 4.698653356915762025e+00 1.203760441195721231e+00 4.698616817745342011e+00
7.187500000000000000e-01 1.215674544177947514e+00 4.698670137618398357e+00 1.215666914327465431e+00 4.698616817745341123e+00
7.312500000000000666e-01 1.225513161363663617e+00 4.698682161780713074e+00 1.225503840637667263e+00 4.698616817745341123e+00
7.437500000000000222e-01 1.233216022160517289e+00 4.698687665588926698e+00 1.233205916547188474e+00 4.698616817745342011e+00
7.562500000000000888e-01 1.238648655126598941e+00 4.698689085284629918e+00 1.238638366245053302e+00 4.698616817745343788e+00
7.687500000000000444e-01 1.241594237947528878e+00 4.698688535776005537e+00 1.241584105156107842e+00 4.698616817745339347e+00
7.812500000000000000e-01 1.241747486152974478e+00 4.698686596379083369e+00 1.241737711502407526e+00 4.698616817745334018e+00
7.937500000000000666e-01 1.238718116360036037e+00 4.698682418445351949e+00 1.238708991093382172e+00 4.698616817745336682e+00
8.062500000000000222e-01 1.232049025254849717e+00 4.698674883197470287e+00 1.232040989054289826e+00 4.698616817745344676e+00
8.187500000000000888e-01 1.221255054781841931e+00 4.698662947426345937e+00 1.221248686335506761e+00 4.698616817745350005e+00
8.312500000000000444e-01 1.205888133410695229e+00 4.698647596004035698e+00 1.205883874736110029e+00 4.698616817745344676e+00
8.437500000000000000e-01 1.185629587578675537e+00 4.698635209701455651e+00 1.185627070131299865e+00 4.698616817745330465e+00
8.562500000000000666e-01 1.160399197207341526e+00 4.698627519620114157e+00 1.160397762589569837e+00 4.698616817745316254e+00
8.687500000000000222e-01 1.130462173352349442e+00 4.698622886416210065e+00 1.130461379616956252e+00 4.698616817745305596e+00
8.812500000000000888e-01 1.096501331719237804e+00 4.698620128752256875e+00 1.096500910535333828e+00 4.698616817745296714e+00
8.937500000000000444e-01 1.059621885989260992e+00 4.698618496659991983e+00 1.059621674700017557e+00 4.698616817745296714e+00
9.062500000000000000e-01 1.021274711922601774e+00 4.698617548553266410e+00 1.021274627593504292e+00 4.698616817745298491e+00
9.187500000000000666e-01 9.831116437077112025e-01 4.698617032709005770e+00 9.831116087177713680e-01 4.698616817745304708e+00
9.312500000000000222e-01 9.468113780867344342e-01 4.698616794290122023e+00 9.468114057980880904e-01 4.698616817745314478e+00
9.437500000000000888e-01 9.139222320465061333e-01 4.698616722585488681e+00 9.139221883974647520e-01 4.698616817745326912e+00
9.562500000000000444e-01 8.857554956334134921e-01 4.698616733327313000e+00 8.857556406871405219e-01 4.698616817745338459e+00
9.687500000000000000e-01 8.633400261554120547e-01 4.698616768928184584e+00 8.633396992878533682e-01 4.698616817745351781e+00
9.812500000000000666e-01 8.474280484743761388e-01 4.698616800463211618e+00 8.474288929901914180e-01 4.698616817745362439e+00
9.937500000000000222e-01 8.385313378792433880e-01 4.698616816565393428e+00 8.385291482111910666e-01 4.698616817745376650e+00
