6.250000000000000347e-03 9.986749638033518561e-01 4.698616817628339604e+00 9.986749638780536564e-01 4.698616817745408625e+00
1.875000000000000278e-02 9.962709178243914776e-01 4.698616817282633029e+00 9.962709181159687954e-01 4.698616817745408625e+00
3.125000000000000000e-02 9.945346517398021557e-01 4.698616818121482019e+00 9.945346515067645665e-01 4.698616817745408625e+00
4.375000000000000416e-02 9.937768856497032344e-01 4.698616817422835545e+00 9.937768858497881830e-01 4.698616817745408625e+00
5.625000000000000139e-02 9.941733397740122324e-01 4.698616815656913914e+00 9.941733410832938045e-01 4.698616817745408625e+00
6.875000000000000555e-02 9.957635328912233241e-01 4.698616821957287470e+00 9.957635302544923794e-01 4.698616817745407737e+00
8.125000000000001665e-02 9.984715449089549555e-01 4.698616819414302981e+00 9.984715438164751822e-01 4.698616817745405960e+00
9.375000000000000000e-02 1.002139586659378301e+00 4.698616798456686006e+00 1.002139599103271550e+00 4.698616817745403296e+00
1.062500000000000111e-01 1.006565113909827724e+00 4.698616830492040819e+00 1.006565105714877451e+00 4.698716817745400398e+00
1.187499999999999944e-01 1.011534004671536202e+00 4.698616884215329748e+00 1.011533959958413664e+00 4.698716817745397734e+00
1.312500000000000056e-01 1.016845564612965713e+00 4.698616743515751537e+00 1.016845614788705721e+00 4.698716817745394181e+00
1.437500000000000167e-01 1.022328145228442509e+00 4.698616568802549409e+00 1.022328320887398112e+00 4.698716817745392405e+00
1.562500000000000000e-01 1.027845345778290564e+00 4.698617003166356554e+00 1.027845214005918884e+00 4.698716817745390628e+00
1.687500000000000111e-01 1.033294097191127969e+00 4.698617884776853160e+00 1.033293314654295969e+00 4.698716817745388852e+00
1.812500000000000222e-01 1.038598421110674686e+00 4.698617392272567805e+00 1.038597973174054001e+00 4.698716817745387075e+00
1.937500000000000056e-01 1.043702694309526224e+00 4.698613736111482808e+00 1.043705044510790270e+00 4.698716817745384411e+00
2.062500000000000167e-01 1.048564445441457771e+00 4.698606676764548240e+00 1.048572441387320975e+00 4.698616817745381979e+00
2.187500000000000000e-01 1.053147756608778796e+00 4.698599185058670358e+00 1.053161998595165461e+00 4.698616817745380203e+00
2.312500000000000111e-01 1.057413726272976806e+00 4.698594769058527909e+00 1.057431983865699809e+00 4.698616817745378427e+00
2.437500000000000222e-01 1.061310056544070735e+00 4.698593081268615634e+00 1.061330196141966109e+00 4.698616817745376650e+00
2.562499999999999778e-01 1.064766941123246990e+00 4.698593256870932322e+00 1.064787408524984880e+00 4.698616817745373986e+00
2.687500000000000444e-01 1.067691898816084617e+00 4.698595431366989317e+00 1.067710923034130843e+00 4.698616817745373098e+00
2.812500000000000000e-01 1.069963039787968917e+00 4.698600250172361825e+00 1.069978200002889679e+00 4.698616817745373098e+00
2.937500000000000666e-01 1.071421815502159314e+00 4.698607372863593312e+00 1.071430924540898832e+00 4.698616817745371321e+00
3.062500000000000222e-01 1.071867183535085477e+00 4.698614035673321254e+00 1.071870511640138801e+00 4.698616817745370433e+00
3.187499999999999778e-01 1.071057055172139894e+00 4.698617967656376848e+00 1.071056944272584133e+00 4.698616817745369545e+00
3.312500000000000444e-01 1.068715317709745261e+00 4.698619474554467601e+00 1.068713897320924477e+00 4.698616817745369545e+00
3.437500000000000000e-01 1.064545517883101144e+00 4.698619592439213122e+00 1.064544013119272492e+00 4.698616817745371321e+00
3.562500000000000666e-01 1.058259520177784241e+00 4.698619270882040233e+00 1.058258311753905723e+00 4.698616817745369545e+00
3.687500000000000222e-01 1.049623060368414684e+00 4.698619024250830556e+00 1.049622082009222357e+00 4.698616817745367769e+00
3.812499999999999778e-01 1.038516228980664424e+00 4.698618956674457614e+00 1.038515336964001445e+00 4.698616817745365992e+00
3.937500000000000444e-01 1.025000028457764500e+00 4.698619000975701177e+00 1.024999143327366857e+00 4.698616817745365992e+00
4.062500000000000000e-01 1.009372853325051889e+00 4.698619086572588088e+00 1.009371954408114780e+00 4.698616817745365992e+00
4.187500000000000666e-01 9.921975359510142312e-01 4.698619183382422904e+00 9.921966241424308164e-01 4.698616817745365992e+00
4.312500000000000222e-01 9.742840280703733979e-01 4.698619287936780964e+00 9.742831044956730135e-01 4.698616817745364216e+00
4.437499999999999778e-01 9.566252426498743633e-01 4.698619404646875886e+00 9.566243032683012792e-01 4.698616817745363328e+00
4.562500000000000444e-01 9.402989473290866984e-01 4.698619537090222842e+00 9.402979835795877150e-01 4.698616817745362439e+00
4.687500000000000000e-01 9.263588258703933098e-01 4.698619686359058356e+00 9.263578259232618795e-01 4.698616817745362439e+00
4.812500000000000666e-01 9.157377900408181226e-01 4.698619851759022303e+00 9.157367394669324590e-01 4.698616817745362439e+00
4.937500000000000222e-01 9.091778017605196549e-01 4.698620031272428221e+00 9.091766840843957809e-01 4.698616817745362439e+00
5.062500000000000888e-01 9.071890164393612288e-01 4.698620219760762495e+00 9.071878146783569630e-01 4.698616817745360663e+00
5.187500000000000444e-01 9.100328906718511135e-01 4.698620401853858652e+00 9.100315918706112228e-01 4.698616817745360663e+00
5.312500000000000000e-01 9.177213767922023369e-01 4.698620536908523881e+00 9.177199827942803534e-01 4.698616817745358887e+00
5.437499999999999556e-01 9.300264071451295189e-01 4.698620543877801481e+00 9.300249537302016645e-01 4.698616817745358887e+00
5.562500000000000222e-01 9.464980028896441411e-01 4.698620314857370417e+00 9.464965803067986183e-01 4.698616817745357110e+00
5.687500000000000888e-01 9.664930332222310128e-01 4.698619776060011688e+00 9.664917858109560722e-01 4.698616817745357110e+00
5.812500000000000444e-01 9.892180376606156678e-01 4.698618972807791394e+00 9.892171172831998316e-01 4.698616817745355334e+00
5.937500000000000000e-01 1.013787588600695955e+00 4.698618144025084931e+00 1.013787066639452839e+00 4.698616817745353558e+00
6.062500000000000666e-01 1.039294734297874445e+00 4.698617653032364672e+00 1.039294536770211330e+00 4.698616817745353558e+00
6.187500000000000222e-01 1.064884264360717925e+00 4.698617736158716696e+00 1.064884202333272523e+00 4.698616817745355334e+00
6.312500000000000888e-01 1.089816074136222612e+00 4.698618458308794210e+00 1.089815933988823815e+00 4.698616817745355334e+00
6.437500000000000444e-01 1.113506978656567004e+00 4.698619877429675462e+00 1.113506579774018679e+00 4.698616817745351781e+00
6.562500000000000000e-01 1.135544870882543966e+00 4.698622190720166181e+00 1.135544058040886650e+00 4.698616817745348229e+00
6.687500000000000666e-01 1.155676559673392889e+00 4.698625821001530589e+00 1.155675153159083868e+00 4.698616817745346452e+00
6.812500000000000222e-01 1.173776468773396253e+00 4.698631474513063289e+00 1.173774207074128384e+00 4.698616817745347340e+00
6.937500000000000888e-01 1.189805647917212994e+00 4.698640199838203912e+00 1.189802134540265843e+00 4.698616817745348229e+00
7.062500000000000444e-01 1.203769423523269655e+00 4.698653361128507733e+00 1.203764084857256833e+00 4.698616817745346452e+00
7.187500000000000000e-01 1.215678816139955654e+00 4.698670137928614210e+00 1.215671186316681140e+00 4.698616817745342900e+00
7.312500000000000666e-01 1.225518111048333969e+00 4.698682152012333191e+00 1.225508791601176650e+00 4.698616817745339347e+00
7.437500000000000222e-01 1.233221623435356129e+00 4.698687652581211793e+00 1.233211519497617203e+00 4.698616817745337570e+00
7.562500000000000888e-01 1.238654793585042935e+00 4.698689077513961365e+00 1.238644505880086566e+00 4.698616817745336682e+00
7.687500000000000444e-01 1.241600695796392095e+00 4.698688533247322496e+00 1.241590563350069232e+00 4.698616817745335794e+00
7.812500000000000000e-01 1.241753946610417492e+00 4.698686596863822729e+00 1.241744171820543974e+00 4.698616817745341123e+00
7.937500000000000666e-01 1.238724208954378847e+00 4.698682420771389090e+00 1.238715083370550252e+00 4.698616817745342900e+00
8.062500000000000222e-01 1.232054403764304196e+00 4.698674886746374568e+00 1.232046367041812474e+00 4.698616817745339347e+00
8.187500000000000888e-01 1.221259468979215779e+00 4.698662951514062769e+00 1.221253099972095857e+00 4.698616817745330465e+00
8.312500000000000444e-01 1.205891463730659030e+00 4.698647599371556183e+00 1.205887204553388381e+00 4.698616817745325136e+00
8.437500000000000000e-01 1.185631850868350545e+00 4.698635213710986136e+00 1.185629332948507031e+00 4.698616817745328689e+00
8.562500000000000666e-01 1.160400554016868258e+00 4.698627522944406110e+00 1.160399118879251290e+00 4.698616817745342011e+00
8.687500000000000222e-01 1.130462951019710616e+00 4.698622886396175424e+00 1.130462157607663887e+00 4.698616817745354446e+00
8.812500000000000888e-01 1.096502024445734857e+00 4.698620127603602370e+00 1.096501602492518490e+00 4.698616817745363328e+00
8.937500000000000444e-01 1.059623059370685683e+00 4.698618496820719415e+00 1.059622850054992238e+00 4.698616817745372209e+00
9.062500000000000000e-01 1.021276763896552087e+00 4.698617549047074959e+00 1.021276675245905707e+00 4.698616817745380203e+00
9.187500000000000666e-01 9.831144891946558273e-01 4.698617033380566355e+00 9.831144638200995933e-01 4.698616817745381091e+00
9.312500000000000222e-01 9.468142833319646012e-01 4.698616794867613855e+00 9.468142884808690152e-01 4.698616817745381091e+00
9.437500000000000888e-01 9.139240404252169103e-01 4.698616722941622470e+00 9.139240496463298946e-01 4.698616817745379315e+00
9.562500000000000444e-01 8.857553185932405260e-01 4.698616733332165118e+00 8.857553359519388936e-01 4.698616817745378427e+00
9.687500000000000000e-01 8.633380388268420136e-01 4.698616768687472245e+00 8.633380275544684235e-01 4.698616817745365992e+00
9.812500000000000666e-01 8.474259711718263866e-01 4.698616800342284350e+00 8.474260166995517540e-01 4.698616817745376650e+00
9.937500000000000222e-01 8.385317793128119757e-01 4.698616817980812321e+00 8.385316672220123335e-01 4.698616817745334018e+00
