6.250000000000000347e-03 9.986736164834766338e-01 4.698616817745408625e+00 9.986749771490343042e-01 4.698616817745409513e+00
1.875000000000000278e-02 9.962732476048306030e-01 4.698616817745405960e+00 9.962709595972639720e-01 4.698616817745409513e+00
3.125000000000000000e-02 9.945458244421827576e-01 4.698616817745405072e+00 9.945347136603314153e-01 4.698616817745409513e+00
4.375000000000000416e-02 9.938001197888748361e-01 4.698616817745403296e+00 9.937769404593386202e-01 4.698616817745409513e+00
5.625000000000000139e-02 9.942092874639826272e-01 4.698616817745403296e+00 9.941733630398332799e-01 4.698616817745409513e+00
6.875000000000000555e-02 9.958105740368778935e-01 4.698616817745403296e+00 9.957635203343708774e-01 4.698616817745409513e+00
8.125000000000001665e-02 9.985266330764097642e-01 4.698616817745399743e+00 9.984715263961807530e-01 4.698616817745409513e+00
9.375000000000000000e-02 1.002199220367914201e+00 4.698616817745396190e+00 1.002139599312511509e+00 4.698616817745409513e+00
1.062500000000000111e-01 1.006626108153226618e+00 4.698616817745392638e+00 1.006565131063921870e+00 4.698616817745409513e+00
1.187499999999999944e-01 1.011594064950033012e+00 4.698616817745389085e+00 1.011534001152626150e+00 4.698616817745409513e+00
1.312500000000000056e-01 1.016903579199662122e+00 4.698616817745387308e+00 1.016845658388190410e+00 4.698616817745409513e+00
1.437500000000000167e-01 1.022383825532709345e+00 4.698616817745384644e+00 1.022328359273482423e+00 4.698616817745409513e+00
1.562500000000000000e-01 1.027898601995764327e+00 4.698616817745381979e+00 1.027845246764911957e+00 4.698616817745409513e+00
1.687500000000000111e-01 1.033345301284146256e+00 4.698616817745379315e+00 1.033293344862731056e+00 4.698616817745409513e+00
1.812500000000000222e-01 1.038649407951795389e+00 4.698616817745376650e+00 1.038598003787908119e+00 4.698616817745409513e+00
1.937500000000000056e-01 1.043756756770752414e+00 4.698616817745373986e+00 1.043705076975444346e+00 4.698616817745409513e+00
2.062500000000000167e-01 1.048625165234947865e+00 4.698616817745371321e+00 1.048572475886574873e+00 4.698616817745409513e+00
2.187500000000000000e-01 1.053216356255103570e+00 4.698616817745369545e+00 1.053162034748474030e+00 4.698616817745409513e+00
2.312500000000000111e-01 1.057488503972262794e+00 4.698616817745367769e+00 1.057432021215367390e+00 4.698616817745409513e+00
2.437500000000000222e-01 1.061389347719574161e+00 4.698616817745365992e+00 1.061330234330409406e+00 4.698616817745409513e+00
2.562499999999999778e-01 1.064849636798207877e+00 4.698616817745365992e+00 1.064787447287094846e+00 4.698616817745409513e+00
2.687500000000000444e-01 1.067776676754638832e+00 4.698616817745365992e+00 1.067710962129274632e+00 4.698616817745409513e+00
2.812500000000000000e-01 1.070047940347484516e+00 4.698616817745365992e+00 1.069978239152485910e+00 4.698616817745409513e+00
2.937500000000000666e-01 1.071505102239246998e+00 4.698616817745364216e+00 1.071430963400796132e+00 4.698616817745409513e+00
3.062500000000000222e-01 1.071949491631281948e+00 4.698616817745360663e+00 1.071870549837468545e+00 4.698616817745409513e+00
3.187499999999999778e-01 1.071140846839791827e+00 4.698616817745357110e+00 1.071056981567590105e+00 4.698616817745409513e+00
3.312500000000000444e-01 1.068802316515537143e+00 4.698616817745351781e+00 1.068713933999737797e+00 4.698616817745409513e+00
3.437500000000000000e-01 1.064635582684853921e+00 4.698616817745350005e+00 1.064544050731682345e+00 4.698616817745409513e+00
3.562500000000000666e-01 1.058350145574802781e+00 4.698616817745350005e+00 1.058258354126954792e+00 4.698616817745409513e+00
3.687500000000000222e-01 1.049709251487300765e+00 4.698616817745350005e+00 1.049622135804787915e+00 4.698616817745409513e+00
3.812499999999999778e-01 1.038590741671927997e+00 4.698616817745350005e+00 1.038515409782931664e+00 4.698616817745409513e+00
3.937500000000000444e-01 1.025054241805249511e+00 4.698616817745350005e+00 1.024999236571767725e+00 4.698616817745409513e+00
4.062500000000000000e-01 1.009398614761662483e+00 4.698616817745350005e+00 1.009372051120857483e+00 4.698616817745409513e+00
4.187500000000000666e-01 9.921897475474320549e-01 4.698616817745348229e+00 9.921966817864228405e-01 4.698616817745409513e+00
4.312500000000000222e-01 9.742430101445094248e-01 4.698616817745346452e+00 9.742830725152522575e-01 4.698616817745409513e+00
4.437499999999999778e-01 9.565577318106448512e-01 4.698616817745344676e+00 9.566241746061387996e-01 4.698616817745409513e+00
4.562500000000000444e-01 9.402171947318996859e-01 4.698616817745344676e+00 9.402978465918792050e-01 4.698616817745409513e+00
4.687500000000000000e-01 9.262781810859620490e-01 4.698616817745344676e+00 9.263578451888813126e-01 4.698616817745409513e+00
4.812500000000000666e-01 9.156737292642529447e-01 4.698616817745343788e+00 9.157370296840138257e-01 4.698616817745409513e+00
4.937500000000000222e-01 9.091433499921550698e-01 4.698616817745344676e+00 9.091771556727631376e-01 4.698616817745409513e+00
5.062500000000000888e-01 9.071931157443247074e-01 4.698616817745344676e+00 9.071881511412628329e-01 4.698616817745409513e+00
5.187500000000000444e-01 9.100797719255528939e-01 4.698616817745342900e+00 9.100314434139029629e-01 4.698616817745409513e+00
5.312500000000000000e-01 9.178106213844434702e-01 4.698616817745341123e+00 9.177192563432255978e-01 4.698616817745409513e+00
5.437499999999999556e-01 9.301532964353588229e-01 4.698616817745341123e+00 9.300239427090007949e-01 4.698616817745409513e+00
5.562500000000000222e-01 9.466539872540944422e-01 4.698616817745341123e+00 9.464957820386833420e-01 4.698616817745409513e+00
5.687500000000000888e-01 9.666665213702285708e-01 4.698616817745342011e+00 9.664915361695344265e-01 4.698616817745409513e+00
5.812500000000000444e-01 9.893958592016749432e-01 4.698616817745339347e+00 9.892173539567036267e-01 4.698616817745409513e+00
5.937500000000000000e-01 1.013957206964640534e+00 4.698616817745337570e+00 1.013787415814952242e+00 4.698616817745409513e+00
6.062500000000000666e-01 1.039446764814465407e+00 4.698616817745337570e+00 1.039294620252770196e+00 4.698616817745409513e+00
6.187500000000000222e-01 1.065014484619501989e+00 4.698616817745337570e+00 1.064883888277588397e+00 4.698616817745409513e+00
6.312500000000000888e-01 1.089926175059749980e+00 4.698616817745335794e+00 1.089815353653503571e+00 4.698616817745409513e+00
6.437500000000000444e-01 1.113603847542576020e+00 4.698616817745332241e+00 1.113505961413221446e+00 4.698616817745409513e+00
6.562500000000000000e-01 1.135638856999573232e+00 4.698616817745328689e+00 1.135543553031356012e+00 4.698616817745409513e+00
6.687500000000000666e-01 1.155779470767413386e+00 4.698616817745330465e+00 1.155674774600478072e+00 4.698616817745409513e+00
6.812500000000000222e-01 1.173899905684681944e+00 4.698616817745331353e+00 1.173773874775936088e+00 4.698616817745409513e+00
6.937500000000000888e-01 1.189959920707882368e+00 4.698616817745330465e+00 1.189801751139714536e+00 4.698616817745409513e+00
7.062500000000000444e-01 1.203962981115056508e+00 4.698616817745330465e+00 1.203763583883321608e+00 4.698616817745409513e+00
7.187500000000000000e-01 1.215918256279171494e+00 4.698616817745326912e+00 1.215670541272052319e+00 4.698616817745409513e+00
7.312500000000000666e-01 1.225808828092247005e+00 4.698616817745323360e+00 1.225508004399218809e+00 4.698616817745409513e+00
7.437500000000000222e-01 1.233566486516852301e+00 4.698616817745320695e+00 1.233210607676127779e+00 4.698616817745409513e+00
7.562500000000000888e-01 1.239052753167435794e+00 4.698616817745319807e+00 1.238643496734007865e+00 4.698616817745409513e+00
7.687500000000000444e-01 1.242046205192039121e+00 4.698616817745319807e+00 1.241589493319110504e+00 4.698616817745409513e+00
7.812500000000000000e-01 1.242237305028577543e+00 4.698616817745320695e+00 1.241743085322934759e+00 4.698616817745409513e+00
7.937500000000000666e-01 1.239233155119430219e+00 4.698616817745323360e+00 1.238714026862219653e+00 4.698616817745409513e+00
8.062500000000000222e-01 1.232575813941629850e+00 4.698616817745320695e+00 1.232045380410065505e+00 4.698616817745409513e+00
8.187500000000000888e-01 1.221779617345887692e+00 4.698616817745318031e+00 1.221252213233167572e+00 4.698616817745409513e+00
8.312500000000000444e-01 1.206394166244860955e+00 4.698616817745316254e+00 1.205886445568899568e+00 4.698616817745409513e+00
8.437500000000000000e-01 1.186096057443438045e+00 4.698616817745310925e+00 1.185628741660993635e+00 4.698616817745409513e+00
8.562500000000000666e-01 1.160801441478841234e+00 4.698616817745307372e+00 1.160398752797054289e+00 4.698616817745409513e+00
8.687500000000000222e-01 1.130776436231949678e+00 4.698616817745305596e+00 1.130462070333971170e+00 4.698616817745409513e+00
8.812500000000000888e-01 1.096710900633029562e+00 4.698616817745303820e+00 1.096501788064245142e+00 4.698616817745409513e+00
8.937500000000000444e-01 1.059722450271428862e+00 4.698616817745303820e+00 1.059623181266970748e+00 4.698616817745409513e+00
9.062500000000000000e-01 1.021275966692730020e+00 4.698616817745303820e+00 1.021276897660043481e+00 4.698616817745409513e+00
9.187500000000000666e-01 9.830348101392862858e-01 4.698616817745302043e+00 9.831143101380801497e-01 4.698616817745409513e+00
9.312500000000000222e-01 9.466834534715635741e-01 4.698616817745302043e+00 9.468136706782892542e-01 4.698616817745409513e+00
9.437500000000000888e-01 9.137717873593775852e-01 4.698616817745301155e+00 9.139232266221414269e-01 4.698616817745409513e+00
9.562500000000000444e-01 8.856067212058316152e-01 4.698616817745303820e+00 8.857548153179837236e-01 4.698616817745409513e+00
9.687500000000000000e-01 8.632176414543581977e-01 4.698616817745296714e+00 8.633383489038670700e-01 4.698616817745409513e+00
9.812500000000000666e-01 8.473412956645332006e-01 4.698616817745315366e+00 8.474270949184390389e-01 4.698616817745409513e+00
9.937500000000000222e-01 8.385144454226536315e-01 4.698616817745262964e+00 8.385331597369247714e-01 4.698616817745409513e+00
