6.250000000000000347e-03 9.986750353857967166e-01 4.698616817745408625e+00 9.986749771490343042e-01 4.698616817745409513e+00
1.875000000000000278e-02 9.962710547804304317e-01 4.698616817745407737e+00 9.962709595972639720e-01 4.698616817745409513e+00
3.125000000000000000e-02 9.945347933100590065e-01 4.698616817745405072e+00 9.945347136603314153e-01 4.698616817745409513e+00
4.375000000000000416e-02 9.937769580062363328e-01 4.698616817745403296e+00 9.937769404593386202e-01 4.698616817745409513e+00
5.625000000000000139e-02 9.941733118926086021e-01 4.698616817745401519e+00 9.941733630398332799e-01 4.698616817745409513e+00
6.875000000000000555e-02 9.957634355576325813e-01 4.698616817745399743e+00 9.957635203343708774e-01 4.698616817745409513e+00
8.125000000000001665e-02 9.984714560018311813e-01 4.698616817745397967e+00 9.984715263961807530e-01 4.698616817745409513e+00
9.375000000000000000e-02 1.002139572944782397e+00 4.698616817745397078e+00 1.002139599312511509e+00 4.698616817745409513e+00
1.062500000000000111e-01 1.006565149449901497e+00 4.698616817745395302e+00 1.006565131063921870e+00 4.698616817745409513e+00
1.187499999999999944e-01 1.011534046574694923e+00 4.698616817745394414e+00 1.011534001152626150e+00 4.698616817745409513e+00
1.312500000000000056e-01 1.016845711176618039e+00 4.698616817745392638e+00 1.016845658388190410e+00 4.698616817745409513e+00
1.437500000000000167e-01 1.022328407675429762e+00 4.698616817745390861e+00 1.022328359273482423e+00 4.698616817745409513e+00
1.562500000000000000e-01 1.027845287854392886e+00 4.698616817745389085e+00 1.027845246764911957e+00 4.698616817745409513e+00
1.687500000000000111e-01 1.033293380794253036e+00 4.698616817745387308e+00 1.033293344862731056e+00 4.698616817745409513e+00
1.812500000000000222e-01 1.038598037945682950e+00 4.698616817745384644e+00 1.038598003787908119e+00 4.698616817745409513e+00
1.937500000000000056e-01 1.043705111932927476e+00 4.698616817745383756e+00 1.043705076975444346e+00 4.698616817745409513e+00
2.062500000000000167e-01 1.048572512984228045e+00 4.698616817745381979e+00 1.048572475886574873e+00 4.698616817745409513e+00
2.187500000000000000e-01 1.053162074442732354e+00 4.698616817745380203e+00 1.053162034748474030e+00 4.698616817745409513e+00
2.312500000000000111e-01 1.057432063564260671e+00 4.698616817745379315e+00 1.057432021215367390e+00 4.698616817745409513e+00
2.437500000000000222e-01 1.061330279361222928e+00 4.698616817745378427e+00 1.061330234330409406e+00 4.698616817745409513e+00
2.562499999999999778e-01 1.064787495231425130e+00 4.698616817745376650e+00 1.064787447287094846e+00 4.698616817745409513e+00
2.687500000000000444e-01 1.067711013594073943e+00 4.698616817745374874e+00 1.067710962129274632e+00 4.698616817745409513e+00
2.812500000000000000e-01 1.069978295291055481e+00 4.698616817745373986e+00 1.069978239152485910e+00 4.698616817745409513e+00
2.937500000000000666e-01 1.071431026102104944e+00 4.698616817745373986e+00 1.071430963400796132e+00 4.698616817745409513e+00
3.062500000000000222e-01 1.071870621869345452e+00 4.698616817745374874e+00 1.071870549837468545e+00 4.698616817745409513e+00
3.187499999999999778e-01 1.071057066460201046e+00 4.698616817745373986e+00 1.071056981567590105e+00 4.698616817745409513e+00
3.312500000000000444e-01 1.068714035208363056e+00 4.698616817745373098e+00 1.068713933999737797e+00 4.698616817745409513e+00
3.437500000000000000e-01 1.064544169308563548e+00 4.698616817745373098e+00 1.064544050731682345e+00 4.698616817745409513e+00
3.562500000000000666e-01 1.058258484034899638e+00 4.698616817745371321e+00 1.058258354126954792e+00 4.698616817745409513e+00
3.687500000000000222e-01 1.049622256879344517e+00 4.698616817745370433e+00 1.049622135804787915e+00 4.698616817745409513e+00
3.812499999999999778e-01 1.038515481398219364e+00 4.698616817745369545e+00 1.038515409782931664e+00 4.698616817745409513e+00
3.937500000000000444e-01 1.024999200574399971e+00 4.698616817745369545e+00 1.024999236571767725e+00 4.698616817745409513e+00
4.062500000000000000e-01 1.009371856528665568e+00 4.698616817745369545e+00 1.009372051120857483e+00 4.698616817745409513e+00
4.187500000000000666e-01 9.921963355475794666e-01 4.698616817745369545e+00 9.921966817864228405e-01 4.698616817745409513e+00
4.312500000000000222e-01 9.742826915735778304e-01 4.698616817745369545e+00 9.742830725152522575e-01 4.698616817745409513e+00
4.437499999999999778e-01 9.566239795009910951e-01 4.698616817745369545e+00 9.566241746061387996e-01 4.698616817745409513e+00
4.562500000000000444e-01 9.402980430216549834e-01 4.698616817745369545e+00 9.402978465918792050e-01 4.698616817745409513e+00
4.687500000000000000e-01 9.263584235386874699e-01 4.698616817745368657e+00 9.263578451888813126e-01 4.698616817745409513e+00
4.812500000000000666e-01 9.157376275095102658e-01 4.698616817745368657e+00 9.157370296840138257e-01 4.698616817745409513e+00
4.937500000000000222e-01 9.091771510153154878e-01 4.698616817745368657e+00 9.091771556727631376e-01 4.698616817745409513e+00
5.062500000000000888e-01 9.071870080589838903e-01 4.698616817745369545e+00 9.071881511412628329e-01 4.698616817745409513e+00
5.187500000000000444e-01 9.100291036833529912e-01 4.698616817745367769e+00 9.100314434139029629e-01 4.698616817745409513e+00
5.312500000000000000e-01 9.177162715402189530e-01 4.698616817745365992e+00 9.177192563432255978e-01 4.698616817745409513e+00
5.437499999999999556e-01 9.300211992277673811e-01 4.698616817745363328e+00 9.300239427090007949e-01 4.698616817745409513e+00
5.562500000000000222e-01 9.464939845572071242e-01 4.698616817745363328e+00 9.464957820386833420e-01 4.698616817745409513e+00
5.687500000000000888e-01 9.664908135555465574e-01 4.698616817745362439e+00 9.664915361695344265e-01 4.698616817745409513e+00
5.812500000000000444e-01 9.892172537081638239e-01 4.698616817745362439e+00 9.892173539567036267e-01 4.698616817745409513e+00
5.937500000000000000e-01 1.013787247491638066e+00 4.698616817745358887e+00 1.013787415814952242e+00 4.698616817745409513e+00
6.062500000000000666e-01 1.039293866473991468e+00 4.698616817745355334e+00 1.039294620252770196e+00 4.698616817745409513e+00
6.187500000000000222e-01 1.064882411135442020e+00 4.698616817745351781e+00 1.064883888277588397e+00 4.698616817745409513e+00
6.312500000000000888e-01 1.089813328670516501e+00 4.698616817745351781e+00 1.089815353653503571e+00 4.698616817745409513e+00
6.437500000000000444e-01 1.113503666255226232e+00 4.698616817745351781e+00 1.113505961413221446e+00 4.698616817745409513e+00
6.562500000000000000e-01 1.135541183061523851e+00 4.698616817745353558e+00 1.135543553031356012e+00 4.698616817745409513e+00
6.687500000000000666e-01 1.155672373061366276e+00 4.698616817745352670e+00 1.155674774600478072e+00 4.698616817745409513e+00
6.812500000000000222e-01 1.173771361865393770e+00 4.698616817745350005e+00 1.173773874775936088e+00 4.698616817745409513e+00
6.937500000000000888e-01 1.189798990900205133e+00 4.698616817745346452e+00 1.189801751139714536e+00 4.698616817745409513e+00
7.062500000000000444e-01 1.203760441195721231e+00 4.698616817745342011e+00 1.203763583883321608e+00 4.698616817745409513e+00
7.187500000000000000e-01 1.215666914327465431e+00 4.698616817745341123e+00 1.215670541272052319e+00 4.698616817745409513e+00
7.312500000000000666e-01 1.225503840637667263e+00 4.698616817745341123e+00 1.225508004399218809e+00 4.698616817745409513e+00
7.437500000000000222e-01 1.233205916547188474e+00 4.698616817745342011e+00 1.233210607676127779e+00 4.698616817745409513e+00
7.562500000000000888e-01 1.238638366245053302e+00 4.698616817745343788e+00 1.238643496734007865e+00 4.698616817745409513e+00
7.687500000000000444e-01 1.241584105156107842e+00 4.698616817745339347e+00 1.241589493319110504e+00 4.698616817745409513e+00
7.812500000000000000e-01 1.241737711502407526e+00 4.698616817745334018e+00 1.241743085322934759e+00 4.698616817745409513e+00
7.937500000000000666e-01 1.238708991093382172e+00 4.698616817745336682e+00 1.238714026862219653e+00 4.698616817745409513e+00
8.062500000000000222e-01 1.232040989054289826e+00 4.698616817745344676e+00 1.232045380410065505e+00 4.698616817745409513e+00
8.187500000000000888e-01 1.221248686335506761e+00 4.698616817745350005e+00 1.221252213233167572e+00 4.698616817745409513e+00
8.312500000000000444e-01 1.205883874736110029e+00 4.698616817745344676e+00 1.205886445568899568e+00 4.698616817745409513e+00
8.437500000000000000e-01 1.185627070131299865e+00 4.698616817745330465e+00 1.185628741660993635e+00 4.698616817745409513e+00
8.562500000000000666e-01 1.160397762589569837e+00 4.698616817745316254e+00 1.160398752797054289e+00 4.698616817745409513e+00
8.687500000000000222e-01 1.130461379616956252e+00 4.698616817745305596e+00 1.130462070333971170e+00 4.698616817745409513e+00
8.812500000000000888e-01 1.096500910535333828e+00 4.698616817745296714e+00 1.096501788064245142e+00 4.698616817745409513e+00
8.937500000000000444e-01 1.059621674700017557e+00 4.698616817745296714e+00 1.059623181266970748e+00 4.698616817745409513e+00
9.062500000000000000e-01 1.021274627593504292e+00 4.698616817745298491e+00 1.021276897660043481e+00 4.698616817745409513e+00
9.187500000000000666e-01 9.831116087177713680e-01 4.698616817745304708e+00 9.831143101380801497e-01 4.698616817745409513e+00
9.312500000000000222e-01 9.468114057980880904e-01 4.698616817745314478e+00 9.468136706782892542e-01 4.698616817745409513e+00
9.437500000000000888e-01 9.139221883974647520e-01 4.698616817745326912e+00 9.139232266221414269e-01 4.698616817745409513e+00
9.562500000000000444e-01 8.857556406871405219e-01 4.698616817745338459e+00 8.857548153179837236e-01 4.698616817745409513e+00
9.687500000000000000e-01 8.633396992878533682e-01 4.698616817745351781e+00 8.633383489038670700e-01 4.698616817745409513e+00
9.812500000000000666e-01 8.474288929901914180e-01 4.698616817745362439e+00 8.474270949184390389e-01 4.698616817745409513e+00
9.937500000000000222e-01 8.385291482111910666e-01 4.698616817745376650e+00 8.385331597369247714e-01 4.698616817745409513e+00
