6.250000000000000347e-03 9.986748883019922474e-01 4.698616817745410401e+00 9.986749771490343042e-01 4.698616817745409513e+00
1.875000000000000278e-02 9.962708985956938434e-01 4.698616817745410401e+00 9.962709595972639720e-01 4.698616817745409513e+00
3.125000000000000000e-02 9.945347886603543852e-01 4.698616817745410401e+00 9.945347136603314153e-01 4.698616817745409513e+00
4.375000000000000416e-02 9.937771886746507022e-01 4.698616817745410401e+00 9.937769404593386202e-01 4.698616817745409513e+00
5.625000000000000139e-02 9.941737362475684403e-01 4.698616817745408625e+00 9.941733630398332799e-01 4.698616817745409513e+00
6.875000000000000555e-02 9.957639217369400608e-01 4.698616817745408625e+00 9.957635203343708774e-01 4.698616817745409513e+00
8.125000000000001665e-02 9.984718659574605137e-01 4.698616817745408625e+00 9.984715263961807530e-01 4.698616817745409513e+00
9.375000000000000000e-02 1.002139830462486447e+00 4.698616817745408625e+00 1.002139599312511509e+00 4.698616817745409513e+00
1.062500000000000111e-01 1.006565254581934354e+00 4.698616817745406848e+00 1.006565131063921870e+00 4.698616817745409513e+00
1.187499999999999944e-01 1.011534046534545261e+00 4.698616817745405072e+00 1.011534001152626150e+00 4.698616817745409513e+00
1.312500000000000056e-01 1.016845661320750605e+00 4.698616817745405072e+00 1.016845658388190410e+00 4.698616817745409513e+00
1.437500000000000167e-01 1.022328347377679414e+00 4.698616817745403296e+00 1.022328359273482423e+00 4.698616817745409513e+00
1.562500000000000000e-01 1.027845235606187568e+00 4.698616817745401519e+00 1.027845246764911957e+00 4.698616817745409513e+00
1.687500000000000111e-01 1.033293340336449040e+00 4.698616817745399743e+00 1.033293344862731056e+00 4.698616817745409513e+00
1.812500000000000222e-01 1.038598006355550663e+00 4.698616817745397967e+00 1.038598003787908119e+00 4.698616817745409513e+00
1.937500000000000056e-01 1.043705085132684118e+00 4.698616817745394414e+00 1.043705076975444346e+00 4.698616817745409513e+00
2.062500000000000167e-01 1.048572488177331952e+00 4.698616817745390861e+00 1.048572475886574873e+00 4.698616817745409513e+00
2.187500000000000000e-01 1.053162050656784920e+00 4.698616817745387308e+00 1.053162034748474030e+00 4.698616817745409513e+00
2.312500000000000111e-01 1.057432041510365295e+00 4.698616817745384644e+00 1.057432021215367390e+00 4.698616817745409513e+00
2.437500000000000222e-01 1.061330261334278546e+00 4.698616817745381979e+00 1.061330234330409406e+00 4.698616817745409513e+00
2.562499999999999778e-01 1.064787485380775500e+00 4.698616817745379315e+00 1.064787447287094846e+00 4.698616817745409513e+00
2.687500000000000444e-01 1.067711018720578497e+00 4.698616817745378427e+00 1.067710962129274632e+00 4.698616817745409513e+00
2.812500000000000000e-01 1.069978326302847282e+00 4.698616817745376650e+00 1.069978239152485910e+00 4.698616817745409513e+00
2.937500000000000666e-01 1.071431100274951032e+00 4.698616817745373986e+00 1.071430963400796132e+00 4.698616817745409513e+00
3.062500000000000222e-01 1.071870765987424257e+00 4.698616817745373098e+00 1.071870549837468545e+00 4.698616817745409513e+00
3.187499999999999778e-01 1.071057320605299790e+00 4.698616817745371321e+00 1.071056981567590105e+00 4.698616817745409513e+00
3.312500000000000444e-01 1.068714456220954734e+00 4.698616817745369545e+00 1.068713933999737797e+00 4.698616817745409513e+00
3.437500000000000000e-01 1.064544831593611018e+00 4.698616817745369545e+00 1.064544050731682345e+00 4.698616817745409513e+00
3.562500000000000666e-01 1.058259473518667004e+00 4.698616817745369545e+00 1.058258354126954792e+00 4.698616817745409513e+00
3.687500000000000222e-01 1.049623652316699740e+00 4.698616817745369545e+00 1.049622135804787915e+00 4.698616817745409513e+00
3.812499999999999778e-01 1.038517317911908266e+00 4.698616817745369545e+00 1.038515409782931664e+00 4.698616817745409513e+00
3.937500000000000444e-01 1.025001416989085978e+00 4.698616817745371321e+00 1.024999236571767725e+00 4.698616817745409513e+00
4.062500000000000000e-01 1.009374245150328697e+00 4.698616817745371321e+00 1.009372051120857483e+00 4.698616817745409513e+00
4.187500000000000666e-01 9.921985399546799922e-01 4.698616817745371321e+00 9.921966817864228405e-01 4.698616817745409513e+00
4.312500000000000222e-01 9.742843170740010939e-01 4.698616817745371321e+00 9.742830725152522575e-01 4.698616817745409513e+00
4.437499999999999778e-01 9.566248517491824366e-01 4.698616817745371321e+00 9.566241746061387996e-01 4.698616817745409513e+00
4.562500000000000444e-01 9.402985403131514097e-01 4.698616817745369545e+00 9.402978465918792050e-01 4.698616817745409513e+00
4.687500000000000000e-01 9.263596609091517831e-01 4.698616817745368657e+00 9.263578451888813126e-01 4.698616817745409513e+00
4.812500000000000666e-01 9.157412294754569970e-01 4.698616817745369545e+00 9.157370296840138257e-01 4.698616817745409513e+00
4.937500000000000222e-01 9.091845458769121091e-01 4.698616817745367769e+00 9.091771556727631376e-01 4.698616817745409513e+00
5.062500000000000888e-01 9.071985482851772087e-01 4.698616817745367769e+00 9.071881511412628329e-01 4.698616817745409513e+00
5.187500000000000444e-01 9.100435787258311926e-01 4.698616817745365992e+00 9.100314434139029629e-01 4.698616817745409513e+00
5.312500000000000000e-01 9.177312470700622615e-01 4.698616817745365992e+00 9.177192563432255978e-01 4.698616817745409513e+00
5.437499999999999556e-01 9.300341012819293152e-01 4.698616817745365992e+00 9.300239427090007949e-01 4.698616817745409513e+00
5.562500000000000222e-01 9.465033135641449658e-01 4.698616817745365992e+00 9.464957820386833420e-01 4.698616817745409513e+00
5.687500000000000888e-01 9.664967563600057598e-01 4.698616817745365992e+00 9.664915361695344265e-01 4.698616817745409513e+00
5.812500000000000444e-01 9.892213739867770084e-01 4.698616817745363328e+00 9.892173539567036267e-01 4.698616817745409513e+00
5.937500000000000000e-01 1.013791549129540392e+00 4.698616817745360663e+00 1.013787415814952242e+00 4.698616817745409513e+00
6.062500000000000666e-01 1.039299864693834952e+00 4.698616817745357999e+00 1.039294620252770196e+00 4.698616817745409513e+00
6.187500000000000222e-01 1.064890705183500597e+00 4.698616817745358887e+00 1.064883888277588397e+00 4.698616817745409513e+00
6.312500000000000888e-01 1.089823745748304873e+00 4.698616817745360663e+00 1.089815353653503571e+00 4.698616817745409513e+00
6.437500000000000444e-01 1.113515703813446667e+00 4.698616817745358887e+00 1.113505961413221446e+00 4.698616817745409513e+00
6.562500000000000000e-01 1.135554417280993267e+00 4.698616817745355334e+00 1.135543553031356012e+00 4.698616817745409513e+00
6.687500000000000666e-01 1.155686658677107292e+00 4.698616817745351781e+00 1.155674774600478072e+00 4.698616817745409513e+00
6.812500000000000222e-01 1.173786833090110449e+00 4.698616817745347340e+00 1.173773874775936088e+00 4.698616817745409513e+00
6.937500000000000888e-01 1.189815960513372239e+00 4.698616817745348229e+00 1.189801751139714536e+00 4.698616817745409513e+00
7.062500000000000444e-01 1.203779282876525691e+00 4.698616817745350005e+00 1.203763583883321608e+00 4.698616817745409513e+00
7.187500000000000000e-01 1.215687962076599238e+00 4.698616817745350005e+00 1.215670541272052319e+00 4.698616817745409513e+00
7.312500000000000666e-01 1.225527298549789368e+00 4.698616817745350005e+00 1.225508004399218809e+00 4.698616817745409513e+00
7.437500000000000222e-01 1.233231760105858221e+00 4.698616817745348229e+00 1.233210607676127779e+00 4.698616817745409513e+00
7.562500000000000888e-01 1.238666233513342263e+00 4.698616817745344676e+00 1.238643496734007865e+00 4.698616817745409513e+00
7.687500000000000444e-01 1.241613219022771997e+00 4.698616817745341123e+00 1.241589493319110504e+00 4.698616817745409513e+00
7.812500000000000000e-01 1.241766919685680870e+00 4.698616817745339347e+00 1.241743085322934759e+00 4.698616817745409513e+00
7.937500000000000666e-01 1.238736996735442020e+00 4.698616817745339347e+00 1.238714026862219653e+00 4.698616817745409513e+00
8.062500000000000222e-01 1.232066721603399140e+00 4.698616817745339347e+00 1.232045380410065505e+00 4.698616817745409513e+00
8.187500000000000888e-01 1.221271624804786793e+00 4.698616817745339347e+00 1.221252213233167572e+00 4.698616817745409513e+00
8.312500000000000444e-01 1.205904151472491304e+00 4.698616817745339347e+00 1.205886445568899568e+00 4.698616817745409513e+00
8.437500000000000000e-01 1.185645352751540482e+00 4.698616817745342011e+00 1.185628741660993635e+00 4.698616817745409513e+00
8.562500000000000666e-01 1.160414993913024162e+00 4.698616817745339347e+00 1.160398752797054289e+00 4.698616817745409513e+00
8.687500000000000222e-01 1.130478473958791863e+00 4.698616817745335794e+00 1.130462070333971170e+00 4.698616817745409513e+00
8.812500000000000888e-01 1.096518362577521000e+00 4.698616817745332241e+00 1.096501788064245142e+00 4.698616817745409513e+00
8.937500000000000444e-01 1.059639293798595450e+00 4.698616817745330465e+00 1.059623181266970748e+00 4.698616817745409513e+00
9.062500000000000000e-01 1.021291253749388339e+00 4.698616817745328689e+00 1.021276897660043481e+00 4.698616817745409513e+00
9.187500000000000666e-01 9.831257756305751272e-01 4.698616817745326912e+00 9.831143101380801497e-01 4.698616817745409513e+00
9.312500000000000222e-01 9.468214554358931334e-01 4.698616817745326024e+00 9.468136706782892542e-01 4.698616817745409513e+00
9.437500000000000888e-01 9.139292555850839772e-01 4.698616817745323360e+00 9.139232266221414269e-01 4.698616817745409513e+00
9.562500000000000444e-01 8.857603327743344135e-01 4.698616817745323360e+00 8.857548153179837236e-01 4.698616817745409513e+00
9.687500000000000000e-01 8.633519801599147669e-01 4.698616817745314478e+00 8.633383489038670700e-01 4.698616817745409513e+00
9.812500000000000666e-01 8.474416489899591065e-01 4.698616817745331353e+00 8.474270949184390389e-01 4.698616817745409513e+00
9.937500000000000222e-01 8.385784214927913816e-01 4.698616817745285168e+00 8.385331597369247714e-01 4.698616817745409513e+00
