6.250000000000000347e-03 9.986740562517285591e-01 4.698616817745408625e+00 9.986749771490343042e-01 4.698616817745409513e+00
1.875000000000000278e-02 9.962715574262401841e-01 4.698616817745406848e+00 9.962709595972639720e-01 4.698616817745409513e+00
3.125000000000000000e-02 9.945393265148838591e-01 4.698616817745405072e+00 9.945347136603314153e-01 4.698616817745409513e+00
4.375000000000000416e-02 9.937890212323383654e-01 4.698616817745405072e+00 9.937769404593386202e-01 4.698616817745409513e+00
5.625000000000000139e-02 9.941832805773733739e-01 4.698616817745402408e+00 9.941733630398332799e-01 4.698616817745409513e+00
6.875000000000000555e-02 9.957730611185270364e-01 4.698616817745405072e+00 9.957635203343708774e-01 4.698616817745409513e+00
8.125000000000001665e-02 9.984821027423496087e-01 4.698616817745405072e+00 9.984715263961807530e-01 4.698616817745409513e+00
9.375000000000000000e-02 1.002150808446008678e+00 4.698616817745403296e+00 1.002139599312511509e+00 4.698616817745409513e+00
1.062500000000000111e-01 1.006576351273409387e+00 4.698616817745402408e+00 1.006565131063921870e+00 4.698616817745409513e+00
1.187499999999999944e-01 1.011544927403517313e+00 4.698616817745401519e+00 1.011534001152626150e+00 4.698616817745409513e+00
1.312500000000000056e-01 1.016856285627860679e+00 4.698616817745396190e+00 1.016845658388190410e+00 4.698616817745409513e+00
1.437500000000000167e-01 1.022338843820084886e+00 4.698616817745395302e+00 1.022328359273482423e+00 4.698616817745409513e+00
1.562500000000000000e-01 1.027855772480738228e+00 4.698616817745392638e+00 1.027845246764911957e+00 4.698616817745409513e+00
1.687500000000000111e-01 1.033304070700141519e+00 4.698616817745389973e+00 1.033293344862731056e+00 4.698616817745409513e+00
1.812500000000000222e-01 1.038609014556891363e+00 4.698616817745389085e+00 1.038598003787908119e+00 4.698616817745409513e+00
1.937500000000000056e-01 1.043716440153373171e+00 4.698616817745387308e+00 1.043705076975444346e+00 4.698616817745409513e+00
2.062500000000000167e-01 1.048584169070814642e+00 4.698616817745383756e+00 1.048572475886574873e+00 4.698616817745409513e+00
2.187500000000000000e-01 1.053174116969066931e+00 4.698616817745381979e+00 1.053162034748474030e+00 4.698616817745409513e+00
2.312500000000000111e-01 1.057444371753007317e+00 4.698616817745381979e+00 1.057432021215367390e+00 4.698616817745409513e+00
2.437500000000000222e-01 1.061343048156223601e+00 4.698616817745383756e+00 1.061330234330409406e+00 4.698616817745409513e+00
2.562499999999999778e-01 1.064800398578227725e+00 4.698616817745381979e+00 1.064787447287094846e+00 4.698616817745409513e+00
2.687500000000000444e-01 1.067724773574867392e+00 4.698616817745378427e+00 1.067710962129274632e+00 4.698616817745409513e+00
2.812500000000000000e-01 1.069992012481248977e+00 4.698616817745376650e+00 1.069978239152485910e+00 4.698616817745409513e+00
2.937500000000000666e-01 1.071447440132822670e+00 4.698616817745374874e+00 1.071430963400796132e+00 4.698616817745409513e+00
3.062500000000000222e-01 1.071883287519452832e+00 4.698616817745373986e+00 1.071870549837468545e+00 4.698616817745409513e+00
3.187499999999999778e-01 1.071067476258830586e+00 4.698616817745376650e+00 1.071056981567590105e+00 4.698616817745409513e+00
3.312500000000000444e-01 1.068724230296551170e+00 4.698616817745373986e+00 1.068713933999737797e+00 4.698616817745409513e+00
3.437500000000000000e-01 1.064554487204291355e+00 4.698616817745370433e+00 1.064544050731682345e+00 4.698616817745409513e+00
3.562500000000000666e-01 1.058269053981958807e+00 4.698616817745369545e+00 1.058258354126954792e+00 4.698616817745409513e+00
3.687500000000000222e-01 1.049633358365324565e+00 4.698616817745371321e+00 1.049622135804787915e+00 4.698616817745409513e+00
3.812499999999999778e-01 1.038527255351549883e+00 4.698616817745368657e+00 1.038515409782931664e+00 4.698616817745409513e+00
3.937500000000000444e-01 1.025011348933912991e+00 4.698616817745365992e+00 1.024999236571767725e+00 4.698616817745409513e+00
4.062500000000000000e-01 1.009383136713368767e+00 4.698616817745365104e+00 1.009372051120857483e+00 4.698616817745409513e+00
4.187500000000000666e-01 9.922048672976657713e-01 4.698616817745365992e+00 9.921966817864228405e-01 4.698616817745409513e+00
4.312500000000000222e-01 9.742861726964739955e-01 4.698616817745362439e+00 9.742830725152522575e-01 4.698616817745409513e+00
4.437499999999999778e-01 9.566215342794543997e-01 4.698616817745360663e+00 9.566241746061387996e-01 4.698616817745409513e+00
4.562500000000000444e-01 9.402899777647195645e-01 4.698616817745358887e+00 9.402978465918792050e-01 4.698616817745409513e+00
4.687500000000000000e-01 9.263487247780430867e-01 4.698616817745358887e+00 9.263578451888813126e-01 4.698616817745409513e+00
4.812500000000000666e-01 9.157298302436298609e-01 4.698616817745358887e+00 9.157370296840138257e-01 4.698616817745409513e+00
4.937500000000000222e-01 9.091805868999871532e-01 4.698616817745357110e+00 9.091771556727631376e-01 4.698616817745409513e+00
5.062500000000000888e-01 9.071988196078832889e-01 4.698616817745355334e+00 9.071881511412628329e-01 4.698616817745409513e+00
5.187500000000000444e-01 9.100368113093973976e-01 4.698616817745355334e+00 9.100314434139029629e-01 4.698616817745409513e+00
5.312500000000000000e-01 9.177292074831937541e-01 4.698616817745355334e+00 9.177192563432255978e-01 4.698616817745409513e+00
5.437499999999999556e-01 9.300410628031554605e-01 4.698616817745355334e+00 9.300239427090007949e-01 4.698616817745409513e+00
5.562500000000000222e-01 9.465178454004496977e-01 4.698616817745352670e+00 9.464957820386833420e-01 4.698616817745409513e+00
5.687500000000000888e-01 9.665151993350780124e-01 4.698616817745352670e+00 9.664915361695344265e-01 4.698616817745409513e+00
5.812500000000000444e-01 9.892397647373287750e-01 4.698616817745348229e+00 9.892173539567036267e-01 4.698616817745409513e+00
5.937500000000000000e-01 1.013807055056468620e+00 4.698616817745350005e+00 1.013787415814952242e+00 4.698616817745409513e+00
6.062500000000000666e-01 1.039311636575587894e+00 4.698616817745348229e+00 1.039294620252770196e+00 4.698616817745409513e+00
6.187500000000000222e-01 1.064899878238539710e+00 4.698616817745346452e+00 1.064883888277588397e+00 4.698616817745409513e+00
6.312500000000000888e-01 1.089832673175155975e+00 4.698616817745344676e+00 1.089815353653503571e+00 4.698616817745409513e+00
6.437500000000000444e-01 1.113526961844252927e+00 4.698616817745342011e+00 1.113505961413221446e+00 4.698616817745409513e+00
6.562500000000000000e-01 1.135569997075196236e+00 4.698616817745344676e+00 1.135543553031356012e+00 4.698616817745409513e+00
6.687500000000000666e-01 1.155707774000032106e+00 4.698616817745342011e+00 1.155674774600478072e+00 4.698616817745409513e+00
6.812500000000000222e-01 1.173813893648131046e+00 4.698616817745339347e+00 1.173773874775936088e+00 4.698616817745409513e+00
6.937500000000000888e-01 1.189849137754967145e+00 4.698616817745337570e+00 1.189801751139714536e+00 4.698616817745409513e+00
7.062500000000000444e-01 1.203818224766825651e+00 4.698616817745341123e+00 1.203763583883321608e+00 4.698616817745409513e+00
7.187500000000000000e-01 1.215732778178322260e+00 4.698616817745338459e+00 1.215670541272052319e+00 4.698616817745409513e+00
7.312500000000000666e-01 1.225576776151484637e+00 4.698616817745335794e+00 1.225508004399218809e+00 4.698616817745409513e+00
7.437500000000000222e-01 1.233285980311103369e+00 4.698616817745331353e+00 1.233210607676127779e+00 4.698616817745409513e+00
7.562500000000000888e-01 1.238721589635275233e+00 4.698616817745330465e+00 1.238643496734007865e+00 4.698616817745409513e+00
7.687500000000000444e-01 1.241673136312816395e+00 4.698616817745331353e+00 1.241589493319110504e+00 4.698616817745409513e+00
7.812500000000000000e-01 1.241835525282477093e+00 4.698616817745334018e+00 1.241743085322934759e+00 4.698616817745409513e+00
7.937500000000000666e-01 1.238796012099217858e+00 4.698616817745330465e+00 1.238714026862219653e+00 4.698616817745409513e+00
8.062500000000000222e-01 1.232108098315148226e+00 4.698616817745325136e+00 1.232045380410065505e+00 4.698616817745409513e+00
8.187500000000000888e-01 1.221295272069871540e+00 4.698616817745325136e+00 1.221252213233167572e+00 4.698616817745409513e+00
8.312500000000000444e-01 1.205913787281689631e+00 4.698616817745325136e+00 1.205886445568899568e+00 4.698616817745409513e+00
8.437500000000000000e-01 1.185647048377028057e+00 4.698616817745326024e+00 1.185628741660993635e+00 4.698616817745409513e+00
8.562500000000000666e-01 1.160415130925727123e+00 4.698616817745326912e+00 1.160398752797054289e+00 4.698616817745409513e+00
8.687500000000000222e-01 1.130481442522418778e+00 4.698616817745326912e+00 1.130462070333971170e+00 4.698616817745409513e+00
8.812500000000000888e-01 1.096524130071236058e+00 4.698616817745328689e+00 1.096501788064245142e+00 4.698616817745409513e+00
8.937500000000000444e-01 1.059644635844450455e+00 4.698616817745328689e+00 1.059623181266970748e+00 4.698616817745409513e+00
9.062500000000000000e-01 1.021291278663073232e+00 4.698616817745330465e+00 1.021276897660043481e+00 4.698616817745409513e+00
9.187500000000000666e-01 9.831184679072927368e-01 4.698616817745326912e+00 9.831143101380801497e-01 4.698616817745409513e+00
9.312500000000000222e-01 9.468063013463753341e-01 4.698616817745331353e+00 9.468136706782892542e-01 4.698616817745409513e+00
9.437500000000000888e-01 9.139091515868098536e-01 4.698616817745320695e+00 9.139232266221414269e-01 4.698616817745409513e+00
9.562500000000000444e-01 8.857362126283883086e-01 4.698616817745331353e+00 8.857548153179837236e-01 4.698616817745409513e+00
9.687500000000000000e-01 8.633256027083615614e-01 4.698616817745309149e+00 8.633383489038670700e-01 4.698616817745409513e+00
9.812500000000000666e-01 8.474170420239989232e-01 4.698616817745344676e+00 8.474270949184390389e-01 4.698616817745409513e+00
9.937500000000000222e-01 8.385465711717485782e-01 4.698616817745280727e+00 8.385331597369247714e-01 4.698616817745409513e+00
