6.250000000000000347e-03 9.986749638780536564e-01 4.698616817745408625e+00 9.986749771490343042e-01 4.698616817745409513e+00
1.875000000000000278e-02 9.962709181159687954e-01 4.698616817745408625e+00 9.962709595972639720e-01 4.698616817745409513e+00
3.125000000000000000e-02 9.945346515067645665e-01 4.698616817745408625e+00 9.945347136603314153e-01 4.698616817745409513e+00
4.375000000000000416e-02 9.937768858497881830e-01 4.698616817745408625e+00 9.937769404593386202e-01 4.698616817745409513e+00
5.625000000000000139e-02 9.941733410832938045e-01 4.698616817745408625e+00 9.941733630398332799e-01 4.698616817745409513e+00
6.875000000000000555e-02 9.957635302544923794e-01 4.698616817745407737e+00 9.957635203343708774e-01 4.698616817745409513e+00
8.125000000000001665e-02 9.984715438164751822e-01 4.698616817745405960e+00 9.984715263961807530e-01 4.698616817745409513e+00
9.375000000000000000e-02 1.002139599103271550e+00 4.698616817745403296e+00 1.002139599312511509e+00 4.698616817745409513e+00
1.062500000000000111e-01 1.006565105714877451e+00 4.698616817745400631e+00 1.006565131063921870e+00 4.698616817745409513e+00
1.187499999999999944e-01 1.011533959958413664e+00 4.698616817745397967e+00 1.011534001152626150e+00 4.698616817745409513e+00
1.312500000000000056e-01 1.016845614788705721e+00 4.698616817745394414e+00 1.016845658388190410e+00 4.698616817745409513e+00
1.437500000000000167e-01 1.022328320887398112e+00 4.698616817745392638e+00 1.022328359273482423e+00 4.698616817745409513e+00
1.562500000000000000e-01 1.027845214005918884e+00 4.698616817745390861e+00 1.027845246764911957e+00 4.698616817745409513e+00
1.687500000000000111e-01 1.033293314654295969e+00 4.698616817745389085e+00 1.033293344862731056e+00 4.698616817745409513e+00
1.812500000000000222e-01 1.038597973174054001e+00 4.698616817745387308e+00 1.038598003787908119e+00 4.698616817745409513e+00
1.937500000000000056e-01 1.043705044510790270e+00 4.698616817745384644e+00 1.043705076975444346e+00 4.698616817745409513e+00
2.062500000000000167e-01 1.048572441387320975e+00 4.698616817745381979e+00 1.048572475886574873e+00 4.698616817745409513e+00
2.187500000000000000e-01 1.053161998595165461e+00 4.698616817745380203e+00 1.053162034748474030e+00 4.698616817745409513e+00
2.312500000000000111e-01 1.057431983865699809e+00 4.698616817745378427e+00 1.057432021215367390e+00 4.698616817745409513e+00
2.437500000000000222e-01 1.061330196141966109e+00 4.698616817745376650e+00 1.061330234330409406e+00 4.698616817745409513e+00
2.562499999999999778e-01 1.064787408524984880e+00 4.698616817745373986e+00 1.064787447287094846e+00 4.698616817745409513e+00
2.687500000000000444e-01 1.067710923034130843e+00 4.698616817745373098e+00 1.067710962129274632e+00 4.698616817745409513e+00
2.812500000000000000e-01 1.069978200002889679e+00 4.698616817745373098e+00 1.069978239152485910e+00 4.698616817745409513e+00
2.937500000000000666e-01 1.071430924540898832e+00 4.698616817745371321e+00 1.071430963400796132e+00 4.698616817745409513e+00
3.062500000000000222e-01 1.071870511640138801e+00 4.698616817745370433e+00 1.071870549837468545e+00 4.698616817745409513e+00
3.187499999999999778e-01 1.071056944272584133e+00 4.698616817745369545e+00 1.071056981567590105e+00 4.698616817745409513e+00
3.312500000000000444e-01 1.068713897320924477e+00 4.698616817745369545e+00 1.068713933999737797e+00 4.698616817745409513e+00
3.437500000000000000e-01 1.064544013119272492e+00 4.698616817745371321e+00 1.064544050731682345e+00 4.698616817745409513e+00
3.562500000000000666e-01 1.058258311753905723e+00 4.698616817745369545e+00 1.058258354126954792e+00 4.698616817745409513e+00
3.687500000000000222e-01 1.049622082009222357e+00 4.698616817745367769e+00 1.049622135804787915e+00 4.698616817745409513e+00
3.812499999999999778e-01 1.038515336964001445e+00 4.698616817745365992e+00 1.038515409782931664e+00 4.698616817745409513e+00
3.937500000000000444e-01 1.024999143327366857e+00 4.698616817745365992e+00 1.024999236571767725e+00 4.698616817745409513e+00
4.062500000000000000e-01 1.009371954408114780e+00 4.698616817745365992e+00 1.009372051120857483e+00 4.698616817745409513e+00
4.187500000000000666e-01 9.921966241424308164e-01 4.698616817745365992e+00 9.921966817864228405e-01 4.698616817745409513e+00
4.312500000000000222e-01 9.742831044956730135e-01 4.698616817745364216e+00 9.742830725152522575e-01 4.698616817745409513e+00
4.437499999999999778e-01 9.566243032683012792e-01 4.698616817745363328e+00 9.566241746061387996e-01 4.698616817745409513e+00
4.562500000000000444e-01 9.402979835795877150e-01 4.698616817745362439e+00 9.402978465918792050e-01 4.698616817745409513e+00
4.687500000000000000e-01 9.263578259232618795e-01 4.698616817745362439e+00 9.263578451888813126e-01 4.698616817745409513e+00
4.812500000000000666e-01 9.157367394669324590e-01 4.698616817745362439e+00 9.157370296840138257e-01 4.698616817745409513e+00
4.937500000000000222e-01 9.091766840843957809e-01 4.698616817745362439e+00 9.091771556727631376e-01 4.698616817745409513e+00
5.062500000000000888e-01 9.071878146783569630e-01 4.698616817745360663e+00 9.071881511412628329e-01 4.698616817745409513e+00
5.187500000000000444e-01 9.100315918706112228e-01 4.698616817745360663e+00 9.100314434139029629e-01 4.698616817745409513e+00
5.312500000000000000e-01 9.177199827942803534e-01 4.698616817745358887e+00 9.177192563432255978e-01 4.698616817745409513e+00
5.437499999999999556e-01 9.300249537302016645e-01 4.698616817745358887e+00 9.300239427090007949e-01 4.698616817745409513e+00
5.562500000000000222e-01 9.464965803067986183e-01 4.698616817745357110e+00 9.464957820386833420e-01 4.698616817745409513e+00
5.687500000000000888e-01 9.664917858109560722e-01 4.698616817745357110e+00 9.664915361695344265e-01 4.698616817745409513e+00
5.812500000000000444e-01 9.892171172831998316e-01 4.698616817745355334e+00 9.892173539567036267e-01 4.698616817745409513e+00
5.937500000000000000e-01 1.013787066639452839e+00 4.698616817745353558e+00 1.013787415814952242e+00 4.698616817745409513e+00
6.062500000000000666e-01 1.039294536770211330e+00 4.698616817745353558e+00 1.039294620252770196e+00 4.698616817745409513e+00
6.187500000000000222e-01 1.064884202333272523e+00 4.698616817745355334e+00 1.064883888277588397e+00 4.698616817745409513e+00
6.312500000000000888e-01 1.089815933988823815e+00 4.698616817745355334e+00 1.089815353653503571e+00 4.698616817745409513e+00
6.437500000000000444e-01 1.113506579774018679e+00 4.698616817745351781e+00 1.113505961413221446e+00 4.698616817745409513e+00
6.562500000000000000e-01 1.135544058040886650e+00 4.698616817745348229e+00 1.135543553031356012e+00 4.698616817745409513e+00
6.687500000000000666e-01 1.155675153159083868e+00 4.698616817745346452e+00 1.155674774600478072e+00 4.698616817745409513e+00
6.812500000000000222e-01 1.173774207074128384e+00 4.698616817745347340e+00 1.173773874775936088e+00 4.698616817745409513e+00
6.937500000000000888e-01 1.189802134540265843e+00 4.698616817745348229e+00 1.189801751139714536e+00 4.698616817745409513e+00
7.062500000000000444e-01 1.203764084857256833e+00 4.698616817745346452e+00 1.203763583883321608e+00 4.698616817745409513e+00
7.187500000000000000e-01 1.215671186316681140e+00 4.698616817745342900e+00 1.215670541272052319e+00 4.698616817745409513e+00
7.312500000000000666e-01 1.225508791601176650e+00 4.698616817745339347e+00 1.225508004399218809e+00 4.698616817745409513e+00
7.437500000000000222e-01 1.233211519497617203e+00 4.698616817745337570e+00 1.233210607676127779e+00 4.698616817745409513e+00
7.562500000000000888e-01 1.238644505880086566e+00 4.698616817745336682e+00 1.238643496734007865e+00 4.698616817745409513e+00
7.687500000000000444e-01 1.241590563350069232e+00 4.698616817745335794e+00 1.241589493319110504e+00 4.698616817745409513e+00
7.812500000000000000e-01 1.241744171820543974e+00 4.698616817745341123e+00 1.241743085322934759e+00 4.698616817745409513e+00
7.937500000000000666e-01 1.238715083370550252e+00 4.698616817745342900e+00 1.238714026862219653e+00 4.698616817745409513e+00
8.062500000000000222e-01 1.232046367041812474e+00 4.698616817745339347e+00 1.232045380410065505e+00 4.698616817745409513e+00
8.187500000000000888e-01 1.221253099972095857e+00 4.698616817745330465e+00 1.221252213233167572e+00 4.698616817745409513e+00
8.312500000000000444e-01 1.205887204553388381e+00 4.698616817745325136e+00 1.205886445568899568e+00 4.698616817745409513e+00
8.437500000000000000e-01 1.185629332948507031e+00 4.698616817745328689e+00 1.185628741660993635e+00 4.698616817745409513e+00
8.562500000000000666e-01 1.160399118879251290e+00 4.698616817745342011e+00 1.160398752797054289e+00 4.698616817745409513e+00
8.687500000000000222e-01 1.130462157607663887e+00 4.698616817745354446e+00 1.130462070333971170e+00 4.698616817745409513e+00
8.812500000000000888e-01 1.096501602492518490e+00 4.698616817745363328e+00 1.096501788064245142e+00 4.698616817745409513e+00
8.937500000000000444e-01 1.059622850054992238e+00 4.698616817745372209e+00 1.059623181266970748e+00 4.698616817745409513e+00
9.062500000000000000e-01 1.021276675245905707e+00 4.698616817745380203e+00 1.021276897660043481e+00 4.698616817745409513e+00
9.187500000000000666e-01 9.831144638200995933e-01 4.698616817745381091e+00 9.831143101380801497e-01 4.698616817745409513e+00
9.312500000000000222e-01 9.468142884808690152e-01 4.698616817745381091e+00 9.468136706782892542e-01 4.698616817745409513e+00
9.437500000000000888e-01 9.139240496463298946e-01 4.698616817745379315e+00 9.139232266221414269e-01 4.698616817745409513e+00
9.562500000000000444e-01 8.857553359519388936e-01 4.698616817745378427e+00 8.857548153179837236e-01 4.698616817745409513e+00
9.687500000000000000e-01 8.633380275544684235e-01 4.698616817745365992e+00 8.633383489038670700e-01 4.698616817745409513e+00
9.812500000000000666e-01 8.474260166995517540e-01 4.698616817745376650e+00 8.474270949184390389e-01 4.698616817745409513e+00
9.937500000000000222e-01 8.385316672220123335e-01 4.698616817745334018e+00 8.385331597369247714e-01 4.698616817745409513e+00
