0.015625 2.9999999999999996 24.0 2.999999999999999 24.0 -2.27822078484169e-70
0.046875 2.9999999999999996 24.0 2.999999999999999 24.0 -6.85218368134225e-70
0.078125 2.9999999999999996 24.0 2.999999999999999 24.0 -1.8996549218085223e-69
0.109375 2.9999999999999996 24.0 2.999999999999999 24.0 -5.008720464462768e-69
0.140625 2.9999999999999996 24.0 2.999999999999999 24.0 -1.275954546258792e-68
0.171875 2.9999999999999996 24.0 2.999999999999999 24.0 -3.1691289287035775e-68
0.203125 2.9999999999999996 24.0 2.999999999999999 24.0 -7.718206623049324e-68
0.234375 2.9999999999999996 24.0 2.999999999999999 24.0 -1.8502142513491473e-67
0.265625 2.9999999999999996 24.0 2.999999999999999 24.0 -4.377446861968469e-67
0.296875 2.9999999999999996 24.0 2.999999999999999 24.0 -1.0241461876918614e-66
0.328125 2.9999999999999996 24.0 2.999999999999999 24.0 -2.372921497325267e-66
0.359375 2.9999999999999996 24.0 2.999999999999999 24.0 -5.451008665905134e-66
0.390625 2.9999999999999996 24.0 2.999999999999999 24.0 -1.2425942366207413e-65
0.421875 2.9999999999999996 24.0 2.999999999999999 24.0 -2.8128757645194546e-65
0.453125 2.9999999999999996 24.0 2.999999999999999 24.0 -6.326920398120275e-65
0.484375 2.9999999999999996 24.0 2.999999999999999 24.0 -1.414693107295441e-64
0.515625 2.9999999999999996 24.0 2.999999999999999 24.0 -3.145813634902412e-64
0.546875 2.9999999999999996 24.0 2.999999999999999 24.0 -6.959052145299416e-64
0.578125 2.9999999999999996 24.0 2.999999999999999 24.0 -1.5319234162033377e-63
0.609375 2.9999999999999996 24.0 2.999999999999999 24.0 -3.356600044717967e-63
0.640625 2.9999999999999996 24.0 2.999999999999999 24.0 -7.321984942534789e-63
0.671875 2.9999999999999996 24.0 2.999999999999999 24.0 -1.5903905636321816e-62
0.703125 2.9999999999999996 24.0 2.999999999999999 24.0 -3.4402769321153487e-62
0.734375 2.9999999999999996 24.0 2.999999999999999 24.0 -7.4123871613528855e-62
0.765625 2.9999999999999996 24.0 2.999999999999999 24.0 -1.590929990931295e-61
0.796875 2.9999999999999996 24.0 2.999999999999999 24.0 -3.401882857024736e-61
0.828125 2.9999999999999996 24.0 2.999999999999999 24.0 -7.247774453020917e-61
0.859375 2.9999999999999996 24.0 2.999999999999999 24.0 -1.5386651948267813e-60
0.890625 2.9999999999999996 24.0 2.999999999999999 24.0 -3.2551487659220895e-60
0.921875 2.9999999999999996 24.0 2.999999999999999 24.0 -6.863006283915339e-60
0.953125 2.9999999999999996 24.0 2.999999999999999 24.0 -1.442119640701555e-59
0.984375 2.9999999999999996 24.0 2.999999999999999 24.0 -3.0203361416968546e-59
1.015625 2.9999999999999996 24.0 2.999999999999999 24.0 -6.305182608170241e-59
1.046875 2.9999999999999996 24.0 2.999999999999999 24.0 -1.3120415267055653e-58
1.078125 2.9999999999999996 24.0 2.999999999999999 24.0 -2.7215866533612825e-58
1.109375 2.9999999999999996 24.0 2.999999999999999 24.0 -5.6277758939184945e-58
1.140625 2.9999999999999996 24.0 2.999999999999999 24.0 -1.1601261438237894e-57
1.171875 2.9999999999999996 24.0 2.999999999999999 24.0 -2.3841835575636754e-57
1.203125 2.9999999999999996 24.0 2.999999999999999 24.0 -4.884848740431868e-57
1.234375 2.9999999999999996 24.0 2.999999999999999 24.0 -9.978129800561989e-57
1.265625 2.9999999999999996 24.0 2.999999999999999 24.0 -2.0320867377757505e-56
1.296875 2.9999999999999996 24.0 2.999999999999999 24.0 -4.126081146814488e-56
1.328125 2.9999999999999996 24.0 2.999999999999999 24.0 -8.352991740634592e-56
1.359375 2.9999999999999996 24.0 2.999999999999999 24.0 -1.686011193240446e-55
1.390625 2.9999999999999996 24.0 2.999999999999999 24.0 -3.3931056550831865e-55
1.421875 2.9999999999999996 24.0 2.999999999999999 24.0 -6.808576983337657e-55
1.453125 2.9999999999999996 24.0 2.999999999999999 24.0 -1.3621972531801136e-54
1.484375 2.9999999999999996 24.0 2.999999999999999 24.0 -2.71737836329482e-54
1.515625 2.9999999999999996 24.0 2.999999999999999 24.0 -5.404899700758321e-54
1.546875 2.9999999999999996 24.0 2.999999999999999 24.0 -1.07189611230049e-53
1.578125 2.9999999999999996 24.0 2.999999999999999 24.0 -2.119554414886232e-53
1.609375 2.9999999999999996 24.0 2.999999999999999 24.0 -4.178897469918695e-53
1.640625 2.9999999999999996 24.0 2.999999999999999 24.0 -8.214889684997225e-53
1.671875 2.9999999999999996 24.0 2.999999999999999 24.0 -1.6101315822779676e-52
1.703125 2.9999999999999996 24.0 2.999999999999999 24.0 -3.1465632025112256e-52
1.734375 2.9999999999999996 24.0 2.999999999999999 24.0 -6.1308674558564455e-52
1.765625 2.9999999999999996 24.0 2.999999999999999 24.0 -1.1909998921582205e-51
1.796875 2.9999999999999996 24.0 2.999999999999999 24.0 -2.3067406877601848e-51
1.828125 2.9999999999999996 24.0 2.999999999999999 24.0 -4.454253611117328e-51
1.859375 2.9999999999999996 24.0 2.999999999999999 24.0 -8.574936586047256e-51
1.890625 2.9999999999999996 24.0 2.999999999999999 24.0 -1.645720846417934e-50
1.921875 2.9999999999999996 24.0 2.999999999999999 24.0 -3.1487547339947423e-50
1.953125 2.9999999999999996 24.0 2.999999999999999 24.0 -6.005727064687491e-50
1.984375 2.9999999999999996 24.0 2.999999999999999 24.0 -1.1418828486624206e-49
2.015625 2.9999999999999996 24.0 2.999999999999999 24.0 -2.164163558795051e-49
2.046875 2.9999999999999996 24.0 2.999999999999999 24.0 -4.0883930329748965e-49
2.078125 2.9999999999999996 24.0 2.999999999999999 24.0 -7.698188899911537e-49
2.109375 2.9999999999999996 24.0 2.999999999999999 24.0 -1.4446905109718582e-48
2.140625 2.9999999999999996 24.0 2.999999999999999 24.0 -2.702002356417873e-48
2.171875 2.9999999999999996 24.0 2.999999999999999 24.0 -5.0360797287801475e-48
2.203125 2.9999999999999996 24.0 2.999999999999999 24.0 -9.353267962350299e-48
2.234375 2.9999999999999996 24.0 2.999999999999999 24.0 -1.7308607822853055e-47
2.265625 2.9999999999999996 24.0 2.999999999999999 24.0 -3.1911596593010844e-47
2.296875 2.9999999999999996 24.0 2.999999999999999 24.0 -5.8610728285051535e-47
2.328125 2.9999999999999996 24.0 2.999999999999999 24.0 -1.0722511834554478e-46
2.359375 2.9999999999999996 24.0 2.999999999999999 24.0 -1.9536579209753196e-46
2.390625 2.9999999999999996 24.0 2.999999999999999 24.0 -3.544595714090166e-46
2.421875 2.9999999999999996 24.0 2.999999999999999 24.0 -6.402876193520721e-46
2.453125 2.9999999999999996 24.0 2.999999999999999 24.0 -1.1512940178789018e-45
2.484375 2.9999999999999996 24.0 2.999999999999999 24.0 -2.060150041016556e-45
2.515625 2.9999999999999996 24.0 2.999999999999999 24.0 -3.6677085226756304e-45
2.546875 2.9999999999999996 24.0 2.999999999999999 24.0 -6.494345351696857e-45
2.578125 2.9999999999999996 24.0 2.999999999999999 24.0 -1.1432892156771465e-44
2.609375 2.9999999999999996 24.0 2.999999999999999 24.0 -2.0001391905388715e-44
2.640625 2.9999999999999996 24.0 2.999999999999999 24.0 -3.4754386748737267e-44
2.671875 2.9999999999999996 24.0 2.999999999999999 24.0 -5.993943055649722e-44
2.703125 2.9999999999999996 24.0 2.999999999999999 24.0 -1.025195040406753e-43
2.734375 2.9999999999999996 24.0 2.999999999999999 24.0 -1.7371316768754017e-43
2.765625 2.9999999999999996 24.0 2.999999999999999 24.0 -2.91205779188509e-43
2.796875 2.9999999999999996 24.0 2.999999999999999 24.0 -4.8208921257584945e-43
2.828125 2.9999999999999996 24.0 2.999999999999999 24.0 -7.862381985663504e-43
2.859375 2.9999999999999996 24.0 2.999999999999999 24.0 -1.258888113997978e-42
2.890625 2.9999999999999996 24.0 2.999999999999999 24.0 -1.9689254483153933e-42
2.921875 2.9999999999999996 24.0 2.999999999999999 24.0 -2.984371359915005e-42
2.953125 2.9999999999999996 24.0 2.999999999999999 24.0 -4.325788212120148e-42
2.984375 2.9999999999999996 24.0 2.999999999999999 24.0 -5.846063377957028e-42
3.015625 2.9999999999999996 24.0 2.999999999999999 24.0 -6.949926403797957e-42
3.046875 2.9999999999999996 24.0 2.999999999999999 24.0 -5.97690423008472e-42
3.078125 2.9999999999999996 24.0 2.999999999999999 24.0 1.1041630246284527e-42
3.109375 2.9999999999999996 24.0 2.999999999999999 24.0 2.3380523158598155e-41
3.140625 2.9999999999999996 24.0 2.999999999999999 24.0 8.040211368904828e-41
3.171875 2.9999999999999996 24.0 2.999999999999999 24.0 2.128823627925937e-40
3.203125 2.9999999999999996 24.0 2.999999999999999 24.0 5.035814308975148e-40
3.234375 2.9999999999999996 24.0 2.999999999999999 24.0 1.1175793032213454e-39
3.265625 2.9999999999999996 24.0 2.999999999999999 24.0 2.379148315477548e-39
3.296875 2.9999999999999996 24.0 2.999999999999999 24.0 4.9171664344323987e-39
3.328125 2.9999999999999996 24.0 2.999999999999999 24.0 9.937973385277114e-39
3.359375 2.9999999999999996 24.0 2.999999999999999 24.0 1.9733640409492698e-38
3.390625 2.9999999999999996 24.0 2.999999999999999 24.0 3.862246412839405e-38
3.421875 2.9999999999999996 24.0 2.999999999999999 24.0 7.467854512244359e-38
3.453125 2.9999999999999996 24.0 2.999999999999999 24.0 1.4289429136809048e-37
3.484375 2.9999999999999996 24.0 2.999999999999999 24.0 2.709319313161419e-37
3.515625 2.9999999999999996 24.0 2.999999999999999 24.0 5.095304745953352e-37
3.546875 2.9999999999999996 24.0 2.999999999999999 24.0 9.512456240138327e-37
3.578125 2.9999999999999996 24.0 2.999999999999999 24.0 1.764039657518716e-36
3.609375 2.9999999999999996 24.0 2.999999999999999 24.0 3.251223154159321e-36
3.640625 2.9999999999999996 24.0 2.999999999999999 24.0 5.957967746992783e-36
3.671875 2.9999999999999996 24.0 2.999999999999999 24.0 1.0859796109704051e-35
3.703125 2.9999999999999996 24.0 2.999999999999999 24.0 1.969481613251063e-35
3.734375 2.9999999999999996 24.0 2.999999999999999 24.0 3.554705609886775e-35
3.765625 2.9999999999999996 24.0 2.999999999999999 24.0 6.386682306426079e-35
3.796875 2.9999999999999996 24.0 2.999999999999999 24.0 1.142489249897584e-34
3.828125 2.9999999999999996 24.0 2.999999999999999 24.0 2.0352048920353324e-34
3.859375 2.9999999999999996 24.0 2.999999999999999 24.0 3.610838991254936e-34
3.890625 2.9999999999999996 24.0 2.999999999999999 24.0 6.381297208125961e-34
3.921875 2.9999999999999996 24.0 2.999999999999999 24.0 1.123468433039923e-33
3.953125 2.9999999999999996 24.0 2.999999999999999 24.0 1.9706444301768363e-33
3.984375 2.9999999999999996 24.0 2.999999999999999 24.0 3.444218049896123e-33
4.015625 2.9999999999999996 24.0 2.999999999999999 24.0 5.998506676741735e-33
4.046875 2.9999999999999996 24.0 2.999999999999999 24.0 1.04111138669265e-32
4.078125 2.9999999999999996 24.0 2.999999999999999 24.0 1.8008638503315503e-32
4.109375 2.9999999999999996 24.0 2.999999999999999 24.0 3.104698038737646e-32
4.140625 2.9999999999999996 24.0 2.999999999999999 24.0 5.335009896503985e-32
4.171875 2.9999999999999996 24.0 2.999999999999999 24.0 9.137948787512768e-32
4.203125 2.9999999999999996 24.0 2.999999999999999 24.0 1.5601918693651058e-31
4.234375 2.9999999999999996 24.0 2.999999999999999 24.0 2.65545774288298e-31
4.265625 2.9999999999999996 24.0 2.999999999999999 24.0 4.505546363689017e-31
4.296875 2.9999999999999996 24.0 2.999999999999999 24.0 7.621057735477044e-31
4.328125 2.9999999999999996 24.0 2.999999999999999 24.0 1.2851516331372023e-30
4.359375 2.9999999999999996 24.0 2.999999999999999 24.0 2.1606037380466126e-30
4.390625 2.9999999999999996 24.0 2.999999999999999 24.0 3.621484103504994e-30
4.421875 2.9999999999999996 24.0 2.999999999999999 24.0 6.0519690049571036e-30
4.453125 2.9999999999999996 24.0 2.999999999999999 24.0 1.0083523940785047e-29
4.484375 2.9999999999999996 24.0 2.999999999999999 24.0 1.6750947021985322e-29
4.515625 2.9999999999999996 24.0 2.999999999999999 24.0 2.774487006777097e-29
4.546875 2.9999999999999996 24.0 2.999999999999999 24.0 4.5819074330769235e-29
4.578125 2.9999999999999996 24.0 2.999999999999999 24.0 7.544549486732463e-29
4.609375 2.9999999999999996 24.0 2.999999999999999 24.0 1.238642375332453e-28
4.640625 2.9999999999999996 24.0 2.999999999999999 24.0 2.027615344466844e-28
4.671875 2.9999999999999996 24.0 2.999999999999999 24.0 3.3094267750190695e-28
4.703125 2.9999999999999996 24.0 2.999999999999999 24.0 5.38576355657764e-28
4.734375 2.9999999999999996 24.0 2.999999999999999 24.0 8.73912572067705e-28
4.765625 2.9999999999999996 24.0 2.999999999999999 24.0 1.4138812796945444e-27
4.796875 2.9999999999999996 24.0 2.999999999999999 24.0 2.2807587812770227e-27
4.828125 2.9999999999999996 24.0 2.999999999999999 24.0 3.668289004728993e-27
4.859375 2.9999999999999996 24.0 2.999999999999999 24.0 5.882486307471667e-27
4.890625 2.9999999999999996 24.0 2.999999999999999 24.0 9.405155247393542e-27
4.921875 2.9999999999999996 24.0 2.999999999999999 24.0 1.49924343140427e-26
4.953125 2.9999999999999996 24.0 2.999999999999999 24.0 2.3827139994964814e-26
4.984375 2.9999999999999996 24.0 2.999999999999999 24.0 3.775344399229274e-26
5.015625 2.9999999999999996 24.0 2.999999999999999 24.0 5.963706537766583e-26
5.046875 2.9999999999999996 24.0 2.999999999999999 24.0 9.391605402168255e-26
5.078125 2.9999999999999996 24.0 2.999999999999999 24.0 1.474398097469421e-25
5.109375 2.9999999999999996 24.0 2.999999999999999 24.0 2.3074218514254646e-25
5.140625 2.9999999999999996 24.0 2.999999999999999 24.0 3.599654906553355e-25
5.171875 2.9999999999999996 24.0 2.999999999999999 24.0 5.5975613110885925e-25
5.203125 2.9999999999999996 24.0 2.999999999999999 24.0 8.676038409735593e-25
5.234375 2.9999999999999996 24.0 2.999999999999999 24.0 1.3403152088627167e-24
5.265625 2.9999999999999996 24.0 2.999999999999999 24.0 2.063626327147327e-24
5.296875 2.9999999999999996 24.0 2.999999999999999 24.0 3.1664072085467803e-24
5.328125 2.9999999999999996 24.0 2.999999999999999 24.0 4.8415436441065506e-24
5.359375 2.9999999999999996 24.0 2.999999999999999 24.0 7.376468727502132e-24
5.390625 2.9999999999999996 24.0 2.999999999999999 24.0 1.1197544736359961e-23
5.421875 2.9999999999999996 24.0 2.999999999999999 24.0 1.6934177460038927e-23
5.453125 2.9999999999999996 24.0 2.999999999999999 24.0 2.5510813027808987e-23
5.484375 2.9999999999999996 24.0 2.999999999999999 24.0 3.8277972523577195e-23
5.515625 2.9999999999999996 24.0 2.999999999999999 24.0 5.719737357640802e-23
5.546875 2.9999999999999996 24.0 2.999999999999999 24.0 8.510108664216983e-23
5.578125 2.9999999999999996 24.0 2.999999999999999 24.0 1.2605058654817386e-22
5.609375 2.9999999999999996 24.0 2.999999999999999 24.0 1.8582826090560647e-22
5.640625 2.999999999999999 23.999999999999993 2.999999999999999 23.999999999999993 2.7260073698019643e-22
5.671875 2.9999999999999987 23.999999999999993 2.9999999999999987 23.999999999999993 3.977987490968176e-22
5.703125 2.9999999999999982 23.999999999999986 2.9999999999999982 23.999999999999986 5.77259160798956e-22
5.734375 2.9999999999999982 23.999999999999986 2.9999999999999982 23.999999999999986 8.326656155385357e-22
5.765625 2.9999999999999982 23.999999999999986 2.9999999999999982 23.999999999999986 1.193295339358929e-21
5.796875 2.9999999999999987 23.999999999999986 2.9999999999999987 23.999999999999986 1.698014209741317e-21
5.828125 2.9999999999999987 23.999999999999982 2.9999999999999987 23.999999999999982 2.397332648142728e-21
5.859375 2.9999999999999982 23.999999999999982 2.9999999999999982 23.999999999999982 3.3550959936201877e-21
5.890625 2.9999999999999973 23.99999999999997 2.999999999999998 23.99999999999998 4.648962114637106e-21
5.921875 2.999999999999996 23.999999999999964 2.9999999999999964 23.99999999999998 6.368100805829833e-21
5.953125 2.9999999999999956 23.99999999999996 2.9999999999999947 23.99999999999997 8.605353010410987e-21
5.984375 2.9999999999999947 23.999999999999957 2.9999999999999947 23.999999999999964 1.143913179228943e-20
6.015625 2.9999999999999947 23.999999999999957 2.9999999999999947 23.999999999999964 1.489719778190366e-20
6.046875 2.9999999999999947 23.999999999999957 2.9999999999999947 23.999999999999957 1.8889436847287846e-20
6.078125 2.9999999999999947 23.999999999999957 2.999999999999993 23.99999999999995 2.3088901174160298e-20
6.109375 2.9999999999999947 23.999999999999957 2.9999999999999933 23.99999999999995 2.672813031849725e-20
6.140625 2.9999999999999942 23.99999999999995 2.9999999999999933 23.999999999999947 2.8258874022225216e-20
6.171875 2.9999999999999933 23.99999999999995 2.9999999999999947 23.99999999999995 2.4794409328619503e-20
6.203125 2.999999999999992 23.999999999999943 2.999999999999992 23.99999999999994 1.120966778113034e-20
6.234375 2.999999999999992 23.99999999999994 2.9999999999999907 23.999999999999936 -2.1292021952213176e-20
6.265625 2.9999999999999916 23.999999999999936 2.9999999999999907 23.999999999999936 -8.743644241968582e-20
6.296875 2.9999999999999902 23.99999999999993 2.9999999999999907 23.999999999999936 -2.1139984100659238e-19
6.328125 2.9999999999999902 23.99999999999993 2.9999999999999907 23.999999999999936 -4.3225443940309184e-19
6.359375 2.9999999999999902 23.99999999999993 2.9999999999999893 23.99999999999993 -8.123242558628094e-19
6.390625 2.9999999999999893 23.999999999999922 2.9999999999999885 23.999999999999925 -1.449916056694189e-18
6.421875 2.999999999999989 23.99999999999992 2.999999999999988 23.999999999999925 -2.498590031010466e-18
6.453125 2.9999999999999885 23.999999999999915 2.999999999999988 23.999999999999925 -4.1961531058258706e-18
6.484375 2.999999999999988 23.999999999999915 2.9999999999999876 23.999999999999922 -6.908033070364404e-18
6.515625 2.9999999999999885 23.999999999999915 2.9999999999999876 23.999999999999925 -1.1191819602844879e-17
6.546875 2.999999999999988 23.999999999999908 2.9999999999999885 23.999999999999922 -1.7892814642745072e-17
6.578125 2.999999999999988 23.999999999999908 2.9999999999999885 23.999999999999922 -2.828480622676629e-17
6.609375 2.999999999999988 23.999999999999904 2.9999999999999885 23.999999999999922 -4.427650759039602e-17
6.640625 2.9999999999999885 23.999999999999904 2.9999999999999885 23.999999999999922 -6.871293963104205e-17
6.671875 2.9999999999999876 23.9999999999999 2.9999999999999876 23.999999999999922 -1.0581352319837788e-16
6.703125 2.9999999999999885 23.9999999999999 2.999999999999987 23.999999999999915 -1.6180622920595578e-16
6.734375 2.9999999999999885 23.9999999999999 2.999999999999985 23.999999999999908 -2.4584179170539287e-16
6.765625 2.9999999999999876 23.999999999999897 2.9999999999999867 23.999999999999908 -3.7130643844254734e-16
6.796875 2.9999999999999876 23.999999999999897 2.999999999999986 23.9999999999999 -5.576995431938721e-16
6.828125 2.9999999999999885 23.999999999999897 2.999999999999986 23.999999999999897 -8.333090963179003e-16
6.859375 2.999999999999988 23.999999999999897 2.999999999999986 23.999999999999893 -1.2390097532254693e-15
6.890625 2.999999999999988 23.999999999999897 2.999999999999986 23.999999999999893 -1.833634667520214e-15
6.921875 2.999999999999988 23.999999999999897 2.999999999999987 23.999999999999893 -2.7015457262591083e-15
6.953125 2.999999999999988 23.999999999999893 2.9999999999999853 23.999999999999886 -3.963263749308563e-15
6.984375 2.999999999999988 23.999999999999893 2.9999999999999885 23.999999999999886 -5.790342783568785e-15
7.015625 2.999999999999988 23.999999999999886 2.9999999999999902 23.99999999999988 -8.426110147273168e-15
7.046875 2.999999999999988 23.999999999999883 2.9999999999999933 23.99999999999988 -1.2214485147172358e-14
7.078125 2.999999999999989 23.99999999999988 2.9999999999999964 23.999999999999872 -1.7639885483553146e-14
7.109375 2.9999999999999893 23.999999999999876 2.999999999999998 23.999999999999858 -2.53822982660602e-14
7.140625 2.9999999999999907 23.999999999999872 3.0000000000000036 23.99999999999985 -3.63930197719041e-14
7.171875 2.999999999999992 23.999999999999865 3.000000000000012 23.999999999999837 -5.1998468342356297e-14
7.203125 2.9999999999999956 23.999999999999865 3.0000000000000275 23.99999999999983 -7.404199539793786e-14
7.234375 2.9999999999999996 23.999999999999858 3.000000000000049 23.999999999999815 -1.050769502468153e-13
7.265625 3.0000000000000067 23.999999999999858 3.0000000000000835 23.999999999999808 -1.4862863863463673e-13
7.296875 3.000000000000015 23.99999999999985 3.0000000000001332 23.999999999999808 -2.0954856369736308e-13
7.328125 3.0000000000000293 23.99999999999985 3.0000000000002025 23.999999999999794 -2.9449184610589434e-13
7.359375 3.000000000000047 23.999999999999844 3.000000000000301 23.999999999999787 -4.1255848706260836e-13
7.390625 3.000000000000073 23.999999999999844 3.000000000000438 23.99999999999978 -5.761517913992377e-13
7.421875 3.000000000000108 23.99999999999984 3.0000000000006244 23.999999999999766 -8.021235938183894e-13
7.453125 3.0000000000001554 23.999999999999833 3.0000000000008846 23.99999999999976 -1.113296906264696e-12
7.484375 3.000000000000222 23.99999999999983 3.0000000000012426 23.999999999999744 -1.5404834363647938e-12
7.515625 3.0000000000003135 23.999999999999822 3.0000000000017386 23.999999999999737 -2.1251475998174054e-12
7.546875 3.0000000000004383 23.999999999999815 3.000000000002415 23.999999999999726 -2.922911974610753e-12
7.578125 3.000000000000609 23.999999999999808 3.0000000000033316 23.99999999999971 -4.008153816462366e-12
7.609375 3.0000000000008393 23.9999999999998 3.0000000000045817 23.999999999999694 -5.480010911465506e-12
7.640625 3.000000000001152 23.99999999999979 3.000000000006273 23.999999999999694 -7.470200829441743e-12
7.671875 3.0000000000015756 23.99999999999979 3.000000000008554 23.99999999999968 -1.0153164275917284e-11
7.703125 3.000000000002143 23.999999999999787 3.000000000011621 23.999999999999666 -1.3759175065993107e-11
7.734375 3.0000000000029057 23.999999999999787 3.000000000015734 23.999999999999666 -1.8591221278310382e-11
7.765625 3.000000000003925 23.999999999999787 3.0000000000212266 23.999999999999652 -2.5046660111161175e-11
7.796875 3.000000000005281 23.99999999999978 3.000000000028546 23.99999999999964 -3.364488926874075e-11
7.828125 3.0000000000070814 23.99999999999978 3.0000000000382654 23.99999999999963 -4.506256740414861e-11
7.859375 3.0000000000094658 23.999999999999773 3.0000000000511364 23.999999999999623 -6.017826279695694e-11
7.890625 3.0000000000126135 23.99999999999977 3.000000000068127 23.999999999999616 -8.012882088826562e-11
7.921875 3.0000000000167546 23.999999999999766 3.000000000090483 23.99999999999961 -1.0638022529341046e-10
7.953125 3.0000000000221876 23.999999999999766 3.000000000119809 23.99999999999961 -1.4081629059050188e-10
7.984375 3.000000000029292 23.99999999999976 3.000000000158159 23.999999999999606 -1.8584917425466984e-10
8.015625 3.000000000038555 23.99999999999976 3.000000000208149 23.999999999999595 -2.445564327745659e-10
8.046875 3.0000000000505924 23.99999999999975 3.00000000027312 23.999999999999588 -3.2085017244722926e-10
8.078125 3.000000000066187 23.99999999999976 3.00000000035729 23.999999999999584 -4.196847518033573e-10
8.109375 3.000000000086323 23.99999999999975 3.0000000004659793 23.999999999999574 -5.473104646628257e-10
8.140625 3.0000000001122418 23.99999999999975 3.0000000006058762 23.999999999999567 -7.115816430660233e-10
8.171875 3.0000000001454925 23.999999999999748 3.0000000007853513 23.999999999999552 -9.22328624068492e-10
8.203125 3.0000000001880087 23.999999999999737 3.0000000010148424 23.99999999999954 -1.191803958165589e-09
8.234375 3.000000000242192 23.999999999999737 3.000000001307299 23.99999999999953 -1.5352140059132596e-09
8.265625 3.0000000003110054 23.999999999999737 3.0000000016787247 23.999999999999524 -1.971347542156692e-09
8.296875 3.000000000398094 23.999999999999734 3.0000000021487985 23.999999999999524 -2.523312985973188e-09
8.328125 3.0000000005079217 23.999999999999734 3.000000002741607 23.999999999999517 -3.219395161131922e-09
8.359375 3.0000000006459215 23.99999999999973 3.0000000034864867 23.99999999999951 -4.094040754180995e-09
8.390625 3.0000000008186802 23.999999999999726 3.0000000044189727 23.999999999999503 -5.1889784705830064e-09
8.421875 3.0000000010341275 23.999999999999723 3.000000005581877 23.999999999999492 -6.554474776039984e-09
8.453125 3.00000000130176 23.999999999999723 3.0000000070264603 23.99999999999949 -8.250718395545009e-09
8.484375 3.000000001632875 23.999999999999716 3.0000000088137027 23.99999999999948 -1.0349315607112637e-08
8.515625 3.0000000020408217 23.999999999999716 3.0000000110156497 23.999999999999474 -1.2934862794373492e-08
8.546875 3.000000002541247 23.99999999999971 3.0000000137167673 23.999999999999467 -1.610654146399652e-08
8.578125 3.000000003152345 23.999999999999705 3.0000000170152488 23.999999999999453 -1.9979652470463198e-08
8.609375 3.000000003895064 23.999999999999705 3.00000002102417 23.99999999999944 -2.4686968687730042e-08
8.640625 3.0000000047932662 23.999999999999705 3.0000000258723425 23.99999999999943 -3.037973662956737e-08
8.671875 3.0000000058737974 23.999999999999705 3.0000000317046585 23.999999999999417 -3.722809494294276e-08
8.703125 3.000000007166407 23.9999999999997 3.000000038681698 23.999999999999407 -4.542059821685135e-08
8.734375 3.000000008703471 23.9999999999997 3.000000046978209 23.999999999999403 -5.5162434587404565e-08
8.765625 3.000000010519414 23.999999999999694 3.0000000567800162 23.999999999999396 -6.667180104523568e-08
8.796875 3.0000000126497453 23.999999999999694 3.00000006827878 23.99999999999939 -8.017374642759501e-08
8.828125 3.0000000151295456 23.999999999999694 3.0000000816638446 23.999999999999382 -9.589060343071351e-08
8.859375 3.0000000179912414 23.999999999999694 3.000000097110249 23.999999999999375 -1.1402790157076528e-07
8.890625 3.000000021261455 23.99999999999968 3.000000114761697 23.999999999999375 -1.3475437614470108e-07
8.921875 3.00000002495665 23.999999999999673 3.000000134707032 23.999999999999368 -1.581743565263702e-07
8.953125 3.000000029077234 23.999999999999673 3.000000156948455 23.999999999999353 -1.842904225897277e-07
8.984375 3.000000033599724 23.999999999999673 3.000000181359227 23.999999999999343 -2.129537521443204e-07
9.015625 3.0000000384664816 23.99999999999967 3.0000002076282337 23.999999999999332 -2.4379903603245343e-07
9.046875 3.000000043572414 23.999999999999666 3.0000002351882067 23.999999999999268 -2.7616020174017365e-07
9.078125 3.0000000487479417 23.999999999999666 3.000000263123799 23.999999999999144 -3.089624517400078e-07
9.109375 3.00000005373738 23.999999999999662 3.0000002900549334 23.99999999999897 -3.405852802832484e-07
9.140625 3.00000005817176 23.99999999999966 3.00000031399005 23.999999999998767 -3.686901735755997e-07
9.171875 3.0000000615349025 23.99999999999966 3.000000332142984 23.999999999998487 -3.900056158431509e-07
9.203125 3.0000000631214077 23.99999999999966 3.000000340706217 23.999999999998078 -4.00060811963365e-07
9.234375 3.00000006198498 23.999999999999652 3.0000003345719763 23.99999999999753 -3.92858192564735e-07
9.265625 3.000000056875302 23.999999999999652 3.0000003069914642 23.99999999999677 -3.6047328921586107e-07
9.296875 3.0000000461613796 23.999999999999652 3.000000249161153 23.99999999999573 -2.9256895874623466e-07
9.328125 3.000000027739067 23.99999999999965 3.0000001497235687 23.99999999999428 -1.75809204796358e-07
9.359375 2.99999999892011 23.99999999999965 2.999999994168466 23.999999999992326 6.84399496390746e-09
9.390625 2.999999956299827 23.999999999999645 2.999999764118568 23.999999999989665 2.769693754259723e-07
9.421875 2.9999998956001606 23.999999999999645 2.99999943648247 23.99999999998606 6.6168109169794e-07
9.453125 2.9999998114845634 23.999999999999638 2.9999989824555007 23.999999999981206 1.1948019652308614e-06
9.484375 2.999999697340857 23.99999999999963 2.999998366347683 23.999999999974683 1.91823977061019e-06
9.515625 2.9999995450278822 23.99999999999963 2.9999975442163684 23.9999999999659 2.8835929655655025e-06
9.546875 2.999999344581506 23.99999999999963 2.9999964622795514 23.999999999954138 4.154014011294916e-06
9.578125 2.9999990838753225 23.999999999999623 2.9999950550846908 23.99999999993846 5.806359934410772e-06
9.609375 2.999998748231174 23.999999999999616 2.999993243406802 23.999999999917584 7.933660947464523e-06
9.640625 2.9999983199745133 23.99999999999961 2.9999909318491023 23.99999999988985 1.0647938659910819e-05
9.671875 2.9999977779296345 23.999999999999602 2.9999880061193394 23.9999999998532 1.4083405549510238e-05
9.703125 2.9999970968498495 23.9999999999996 2.999984329955444 23.999999999804867 1.8400076786345152e-05
9.734375 2.9999962467779597 23.999999999999595 2.999979741675562 23.999999999741377 2.3787824056655596e-05
9.765625 2.9999951923327366 23.999999999999595 2.9999740503295844 23.999999999658186 3.047089856032277e-05
9.796875 2.9999938919177103 23.999999999999588 2.9999670314326314 23.999999999549495 3.871294668531413e-05
9.828125 2.9999922968493893 23.999999999999595 2.9999584222653457 23.999999999407944 4.882253682205016e-05
9.859375 2.999990350403042 23.999999999999588 2.9999479167316263 23.99999999922418 6.115920919813026e-05
9.890625 2.999987986775527 23.999999999999563 2.999935159771847 23.999999998986393 7.614005232250465e-05
9.921875 2.9999851299662406 23.999999999999556 2.999919741338412 23.99999999867966 9.424679947325484e-05
9.953125 2.9999816925791896 23.999999999999574 2.9999011899514745 23.999999998285308 0.00011603342650898227
9.984375 2.9999775745514663 23.999999999999588 2.9998789658649954 23.999999997779973 0.00014213421802187232
10.015625 2.9999726618160287 23.999999999999588 2.9998524538882165 23.99999999713458 0.00017327225240822825
10.046875 2.999966824909638 23.999999999999588 2.9998209559239584 23.999999996313125 0.00021026823778249598
10.078125 2.999959917540103 23.999999999999584 2.9997836833039404 23.999999995271207 0.00025404960983168684
10.109375 2.9999517751306657 23.999999999999567 2.9997397490216473 23.999999993954297 0.0003056597797921633
10.140625 2.999942213363301 23.999999999999574 2.99968815998563 23.999999992295777 0.0003662673958988225
10.171875 2.999931026746916 23.999999999999584 2.999627809439884 23.999999990214718 0.00043717545516134556
10.203125 2.999917987240858 23.99999999999957 2.9995574697228955 23.99999998761332 0.0005198300745101878
10.234375 2.999902842968759 23.999999999999545 2.9994757855628715 23.99999998437407 0.0006158287016735327
10.265625 2.9998853170622928 23.999999999999506 2.9993812681325798 23.999999980356648 0.0007269275171483163
10.296875 2.9998651066790547 23.999999999999496 2.9992722901130753 23.999999975394683 0.0008550477499748933
10.328125 2.9998418822430897 23.999999999999527 2.9991470820399675 23.999999969292233 0.0010022806024855794
10.359375 2.99981528696072 23.999999999999567 2.9990037302284653 23.999999961820492 0.0011708904536466504
10.390625 2.999784936667865 23.9999999999996 2.9988401765927915 23.999999952714653 0.00136331598802327
10.421875 2.9997504200679437 23.999999999999606 2.9986542206908777 23.999999941671316 0.0015821688788247121
10.453125 2.999711299421561 23.99999999999957 2.9984435243351175 23.999999928346774 0.001830229640059798
10.484375 2.9996671117502256 23.999999999999524 2.9982056191132647 23.99999991235699 0.0021104402557239545
10.515625 2.9996173706160887 23.99999999999948 2.9979379171588394 23.99999989327973 0.0024258931943456344
10.546875 2.999561568538161 23.999999999999453 2.9976377254965283 23.999999870659906 0.002779816426326757
10.578125 2.999499180102148 23.999999999999464 2.997302264263831 23.999999844019467 0.0031755540804596885
10.609375 2.999429665816054 23.999999999999474 2.9969286890742635 23.999999812873163 0.003616542405846326
10.640625 2.999352476756699 23.999999999999492 2.996514117739193 23.999999776752446 0.004106280747108303
10.671875 2.999267060043266 23.999999999999503 2.996055661503955 23.99999973523969 0.004648297295010989
10.703125 2.999172865162785 23.999999999999503 2.9955504608792025 23.999999688015798 0.005246109441955015
10.734375 2.999069351159128 23.99999999999951 2.994995726060424 23.99999963492474 0.00590317865247471
10.765625 2.998955994681517 23.999999999999517 2.9943887818280013 23.999999576059412 0.006622859852864577
10.796875 2.9988322988710316 23.999999999999524 2.9937271167081976 23.999999511874005 0.007408345450915949
10.828125 2.9986978030440374 23.9999999999995 2.9930084360539215 23.999999443328896 0.008262604215674192
10.859375 2.998552093110365 23.99999999999946 2.992230718575366 23.999999372075344 0.009188315376884767
10.890625 2.9983948126414783 23.99999999999946 2.991392275717911 23.99999930068825 0.01018779844269984
10.921875 2.9982256744804943 23.999999999999485 2.9904918131515026 23.99999923295667 0.01126293938012599
10.953125 2.9980444727618836 23.9999999999995 2.989528493506303 23.99999917424286 0.012415113953013106
10.984375 2.9978510951848616 23.99999999999947 2.9885019993684536 23.99999913192261 0.013645109164084353
11.015625 2.9976455353612046 23.9999999999994 2.9874125954417585 23.999999115920716 0.014953043897151557
11.046875 2.997427905036407 23.999999999999385 2.986261188691077 23.99999913935726 0.016338289999458067
11.078125 2.9971984459631993 23.999999999999456 2.985049385215896 23.999999219322714 0.017799395177961152
11.109375 2.996957541189455 23.999999999999524 2.9837795425616473 23.999999377801664 0.019334009203016627
11.140625 2.996705725508871 23.99999999999951 2.9824548161650783 23.999999642766007 0.020938815013958157
11.171875 2.9964436948133066 23.999999999999446 2.981079198651098 24.000000049458603 0.022609466399069394
11.203125 2.9961723140810506 23.9999999999994 2.979657550754633 24.00000064189191 0.02434053397314911
11.234375 2.995892623735946 23.9999999999994 2.9781956227329487 24.000001474594 0.026125461195244212
11.265625 2.9956058441188027 23.999999999999428 2.976700065259001 24.000002614643577 0.027956532153544326
11.296875 2.9953133778250662 23.999999999999424 2.9751784289375656 24.00000414403383 0.02982485279080091
11.328125 2.9950168096816268 23.99999999999942 2.973639151757273 24.000006162387493 0.031720347149536324
11.359375 2.9947179041607885 23.999999999999446 2.972091533982908 24.0000087900229 0.033631770080131254
11.390625 2.9944186000608575 23.99999999999946 2.9705457002080733 24.000012171373086 0.03554673767593849
11.421875 2.9941210023199654 23.999999999999446 2.9690125485285055 24.00001647880385 0.037451776478212004
11.453125 2.993827370872257 23.99999999999944 2.9675036870448808 24.000021916937317 0.039332392231319985
11.484375 2.9935401065027647 23.999999999999464 2.9660313581366498 24.000028727617046 0.041173158668053204
11.515625 2.9932617337083562 23.999999999999474 2.9646083511477395 24.000037195620443 0.04295782646966331
11.546875 2.992994880626118 23.99999999999946 2.963247904292216 24.000047655150485 0.04466945218057142
11.578125 2.992742256146289 23.999999999999446 2.9619635967391114 24.000060497075467 0.04629054646961692
11.609375 2.992506624383475 23.99999999999943 2.9607692319879373 24.00007617688994 0.04780324072547297
11.640625 2.992290776735956 23.99999999999941 2.959678713798508 24.000095223443783 0.04918947056157731
11.671875 2.992097501817466 23.99999999999939 2.9587059160679594 24.00011824857252 0.05043117439454236
11.703125 2.9919295535975223 23.9999999999994 2.9578645481333883 24.000145957801077 0.051510504859034176
11.734375 2.991789618134322 23.999999999999396 2.9571680170177648 24.00017916227201 0.052410050441439045
11.765625 2.9916802793271753 23.999999999999368 2.9566292881439225 24.000218792000073 0.05311306436428788
11.796875 2.991603984152531 23.999999999999343 2.9562607460402015 24.000265910531358 0.05360369744326279
11.828125 2.991563007878132 23.999999999999346 2.956074056559479 24.000321731098857 0.05386723137812902
11.859375 2.991559419772876 23.999999999999375 2.9560800321169842 24.00038763436775 0.05389030873688286
11.890625 2.9915950498449706 23.99999999999939 2.9562885014327733 24.000465187871317 0.05366115575656725
11.921875 2.9916714571476435 23.999999999999375 2.956708185254568 24.000556167276628 0.05316979402112389
11.953125 2.9917899001894637 23.99999999999934 2.957346579500602 24.00066257958139 0.05240823709138409
11.984375 2.991951309975242 23.99999999999931 2.9582098472259126 24.000786688291974 0.05137066825821273
12.015625 1.9921562661832533 23.999999999999332 2.959302720831592 24.000931040706845 0.05005359576840977
12.046875 1.9924049769553067 23.999999999999364 2.9606284158978737 24.001098497334098 0.048455982133748285
12.078125 1.9926972627380244 23.999999999999353 2.9621885579630924 24.001292263303313 0.046579344473933665
12.109375 1.9930325445668755 23.999999999999368 2.963983123677947 24.001515921903547 0.04442782325967287
12.140625 1.9934098371293094 23.999999999999385 2.9660103977052388 24.00177347018949 0.04200821730578457
12.171875 1.9938277468804664 23.999999999999403 2.968266946486868 24.002069355909377 0.03932998340777328
12.203125 1.9942844754146507 23.999999999999428 2.9707476102899992 24.00240851580668 0.03640519960818808
12.234375 1.9947778282190973 23.99999999999944 2.973445514935309 24.002796415366866 0.033248491709506556
12.265625 1.9953052288542983 23.9999999999994 2.9763521037557457 24.00323908791149 0.02987692330508533
12.296875 1.9958637385183833 23.999999999999368 2.9794571909628447 24.003743172868663 0.026309850264809496
12.328125 1.9964500808630294 23.999999999999325 2.982749037921566 24.004315954220623 0.022568741272777516
12.359375 1.9970606718366004 23.9999999999993 2.9862144511541056 24.004965393497248 0.018676966655785724
12.390625 1.9976916542381886 23.999999999999282 2.989838902235273 24.005700156009674 0.014659558348819613
12.421875 1.998338936575902 23.999999999999257 2.9936066722811017 24.006529636460385 0.01054294440308875
12.453125 1.99899823573599 23.999999999999297 2.997501016069938 24.007463970964075 0.006354661940193942
12.484375 1.99966512288816 23.999999999999346 3.0015043418810685 24.008514026918213 0.002123052880951984
12.515625 2.0003350719792268 23.99999999999934 3.0055984147395773 24.009691393567522 -0.002123052880951984
12.546875 2.0010035101037067 23.999999999999346 3.0097645726471387 24.011008350509844 -0.006354661940193942
12.578125 2.001665868988437 23.999999999999318 3.013983937905447 24.012477775162758 -0.01054294440308875
12.609375 2.002317636790849 23.999999999999304 3.0182376460241063 24.014113055227646 -0.014659558348819613
12.640625 2.0029544093882623 23.999999999999332 3.022507084076057 24.015927994139282 -0.018676966655785724
12.671875 2.0035719403304775 23.999999999999353 3.026774075953086 24.01793656447102 -0.022568741272777516
12.703125 2.0041661886404576 23.999999999999318 3.031021059941514 24.02015263922124 -0.026309850264809496
12.734375 2.0047333636785547 23.999999999999254 3.0352313076829924 24.022589834568706 -0.02987692330508533
12.765625 2.005269966334564 23.99999999999926 3.039389018172092 24.025261066143905 -0.033248491709506556
12.796875 2.005772825877947 23.999999999999282 3.043479290959204 24.028177853793295 -0.03640519960818808
12.828125 2.006239131878764 23.999999999999254 3.0474882560768304 24.031350067447082 -0.03932998340777328
12.859375 2.0066664607080895 23.999999999999233 3.051403114554199 24.03478551661318 -0.04200821730578457
12.890625 2.007052796234726 23.999999999999254 3.0552117024138115 24.038488474716452 -0.04442782325967287
12.921875 2.0073965444520256 23.999999999999254 3.0589022535361488 24.042458791850567 -0.046579344473933665
12.953125 2.007696541891378 23.99999999999923 3.0624636753231065 24.046692322116392 -0.048455982133748285
12.984375 2.007952057803844 23.99999999999921 3.065884945862469 24.051179344281213 -0.05005359576840977
13.015625 2.008162790215299 23.999999999999243 3.0691537218612037 24.055901251962233 -0.05137066825821273
13.046875 2.00832885607974 23.999999999999282 3.0722566576789774 24.060831405638975 -0.05240823709138409
13.078125 2.008450775866738 23.999999999999247 3.075180541098104 24.06593793258098 -0.05316979402112389
13.109375 2.0085294530196105 23.999999999999204 3.077910208545534 24.07117904693266 -0.05366115575656725
13.140625 2.0085661488081343 23.999999999999215 3.0804256682376527 24.0764966880633 -0.05389030873688286
13.171875 2.0085624531716793 23.999999999999265 3.0827052654710925 24.081824266837646 -0.05386723137812902
13.203125 2.0085202522039616 23.9999999999993 3.0847308240081537 24.08709884858018 -0.05360369744326279
13.234375 2.008441692968364 23.999999999999254 3.0864831859623365 24.092251117774822 -0.05311306436428788
13.265625 2.008329146352957 23.999999999999204 3.087933027972302 24.09718464288846 -0.052410050441439045
13.296875 2.008185168677084 23.99999999999919 3.0890470072076948 24.101790491910258 -0.051510504859034176
13.328125 2.0080124627478964 23.999999999999186 3.089809318469936 24.105997004490835 -0.05043117439454236
13.359375 2.007813839036519 23.999999999999183 3.0902270829326604 24.10978238090277 -0.04918947056157731
13.390625 2.0075921776016443 23.99999999999922 3.090300276525398 24.113106151239393 -0.04780324072547297
13.421875 2.007350391335105 23.999999999999265 3.089986143899828 24.11582791709094 -0.04629054646961692
13.453125 2.0070913910418033 23.999999999999265 3.089197718952999 24.117703905608998 -0.04466945218057142
13.484375 2.0068180527972337 23.999999999999226 3.0878291138578353 24.118443958849817 -0.04295782646966331
13.515625 2.0065331879522623 23.999999999999233 3.0857474978739527 24.11769203475511 -0.041173158668053204
13.546875 2.0062395160789253 23.999999999999243 3.0826722654061482 24.114742520885763 -0.039332392231319985
13.578125 2.0059396410749466 23.99999999999921 3.0779960415697203 24.108109689241942 -0.037451776478212004
13.609375 2.0056360305700376 23.99999999999916 3.070760396060196 24.095433536037522 -0.03554673767593849
13.640625 2.005330998705812 23.999999999999197 3.0605022334365914 24.07541531150344 -0.033631770080131254
13.671875 2.0050266922944235 23.999999999999257 3.0477079627470562 24.048937603251737 -0.031720347149536324
13.703125 2.00472508030019 23.999999999999268 3.033174091754823 24.017661920603363 -0.02982485279080091
13.734375 2.0044279465339434 23.999999999999197 3.017583854644563 23.983064133189373 -0.027956532153544326
13.765625 2.0041368854026347 23.99999999999909 3.0014074303232725 23.94618355776709 -0.026125461195244212
13.796875 2.0038533005169574 23.999999999999062 2.9849321242058653 23.90766728159817 -0.02434053397314911
13.828125 2.0035784059275388 23.99999999999917 2.968323099024496 23.86789387386454 -0.022609466399069394
13.859375 2.0033132297356175 23.999999999999226 2.9516741000689013 23.827083020094946 -0.020938815013958157
13.890625 2.0030586198067737 23.999999999999186 2.9350395571520864 23.78536700413422 -0.019334009203016627
13.921875 2.002815251305658 23.9999999999991 2.9184522164355977 23.74283050859586 -0.017799395177961152
13.953125 2.002583635765659 23.999999999999076 2.901932291524785 23.699531251724316 -0.016338289999458067
13.984375 2.0023641314091516 23.999999999999094 2.8854922804994345 23.655510698247575 -0.014953043897151557
14.015625 2.0021569544409092 23.999999999999105 2.8691396606732313 23.610799912889846 -0.013645109164084353
14.046875 2.0019621910485186 23.999999999999144 2.8528785096115206 23.565422980117518 -0.012415113953013106
14.078125 2.0017798098588795 23.999999999999158 2.8367105416715983 23.519399117633498 -0.01126293938012599
14.109375 2.0016096746180665 23.99999999999909 2.820635802698095 23.472744040902413 -0.01018779844269984
14.140625 2.001451556882483 23.999999999999076 2.8046531538923354 23.42547087823867 -0.009188315376884767
14.171875 2.0013051485314635 23.999999999999094 2.7887606202039352 23.377590805344205 -0.008262604215674192
14.203125 2.0011700739350933 23.99999999999914 2.7729556482741327 23.32911349779394 -0.007408345450915949
14.234375 2.0010459016347566 23.99999999999914 2.7572353017506424 23.28004746304829 -0.006622859852864577
14.265625 2.000932155417961 23.999999999999126 2.741596411705623 23.23040029273678 -0.00590317865247471
14.296875 2.0008283246923275 23.999999999999112 2.726035693654193 23.180178860636445 -0.005246109441955015
14.328125 2.0007338740862206 23.999999999999098 2.710549838733378 23.129389480119258 -0.004648297295010989
14.359375 2.0006482522247504 23.999999999999083 2.695135584283583 23.078038029001192 -0.004106280747108303
14.390625 2.0005708996496114 23.999999999999062 2.6797897678287526 23.026130048946662 -0.003616542405846326
14.421875 2.000501255869313 23.999999999999034 2.664509367669589 22.97367082654756 -0.0031755540804596885
14.453125 2.0004387655423828 23.999999999999037 2.649291532599169 22.920665460939883 -0.002779816426326757
14.484375 2.000382883810337 23.999999999999055 2.6341336026188995 22.867118919684952 -0.0024258931943456344
14.515625 2.0003330808092517 23.99999999999907 2.6190331221198644 22.813036083474273 -0.0021104402557239545
14.546875 2.000288845398872 23.999999999999105 2.6039878467715347 22.758421781151306 -0.001830229640059798
14.578125 2.0002496881562175 23.999999999999115 2.5889957451274874 22.703280817027018 -0.0015821688788247121
14.609375 2.00021514368686 23.999999999999115 2.574054995618398 22.64761799092256 -0.00136331598802327
14.640625 2.0001847723114263 23.999999999999147 2.559163979310072 22.591438109297286 -0.0011708904536466504
14.671875 2.000158161187567 23.999999999999126 2.5443212687979093 22.534745985763443 -0.0010022806024855794
14.703125 2.0001349249290046 23.99999999999906 2.5295256139550064 22.477546431736542 -0.0008550477499748933
14.734375 2.0001147057830932 23.999999999999016 2.5147759257744795 22.41984424104435 -0.0007269275171483163
14.765625 2.0000971734271373 23.999999999999012 2.500071259968614 22.361644174083764 -0.0006158287016735327
14.796875 2.000082024441668 23.999999999999044 2.4854108020648127 22.30295094718473 -0.0005198300745101878
14.828125 2.0000689815158195 23.999999999999112 2.4707938553384694 22.24376923169576 -0.00043717545516134556
14.859375 2.0000577924364102 23.99999999999917 2.456219832097417 22.184103665108523 -0.0003662673958988225
14.890625 2.0000482289084145 23.999999999999176 2.441688247865331 22.123958873344755 -0.0003056597797921633
14.921875 2.0000400852501032 23.99999999999914 2.4271987172908536 22.063339499981595 -0.00025404960983168684
14.953125 2.0000331770016975 23.999999999999126 2.4127509503624043 22.002250236136604 -0.00021026823778249598
14.984375 2.0000273394818504 23.999999999999137 2.3983447476897535 21.94069584486105 -0.00017327225240822825
15.015625 2.0000224263218147 23.99999999999915 2.383979994061238 21.878681175920057 -0.00014213421802187232
15.046875 2.0000183080027685 23.999999999999176 2.369656650071671 21.8162111696919 -0.00011603342650898227
15.078125 2.000014870417653 23.999999999999183 2.3553747421912927 21.753290851374746 -9.424679947325484e-05
15.109375 2.000012013474983 23.99999999999917 2.3411343520238943 21.689925318060773 -7.614005232250465e-05
15.140625 2.000009649758539 23.999999999999115 2.3269356056236736 21.626119721827706 -6.115920919813026e-05
15.171875 2.0000077032535266 23.999999999999048 2.312778663663196 21.56187925225946 -4.882253682205016e-05
15.203125 2.0000061081469394 23.999999999998977 2.2986637129548657 21.497209121207987 -3.871294668531413e-05
15.234375 2.000004807707262 23.999999999998984 2.284590959359824 21.432114550683732 -3.047089856032277e-05
15.265625 2.000003753246367 23.99999999999904 2.2705606217679914 21.366600762806822 -2.3787824056655596e-05
15.296875 2.0000029031646553 23.999999999999083 2.2565729268434884 21.30067297042514 -1.8400076786345152e-05
15.328125 2.000002222078809 23.999999999999083 2.2426281043943868 21.23433636781618 -1.4083405549510238e-05
15.359375 2.0000016800302545 23.999999999999062 2.2287263833679343 21.167596121875143 -1.0647938659910819e-05
15.390625 2.0000012517714083 23.999999999999005 2.214867988710722 21.10045736549766 -7.933660947464523e-06
15.421875 2.000000916125992 23.999999999998977 2.2010531393751167 21.032925194956842 -5.806359934410772e-06
15.453125 2.0000006554190985 23.99999999999897 2.1872820474032717 20.965004671167257 -4.154014011294916e-06
15.484375 2.0000004549723376 23.999999999998995 2.1735549180203293 20.896700824689255 -2.8835929655655025e-06
15.515625 2.0000003026591666 23.999999999999034 2.1598719512027382 20.828018667234772 -1.91823977061019e-06
15.546875 2.0000001885153615 23.999999999999 2.1462333451237967 20.758963212465233 -1.1948019652308614e-06
15.578125 2.0000001043997164 23.99999999999894 2.1326393012291445 20.689539505595356 -6.6168109169794e-07
15.609375 2.0000000437000343 23.999999999998934 2.1190900306305593 20.61975266066927 -2.769693754259723e-07
15.640625 2.0000000010797567 23.999999999999 2.1055857607142014 20.5496079000405 -6.84399496390746e-09
15.671875 1.9999999722608066 23.999999999999048 2.092126740043834 20.479110586017605 1.75809204796358e-07
15.703125 1.999999953838489 23.999999999999012 2.078713241847984 20.408266245850356 2.9256895874623466e-07
15.734375 1.99999994312456 23.99999999999896 2.0653455677418022 20.337080598668937 3.6047328921586107e-07
15.765625 1.9999999380148852 23.999999999998973 2.052024051180743 20.26555958180688 3.92858192564735e-07
15.796875 1.999999936878466 23.999999999999027 2.0387490604260825 20.193709375080633 4.00060811963365e-07
15.828125 1.9999999384649745 23.99999999999905 2.025521002016654 20.121536428300132 3.900056158431509e-07
15.859375 1.999999941828117 23.99999999999905 2.0123403217851266 20.049047475898103 3.686901735755997e-07
15.890625 1.999999946262494 23.999999999999048 1.9992075030776133 19.976249536043944 3.405852802832484e-07
15.921875 1.9999999512519318 23.99999999999905 1.9861230694806093 19.903149934616337 3.089624517400078e-07
15.953125 1.9999999564274606 23.999999999999062 1.9730875894845477 19.829756340760063 2.7616020174017365e-07
15.984375 1.9999999615333968 23.999999999999083 1.9601016829073132 19.756076813438256 2.4379903603245343e-07
16.015625 1.9999999664001518 23.999999999999055 1.9471660424536967 19.68211993640495 2.129537521443204e-07
16.046875 1.9999999709226364 23.99999999999902 1.9342814567540603 19.607894967054797 1.842904225897277e-07
16.078125 1.999999975043218 23.999999999999012 1.9214488233700713 19.53341193334365 1.581743565263702e-07
16.109375 1.999999978738412 23.99999999999899 1.9086691677240861 19.458681767830676 1.3475437614470108e-07
16.140625 1.9999999820086234 23.99999999999894 1.8959436582837204 19.38371642528217 1.1402790157076528e-07
16.171875 1.9999999848703152 23.999999999998884 1.8832736035754347 19.308528896062974 9.589060343071351e-08
16.203125 1.9999999873501126 23.99999999999888 1.870660487371656 19.23313344577519 8.017374642759501e-08
16.234375 1.999999989480448 23.999999999998927 1.8581059969283225 19.1575458228305 6.667180104523568e-08
16.265625 1.9999999912964004 23.999999999999005 1.8456119804202338 19.081783046673042 5.5162434587404565e-08
16.296875 1.9999999928334713 23.99999999999908 1.8331804831078706 19.005863655806834 4.542059821685135e-08
16.328125 1.9999999941260849 23.999999999999115 1.8208137122689063 18.92980753582121 3.722809494294276e-08
16.359375 1.999999995206614 23.99999999999907 1.8085138690248308 18.853634918943925 3.037973662956737e-08
16.390625 1.9999999961048132 23.999999999999016 1.7962832146340237 18.77736676540911 2.4686968687730042e-08
16.421875 1.999999996847528 23.999999999998987 1.7841239526267023 18.70102407360307 1.9979652470463198e-08
16.453125 1.9999999974586191 23.999999999998934 1.772037866020461 18.624625516527956 1.610654146399652e-08
16.484375 1.9999999979590362 23.999999999998852 1.7600264410067066 18.548188208465753 1.2934862794373492e-08
16.515625 1.9999999983669796 23.99999999999882 1.748090782099882 18.47172702103528 1.0349315607112637e-08
16.546875 1.9999999986980996 23.999999999998845 1.7362313592636545 18.395252757545514 8.250718395545009e-09
16.578125 1.9999999989657398 23.9999999999989 1.7244493269403116 18.318781308014188 6.554474776039984e-09
16.609375 1.9999999991811914 23.99999999999895 1.7127463932366618 18.242331377256058 5.1889784705830064e-09
16.640625 1.999999999353948 23.999999999998934 1.7011240394107165 18.165920991192422 4.094040754180995e-09
16.671875 1.9999999994919444 23.999999999998877 1.6895857924458209 18.08958365650424 3.219395161131922e-09
16.703125 1.99999999960177 23.999999999998863 1.6781332490439471 18.0133357354235 2.523312985973188e-09
16.734375 1.9999999996888593 23.999999999998863 1.666766956877478 17.937191687669753 1.971347542156692e-09
16.765625 1.9999999997576685 23.999999999998828 1.655494931408283 17.86121931844049 1.5352140059132596e-09
16.796875 1.9999999998118523 23.999999999998835 1.6443305234841035 17.785508178800193 1.191803958165589e-09
16.828125 1.999999999854373 23.999999999998877 1.6333132677848126 17.710347001261724 9.22328624068492e-10
16.859375 1.9999999998876246 23.999999999998888 1.622533918095333 17.636392459695223 7.115816430660233e-10
16.890625 1.9999999999135414 23.99999999999889 1.6121295157689879 17.56458398262303 5.473104646628257e-10
16.921875 1.9999999999336762 23.999999999998884 1.6023253459988138 17.496527507001975 4.196847518033573e-10
16.953125 1.9999999999492695 23.999999999998867 1.5934695085596076 17.434841315418396 3.2085017244722926e-10
16.984375 1.9999999999613078 23.999999999998856 1.5859176381298212 17.381924625182826 2.445564327745659e-10
17.015625 1.999999999970571 23.99999999999885 1.580066731183229 17.340558241267775 1.8584917425466984e-10
17.046875 1.9999999999776783 23.99999999999887 1.5763157607670324 17.314439891013862 1.4081629059050188e-10
17.078125 1.999999999983118 23.999999999998927 1.574270193034365 17.300082391712795 1.0638022529341046e-10
17.109375 1.9999999999872626 23.99999999999895 1.5732198732433007 17.29211019119921 8.012882088826562e-11
17.140625 1.9999999999904077 23.999999999998913 1.572732382175507 17.288609990603554 6.017826279695694e-11
17.171875 1.999999999992787 23.999999999998877 1.572457060136742 17.286900907612875 4.506256740414861e-11
17.203125 1.999999999994586 23.99999999999885 1.572228571099405 17.285454927008768 3.364488926874075e-11
17.234375 1.9999999999959412 23.99999999999885 1.5719561867515313 17.283667198085865 2.5046660111161175e-11
17.265625 1.9999999999969598 23.999999999998856 1.5716149911424298 17.281180851187656 1.8591221278310382e-11
17.296875 1.99999999999772 23.999999999998842 1.5713001178189225 17.27860720468889 1.3759175065993107e-11
17.328125 1.9999999999982883 23.99999999999884 1.5711333731548351 17.27724575185144 1.0153164275917284e-11
17.359375 1.9999999999987146 23.99999999999885 1.5710787369743695 17.276959981950615 7.470200829441743e-12
17.390625 1.9999999999990319 23.999999999998863 1.5710530975440786 17.276881451481827 5.480010911465506e-12
17.421875 1.9999999999992628 23.999999999998856 1.5710356577482136 17.276841616094885 4.008153816462366e-12
17.453125 1.9999999999994311 23.99999999999883 1.5710210192409022 17.276779152494047 2.922911974610753e-12
17.484375 1.9999999999995517 23.999999999998792 1.570999301589374 17.276570736030088 2.1251475998174054e-12
17.515625 1.9999999999996423 23.999999999998764 1.5709543235571852 17.27607079989436 1.5404834363647938e-12
17.546875 1.9999999999997062 23.99999999999873 1.5709077949873365 17.275638054473937 1.113296906264696e-12
17.578125 1.9999999999997506 23.999999999998693 1.5708936918274414 17.2755572878093 8.021235938183894e-13
17.609375 1.999999999999785 23.999999999998696 1.5708981944654816 17.27563316062354 5.761517913992377e-13
17.640625 1.9999999999998135 23.999999999998742 1.570915464342371 17.275801688784654 4.1255848706260836e-13
17.671875 1.9999999999998388 23.999999999998792 1.570935470295899 17.275912515788285 2.9449184610589434e-13
17.703125 1.999999999999858 23.999999999998842 1.5709586550567762 17.276049415526046 2.0954856369736308e-13
17.734375 1.999999999999871 23.999999999998877 1.5710114080880704 17.276371085674757 1.4862863863463673e-13
17.765625 1.9999999999998757 23.999999999998845 1.5710903318711895 17.276858004703364 1.050769502468153e-13
17.796875 1.9999999999998757 23.99999999999881 1.571160060459699 17.277331016583567 7.404199539793786e-14
17.828125 1.99999999999988 23.99999999999882 1.5712049353023128 17.277662904726917 5.1998468342356297e-14
17.859375 1.9999999999998843 23.999999999998828 1.5712352237553944 17.277871842339206 3.63930197719041e-14
17.890625 1.999999999999884 23.99999999999882 1.5712714175997113 17.278111678924557 2.53822982660602e-14
17.921875 1.9999999999998792 23.99999999999878 1.5713284122095819 17.27848482427411 1.7639885483553146e-14
17.953125 1.9999999999998752 23.999999999998735 1.5714031521682383 17.278972736277513 1.2214485147172358e-14
17.984375 1.9999999999998785 23.999999999998735 1.5714853565646116 17.279501060252006 8.426110147273168e-15
18.015625 1.9999999999998836 23.999999999998746 1.571567152163845 17.280054469827807 5.790342783568785e-15
18.046875 1.9999999999998834 23.999999999998735 1.5716323679364157 17.280531763668293 3.963263749308563e-15
18.078125 1.9999999999998805 23.999999999998714 1.5716619124192812 17.280730754058517 2.7015457262591083e-15
18.109375 1.9999999999998812 23.999999999998728 1.5716747264970636 17.280786410067556 1.833634667520214e-15
18.140625 1.9999999999998836 23.999999999998757 1.5716857714812469 17.28083130375643 1.2390097532254693e-15
18.171875 1.999999999999881 23.999999999998746 1.571700034199062 17.280900303760614 8.333090963179003e-16
18.203125 1.9999999999998788 23.99999999999873 1.5717228569639619 17.28102763505834 5.576995431938721e-16
18.234375 1.9999999999998788 23.999999999998707 1.5717530677320197 17.281224346222235 3.7130643844254734e-16
18.265625 1.9999999999998792 23.9999999999987 1.5717809540208916 17.281419142869105 2.4584179170539287e-16
18.296875 1.9999999999998788 23.999999999998685 1.5717954720686906 17.281504805340738 1.6180622920595578e-16
18.328125 1.9999999999998734 23.99999999999865 1.5718019272591932 17.281525437480536 1.0581352319837788e-16
18.359375 1.999999999999868 23.99999999999863 1.5718052423255309 17.281519295328273 6.871293963104205e-17
18.390625 1.9999999999998672 23.999999999998636 1.5718065991853136 17.281497092817062 4.427650759039602e-17
18.421875 1.9999999999998748 23.999999999998696 1.5718070617969118 17.281471333932302 2.828480622676629e-17
18.453125 1.9999999999998834 23.999999999998774 1.571807930631968 17.281456284278885 1.7892814642745072e-17
18.484375 1.9999999999998845 23.99999999999881 1.5718094451278788 17.281453728994343 1.1191819602844879e-17
18.515625 1.9999999999998808 23.999999999998792 1.5718108645556796 17.281452359134995 6.908033070364404e-18
18.546875 1.9999999999998754 23.999999999998764 1.5718115494867437 17.28144203679639 4.1961531058258706e-18
18.578125 1.9999999999998719 23.999999999998714 1.5718102697861065 17.281407854659772 2.498590031010466e-18
18.609375 1.9999999999998685 23.999999999998654 1.5718077967315325 17.28135790187338 1.449916056694189e-18
18.640625 1.9999999999998672 23.99999999999862 1.5718054567822488 17.281309638142822 8.123242558628094e-19
18.671875 1.999999999999864 23.999999999998593 1.5718039937584738 17.281275059938096 4.3225443940309184e-19
18.703125 1.9999999999998612 23.999999999998558 1.571803423079842 17.281256994434898 2.1139984100659238e-19
18.734375 1.9999999999998586 23.99999999999853 1.57180280387254 17.281242796675265 8.743644241968582e-20
18.765625 1.9999999999998574 23.999999999998533 1.5718012647513329 17.28122069823965 2.1292021952213176e-20
18.796875 1.999999999999858 23.999999999998558 1.5717983343651742 17.28118098571493 -1.120966778113034e-20
18.828125 1.9999999999998603 23.999999999998586 1.5717946480123304 17.281126355382433 -2.4794409328619503e-20
18.859375 1.999999999999862 23.999999999998604 1.5717910827547834 17.281069129035362 -2.8258874022225216e-20
18.890625 1.9999999999998619 23.999999999998607 1.5717883433090696 17.2810220022148 -2.672813031849725e-20
18.921875 1.9999999999998614 23.999999999998607 1.5717867278156379 17.280992604925046 -2.3088901174160298e-20
18.953125 1.9999999999998685 23.999999999998664 1.5717856373691017 17.28097415662041 -1.8889436847287846e-20
18.984375 1.9999999999998788 23.99999999999875 1.5717842643081215 17.280954656013854 -1.489719778190366e-20
19.015625 1.9999999999998843 23.999999999998796 1.5717821156703584 17.280925295220015 -1.143913179228943e-20
19.046875 1.9999999999998825 23.99999999999878 1.571779219351562 17.280883082292462 -8.605353010410987e-21
19.078125 1.9999999999998743 23.999999999998714 1.5717761065883313 17.280835269271563 -6.368100805829833e-21
19.109375 1.9999999999998612 23.99999999999859 1.5717734201493476 17.280792263702793 -4.648962114637106e-21
19.140625 1.9999999999998543 23.999999999998508 1.57177159238688 17.280762056710174 -3.3550959936201877e-21
19.171875 1.9999999999998614 23.999999999998558 1.5717705018024724 17.28074412403364 -2.397332648142728e-21
19.203125 1.9999999999998748 23.999999999998668 1.571769537584961 17.280729325069373 -1.698014209741317e-21
19.234375 1.999999999999879 23.999999999998714 1.5717681842868425 17.28070967308316 -1.193295339358929e-21
19.265625 1.9999999999998737 23.999999999998675 1.571766047637139 17.28067795298332 -8.326656155385357e-22
19.296875 1.9999999999998634 23.99999999999858 1.5717632474561922 17.280635579222768 -5.77259160798956e-22
19.328125 1.9999999999998577 23.999999999998526 1.5717603918820384 17.280591775551404 -3.977987490968176e-22
19.359375 1.9999999999998606 23.999999999998565 1.5717580986265194 17.28055611084937 -2.7260073698019643e-22
19.390625 1.999999999999865 23.999999999998586 1.5717566759917823 17.28053376951105 -1.8582826090560647e-22
19.421875 1.9999999999998672 23.999999999998607 1.571755760224044 17.280519416926538 -1.2605058654817386e-22
19.453125 1.9999999999998679 23.99999999999862 1.5717547941209666 17.280504704949685 -8.510108664216983e-23
19.484375 1.9999999999998634 23.999999999998593 1.5717533570562718 17.28048301518556 -5.719737357640802e-23
19.515625 1.9999999999998592 23.999999999998565 1.5717513731808337 17.280452976452793 -3.8277972523577195e-23
19.546875 1.9999999999998583 23.999999999998565 1.5717492296690476 17.280420407451963 -2.5510813027808987e-23
19.578125 1.9999999999998583 23.999999999998572 1.5717474182190823 17.280392636265898 -1.6934177460038927e-23
19.609375 1.9999999999998583 23.999999999998558 1.5717462612386126 17.280374710628667 -1.1197544736359961e-23
19.640625 1.999999999999857 23.999999999998543 1.5717456038983872 17.280364343365466 -7.376468727502132e-24
19.671875 1.9999999999998548 23.999999999998522 1.571745042501056 17.280355502659823 -4.8415436441065506e-24
19.703125 1.9999999999998517 23.9999999999985 1.5717442602073335 17.28034355944211 -3.1664072085467803e-24
19.734375 1.9999999999998546 23.999999999998522 1.571743009187901 17.280324435956217 -2.063626327147327e-24
19.765625 1.9999999999998597 23.999999999998536 1.5717413431723268 17.280299130621138 -1.3403152088627167e-24
19.796875 1.9999999999998632 23.999999999998558 1.571739611013117 17.280272834988654 -8.676038409735593e-25
19.828125 1.999999999999865 23.999999999998593 1.5717381688416598 17.280250840431574 -5.5975613110885925e-25
19.859375 1.9999999999998652 23.99999999999863 1.5717372160484875 17.280236267592485 -3.599654906553355e-25
19.890625 1.9999999999998626 23.99999999999863 1.5717365852872276 17.280226498778866 -2.3074218514254646e-25
19.921875 1.999999999999857 23.999999999998558 1.571735921026505 17.280216298099774 -1.474398097469421e-25
19.953125 1.999999999999853 23.999999999998497 1.5717348474781292 17.280200043434675 -9.391605402168255e-26
19.984375 1.9999999999998552 23.999999999998504 1.571732920756026 17.280170813966294 -5.963706537766583e-26
20.015625 1.9999999999998574 23.999999999998526 1.57173011706306 17.280128572355405 -3.775344399229274e-26
20.046875 1.9999999999998583 23.999999999998554 1.5717269687423918 17.280081265886025 -2.3827139994964814e-26
20.078125 1.9999999999998588 23.99999999999857 1.5717240688207 17.280037667518293 -1.49924343140427e-26
20.109375 1.9999999999998568 23.999999999998565 1.5717218642447 17.280004484422378 -9.405155247393542e-27
20.140625 1.999999999999854 23.999999999998522 1.5717203995994413 17.279982421143814 -5.882486307471667e-27
20.171875 1.9999999999998521 23.999999999998476 1.5717191694441817 17.279963821449858 -3.668289004728993e-27
20.203125 1.9999999999998503 23.999999999998447 1.5717175197850741 17.279939021337544 -2.2807587812770227e-27
20.234375 1.9999999999998472 23.99999999999843 1.5717146470117476 17.279895798201228 -1.4138812796945444e-27
20.265625 1.9999999999998463 23.999999999998455 1.571710139419178 17.27982819528116 -8.73912572067705e-28
20.296875 1.9999999999998488 23.999999999998515 1.5717045139034194 17.27974400284015 -5.38576355657764e-28
20.328125 1.9999999999998543 23.999999999998572 1.571698475657737 17.27965366698253 -3.3094267750190695e-28
20.359375 1.9999999999998606 23.99999999999862 1.571692344335406 17.27956194991027 -2.027615344466844e-28
20.390625 1.9999999999998659 23.999999999998664 1.5716858600049812 17.27946497728688 -1.238642375332453e-28
20.421875 1.9999999999998637 23.999999999998636 1.5716783698058916 17.279353003250993 -7.544549486732463e-29
20.453125 1.9999999999998535 23.999999999998536 1.5716693565911601 17.27921830826459 -4.5819074330769235e-29
20.484375 1.9999999999998437 23.999999999998444 1.5716588954938375 17.279062013507726 -2.774487006777097e-29
20.515625 1.9999999999998415 23.999999999998423 1.5716476045371364 17.27889334090449 -1.6750947021985322e-29
20.546875 1.9999999999998428 23.999999999998423 1.5716361605726936 17.278722391459482 -1.0083523940785047e-29
20.578125 1.9999999999998441 23.999999999998426 1.5716245559108515 17.278549052222065 -6.0519690049571036e-30
20.609375 1.9999999999998441 23.999999999998423 1.571611440694433 17.278353180876422 -3.621484103504994e-30
20.640625 1.999999999999844 23.999999999998423 1.5715943108730341 17.278097413201195 -2.1606037380466126e-30
20.671875 1.9999999999998477 23.99999999999845 1.5715708438928495 17.2777470951128 -1.2851516331372023e-30
20.703125 1.9999999999998526 23.999999999998487 1.571540808948833 17.277298785335038 -7.621057735477044e-31
20.734375 1.9999999999998521 23.999999999998487 1.5715063562382636 17.276784567409926 -4.505546363689017e-31
20.765625 1.9999999999998455 23.999999999998437 1.571470879472878 17.27625507853748 -2.65545774288298e-31
20.796875 1.9999999999998392 23.99999999999841 1.571437636914362 17.275758933952574 -1.5601918693651058e-31
20.828125 1.9999999999998368 23.999999999998398 1.5714078310479291 17.275314074754498 -9.137948787512768e-32
20.859375 1.9999999999998412 23.99999999999845 1.5713783556625356 17.27487415389739 -5.335009896503985e-32
20.890625 1.9999999999998508 23.99999999999854 1.571342277412319 17.274335724716238 -3.104698038737646e-32
20.921875 1.9999999999998557 23.99999999999858 1.5712925345362447 17.273593430361785 -1.8008638503315503e-32
20.953125 1.9999999999998537 23.999999999998558 1.5712277601040883 17.272626885464003 -1.04111138669265e-32
20.984375 1.9999999999998486 23.9999999999985 1.5711533664592168 17.271516847808655 -5.998506676741735e-33
21.015625 1.9999999999998441 23.99999999999844 1.571077839000176 17.270389918570135 -3.444218049896123e-33
21.046875 1.9999999999998437 23.99999999999844 1.5710091035150349 17.2693643417272 -1.9706444301768363e-33
21.078125 1.9999999999998486 23.999999999998483 1.5709501757658901 17.268485102730757 -1.123468433039923e-33
21.109375 1.999999999999854 23.999999999998547 1.5708942523054477 17.267650698407472 -6.381297208125961e-34
21.140625 1.9999999999998574 23.99999999999858 1.5708267954016346 17.26664425154025 -3.610838991254936e-34
21.171875 1.999999999999856 23.999999999998558 1.570734131100786 17.265261788748955 -2.0352048920353324e-34
21.203125 1.9999999999998546 23.999999999998533 1.570615184452977 17.263487300644336 -1.142489249897584e-34
21.234375 1.99999999999985 23.9999999999985 1.5704817359527503 17.261496545740712 -6.386682306426079e-35
21.265625 1.9999999999998457 23.999999999998483 1.5703501811083367 17.25953410574485 -3.554705609886775e-35
21.296875 1.999999999999846 23.9999999999985 1.570234693997627 17.257811397314118 -1.969481613251063e-35
21.328125 1.9999999999998463 23.99999999999849 1.5701392209652052 17.256387260307363 -1.0859796109704051e-35
21.359375 1.9999999999998423 23.999999999998437 1.570049896120055 17.255054859724474 -5.957967746992783e-36
21.390625 1.9999999999998372 23.999999999998376 1.5699419399503076 17.25344460941508 -3.251223154159321e-36
21.421875 1.999999999999833 23.999999999998348 1.5697956963821642 17.251263381192437 -1.764039657518716e-36
21.453125 1.9999999999998308 23.999999999998344 1.569613790064348 17.24855037706015 -9.512456240138327e-37
21.484375 1.999999999999831 23.999999999998362 1.5694167723292125 17.245612141514883 -5.095304745953352e-37
21.515625 1.9999999999998375 23.99999999999842 1.5692297403302886 17.242822960955166 -2.709319313161419e-37
21.546875 1.9999999999998423 23.99999999999846 1.5690724257852053 17.240477046181365 -1.4289429136809048e-37
21.578125 1.9999999999998437 23.99999999999846 1.568947138416889 17.238608781301387 -7.467854512244359e-38
21.609375 1.9999999999998364 23.999999999998387 1.568830945375157 17.236876175974807 -3.862246412839405e-38
21.640625 1.9999999999998277 23.999999999998305 1.5686910222768509 17.23478980689213 -1.9733640409492698e-38
21.671875 1.9999999999998248 23.999999999998266 1.5685076758211238 17.232056100369704 -9.937973385277114e-39
21.703125 1.9999999999998266 23.99999999999827 1.5682906150794373 17.22881988638354 -4.9171664344323987e-39
21.734375 1.999999999999833 23.99999999999832 1.5680666692917877 17.225481205882247 -2.379148315477548e-39
21.765625 1.9999999999998384 23.999999999998355 1.567863150097619 17.222447214507024 -1.1175793032213454e-39
21.796875 1.9999999999998384 23.999999999998362 1.5676964162305622 17.21996171489696 -5.035814308975148e-40
21.828125 1.99999999999983 23.99999999999832 1.567562132050944 17.21796000588148 -2.128823627925937e-40
21.859375 1.999999999999823 23.999999999998284 1.567437457138024 17.216101592703254 -8.040211368904828e-41
21.890625 1.9999999999998255 23.99999999999831 1.5672986615375784 17.214032773323773 -2.3380523158598155e-41
21.921875 1.9999999999998357 23.9999999999984 1.5671355578485715 17.211601735060796 -1.1041630246284527e-42
21.953125 1.999999999999842 23.999999999998465 1.566952177521105 17.208868603928703 5.97690423008472e-42
21.984375 1.9999999999998408 23.999999999998444 1.566755390633558 17.205935805860662 6.949926403797957e-42
22.015625 1.9999999999998392 23.99999999999844 1.5665474179145709 17.202836464961727 5.846063377957028e-42
22.046875 1.9999999999998388 23.999999999998447 1.5663282448212534 17.19957038952964 4.325788212120148e-42
22.078125 1.999999999999834 23.9999999999984 1.5661040286658627 17.19622934999052 2.984371359915005e-42
22.109375 1.999999999999831 23.999999999998373 1.5658927636321929 17.1930814611893 1.9689254483153933e-42
22.140625 1.9999999999998328 23.999999999998384 1.5657223436473156 17.1905422826123 1.258888113997978e-42
22.171875 1.9999999999998348 23.9999999999984 1.5656238524818138 17.189074846342482 7.862381985663504e-43
22.203125 1.9999999999998335 23.99999999999838 1.5656285764930602 17.189145195562638 4.8208921257584945e-43
22.234375 1.9999999999998324 23.999999999998366 1.5657940835475164 17.191610980226216 2.91205779188509e-43
22.265625 1.999999999999832 23.999999999998362 1.566254124322318 17.198465438367183 1.7371316768754017e-43
22.296875 1.9999999999998272 23.999999999998323 1.567278325241538 17.213728471615447 1.025195040406753e-43
22.328125 1.999999999999821 23.999999999998263 1.5693323519398534 17.24434973228483 5.993943055649722e-44
22.359375 1.9999999999998184 23.99999999999822 1.5729716781811531 17.298645699695637 3.4754386748737267e-44
22.390625 1.9999999999998197 23.999999999998217 1.5784437471530057 17.380380931719476 2.0001391905388715e-44
22.421875 1.999999999999822 23.999999999998238 1.5855739974351828 17.48704944434971 1.1432892156771465e-44
22.453125 1.9999999999998215 23.999999999998252 1.594005948249804 17.613433690530982 6.494345351696857e-45
22.484375 1.9999999999998193 23.999999999998234 1.603378929011851 17.754233153217207 3.6677085226756304e-45
22.515625 1.9999999999998184 23.999999999998224 1.6133984968224175 17.9051067103853 2.060150041016556e-45
22.546875 1.9999999999998197 23.999999999998238 1.6238515653634344 18.062904223082988 1.1512940178789018e-45
22.578125 1.9999999999998213 23.99999999999823 1.634596205097664 18.225523424158563 6.402876193520721e-46
22.609375 1.9999999999998221 23.99999999999823 1.6455430326588703 18.39163915781854 3.544595714090166e-46
22.640625 1.9999999999998257 23.99999999999826 1.6566372697137774 18.56043965368061 1.9536579209753196e-46
22.671875 1.9999999999998272 23.99999999999829 1.6678451975797355 18.731426209811325 1.0722511834554478e-46
22.703125 1.999999999999825 23.999999999998273 1.679145352077065 18.904282434019997 5.8610728285051535e-47
22.734375 1.9999999999998224 23.999999999998252 1.6905233429698954 19.07879710599802 3.1911596593010844e-47
22.765625 1.9999999999998275 23.99999999999831 1.70196896596588 19.25482112001716 1.7308607822853055e-47
22.796875 1.9999999999998326 23.999999999998344 1.7134745945910619 19.43224349996743 9.353267962350299e-48
22.828125 1.9999999999998292 23.999999999998302 1.7250342366461435 19.61097731570825 5.0360797287801475e-48
22.859375 1.999999999999821 23.999999999998217 1.7366429319942063 19.79095066863958 2.702002356417873e-48
22.890625 1.9999999999998128 23.999999999998153 1.7482963357279475 19.972100415229193 1.4446905109718582e-48
22.921875 1.9999999999998128 23.99999999999816 1.7599904111858753 20.154367502335546 7.698188899911537e-49
22.953125 1.9999999999998228 23.999999999998252 1.7717211914125204 20.337693297852635 4.0883930329748965e-49
22.984375 1.9999999999998348 23.999999999998355 1.7834845813069196 20.522016500933912 2.164163558795051e-49
23.015625 1.9999999999998368 23.999999999998362 1.7952761784237254 20.707270296992323 1.1418828486624206e-49
23.046875 1.9999999999998312 23.99999999999832 1.8070910928388266 20.8933794541023 6.005727064687491e-50
23.078125 1.9999999999998233 23.999999999998256 1.8189237468437947 21.080257056649316 3.1487547339947423e-50
23.109375 1.999999999999814 23.999999999998177 1.8307676332564162 21.267800534590876 1.645720846417934e-50
23.140625 1.9999999999998104 23.999999999998163 1.8426150060207636 21.45588655870494 8.574936586047256e-51
23.171875 1.9999999999998135 23.99999999999821 1.8544564668286883 21.644364205632844 4.454253611117328e-51
23.203125 1.9999999999998217 23.999999999998288 1.8662803934597638 21.833045497377054 2.3067406877601848e-51
23.234375 1.9999999999998312 23.999999999998373 1.8780721232788098 22.021691886969556 1.1909998921582205e-51
23.265625 1.999999999999834 23.99999999999838 1.8898127481284988 22.20999431816688 6.1308674558564455e-52
23.296875 1.9999999999998286 23.999999999998327 1.901477280951223 22.397542901839145 3.1465632025112256e-52
23.328125 1.9999999999998206 23.99999999999826 1.9130318116310248 22.583779880268473 1.6101315822779676e-52
23.359375 1.9999999999998106 23.999999999998188 1.9244291085723735 22.767926847153383 8.214889684997225e-53
23.390625 1.9999999999998053 23.99999999999816 1.9356020639906273 22.94887611885304 4.178897469918695e-53
23.421875 1.9999999999998062 23.99999999999816 1.9464546957375195 23.125041183130936 2.119554414886232e-53
23.453125 1.9999999999998086 23.99999999999818 1.9568514899349372 23.29417870673454 1.07189611230049e-53
23.484375 1.999999999999815 23.999999999998227 1.9666079395762344 23.453228922474462 5.404899700758321e-54
23.515625 1.9999999999998197 23.999999999998263 1.9754877617394557 23.598265336967245 2.71737836329482e-54
23.546875 1.9999999999998181 23.99999999999824 1.98321345875518 23.724665611867938 1.3621972531801136e-54
23.578125 1.999999999999814 23.99999999999821 1.989494109943929 23.82757087493428 6.808576983337657e-55
23.609375 1.9999999999998097 23.999999999998177 1.994080982660257 23.902809152390898 3.3931056550831865e-55
23.640625 1.9999999999998026 23.99999999999811 1.9969263194040596 23.94951692808256 1.686011193240446e-55
23.671875 1.999999999999799 23.999999999998067 1.998434455118078 23.974282923256958 8.352991740634592e-56
23.703125 1.9999999999998028 23.99999999999809 1.9992048285299808 23.986936499442923 4.126081146814488e-56
23.734375 1.9999999999998082 23.999999999998124 1.999601163680233 23.99344741988064 2.0320867377757505e-56
23.765625 1.9999999999998135 23.999999999998174 1.9998034569154355 23.996770880836795 9.978129800561989e-57
23.796875 1.999999999999817 23.999999999998213 1.99990485255639 23.998436750983643 4.884848740431868e-57
23.828125 1.9999999999998228 23.999999999998273 1.9999546315658367 23.99925460189172 2.3841835575636754e-57
23.859375 1.99999999999983 23.999999999998344 1.999978604997999 23.999648477495214 1.1601261438237894e-57
23.890625 1.9999999999998295 23.999999999998344 1.999989964368142 23.999835103707795 5.6277758939184945e-58
23.921875 1.9999999999998221 23.999999999998273 1.9999952825181813 23.9999224641517 2.7215866533612825e-58
23.953125 1.9999999999998144 23.9999999999982 1.9999977631050985 23.999963188534444 1.3120415267055653e-58
23.984375 1.99999999999981 23.999999999998153 1.9999989337152073 23.999982394414758 6.305182608170241e-59
24.015625 1.999999999999811 23.999999999998156 1.9999994999960722 23.99999171920522 3.0203361416968546e-59
24.046875 1.9999999999998057 23.999999999998135 1.9999997799347842 23.999996361948646 1.442119640701555e-59
24.078125 1.999999999999797 23.99999999999808 1.99999991883624 23.999998661881282 6.863006283915339e-60
24.109375 1.9999999999997915 23.999999999998032 1.9999999848221375 23.999999751912284 3.2551487659220895e-60
24.140625 1.9999999999997906 23.99999999999802 2.0000000123831967 24.000000206698683 1.5386651948267813e-60
24.171875 1.9999999999997948 23.99999999999807 2.000000019362928 24.00000032090023 7.247774453020917e-61
24.203125 1.9999999999998026 23.999999999998145 2.000000015858892 24.00000026217239 3.401882857024736e-61
24.234375 1.9999999999998133 23.99999999999823 2.000000008556113 24.000000141222248 1.590929990931295e-61
24.265625 1.9999999999998206 23.9999999999983 2.0000000018704376 24.000000030842532 7.4123871613528855e-62
24.296875 1.9999999999998235 23.999999999998302 1.999999997996665 23.999999967086875 3.4402769321153487e-62
24.328125 1.9999999999998233 23.999999999998263 1.9999999970798825 23.999999952033864 1.5903905636321816e-62
24.359375 1.999999999999818 23.9999999999982 1.9999999979861913 23.99999996690901 7.321984942534789e-63
24.390625 1.99999999999981 23.999999999998128 1.9999999993605737 23.99999998948919 3.356600044717967e-63
24.421875 1.9999999999998037 23.9999999999981 2.0000000003243725 24.000000005330214 1.5319234162033377e-63
24.453125 1.9999999999998033 23.999999999998103 2.000000000629463 24.000000010343435 6.959052145299416e-64
24.484375 1.9999999999997988 23.99999999999808 2.000000000463367 24.000000007614304 3.145813634902412e-64
24.515625 1.9999999999998002 23.999999999998053 2.0000000001474803 24.000000002424365 1.414693107295441e-64
24.546875 1.9999999999997964 23.99999999999805 1.9999999999151572 23.999999998607315 6.326920398120275e-65
24.578125 1.999999999999805 23.999999999998046 1.9999999998402758 23.999999997377046 2.8128757645194546e-65
24.609375 1.9999999999997977 23.99999999999804 1.999999999879804 23.99999999802657 1.2425942366207413e-65
24.640625 1.9999999999998124 23.99999999999805 1.9999999999543685 23.999999999251553 5.451008665905134e-66
24.671875 1.9999999999997948 23.99999999999806 2.00000000000741 24.000000000123116 2.372921497325267e-66
24.703125 1.9999999999998233 23.9999999999981 2.000000000023181 24.00000000038202 1.0241461876918614e-66
24.734375 1.9999999999997866 23.99999999999816 2.000000000013924 24.000000000230198 4.377446861968469e-67
24.765625 1.9999999999998463 23.9999999999982 1.999999999999131 23.99999999998682 1.8502142513491473e-67
24.796875 1.999999999999763 23.999999999998188 1.9999999999907316 23.99999999984924 7.718206623049324e-68
24.828125 1.9999999999998788 23.999999999998135 1.9999999999910811 23.99999999985471 3.1691289287035775e-68
24.859375 1.9999999999997042 23.999999999998117 1.999999999995872 23.999999999933102 1.275954546258792e-68
24.890625 1.9999999999999525 23.999999999998067 2.000000000000805 24.00000000001605 5.008720464462768e-69
24.921875 1.9999999999995857 23.99999999999806 2.0000000000036677 24.000000000057888 1.8996549218085223e-69
24.953125 2.00000000000011 23.999999999998025 2.000000000003613 24.000000000068866 6.85218368134225e-70
24.984375 1.9999999999993652 23.999999999998025 2.000000000004284 24.000000000056925 2.27822078484169e-70

