0.125 3.0000000000007727 24.000000000000007 3.0000000000007727 24.0 -8.023378137447364e-69
0.375 3.0000000000007736 24.000000000000007 3.0000000000007727 24.0 -8.237583357394523e-66
0.625 3.0000000000007736 24.000000000000007 3.0000000000007736 24.0 -4.960217038783217e-63
0.875 3.0000000000007736 24.000000000000007 3.0000000000007736 24.0 -2.2389513277987053e-60
1.125 3.0000000000007736 24.000000000000007 3.0000000000007736 24.0 -8.083295968589929e-58
1.375 3.0000000000007736 24.000000000000007 3.0000000000007727 23.999999999999993 -2.3927033740792414e-55
1.625 3.000000000000774 24.000000000000007 3.0000000000007727 23.999999999999993 -5.861267598663116e-53
1.875 3.0000000000007736 24.0 3.0000000000007736 23.999999999999993 -1.1883943908134718e-50
2.125 3.000000000000774 24.0 3.000000000000774 23.999999999999993 -1.976589158084722e-48
2.375 3.0000000000007736 24.0 3.0000000000007736 23.999999999999993 -2.632942317395744e-46
2.625 3.0000000000007736 23.999999999999993 3.0000000000007736 23.999999999999993 -2.638888646042497e-44
2.875 3.0000000000007736 23.999999999999993 3.0000000000007736 23.999999999999993 -1.5796414191572262e-42
3.125 3.0000000000007736 23.999999999999993 3.0000000000007736 23.999999999999993 4.567817789604015e-41
3.375 3.0000000000007736 23.999999999999993 3.0000000000007736 23.999999999999993 2.7652750956800404e-38
3.625 3.0000000000007736 23.999999999999993 3.0000000000007736 23.999999999999993 4.404258009248603e-36
3.875 3.0000000000007736 23.999999999999993 3.0000000000007736 23.999999999999993 4.802503147034089e-34
4.125 3.0000000000007736 23.999999999999993 3.0000000000007736 23.999999999999993 4.0714940949284585e-32
4.375 3.0000000000007736 23.999999999999993 3.0000000000007736 23.999999999999982 2.798298194819873e-30
4.625 3.0000000000007736 23.999999999999993 3.0000000000007727 23.99999999999998 1.5853487713817023e-28
4.875 3.0000000000007736 23.999999999999993 3.00000000000077 23.99999999999997 7.44089836681967e-27
5.125 3.0000000000007736 23.999999999999993 3.0000000000007674 23.99999999999995 2.8831502816409013e-25
5.375 3.0000000000007736 23.999999999999993 3.0000000000007696 23.99999999999999 9.092577194644609e-24
5.625 3.0000000000007736 23.999999999999993 3.000000000000763 23.999999999999908 2.252142269674823e-22
5.875 3.000000000000774 23.999999999999993 3.0000000000007727 24.00000000000007 3.954656992153136e-21
6.125 3.0000000000007736 23.99999999999999 3.0000000000007416 23.999999999999673 2.789761923259548e-20
6.375 3.0000000000007736 23.99999999999999 3.0000000000008042 24.000000000000494 -1.0909101867037715e-18
6.625 3.0000000000007736 23.99999999999999 3.0000000000006817 23.99999999999888 -5.5213930824722155e-17
6.875 3.0000000000007736 23.999999999999986 3.0000000000009335 24.00000000000179 -1.5081395283077498e-15
7.125 3.000000000000779 23.999999999999982 3.000000000000316 23.99999999999666 -3.0406459207729985e-14
7.375 3.000000000000866 23.99999999999998 3.000000000003639 24.00000000000872 -4.87731075149774e-13
7.625 3.0000000000019638 23.99999999999997 2.9999999999896945 23.99999999995569 -6.400550420574792e-12
7.875 3.0000000000133173 23.999999999999964 3.0000000001725313 24.000000000287447 -6.946621751012237e-11
8.125 3.0000000001102425 23.99999999999996 2.999999999805728 23.999999998143423 -6.243021272063907e-10
8.375 3.000000000786148 23.999999999999957 3.000000008295189 24.000000011205742 -4.611047172371882e-09
8.625 3.0000000045274087 23.99999999999995 2.9999999990903 23.9999999376412 -2.7399979986059073e-08
8.875 3.0000000197386836 23.99999999999995 3.0000002289421515 24.000000317401202 -1.240590773561188e-07
9.125 3.0000000523749435 23.999999999999947 2.9999997343869937 23.99999853688398 -3.552572240524588e-07
9.375 2.999999948115494 23.999999999999943 3.000002228946864 24.000006023833052 1.2942058380315937e-07
9.625 2.9999983908425487 23.999999999999943 2.9999837247480388 23.999978286427734 9.209599773068e-06
9.875 2.9999886749262266 23.999999999999943 2.9999676485617504 24.000066447919274 6.829060285179713e-05
10.125 2.9999457635118083 23.999999999999936 2.999651542565612 23.99983659002746 0.00033476072351890226
10.375 2.9997980492503955 23.99999999999993 2.999035089882377 24.000284622642965 0.0012639670514472895
10.625 2.9993895618208026 23.999999999999922 2.9966498679581566 23.999801031291703 0.003855097550723615
10.875 2.9984763694470757 23.99999999999992 2.9916009742386183 23.999427192100335 0.009678706501005496
11.125 2.9968432784525914 23.999999999999915 2.9838453299603622 24.001896981289768 0.02012788497491368
11.375 2.994586616041064 23.9999999999999 2.97092651760105 23.99896824565012 0.03458962805843038
11.625 2.9924100924099797 23.999999999999872 2.958112183965155 23.994364223110537 0.0485132950314933
11.875 2.9915637052977893 23.999999999999822 2.959280593779475 24.00890664778718 0.053807929155783495
12.125 1.993180426046774 23.999999999999766 2.9690253041388286 24.012526412519726 0.0432510018706274
12.375 1.997332987151486 23.999999999999705 2.9741156725549804 23.968447223347678 0.01668234441309194
12.625 2.00262545277614 23.999999999999684 3.0110102009041118 23.992298361778253 -0.01668234441309194
12.875 2.006892273722779 23.999999999999737 3.1004124909594752 24.14640706760815 -0.0432510018706274
13.125 2.0085967598024723 23.99999999999992 3.1542251507417536 24.239901699670067 -0.053807929155783495
13.375 2.0077316286721945 24.000000000000266 3.110132301385211 24.156398450015573 -0.0485132950314933
13.625 2.0054801177807633 24.000000000000533 3.005061584601969 23.936547821564915 -0.03458962805843038
13.875 2.0031657216125778 24.000000000000355 2.883467988918814 23.63802875502647 -0.02012788497491368
14.125 2.0015130500194713 23.999999999999588 2.7629812534725366 23.29139066398373 -0.009678706501005496
14.375 2.000602321467899 23.999999999999293 2.6470005997087123 22.909115177093764 -0.003855097550723615
14.625 2.000200163476062 24.00000000000088 2.5349687881151635 22.49653176744014 -0.0012639670514472895
14.875 2.000055464802901 23.999999999996522 2.4260775012085247 22.056882393097272 -0.00033476072351890226
15.125 2.000012691418581 23.999999999979984 2.3200003271669507 21.593030585112146 -6.829060285179713e-05
15.375 2.000002267546951 23.99999999997553 2.2167684286044653 21.107958903893582 -9.209599773068e-06
15.625 2.000000182918715 24.000000000041748 2.1165886181274525 20.605001911630918 -1.2942058380315937e-07
15.875 1.999999852949467 24.000000000155936 2.0197802915478382 20.08815960954952 3.552572240524588e-07
16.125 1.9999998192057817 23.999999999754124 1.926824594210069 19.56271258125576 1.240590773561188e-07
16.375 1.9999998209310121 23.99999999899299 1.8385282317064924 19.036509222326014 2.7399979986059073e-08
16.625 1.999999823366501 24.000000000665132 1.7563363952304734 18.522384366947502 4.611047172371882e-09
16.875 1.99999982475022 24.00000000488297 1.6827822135379373 18.041872892227822 6.243021272063907e-10
17.125 1.9999998245489845 24.000000002774552 1.621786086807869 17.62839265757495 6.946621751012237e-11
17.375 1.999999820500855 23.99999997154623 1.5779672579507742 17.322846701348993 6.400550420574792e-12
17.625 1.99999981960608 23.99999996143529 1.5542084108396947 17.154165664165514 4.87731075149774e-13
17.875 1.99999984268553 24.000000151442027 1.5486883973573045 17.114679425582043 3.0406459207729985e-14
18.125 1.9999998581333884 24.00000023774559 1.5545747816185598 17.157222809826223 1.5081395283077498e-15
18.375 1.9999997748565868 23.99999952609241 1.5635349853859277 17.22200290379839 5.5213930824722155e-17
18.625 1.9999996668265025 23.99999892544747 1.5699296180190938 17.26745095089256 1.0909101867037715e-18
18.875 1.999999783074413 23.999999932483142 1.5722257656680885 17.28092849434674 -2.789761923259548e-20
19.125 2.000000111238343 24.000002458809767 1.5717147490139964 17.27190500630073 -3.954656992153136e-21
19.375 2.000000229128645 24.000002717911848 1.5706272055529387 17.260729092969004 -2.252142269674823e-22
19.625 1.999999883246844 23.99999992416282 1.5707925723145426 17.267294281814518 -9.092577194644609e-24
19.875 1.999999283197303 23.99999535814179 1.5727382161728833 17.297810114853036 -2.8831502816409013e-25
20.125 1.9999991304082247 23.999995123888286 1.5751440913819632 17.333583736019115 -7.44089836681967e-27
20.375 1.9999995925707679 23.99999877938511 1.57517256210343 17.333455975752887 -1.5853487713817023e-28
20.625 2.000000419330141 24.000005379868277 1.5701339024500442 17.257877333632315 -2.798298194819873e-30
20.875 2.0000007378039273 24.000006618943583 1.5598896459964067 17.10505656504079 -4.0714940949284585e-32
21.125 2.000000325603394 24.00000325975538 1.5482655719481506 16.93215240848942 -4.802503147034089e-34
21.375 1.9999993971771362 23.999995737756066 1.5419886564203198 16.838994680731687 -4.404258009248603e-36
21.625 1.9999988288700008 23.99999262215163 1.54758888599928 16.922174776755593 -2.7652750956800404e-38
21.875 1.9999990707593653 23.999994775119042 1.5685142422872884 17.2336950292377 -4.567817789604015e-41
22.125 1.9999999370989587 24.000001784369218 1.6043386252933343 17.770374029136164 1.5796414191572262e-42
22.375 2.0000007739809798 24.00000743571647 1.6519248441049532 18.49018311012715 2.638888646042497e-44
22.625 2.0000007779380864 24.000006785861654 1.7070951732147899 19.33484183795779 2.632942317395744e-46
22.875 2.000000102567867 24.000001604922417 1.7657057368955373 20.24411595464435 1.976589158084722e-48
23.125 1.999999080994343 23.999993421161573 1.8239731919934234 21.1601539563268 1.1883943908134718e-50
23.375 1.9999987146078417 23.999991862866967 1.8784323412267725 22.027082909405454 5.861267598663116e-53
23.625 1.9999991082044875 23.9999951125404 1.925917419425683 22.791402934212897 2.3927033740792414e-55
23.875 2.000000090946923 24.000002852266118 1.9637990515616088 23.406790623991206 8.083295968589929e-58
24.125 2.0000010412502167 24.00000980734685 1.9905302374832243 23.844043125482763 2.2389513277987053e-60
24.375 2.0000011935880755 24.000009915605 2.0057681377596044 24.094508275369382 4.960217038783217e-63
24.625 2.000000584516528 24.000005215908956 2.0123479696510347 24.205763346564318 8.237583357394523e-66
24.875 1.9999990524216038 23.999993733553723 2.011020507791473 24.155556236068552 8.023378137447364e-69

