0.125 3.00000000000077 23.999999999999993 3.00000000000077 23.999999999999993 -8.023378137447364e-69
0.375 3.00000000000077 23.999999999999993 3.00000000000077 23.999999999999993 -8.237583357394523e-66
0.625 3.000000000000771 23.999999999999993 3.000000000000771 23.999999999999993 -4.960217038783217e-63
0.875 3.000000000000771 23.999999999999993 3.000000000000771 23.999999999999993 -2.2389513277987053e-60
1.125 3.000000000000771 23.999999999999993 3.000000000000771 23.999999999999993 -8.083295968589929e-58
1.375 3.000000000000771 23.999999999999993 3.000000000000771 23.999999999999993 -2.3927033740792414e-55
1.625 3.000000000000771 23.999999999999993 3.000000000000771 23.999999999999993 -5.861267598663116e-53
1.875 3.00000000000077 23.999999999999986 3.00000000000077 23.999999999999986 -1.1883943908134718e-50
2.125 3.0000000000007687 23.99999999999998 3.0000000000007687 23.999999999999982 -1.976589158084722e-48
2.375 3.0000000000007683 23.99999999999997 3.0000000000007683 23.99999999999998 -2.632942317395744e-46
2.625 3.0000000000007674 23.999999999999964 3.0000000000007674 23.99999999999998 -2.638888646042497e-44
2.875 3.0000000000007674 23.99999999999996 3.0000000000007674 23.99999999999998 -1.5796414191572262e-42
3.125 3.0000000000007683 23.999999999999964 3.0000000000007683 23.99999999999998 4.567817789604015e-41
3.375 3.0000000000007687 23.999999999999968 3.0000000000007687 23.99999999999998 2.7652750956800404e-38
3.625 3.0000000000007674 23.999999999999964 3.0000000000007674 23.99999999999997 4.404258009248603e-36
3.875 3.0000000000007665 23.999999999999957 3.000000000000766 23.999999999999968 4.802503147034089e-34
4.125 3.0000000000007656 23.99999999999995 3.0000000000007656 23.999999999999964 4.0714940949284585e-32
4.375 3.0000000000007656 23.99999999999995 3.000000000000763 23.999999999999957 2.798298194819873e-30
4.625 3.0000000000007656 23.99999999999995 3.000000000000762 23.99999999999995 1.5853487713817023e-28
4.875 3.0000000000007647 23.999999999999943 3.000000000000763 23.999999999999957 7.44089836681967e-27
5.125 3.000000000000763 23.999999999999936 3.0000000000007594 23.99999999999994 2.8831502816409013e-25
5.375 3.0000000000007656 23.99999999999993 3.000000000000758 23.999999999999936 9.092577194644609e-24
5.625 3.0000000000007576 23.99999999999993 3.000000000000755 23.999999999999936 2.252142269674823e-22
5.875 3.0000000000007763 23.99999999999992 3.00000000000076 23.99999999999994 3.954656992153136e-21
6.125 3.000000000000722 23.999999999999915 3.000000000000733 23.999999999999886 2.789761923259548e-20
6.375 3.000000000000865 23.999999999999915 3.00000000000086 24.000000000000156 -1.0909101867037715e-18
6.625 3.0000000000004823 23.999999999999915 2.999999999999984 23.999999999998025 -5.5213930824722155e-17
6.875 3.0000000000015117 23.999999999999908 3.000000000005425 24.000000000011713 -1.5081395283077498e-15
7.125 2.99999999999875 23.999999999999908 2.999999999974909 23.999999999933802 -3.0406459207729985e-14
7.375 3.000000000006211 23.9999999999999 3.000000000132988 24.00000000033889 -4.87731075149774e-13
7.625 2.999999999986792 23.9999999999999 2.999999999375652 23.999999998384226 -6.400550420574792e-12
7.875 3.0000000000465787 23.999999999999893 3.000000002815911 24.00000000715173 -6.946621751012237e-11
8.125 2.99999999996272 23.999999999999904 2.999999989019658 23.999999970798882 -6.243021272063907e-10
8.375 3.0000000008228387 23.999999999999897 3.000000045167229 24.00000010879034 -4.611047172371882e-09
8.625 3.00000000276919 23.9999999999999 2.9999998774906316 23.99999963553853 -2.7399979986059073e-08
8.875 3.000000020350993 23.999999999999897 3.0000005138015027 24.000001075264738 -1.240590773561188e-07
9.125 3.0000000573015466 23.999999999999872 2.9999992858935034 23.99999729881326 -3.552572240524588e-07
9.375 2.9999998399354886 23.999999999999837 3.000002456287956 24.000005413907747 1.2942058380315937e-07
9.625 2.999997495086275 24.00000000000002 2.999992109742302 23.999992741995193 9.209599773068e-06
9.875 2.9999842124006184 23.999999999999645 2.9999535140142637 24.000000968661773 6.829060285179713e-05
10.125 2.9999294733113335 24.000000000000114 2.9997586534482203 24.00002442977589 0.00033476072351890226
10.375 2.9997526806928088 23.99999999999855 2.998978029708534 23.999939603463208 0.0012639670514472895
10.625 2.999293856637121 24.00000000000327 2.9968603684974138 24.000032503894936 0.003855097550723615
10.875 2.998329710231915 23.999999999992575 2.9919837276895223 24.00016448076969 0.009678706501005496
11.125 2.996687875168822 24.000000000022663 2.9829272140016654 23.99965068737021 0.02012788497491368
11.375 2.9945756042627143 23.9999999999162 2.9708812326770992 23.999790699742135 0.03458962805843038
11.625 2.9915044775233355 24.000000000235215 2.9601536946423925 24.00151358252016 0.0485132950314933
11.875 2.9917883229412836 23.999999999572687 2.95532129879695 23.999376228996958 0.053807929155783495
12.125 1.9938182740928934 24.000000002400817 2.962738996564637 23.995468501157717 0.0432510018706274
12.375 1.9978175036219281 23.999999995381256 2.988824260395885 24.005526183861033 0.01668234441309194
12.625 2.0025301848720374 23.99999990252905 3.019297842326486 24.009581349491654 -0.01668234441309194
12.875 2.0080383567184468 24.000000286888124 3.0301166979719656 23.978647578253334 -0.0432510018706274
13.125 2.0083405736010134 24.000000995724218 3.0372286022561337 23.97455036968869 -0.053807929155783495
13.375 2.007294309075432 24.000009428074534 3.0693321680042134 24.064383643141145 -0.0485132950314933
13.625 2.0053045051029095 24.000380815378854 3.1042634288139648 24.176590762014527 -0.03458962805843038
13.875 2.003134783847033 23.998854309994535 3.1017267357698977 24.20339392521889 -0.02012788497491368
14.125 2.00113968697993 23.99837416087687 3.0574180404795195 24.122381215939207 -0.009678706501005496
14.375 2.000639770102704 24.0044832506454 2.9891132936523332 23.963676718119686 -0.003855097550723615
14.625 2.0003653625195827 24.001055961834183 2.91112595892834 23.757897178425914 -0.0012639670514472895
14.875 1.9999085019026421 23.997953330721643 2.830133328361358 23.52261706304876 -0.00033476072351890226
15.125 1.99990205976793 23.99829278611355 2.7486653371771936 23.266016477781708 -6.829060285179713e-05
15.375 2.0000292800473174 24.000448785363684 2.667657454236786 22.991741655364205 -9.209599773068e-06
15.625 2.0000628755224925 24.00091931280056 2.5874993750827864 22.701627228438376 -1.2942058380315937e-07
15.875 2.000031366247206 24.000451465880268 2.508389313725827 22.396864829683526 3.552572240524588e-07
16.125 1.9999816630674123 23.999679369898537 2.430450824309089 22.078442687903205 1.240590773561188e-07
16.375 1.9999805477781003 23.999634434285493 2.3537751999721523 21.74730324631543 2.7399979986059073e-08
16.625 1.9999957730182494 23.999835093956428 2.2784396933697835 21.404405128767046 4.611047172371882e-09
16.875 2.0000165744719123 24.00014271843485 2.2045175249199476 21.05075857498587 6.243021272063907e-10
17.125 2.0000190374944466 24.00018382443999 2.1320855712697764 20.687460277584975 6.946621751012237e-11
17.375 2.0000147918801474 24.000128957774052 2.0612326660807643 20.315741242444282 6.400550420574792e-12
17.625 2.0000067931332133 24.00001724862077 1.9920713641439824 19.937044888806234 4.87731075149774e-13
17.875 2.0000038416499755 23.99998455823441 1.9247581261071762 19.553169541113327 3.0406459207729985e-14
18.125 2.000003661546079 23.999985680754683 1.8595320617264781 19.16654722928354 1.5081395283077498e-15
18.375 2.0000044491471973 23.9999961891044 1.7967925804179168 18.780813592004836 5.5213930824722155e-17
18.625 2.000005336699654 24.000001464412165 1.7372468693509404 18.401922531536425 1.0909101867037715e-18
18.875 2.0000060057440967 24.00000327259793 1.6821451974708395 18.039997310002995 -2.789761923259548e-20
19.125 2.0000061456796576 23.999999269644142 1.6335365364027585 17.71152374463695 -3.954656992153136e-21
19.375 2.0000055380691233 23.999990775514174 1.5942668595355665 17.439795671336228 -2.252142269674823e-22
19.625 2.0000042665550333 23.999978052531908 1.5672371318098481 17.249482864983563 -9.092577194644609e-24
19.875 2.000002962237352 23.999968194215064 1.5537721139186744 17.153677335251245 -2.8831502816409013e-25
20.125 2.000002524510342 23.999966365899066 1.5520851123022013 17.141515085719888 -7.44089836681967e-27
20.375 2.000002731466475 23.999968700624727 1.5574830863963638 17.17980284110091 -1.5853487713817023e-28
20.625 2.0000034768310986 23.99997531819644 1.5645987415467162 17.230181223568 -2.798298194819873e-30
20.875 2.0000046724353706 23.999986309778315 1.569846501781842 17.267204969576333 -4.0714940949284585e-32
21.125 2.0000060135340068 24.000000286580704 1.5722435781787332 17.283951998496818 -4.802503147034089e-34
21.375 2.0000071820577565 24.000015828804962 1.5725618252479974 17.28584317758882 -4.404258009248603e-36
21.625 2.0000077289606395 24.00002500104038 1.5720223020033721 17.281545058127612 -2.7652750956800404e-38
21.875 2.0000076964097135 24.000026939499023 1.5714885365105915 17.277442018181652 -4.567817789604015e-41
22.125 2.0000076877995348 24.000028850056424 1.571286974530413 17.276180430420094 1.5796414191572262e-42
22.375 2.0000081846576307 24.000034126068485 1.571380311976882 17.277607028321267 2.638888646042497e-44
22.625 2.000009044790961 24.000039930562156 1.5715065542961426 17.278832084913706 2.632942317395744e-46
22.875 2.0000102923156167 24.000047760740905 1.5714739033980578 17.277940137788427 1.976589158084722e-48
23.125 2.0000124095171783 24.000061086340324 1.5710307989410923 17.270307236291096 1.1883943908134718e-50
23.375 2.0000157793297504 24.00008300967884 1.570556988675111 17.265957984679208 5.861267598663116e-53
23.625 2.000020582753625 24.000115248672735 1.5706863971969798 17.257356560008642 2.3927033740792414e-55
23.875 2.0000269828131128 24.00015946284146 1.5698763274634513 17.280723576450157 8.083295968589929e-58
24.125 2.000035571809451 24.000220522141653 1.578282673552473 17.293824048553024 2.2389513277987053e-60
24.375 2.0000474432836115 24.000307251568692 1.5586742208590385 17.328215365727566 4.960217038783217e-63
24.625 2.0000639443894057 24.00042824867389 1.6231618029289634 17.351595932656497 8.237583357394523e-66
24.875 2.0000826385208756 24.00056966735551 1.4579421485324504 17.22608073097688 8.023378137447364e-69

