0.125 3.0000000000007727 24.000000000000007 3.0000000000007727 24.0 -8.023378137447364e-69
0.375 3.0000000000007736 24.000000000000007 3.0000000000007727 24.0 -8.237583357394523e-66
0.625 3.0000000000007736 24.000000000000007 3.0000000000007736 24.0 -4.960217038783217e-63
0.875 3.0000000000007736 24.000000000000007 3.0000000000007736 24.0 -2.2389513277987053e-60
1.125 3.0000000000007736 24.000000000000007 3.0000000000007736 24.0 -8.083295968589929e-58
1.375 3.0000000000007736 24.000000000000007 3.0000000000007727 23.999999999999993 -2.3927033740792414e-55
1.625 3.000000000000774 24.000000000000007 3.0000000000007727 23.999999999999993 -5.861267598663116e-53
1.875 3.0000000000007736 24.0 3.0000000000007736 23.999999999999993 -1.1883943908134718e-50
2.125 3.000000000000774 24.0 3.000000000000774 23.999999999999993 -1.976589158084722e-48
2.375 3.0000000000007736 24.0 3.0000000000007736 23.999999999999993 -2.632942317395744e-46
2.625 3.0000000000007736 23.999999999999993 3.0000000000007736 23.999999999999993 -2.638888646042497e-44
2.875 3.0000000000007736 23.999999999999993 3.0000000000007736 23.999999999999993 -1.5796414191572262e-42
3.125 3.0000000000007736 23.999999999999993 3.0000000000007736 23.999999999999993 4.567817789604015e-41
3.375 3.0000000000007736 23.999999999999993 3.0000000000007736 23.999999999999993 2.7652750956800404e-38
3.625 3.0000000000007736 23.999999999999993 3.0000000000007736 23.999999999999993 4.404258009248603e-36
3.875 3.0000000000007736 23.999999999999993 3.0000000000007736 23.999999999999993 4.802503147034089e-34
4.125 3.0000000000007736 23.999999999999993 3.0000000000007736 23.999999999999993 4.0714940949284585e-32
4.375 3.0000000000007736 23.999999999999993 3.0000000000007736 23.999999999999986 2.798298194819873e-30
4.625 3.0000000000007736 23.999999999999993 3.0000000000007727 23.99999999999998 1.5853487713817023e-28
4.875 3.0000000000007736 23.999999999999993 3.00000000000077 23.99999999999997 7.44089836681967e-27
5.125 3.0000000000007736 23.999999999999993 3.0000000000007674 23.99999999999996 2.8831502816409013e-25
5.375 3.0000000000007736 23.999999999999993 3.0000000000007683 23.999999999999964 9.092577194644609e-24
5.625 3.0000000000007736 23.999999999999993 3.000000000000763 23.99999999999995 2.252142269674823e-22
5.875 3.000000000000774 23.999999999999993 3.000000000000762 23.99999999999995 3.954656992153136e-21
6.125 3.0000000000007736 23.99999999999999 3.000000000000739 23.999999999999897 2.789761923259548e-20
6.375 3.0000000000007736 23.99999999999999 3.000000000000888 24.000000000000252 -1.0909101867037715e-18
6.625 3.0000000000007736 23.99999999999999 2.9999999999999636 23.999999999997947 -5.5213930824722155e-17
6.875 3.0000000000007736 23.999999999999986 3.00000000000535 24.00000000001161 -1.5081395283077498e-15
7.125 3.000000000000779 23.999999999999982 2.999999999975721 23.999999999935756 -3.0406459207729985e-14
7.375 3.000000000000866 23.99999999999998 3.000000000129644 24.000000000329877 -4.87731075149774e-13
7.625 3.0000000000019638 23.99999999999997 2.999999999390693 23.999999998416904 -6.400550420574792e-12
7.875 3.0000000000133173 23.999999999999964 3.0000000027994402 24.00000000704989 -6.946621751012237e-11
8.125 3.0000000001102425 23.99999999999996 2.9999999892952904 23.999999971073805 -6.243021272063907e-10
8.375 3.000000000786148 23.999999999999957 3.000000045970089 24.000000108237177 -4.611047172371882e-09
8.625 3.0000000045274087 23.99999999999995 2.9999998818809837 23.999999635805267 -2.7399979986059073e-08
8.875 3.0000000197386836 23.99999999999995 3.0000005248941997 24.000001079431517 -1.240590773561188e-07
9.125 3.0000000523749435 23.999999999999947 2.9999992440776078 23.99999727461371 -3.552572240524588e-07
9.375 2.999999948115494 23.999999999999943 3.0000020245042287 24.00000549687711 1.2942058380315937e-07
9.625 2.9999983908425487 23.999999999999943 2.999989262979785 23.999992546903364 9.209599773068e-06
9.875 2.9999886749262266 23.999999999999943 2.999942322108433 24.000001236559836 6.829060285179713e-05
10.125 2.9999457635118083 23.999999999999936 2.9997245079094252 24.000024512180744 0.00033476072351890226
10.375 2.9997980492503955 23.99999999999993 2.9989006733764363 23.99993818117226 0.0012639670514472895
10.625 2.9993895618208026 23.999999999999922 2.996740875272539 24.00003570453255 0.003855097550723615
10.875 2.9984763694470757 23.99999999999992 2.991882655967809 24.00016278143334 0.009678706501005496
11.125 2.9968432784525914 23.999999999999915 2.9829895867932246 23.99964215787558 0.02012788497491368
11.375 2.994586616041064 23.9999999999999 2.9712481318667368 23.999817367766255 0.03458962805843038
11.625 2.9924100924099797 23.999999999999872 2.9607222842365535 24.001479571359653 0.0485132950314933
11.875 2.9915637052977893 23.999999999999822 2.955784042973842 23.999375204786112 0.053807929155783495
12.125 1.993180426046774 23.999999999999766 2.962728805069135 23.99555849266592 0.0432510018706274
12.375 1.997332987151486 23.999999999999705 2.9879931163017037 24.005229314193265 0.01668234441309194
12.625 2.00262545277614 23.999999999999684 3.018329852287544 24.00983235612919 -0.01668234441309194
12.875 2.006892273722779 23.999999999999737 3.0299358869171455 23.979677962331415 -0.0432510018706274
13.125 2.0085967598024723 23.99999999999992 3.0374870900674673 23.974837205087965 -0.053807929155783495
13.375 2.0077316286721945 24.000000000000266 3.0697416710578502 24.063901587693017 -0.0485132950314933
13.625 2.0054801177807633 24.000000000000533 3.104673396303644 24.17599167427182 -0.03458962805843038
13.875 2.0031657216125778 24.000000000000355 3.1018539873537145 24.20295278078636 -0.02012788497491368
14.125 2.0015130500194713 23.999999999999588 3.0573378825841764 24.12224565093024 -0.009678706501005496
14.375 2.000602321467899 23.999999999999293 2.9890309161365187 23.963838932440158 -0.003855097550723615
14.625 2.000200163476062 24.00000000000088 2.9111271344603957 23.75826387961034 -0.0012639670514472895
14.875 2.000055464802901 23.999999999996522 2.830208674593317 23.52310234188574 -0.00033476072351890226
15.125 2.000012691418581 23.999999999979984 2.7487799735403566 23.26656743977331 -6.829060285179713e-05
15.375 2.000002267546951 23.99999999997553 2.6677849337529054 22.992330169525605 -9.209599773068e-06
15.625 2.000000182918715 24.000000000041748 2.5876262554399556 22.702237250878014 -1.2942058380315937e-07
15.875 1.999999852949467 24.000000000155936 2.508509885429558 22.39748416237601 3.552572240524588e-07
16.125 1.9999998192057817 23.999999999754124 2.4305624142388877 22.079059066630357 1.240590773561188e-07
16.375 1.9999998209310121 23.99999999899299 2.3538759304298544 21.74790283687103 2.7399979986059073e-08
16.625 1.999999823366501 24.000000000665132 2.2785277113719813 21.4049719603581 4.611047172371882e-09
16.875 1.99999982475022 24.00000000488297 2.2045907553435775 21.051274086284046 6.243021272063907e-10
17.125 1.9999998245489845 24.000000002774552 2.13214155763138 20.68790253021537 6.946621751012237e-11
17.375 1.999999820500855 23.99999997154623 2.061268353288102 20.316083521637584 6.400550420574792e-12
17.625 1.99999981960608 23.99999996143529 1.9920827831290961 19.937253491739355 4.87731075149774e-13
17.875 1.99999984268553 24.000000151442027 1.9247399714244284 19.553200621243107 3.0406459207729985e-14
18.125 1.9999998581333884 24.00000023774559 1.8594771707928546 19.166342632017678 1.5081395283077498e-15
18.375 1.9999997748565868 23.99999952609241 1.7966914305341397 18.7802963587351 5.5213930824722155e-17
18.625 1.9999996668265025 23.99999892544747 1.7370876197768557 18.40099582191708 1.0909101867037715e-18
18.875 1.999999783074413 23.999999932483142 1.681915699224843 18.038557250012712 -2.789761923259548e-20
19.125 2.000000111238343 24.000002458809767 1.6332308029871194 17.70950630204132 -3.954656992153136e-21
19.375 2.000000229128645 24.000002717911848 1.5938975163050975 17.437273510311176 -2.252142269674823e-22
19.625 1.999999883246844 23.99999992416282 1.5668482851581236 17.246770550464326 -9.092577194644609e-24
19.875 1.999999283197303 23.99999535814179 1.553437185149506 17.151316839726668 -2.8831502816409013e-25
20.125 1.9999991304082247 23.999995123888286 1.5518790151534116 17.14005786273258 -7.44089836681967e-27
20.375 1.9999995925707679 23.99999877938511 1.5574439608098936 17.179521785198272 -1.5853487713817023e-28
20.625 2.000000419330141 24.000005379868277 1.5647104410263428 17.23095370661943 -2.798298194819873e-30
20.875 2.0000007378039273 24.000006618943583 1.5700534085382913 17.26863200810526 -4.0714940949284585e-32
21.125 2.000000325603394 24.00000325975538 1.5724801668745556 17.285570310790504 -4.802503147034089e-34
21.375 1.9999993971771362 23.999995737756066 1.5727754617126868 17.287282045032498 -4.404258009248603e-36
21.625 1.9999988288700008 23.99999262215163 1.5721824932431967 17.28258939133712 -2.7652750956800404e-38
21.875 1.9999990707593653 23.999994775119042 1.5715863995168593 17.278029508756465 -4.567817789604015e-41
22.125 1.9999999370989587 24.000001784369218 1.5713297286609267 17.27636393925652 1.5796414191572262e-42
22.375 2.0000007739809798 24.00000743571647 1.5713837414025482 17.277501299857068 2.638888646042497e-44
22.625 2.0000007779380864 24.000006785861654 1.5714876791161365 17.278560765604873 2.632942317395744e-46
22.875 2.000000102567867 24.000001604922417 1.5714458635933233 17.27759821498908 1.976589158084722e-48
23.125 1.999999080994343 23.999993421161573 1.5710007570430489 17.269945675823713 1.1883943908134718e-50
23.375 1.9999987146078417 23.999991862866967 1.5705275705277528 17.265595057075537 5.861267598663116e-53
23.625 1.9999991082044875 23.9999951125404 1.5706562885931126 17.256981397447348 2.3927033740792414e-55
23.875 2.000000090946923 24.000002852266118 1.5698457990886658 17.280338987864347 8.083295968589929e-58
24.125 2.0000010412502167 24.00000980734685 1.5782480577466327 17.293390716966314 2.2389513277987053e-60
24.375 2.0000011935880755 24.000009915605 1.5586356346045187 17.3277400783048 4.960217038783217e-63
24.625 2.000000584516528 24.000005215908956 1.6231213368347954 17.351025922028825 8.237583357394523e-66
24.875 1.9999990524216038 23.999993733553723 1.45788051410191 17.225370233266304 8.023378137447364e-69

