0.015625 3.0 0.0 3.0 -9.74055547097877e-19 -2.27822078484169e-70
0.046875 3.0 0.0 3.0 -2.1552053194403514e-18 -6.85218368134225e-70
0.078125 3.0 0.0 3.0 3.124292295934898e-17 -1.8996549218085223e-69
0.109375 3.0 0.0 3.0 -1.0949209299477167e-17 -5.008720464462768e-69
0.140625 3.0 0.0 3.0 -3.7815116704451135e-16 -1.275954546258792e-68
0.171875 3.0 0.0 2.9999999999999996 2.4731050255438e-15 -3.1691289287035775e-68
0.203125 3.0 0.0 2.999999999999999 4.34117220532887e-15 -7.718206623049324e-68
0.234375 3.0 0.0 2.999999999999999 4.0126948881310055e-15 -1.8502142513491473e-67
0.265625 3.0 0.0 2.999999999999999 4.520112212923004e-15 -4.377446861968469e-67
0.296875 3.0 0.0 2.999999999999999 4.1984892366183216e-15 -1.0241461876918614e-66
0.328125 3.0 0.0 2.999999999999999 4.32372178720684e-15 -2.372921497325267e-66
0.359375 3.0 0.0 2.999999999999999 4.299217034935717e-15 -5.451008665905134e-66
0.390625 3.0 0.0 2.999999999999999 4.289544201040911e-15 -1.2425942366207413e-65
0.421875 3.0 0.0 2.999999999999999 4.301716009622464e-15 -2.8128757645194546e-65
0.453125 3.0 0.0 2.999999999999999 4.294013712309013e-15 -6.326920398120275e-65
0.484375 3.0 0.0 2.999999999999999 4.29653352036469e-15 -1.414693107295441e-64
0.515625 3.0 0.0 2.999999999999999 4.2958142702009946e-15 -3.145813634902412e-64
0.546875 3.0 0.0 2.999999999999999 4.295289360384617e-15 -6.959052145299416e-64
0.578125 3.0 0.0 2.999999999999999 4.295402325369763e-15 -1.5319234162033377e-63
0.609375 3.0 0.0 2.999999999999999 4.2950342101926634e-15 -3.356600044717967e-63
0.640625 3.0 0.0 2.999999999999999 4.2949397588861745e-15 -7.321984942534789e-63
0.671875 3.0 0.0 2.999999999999999 4.294801766565831e-15 -1.5903905636321816e-62
0.703125 3.0 0.0 2.999999999999999 4.294643011687257e-15 -3.4402769321153487e-62
0.734375 3.0 0.0 2.999999999999999 4.294621301789915e-15 -7.4123871613528855e-62
0.765625 3.0 0.0 2.999999999999999 4.295046241511246e-15 -1.590929990931295e-61
0.796875 3.0 0.0 2.999999999999999 4.292039882939513e-15 -3.401882857024736e-61
0.828125 3.0 0.0 2.999999999999999 4.299895867858222e-15 -7.247774453020917e-61
0.859375 3.0 0.0 2.999999999999999 4.335298768105501e-15 -1.5386651948267813e-60
0.890625 3.0 0.0 2.999999999999999 4.128758114404258e-15 -3.2551487659220895e-60
0.921875 3.0 0.0 2.999999999999999 4.986656818470836e-15 -6.863006283915339e-60
0.953125 3.0 0.0 2.999999999999998 7.364407171012389e-15 -1.442119640701555e-59
0.984375 3.0 0.0 2.999999999999997 1.314543215874328e-14 -3.0203361416968546e-59
1.015625 3.0 0.0 2.9999999999999964 1.5566527329696092e-14 -6.305182608170241e-59
1.046875 3.0 0.0 2.9999999999999964 1.4584323317083156e-14 -1.3120415267055653e-58
1.078125 3.0 0.0 2.9999999999999964 1.5289892646248562e-14 -2.7215866533612825e-58
1.109375 3.0 0.0 2.9999999999999964 1.495343116886517e-14 -5.6277758939184945e-58
1.140625 3.0 0.0 2.9999999999999964 1.5047414595636578e-14 -1.1601261438237894e-57
1.171875 3.0 0.0 2.9999999999999964 1.5048408201588778e-14 -2.3841835575636754e-57
1.203125 3.0 0.0 2.9999999999999964 1.5025564907374966e-14 -4.884848740431868e-57
1.234375 3.0 0.0 2.9999999999999964 1.5041003840626293e-14 -9.978129800561989e-57
1.265625 3.0 0.0 2.9999999999999964 1.5033015212743915e-14 -2.0320867377757505e-56
1.296875 3.0 0.0 2.9999999999999964 1.5034264145709055e-14 -4.126081146814488e-56
1.328125 3.0 0.0 2.9999999999999964 1.503390542966059e-14 -8.352991740634592e-56
1.359375 3.0 0.0 2.9999999999999964 1.503279837296489e-14 -1.686011193240446e-55
1.390625 3.0 0.0 2.9999999999999964 1.5032755028508237e-14 -3.3931056550831865e-55
1.421875 3.0 0.0 2.9999999999999964 1.503219873117195e-14 -6.808576983337657e-55
1.453125 3.0 0.0 2.9999999999999964 1.503191808945351e-14 -1.3621972531801136e-54
1.484375 3.0 0.0 2.9999999999999964 1.5031665613173434e-14 -2.71737836329482e-54
1.515625 3.0 0.0 2.9999999999999964 1.5031444128394476e-14 -5.404899700758321e-54
1.546875 3.0 0.0 2.9999999999999964 1.5031301202838412e-14 -1.07189611230049e-53
1.578125 3.0 0.0 2.9999999999999964 1.5031192845360057e-14 -2.119554414886232e-53
1.609375 3.0 0.0 2.9999999999999964 1.503107395656929e-14 -4.178897469918695e-53
1.640625 3.0 0.0 2.9999999999999964 1.5031239387462152e-14 -8.214889684997225e-53
1.671875 3.0 0.0 2.9999999999999964 1.5031618484186045e-14 -1.6101315822779676e-52
1.703125 3.0 0.0 2.9999999999999964 1.502680509978067e-14 -3.1465632025112256e-52
1.734375 3.0 0.0 2.9999999999999964 1.503932419835956e-14 -6.1308674558564455e-52
1.765625 3.0 0.0 2.9999999999999964 1.5118374664750992e-14 -1.1909998921582205e-51
1.796875 3.0 0.0 2.9999999999999964 1.4692044308290252e-14 -2.3067406877601848e-51
1.828125 3.0 0.0 2.999999999999996 1.562803638321671e-14 -4.454253611117328e-51
1.859375 3.0 0.0 2.9999999999999956 2.046920982410969e-14 -8.574936586047256e-51
1.890625 3.0 0.0 2.9999999999999942 2.396492072308228e-14 -1.645720846417934e-50
1.921875 3.0 0.0 2.999999999999994 2.723828110574126e-14 -3.1487547339947423e-50
1.953125 3.0 0.0 2.999999999999994 2.8583163609612846e-14 -6.005727064687491e-50
1.984375 3.0 0.0 2.999999999999994 2.750147267600417e-14 -1.1418828486624206e-49
2.015625 3.0 0.0 2.999999999999994 2.8107522192496425e-14 -2.164163558795051e-49
2.046875 3.0 0.0 2.999999999999994 2.7886288272333497e-14 -4.0883930329748965e-49
2.078125 3.0 0.0 2.999999999999994 2.7909299382212112e-14 -7.698188899911537e-49
2.109375 3.0 0.0 2.999999999999994 2.794126056761634e-14 -1.4446905109718582e-48
2.140625 3.0 0.0 2.999999999999994 2.7910002796264545e-14 -2.702002356417873e-48
2.171875 3.0 0.0 2.999999999999994 2.7925028672998152e-14 -5.0360797287801475e-48
2.203125 3.0 0.0 2.999999999999994 2.791919435845102e-14 -9.353267962350299e-48
2.234375 3.0 0.0 2.999999999999994 2.7918909553243362e-14 -1.7308607822853055e-47
2.265625 3.0 0.0 2.999999999999994 2.7919280910581518e-14 -3.1911596593010844e-47
2.296875 3.0 0.0 2.999999999999994 2.79180393054752e-14 -5.8610728285051535e-47
2.328125 3.0 0.0 2.999999999999994 2.791802985619182e-14 -1.0722511834554478e-46
2.359375 3.0 0.0 2.999999999999994 2.7917591461504387e-14 -1.9536579209753196e-46
2.390625 3.0 0.0 2.999999999999994 2.7917338512358098e-14 -3.544595714090166e-46
2.421875 3.0 0.0 2.999999999999994 2.7917170960576652e-14 -6.402876193520721e-46
2.453125 3.0 0.0 2.999999999999994 2.7917015884049712e-14 -1.1512940178789018e-45
2.484375 3.0 0.0 2.999999999999994 2.7916945575885365e-14 -2.060150041016556e-45
2.515625 3.0 0.0 2.999999999999994 2.791691853092464e-14 -3.6677085226756304e-45
2.546875 3.0 0.0 2.999999999999994 2.7916942442681926e-14 -6.494345351696857e-45
2.578125 3.0 0.0 2.999999999999994 2.7917001307781144e-14 -1.1432892156771465e-44
2.609375 3.0 0.0 2.999999999999994 2.7917078002564386e-14 -2.0001391905388715e-44
2.640625 3.0 0.0 2.999999999999994 2.7917166397769753e-14 -3.4754386748737267e-44
2.671875 3.0 0.0 2.999999999999994 2.7917265048082716e-14 -5.993943055649722e-44
2.703125 3.0 0.0 2.999999999999994 2.791737585873234e-14 -1.025195040406753e-43
2.734375 3.0 0.0 2.999999999999994 2.7917498237207374e-14 -1.7371316768754017e-43
2.765625 3.0 0.0 2.999999999999994 2.7917629652725595e-14 -2.91205779188509e-43
2.796875 3.0 0.0 2.999999999999994 2.7917767736200648e-14 -4.8208921257584945e-43
2.828125 3.0 0.0 2.999999999999994 2.7917910851297094e-14 -7.862381985663504e-43
2.859375 3.0 0.0 2.999999999999994 2.791805759610704e-14 -1.258888113997978e-42
2.890625 3.0 0.0 2.999999999999994 2.7918206210325486e-14 -1.9689254483153933e-42
2.921875 3.0 0.0 2.999999999999994 2.7918354894263548e-14 -2.984371359915005e-42
2.953125 3.0 0.0 2.999999999999994 2.791850271882127e-14 -4.325788212120148e-42
2.984375 3.0 0.0 2.999999999999994 2.7918650391395537e-14 -5.846063377957028e-42
3.015625 3.0 0.0 2.999999999999994 2.791880027532086e-14 -6.949926403797957e-42
3.046875 3.0 0.0 2.999999999999994 2.7918955385994805e-14 -5.97690423008472e-42
3.078125 3.0 0.0 2.999999999999994 2.791911763100107e-14 1.1041630246284527e-42
3.109375 3.0 0.0 2.999999999999994 2.7919286156816345e-14 2.3380523158598155e-41
3.140625 3.0 0.0 2.999999999999994 2.79194569842149e-14 8.040211368904828e-41
3.171875 3.0 0.0 2.999999999999994 2.7919623829763597e-14 2.128823627925937e-40
3.203125 3.0 0.0 2.999999999999994 2.791977970442228e-14 5.035814308975148e-40
3.234375 3.0 0.0 2.999999999999994 2.7919929234547156e-14 1.1175793032213454e-39
3.265625 3.0 0.0 2.999999999999994 2.7920069447218566e-14 2.379148315477548e-39
3.296875 3.0 0.0 2.999999999999994 2.792010903973944e-14 4.9171664344323987e-39
3.328125 3.0 0.0 2.999999999999994 2.792046992957369e-14 9.937973385277114e-39
3.359375 3.0 0.0 2.999999999999994 2.7921037020354828e-14 1.9733640409492698e-38
3.390625 3.0 0.0 2.999999999999994 2.79162562309836e-14 3.862246412839405e-38
3.421875 3.0 0.0 2.999999999999994 2.7934936750298275e-14 7.467854512244359e-38
3.453125 3.0 0.0 2.999999999999994 2.7983981824366374e-14 1.4289429136809048e-37
3.484375 3.0 0.0 2.999999999999994 2.764591428215068e-14 2.709319313161419e-37
3.515625 3.0 0.0 2.999999999999994 2.8803430049256704e-14 5.095304745953352e-37
3.546875 3.0 0.0 2.9999999999999925 3.4102224336225864e-14 9.512456240138327e-37
3.578125 3.0 0.0 2.999999999999991 4.10912027425692e-14 1.764039657518716e-36
3.609375 3.0 0.0 2.9999999999999902 4.581990431382444e-14 3.251223154159321e-36
3.640625 3.0 0.0 2.999999999999989 5.3205061271652533e-14 5.957967746992783e-36
3.671875 3.0 0.0 2.999999999999987 6.305090601804572e-14 1.0859796109704051e-35
3.703125 3.0 0.0 2.999999999999986 6.89548794050348e-14 1.969481613251063e-35
3.734375 3.0 0.0 2.9999999999999853 7.116380823053019e-14 3.554705609886775e-35
3.765625 3.0 0.0 2.999999999999985 7.204078816711247e-14 6.386682306426079e-35
3.796875 3.0 0.0 2.9999999999999853 7.389050658122349e-14 1.142489249897584e-34
3.828125 3.0 0.0 2.999999999999985 7.52719069921313e-14 2.0352048920353324e-34
3.859375 3.0 0.0 2.9999999999999845 7.412688438797772e-14 3.610838991254936e-34
3.890625 3.0 0.0 2.9999999999999845 7.571356457813595e-14 6.381297208125961e-34
3.921875 3.0 0.0 2.999999999999984 7.208095573429876e-14 1.123468433039923e-33
3.953125 3.0 0.0 2.9999999999999845 6.816952886032259e-14 1.9706444301768363e-33
3.984375 3.0 0.0 2.9999999999999845 7.144938682010801e-14 3.444218049896123e-33
4.015625 3.0 0.0 2.9999999999999845 6.987265428261899e-14 5.998506676741735e-33
4.046875 3.0 0.0 2.999999999999985 6.98737836981043e-14 1.04111138669265e-32
4.078125 3.0 0.0 2.999999999999985 7.057736882035865e-14 1.8008638503315503e-32
4.109375 3.0 0.0 2.9999999999999853 7.07227381565621e-14 3.104698038737646e-32
4.140625 3.0 0.0 2.999999999999985 6.922250825249384e-14 5.335009896503985e-32
4.171875 3.0 0.0 2.999999999999985 6.793609973411714e-14 9.137948787512768e-32
4.203125 3.0 0.0 2.999999999999985 6.935275245603437e-14 1.5601918693651058e-31
4.234375 3.0 0.0 2.999999999999985 7.028268219555703e-14 2.65545774288298e-31
4.265625 3.0 0.0 2.9999999999999845 6.963472976550694e-14 4.505546363689017e-31
4.296875 3.0 0.0 2.9999999999999845 6.698442919321061e-14 7.621057735477044e-31
4.328125 3.0 0.0 2.9999999999999845 6.662007190296017e-14 1.2851516331372023e-30
4.359375 3.0 0.0 2.9999999999999845 6.717000284655587e-14 2.1606037380466126e-30
4.390625 3.0 0.0 2.999999999999984 6.85315455644134e-14 3.621484103504994e-30
4.421875 3.0 0.0 2.9999999999999836 7.404616516562017e-14 6.0519690049571036e-30
4.453125 3.0 0.0 2.999999999999983 7.65365877397744e-14 1.0083523940785047e-29
4.484375 3.0 0.0 2.999999999999983 7.5384712102871e-14 1.6750947021985322e-29
4.515625 3.0 0.0 2.999999999999983 7.595539335311719e-14 2.774487006777097e-29
4.546875 3.0 0.0 2.999999999999983 7.60339435327472e-14 4.5819074330769235e-29
4.578125 3.0 0.0 2.9999999999999822 7.903857255287271e-14 7.544549486732463e-29
4.609375 3.0 0.0 2.9999999999999822 8.177229432476286e-14 1.238642375332453e-28
4.640625 3.0 0.0 2.9999999999999813 8.305096926898123e-14 2.027615344466844e-28
4.671875 3.0 0.0 2.9999999999999805 8.349289424021876e-14 3.3094267750190695e-28
4.703125 3.0 0.0 2.9999999999999805 8.539376357660248e-14 5.38576355657764e-28
4.734375 3.0 0.0 2.9999999999999805 8.68389562892245e-14 8.73912572067705e-28
4.765625 3.0 0.0 2.9999999999999805 8.44832482186364e-14 1.4138812796945444e-27
4.796875 3.0 0.0 2.9999999999999805 8.23433789069648e-14 2.2807587812770227e-27
4.828125 3.0 0.0 2.9999999999999805 7.758120884854023e-14 3.668289004728993e-27
4.859375 3.0 0.0 2.999999999999981 7.531110035024218e-14 5.882486307471667e-27
4.890625 3.0 0.0 2.999999999999979 8.511538825447978e-14 9.405155247393542e-27
4.921875 3.0 0.0 2.999999999999975 1.0335922924904546e-13 1.49924343140427e-26
4.953125 3.0 0.0 2.9999999999999725 1.1611916325237995e-13 2.3827139994964814e-26
4.984375 3.0 0.0 2.9999999999999756 9.870080914622336e-14 3.775344399229274e-26
5.015625 3.0 0.0 2.9999999999999867 3.977965802722958e-14 5.963706537766583e-26
5.046875 3.0 0.0 2.9999999999999933 -1.5150849940475964e-15 9.391605402168255e-26
5.078125 3.0 0.0 2.999999999999975 9.548684561193407e-14 1.474398097469421e-25
5.109375 3.0 0.0 2.9999999999999236 3.7808578381295273e-13 2.3074218514254646e-25
5.140625 3.0 0.0 2.999999999999887 5.818346376445377e-13 3.599654906553355e-25
5.171875 3.0 0.0 2.999999999999966 1.5906510104867046e-13 5.5975613110885925e-25
5.203125 3.0 0.0 3.0000000000001963 -1.093205660332445e-12 8.676038409735593e-25
5.234375 3.0 0.0 3.000000000000378 -2.0759459670838775e-12 1.3403152088627167e-24
5.265625 3.0 0.0 3.0000000000000635 -3.734534799920517e-13 2.063626327147327e-24
5.296875 3.0 0.0 2.9999999999990346 5.204031798761832e-12 3.1664072085467803e-24
5.328125 3.0 0.0 2.999999999998085 1.0349580773313701e-11 4.8415436441065506e-24
5.359375 3.0 0.0 2.999999999999149 4.582844748935796e-12 7.376468727502132e-24
5.390625 3.0 0.0 3.000000000003506 -1.9058486355489368e-11 1.1197544736359961e-23
5.421875 3.0 0.0 3.0000000000084226 -4.57315891091439e-11 1.6934177460038927e-23
5.453125 3.0 0.0 3.0000000000058673 -3.187591769608059e-11 2.5510813027808987e-23
5.484375 3.0 0.0 2.9999999999886815 6.136372740850498e-11 3.8277972523577195e-23
5.515625 3.0 0.0 2.9999999999643494 1.9337572313135998e-10 5.719737357640802e-23
5.546875 3.0 0.0 2.9999999999639204 1.9570360476469063e-10 8.510108664216983e-23
5.578125 3.0 0.0 3.000000000024269 -1.317126358830486e-10 1.2605058654817386e-22
5.609375 3.0 0.0 3.000000000135633 -7.359157250755579e-10 1.8582826090560647e-22
5.640625 3.0 0.0 3.0000000001911493 -1.037121694532585e-09 2.7260073698019643e-22
5.671875 3.0 0.0 3.0000000000205143 -1.1134134598745892e-10 3.977987490968176e-22
5.703125 3.0 0.0 2.9999999995671085 2.348613207247221e-09 5.77259160798956e-22
5.734375 3.0 0.0 2.999999999127874 4.731676252137088e-09 8.326656155385357e-22
5.765625 3.0 0.0 2.9999999993827164 3.3490303512651774e-09 1.193295339358929e-21
5.796875 3.0 0.0 3.000000000908653 -4.929939060444348e-09 1.698014209741317e-21
5.828125 3.0 0.0 3.000000003228675 -1.751713377899894e-08 2.397332648142728e-21
5.859375 3.0 0.0 3.000000004131361 -2.2414671986238018e-08 3.3550959936201877e-21
5.890625 3.0 0.0 3.0000000004652407 -2.5243522405619997e-09 4.648962114637106e-21
5.921875 3.0 0.0 2.9999999910437967 4.8590879448944084e-08 6.368100805829833e-21
5.953125 3.0 0.0 2.9999999803404025 1.0665597353793663e-07 8.605353010410987e-21
5.984375 3.0 0.0 2.999999979308582 1.1226715975200811e-07 1.143913179228943e-20
6.015625 3.0 0.0 2.9999999991251824 4.7526487479556555e-09 1.489719778190366e-20
6.046875 3.0 0.0 3.0000000368996798 -1.9955969722254666e-07 1.8889436847287846e-20
6.078125 3.0 0.0 3.000000058659407 -3.142697195774816e-07 2.3088901174160298e-20
6.109375 3.0 0.0 2.9999999820146925 1.1465623766220552e-07 2.672813031849725e-20
6.140625 3.0 0.0 2.999999607095602 2.082478765439385e-06 2.8258874022225216e-20
6.171875 3.0 0.0 2.9999984921661316 8.076552816490005e-06 2.4794409328619503e-20
6.203125 3.0 0.0 2.9999956962025482 2.3258304744485187e-05 1.120966778113034e-20
6.234375 3.0 0.0 2.999989150500183 5.880712676872311e-05 -2.1292021952213176e-20
6.265625 3.0 0.0 2.9999742631288244 0.00013960676646045648 -8.743644241968582e-20
6.296875 3.0 0.0 2.9999410045184383 0.00032006635558105487 -2.1139984100659238e-19
6.328125 3.0 0.0 2.999868075851935 0.0007157255614156056 -4.3225443940309184e-19
6.359375 3.0 0.0 2.99971180194491 0.0015635057076147253 -8.123242558628094e-19
6.390625 3.0 0.0 2.999385873380227 0.003331435889344698 -1.449916056694189e-18
6.421875 3.0 0.0 2.9987231060570054 0.006925601116355818 -2.498590031010466e-18
6.453125 3.0 0.0 2.9973911379180738 0.014145409276155678 -4.1961531058258706e-18
6.484375 3.0 0.0 2.9948056952938127 0.02814579448188475 -6.908033070364404e-18
6.515625 3.0 0.0 2.9905089345390246 0.05137182524214659 -1.1191819602844879e-17
6.546875 3.0 0.0 2.9845382136031264 0.08356334278004496 -1.7892814642745072e-17
6.578125 3.0 0.0 2.9771854163769444 0.12307352363866357 -2.828480622676629e-17
6.609375 3.0 0.0 2.9687861843182746 0.1680266306235232 -4.427650759039602e-17
6.640625 3.0 0.0 2.9596385121852906 0.21676652419559606 -6.871293963104205e-17
6.671875 3.0 0.0 2.949972912783905 0.2680176236403195 -1.0581352319837788e-16
6.703125 3.0 0.0 2.9399516116544913 0.32088492531514434 -1.6180622920595578e-16
6.734375 3.0 0.0 2.9296827256873748 0.37477287733430825 -2.4584179170539287e-16
6.765625 2.9999999999999996 0.0 2.9192372611547333 0.42929048778911516 -3.7130643844254734e-16
6.796875 2.999999999999999 0.0 2.908662671968193 0.4841764088361217 -5.576995431938721e-16
6.828125 2.999999999999999 0.0 2.8979917885713795 0.5392498474036089 -8.333090963179003e-16
6.859375 2.9999999999999987 0.0 2.8872481839807027 0.5943811078474616 -1.2390097532254693e-15
6.890625 2.9999999999999982 0.0 2.8764493393729293 0.6494741976791607 -1.833634667520214e-15
6.921875 2.9999999999999973 0.0 2.8656085714736763 0.7044562185123469 -2.7015457262591083e-15
6.953125 2.999999999999996 0.0 2.8547362671336285 0.7592705635497707 -3.963263749308563e-15
6.984375 2.9999999999999942 0.0 2.843840711167367 0.8138723575986143 -5.790342783568785e-15
7.015625 2.9999999999999916 0.0 2.8329286606306865 0.8682252988647429 -8.426110147273168e-15
7.046875 2.9999999999999876 0.0 2.8220057537332712 0.9222994167915486 -1.2214485147172358e-14
7.078125 2.9999999999999822 0.0 2.811076807920084 0.9760694452226154 -1.7639885483553146e-14
7.109375 2.9999999999999747 0.0 2.80014604226884 1.0295136171147625 -2.53822982660602e-14
7.140625 2.9999999999999636 0.0 2.789217247464647 1.0826127526931342 -3.63930197719041e-14
7.171875 2.999999999999948 0.0 2.778293919101384 1.1353495544876728 -5.1998468342356297e-14
7.203125 2.9999999999999263 0.0 2.7673793651856777 1.1877080496715322 -7.404199539793786e-14
7.234375 2.999999999999895 0.0 2.7564767955764706 1.2396731376075962 -1.050769502468153e-13
7.265625 2.9999999999998517 0.0 2.745589399028895 1.2912302120777288 -1.4862863863463673e-13
7.296875 2.9999999999997904 0.0 2.734720412127354 1.3423648354978384 -2.0954856369736308e-13
7.328125 2.9999999999997056 0.0 2.7238731834653445 1.3930624477513915 -2.9449184610589434e-13
7.359375 2.9999999999995874 0.0 2.7130512357705254 1.4433080961141775 -4.1255848706260836e-13
7.390625 2.9999999999994236 0.0 2.7022583281560975 1.4930861757545935 -5.761517913992377e-13
7.421875 2.999999999999198 0.0 2.691498520195983 1.542380173002949 -8.021235938183894e-13
7.453125 2.9999999999988867 0.0 2.6807762389658074 1.5911724064743986 -1.113296906264696e-12
7.484375 2.9999999999984595 0.0 2.6700963494947567 1.6394437644936417 -1.5404834363647938e-12
7.515625 2.9999999999978746 0.0 2.659464228205521 1.687173441194271 -2.1251475998174054e-12
7.546875 2.999999999997077 0.0 2.648885837948802 1.7343386777950132 -2.922911974610753e-12
7.578125 2.9999999999959917 0.0 2.638367802439858 1.7809145186433855 -4.008153816462366e-12
7.609375 2.99999999999452 0.0 2.6279174779223733 1.8268735908920182 -5.480010911465506e-12
7.640625 2.9999999999925295 0.0 2.6175430219794054 1.8721859069035323 -7.470200829441743e-12
7.671875 2.999999999989847 0.0 2.607253465712368 1.916818661084954 -1.0153164275917284e-11
7.703125 2.999999999986241 0.0 2.597058809137703 1.9607359356697938 -1.3759175065993107e-11
7.734375 2.9999999999814086 0.0 2.5869701844785085 2.0038981285757247 -1.8591221278310382e-11
7.765625 2.9999999999749534 0.0 2.5770001718068225 2.0462607580415813 -2.5046660111161175e-11
7.796875 2.999999999966355 0.0 2.5671634081504253 2.0877720790116534 -3.364488926874075e-11
7.828125 2.9999999999549374 0.0 2.5574777019907176 2.128368680395659 -4.506256740414861e-11
7.859375 2.9999999999398215 0.0 2.5479659376378665 2.1679679739633517 -6.017826279695694e-11
7.890625 2.999999999919871 0.0 2.5386590962016267 2.2064563639602994 -8.012882088826562e-11
7.921875 2.9999999998936198 0.0 2.5296006617542113 2.243672173959217 -1.0638022529341046e-10
7.953125 2.9999999998591838 0.0 2.520852392192678 2.2793835988621454 -1.4081629059050188e-10
7.984375 2.999999999814151 0.0 2.512500723554246 2.3132647444263106 -1.8584917425466984e-10
8.015625 2.9999999997554436 0.0 2.5046617773829896 2.344877776627655 -2.445564327745659e-10
8.046875 2.99999999967915 0.0 2.4974811327777897 2.373675916743946 -3.2085017244722926e-10
8.078125 2.9999999995803153 0.0 2.491122834043919 2.3990480537988983 -4.196847518033573e-10
8.109375 2.9999999994526894 0.0 2.4857418901548667 2.4204261134878147 -5.473104646628257e-10
8.140625 2.999999999288418 0.0 2.4814381376954597 2.437462437386086 -7.115816430660233e-10
8.171875 2.999999999077671 0.0 2.4782019465797003 2.45023645994649 -9.22328624068492e-10
8.203125 2.999999998808196 0.0 2.475889125292603 2.4593466383857887 -1.191803958165589e-09
8.234375 2.9999999984647863 0.0 2.4742711403499786 2.4657104082048606 -1.5352140059132596e-09
8.265625 2.9999999980286525 0.0 2.473131626045727 2.4701875819512105 -1.971347542156692e-09
8.296875 2.999999997476687 0.0 2.4723204061963333 2.473372503713615 -2.523312985973188e-09
8.328125 2.9999999967806046 0.0 2.4717470015037586 2.4756225483767307 -3.219395161131922e-09
8.359375 2.9999999959059593 0.0 2.4713552735309783 2.477159122732086 -4.094040754180995e-09
8.390625 2.9999999948110214 0.0 2.471108175310905 2.4781281391996313 -5.1889784705830064e-09
8.421875 2.9999999934455253 0.0 2.4709819102407553 2.47862322300227 -6.554474776039984e-09
8.453125 2.9999999917492817 0.0 2.470958690737584 2.478714253398974 -8.250718395545009e-09
8.484375 2.9999999896506844 0.0 2.4710207130007484 2.478471059792003 -1.0349315607112637e-08
8.515625 2.999999987065137 0.0 2.471150795948501 2.477960968295206 -1.2934862794373492e-08
8.546875 2.9999999838934586 0.0 2.4713283072121732 2.4772648190352022 -1.610654146399652e-08
8.578125 2.9999999800203474 0.0 2.471529070651419 2.4764773674759235 -1.9979652470463198e-08
8.609375 2.999999975313031 0.0 2.471730486700387 2.475687231613322 -2.4686968687730042e-08
8.640625 2.999999969620263 0.0 2.471918284166856 2.4749504050265183 -3.037973662956737e-08
8.671875 2.9999999627719047 0.0 2.472090747973115 2.474273640513632 -3.722809494294276e-08
8.703125 2.999999954579402 0.0 2.472255843069324 2.47362570142442 -4.542059821685135e-08
8.734375 2.9999999448375654 0.0 2.4724225371034185 2.4729713984067545 -5.5162434587404565e-08
8.765625 2.999999933328199 0.0 2.472593870597861 2.4722987921143225 -6.667180104523568e-08
8.796875 2.9999999198262532 0.0 2.472766629805013 2.47162049231506 -8.017374642759501e-08
8.828125 2.9999999041093965 0.0 2.472935628526189 2.470956860505499 -9.589060343071351e-08
8.859375 2.999999885972098 0.0 2.473098445661452 2.4703174096510585 -1.1402790157076528e-07
8.890625 2.999999865245624 0.0 2.4732581881535154 2.46968994511567 -1.3475437614470108e-07
8.921875 2.9999998418256437 0.0 2.473422556768005 2.4690442211541055 -1.581743565263702e-07
8.953125 2.999999815709577 0.0 2.4735991554754384 2.4683503574051286 -1.842904225897277e-07
8.984375 2.9999997870462476 0.0 2.473790082216159 2.467600091857338 -2.129537521443204e-07
9.015625 2.999999756200964 0.0 2.473990022890306 2.4668142852540633 -2.4379903603245343e-07
9.046875 2.999999723839798 0.0 2.474189065375075 2.4660318832846437 -2.7616020174017365e-07
9.078125 2.999999691037548 0.0 2.4743779578933713 2.46528926073748 -3.089624517400078e-07
9.109375 2.99999965941472 0.0 2.4745526909503206 2.4646022049207534 -3.405852802832484e-07
9.140625 2.9999996313098265 0.0 2.4747154907871414 2.463961994071773 -3.686901735755997e-07
9.171875 2.999999609994384 0.0 2.474871531400886 2.46334831242259 -3.900056158431509e-07
9.203125 2.999999599939188 0.0 2.475024575747571 2.462746388304832 -4.00060811963365e-07
9.234375 2.9999996071418074 0.0 2.4751753828073166 2.4621532650595297 -3.92858192564735e-07
9.265625 2.9999996395267106 0.0 2.475323250076642 2.461571741731282 -3.6047328921586107e-07
9.296875 2.999999707431041 0.0 2.4754681038138533 2.4610021547434666 -2.9256895874623466e-07
9.328125 2.9999998241907955 0.0 2.4756110077039652 2.460440377473623 -1.75809204796358e-07
9.359375 3.000000006843995 0.0 2.4757531347367085 2.459881866507884 6.84399496390746e-09
9.390625 3.0000002769693754 0.0 2.4758946235642942 2.4593261657411647 2.769693754259723e-07
9.421875 3.0000006616810917 0.0 2.4760343916205185 2.45877764821227 6.6168109169794e-07
9.453125 3.0000011948019654 0.0 2.4761707757191944 2.458243001822448 1.1948019652308614e-06
9.484375 3.0000019182397706 0.0 2.476302245737309 2.457728426473512 1.91823977061019e-06
9.515625 3.0000028835929657 0.0 2.476427705719825 2.4572384547168813 2.8835929655655025e-06
9.546875 3.0000041540140114 0.0 2.476546413333306 2.4567762755260096 4.154014011294916e-06
9.578125 3.000005806359934 0.0 2.4766577853949086 2.456344508115133 5.806359934410772e-06
9.609375 3.0000079336609473 0.0 2.476761281551818 2.455945669756026 7.933660947464523e-06
9.640625 3.00001064793866 0.0 2.476856412181883 2.4555821560378437 1.0647938659910819e-05
9.671875 3.0000140834055493 0.0 2.47694285564706 2.455255791982374 1.4083405549510238e-05
9.703125 3.000018400076786 0.0 2.4770206424442627 2.454967121204494 1.8400076786345152e-05
9.734375 3.0000237878240568 0.0 2.477090304678377 2.454714833328557 2.3787824056655596e-05
9.765625 3.0000304708985603 0.0 2.477152871400376 2.454495800484688 3.047089856032277e-05
9.796875 3.0000387129466852 0.0 2.477209698666181 2.4543057671081323 3.871294668531413e-05
9.828125 3.0000488225368223 0.0 2.4772622628616228 2.4541401868250157 4.882253682205016e-05
9.859375 3.000061159209198 0.0 2.477312030883322 2.453994758894385 6.115920919813026e-05
9.890625 3.0000761400523226 0.0 2.477360368561202 2.4538658162157665 7.614005232250465e-05
9.921875 3.000094246799473 0.0 2.477408392705055 2.453750937607012 9.424679947325484e-05
9.953125 3.000116033426509 0.0 2.477456812918593 2.4536496024930967 0.00011603342650898227
9.984375 3.000142134218022 0.0 2.4775059454158295 2.4535631698468077 0.00014213421802187232
10.015625 3.0001732722524084 0.0 2.477556003159991 2.453493770051937 0.00017327225240822825
10.046875 3.0002102682377827 0.0 2.4776075361041965 2.453442606798793 0.00021026823778249598
10.078125 3.0002540496098318 0.0 2.4776616919157624 2.453408966659087 0.00025404960983168684
10.109375 3.000305659779792 0.0 2.4777200024505333 2.4533910971072244 0.0003056597797921633
10.140625 3.000366267395899 0.0 2.477783907937936 2.453388130504179 0.0003662673958988225
10.171875 3.0004371754551613 0.0 2.477854475544382 2.4534011925406043 0.00043717545516134556
10.203125 3.00051983007451 0.0 2.4779320279035257 2.4534349675853457 0.0005198300745101878
10.234375 3.0006158287016733 0.0 2.4780161704324146 2.4534975708710554 0.0006158287016735327
10.265625 3.000726927517148 0.0 2.4781075535070363 2.4535936470971746 0.0007269275171483163
10.296875 3.0008550477499747 0.0 2.4782088183506357 2.453720680335233 0.0008550477499748933
10.328125 3.0010022806024854 0.0 2.478323688172725 2.453872587014021 0.0010022806024855794
10.359375 3.0011708904536465 0.0 2.478455914415029 2.4540438833068814 0.0011708904536466504
10.390625 3.0013633159880233 0.0 2.478608672632718 2.454232071152733 0.00136331598802327
10.421875 3.0015821688788247 0.0 2.4787845004034814 2.4544378771597084 0.0015821688788247121
10.453125 3.00183022964006 0.0 2.4789857411913356 2.45466348704543 0.001830229640059798
10.484375 3.002110440255724 0.0 2.4792152375163368 2.454909783265357 0.0021104402557239545
10.515625 3.0024258931943457 0.0 2.4794768726300647 2.455174164199522 0.0024258931943456344
10.546875 3.002779816426327 0.0 2.479775649577929 2.455450169814064 0.002779816426326757
10.578125 3.00317555408046 0.0 2.480117265975415 2.4557290768820703 0.0031755540804596885
10.609375 3.0036165424058465 0.0 2.480507387282981 2.456002663777542 0.003616542405846326
10.640625 3.0041062807471084 0.0 2.480950932406082 2.456265907315773 0.004106280747108303
10.671875 3.004648297295011 0.0 2.4814516668477884 2.456518447115553 0.004648297295010989
10.703125 3.005246109441955 0.0 2.4820122580726482 2.4567642064957593 0.005246109441955015
10.734375 3.0059031786524746 0.0 2.482634726471966 2.457009430787413 0.00590317865247471
10.765625 3.0066228598528646 0.0 2.4833210556510865 2.45726007325753 0.006622859852864577
10.796875 3.0074083454509157 0.0 2.484073698539043 2.457519567482292 0.007408345450915949
10.828125 3.008262604215674 0.0 2.484895774487611 2.4577877955164307 0.008262604215674192
10.859375 3.0091883153768846 0.0 2.4857908407845892 2.458061715043015 0.009188315376884767
10.890625 3.0101877984426997 0.0 2.4867622545852157 2.4583375871516475 0.01018779844269984
10.921875 3.011262939380126 0.0 2.4878123411779067 2.458613957798044 0.01126293938012599
10.953125 3.012415113953013 0.0 2.488941809948288 2.458893654137232 0.012415113953013106
10.984375 3.0136451091640843 0.0 2.490149874709859 2.4591829924502626 0.013645109164084353
11.015625 3.0149530438971515 0.0 2.491435093037516 2.459488137691561 0.014953043897151557
11.046875 3.016338289999458 0.0 2.4927963355709166 2.4598109428738444 0.016338289999458067
11.078125 3.017799395177961 0.0 2.4942331783051372 2.460147070599958 0.017799395177961152
11.109375 3.0193340092030168 0.0 2.495745508819902 2.460487236535693 0.019334009203016627
11.140625 3.0209388150139582 0.0 2.49733263889482 2.4608204315177877 0.020938815013958157
11.171875 3.0226094663990692 0.0 2.4989923189315384 2.461137568377036 0.022609466399069394
11.203125 3.0243405339731493 0.0 2.5007200209221585 2.4614341085176226 0.02434053397314911
11.234375 3.026125461195244 0.0 2.502508907674559 2.461710014914608 0.026125461195244212
11.265625 3.0279565321535444 0.0 2.5043507435024788 2.461966015076099 0.027956532153544326
11.296875 3.0298248527908007 0.0 2.506237354221353 2.4621977246725977 0.02982485279080091
11.328125 3.031720347149536 0.0 2.508161637394242 2.46239160204091 0.031720347149536324
11.359375 3.0336317700801314 0.0 2.5101173948798743 2.4625256394146975 0.033631770080131254
11.390625 3.0355467376759386 0.0 2.5120984680435656 2.462572947802882 0.03554673767593849
11.421875 3.037451776478212 0.0 2.514101724606335 2.4624898786081446 0.037451776478212004
11.453125 3.03933239223132 0.0 2.516141597701147 2.4621585190955746 0.039332392231319985
11.484375 3.041173158668053 0.0 2.518277825940705 2.4612757955299256 0.041173158668053204
11.515625 3.0429578264696633 0.0 2.5206606896020007 2.45917224925927 0.04295782646966331
11.546875 3.0446694521805715 0.0 2.5233103247404656 2.455693364531208 0.04466945218057142
11.578125 3.046290546469617 0.0 2.5260306185171535 2.45154793785938 0.04629054646961692
11.609375 3.047803240725473 0.0 2.528577786145843 2.447637487365794 0.04780324072547297
11.640625 3.0491894705615774 0.0 2.530747892094072 2.444707134618726 0.04918947056157731
11.671875 3.0504311743945425 0.0 2.53248299931293 2.442917739423913 0.05043117439454236
11.703125 3.051510504859034 0.0 2.533881735028608 2.4418008534632087 0.051510504859034176
11.734375 3.052410050441439 0.0 2.5350292874328604 2.4409421812408048 0.052410050441439045
11.765625 3.053113064364288 0.0 2.535951109541635 2.4401698017720896 0.05311306436428788
11.796875 3.053603697443263 0.0 2.5366293788898 2.439489551826054 0.05360369744326279
11.828125 3.053867231378129 0.0 2.537034677137009 2.438958616937092 0.05386723137812902
11.859375 3.0538903087368827 0.0 2.537149516365379 2.4385918727665743 0.05389030873688286
11.890625 3.053661155756567 0.0 2.5369693513094926 2.438358374457597 0.05366115575656725
11.921875 3.053169794021124 0.0 2.5364914997993138 2.4382271972443346 0.05316979402112389
11.953125 3.052408237091384 0.0 2.5357114947095383 2.438182819854595 0.05240823709138409
11.984375 3.0513706682582127 0.0 2.5346271603988333 2.4382093529592472 0.05137066825821273
12.015625 2.05005359576841 0.0 2.533239003895104 2.4382902301101153 0.05005359576840977
12.046875 2.0484559821337482 0.0 2.531550316256311 2.4384075299040067 0.048455982133748285
12.078125 2.0465793444739337 0.0 2.5295678251741442 2.438540159802287 0.046579344473933665
12.109375 2.0444278232596726 0.0 2.5273008329071174 2.4386676842616155 0.04442782325967287
12.140625 2.0420082173057845 0.0 2.5247597898784946 2.438776096745286 0.04200821730578457
12.171875 2.0393299834077734 0.0 2.5219550424686887 2.4388628317012975 0.03932998340777328
12.203125 2.036405199608188 0.0 2.5188972077576084 2.438935230143815 0.03640519960818808
12.234375 2.0332484917095064 0.0 2.51559929772137 2.4390017821673693 0.033248491709506556
12.265625 2.0298769233050855 0.0 2.5120781378577024 2.4390657578188475 0.02987692330508533
12.296875 2.0263098502648096 0.0 2.5083539576334557 2.4391261658519703 0.026309850264809496
12.328125 2.0225687412727775 0.0 2.5044491267630495 2.4391823354733413 0.022568741272777516
12.359375 2.0186769666557858 0.0 2.5003874814173876 2.439235929512847 0.018676966655785724
12.390625 2.0146595583488196 0.0 2.496194458605613 2.4392891476816887 0.014659558348819613
12.421875 2.0105429444030887 0.0 2.4918973048479467 2.439342489429059 0.01054294440308875
12.453125 2.0063546619401937 0.0 2.487524781878008 2.4393949302448132 0.006354661940193942
12.484375 2.002123052880952 0.0 2.4831065500884333 2.4394455775868296 0.002123052880951984
12.515625 1.997876947119048 0.0 2.478672676149111 2.439494424134327 -0.002123052880951984
12.546875 1.993645338059806 0.0 2.4742533475553503 2.4395418984409782 -0.006354661940193942
12.578125 1.9894570555969113 0.0 2.4698785525412252 2.439588604398453 -0.01054294440308875
12.609375 1.9853404416511804 0.0 2.4655775949070593 2.439635828349327 -0.014659558348819613
12.640625 1.9813230333442142 0.0 2.4613786704344744 2.4396856867190575 -0.018676966655785724
12.671875 1.9774312587272225 0.0 2.4573087748022164 2.4397400048456257 -0.022568741272777516
12.703125 1.9736901497351904 0.0 2.4533938289708273 2.4397988644592643 -0.026309850264809496
12.734375 1.9701230766949147 0.0 2.4496586111127994 2.43986039163371 -0.02987692330508533
12.765625 1.9667515082904934 0.0 2.446126330245328 2.439921816422028 -0.033248491709506556
12.796875 1.963594800391812 0.0 2.4428180936833237 2.439980566687906 -0.03640519960818808
12.828125 1.9606700165922266 0.0 2.439752566099885 2.4400346815040104 -0.03932998340777328
12.859375 1.9579917826942155 0.0 2.4369458484972197 2.440082518529404 -0.04200821730578457
12.890625 1.9555721767403271 0.0 2.4344113623256587 2.4401222662322977 -0.04442782325967287
12.921875 1.9534206555260663 0.0 2.4321595096487076 2.4401520322776094 -0.046579344473933665
12.953125 1.9515440178662518 0.0 2.430197201339417 2.440171678675901 -0.048455982133748285
12.984375 1.9499464042315902 0.0 2.428527865947164 2.4401832087992217 -0.05005359576840977
13.015625 1.9486293317417873 0.0 2.4271523512566593 2.4401883772195516 -0.05137066825821273
13.046875 1.947591762908616 0.0 2.4260692687783467 2.440189590516538 -0.05240823709138409
13.078125 1.946830205978876 0.0 2.425274952702883 2.4401889039727607 -0.05316979402112389
13.109375 1.9463388442434328 0.0 2.424763466152558 2.4401878216700243 -0.05366115575656725
13.140625 1.946109691263117 0.0 2.424526691867456 2.4401862957297293 -0.05389030873688286
13.171875 1.946132768621871 0.0 2.4245542691879924 2.440183061493935 -0.05386723137812902
13.203125 1.9463963025567372 0.0 2.4248336662076735 2.4401769364621906 -0.05360369744326279
13.234375 1.9468869356357121 0.0 2.4253505579722474 2.440167701455784 -0.05311306436428788
13.265625 1.947589949558561 0.0 2.426089187693147 2.440156858732141 -0.052410050441439045
13.296875 1.948489495140966 0.0 2.4270326170345555 2.440147238145639 -0.051510504859034176
13.328125 1.9495688256054577 0.0 2.4281629232602464 2.4401417984481024 -0.05043117439454236
13.359375 1.9508105294384226 0.0 2.4294615162264774 2.440142555503213 -0.04918947056157731
13.390625 1.952196759274527 0.0 2.4309094516624015 2.4401505388935254 -0.04780324072547297
13.421875 1.9537094535303832 0.0 2.432487619995364 2.4401663832076235 -0.04629054646961692
13.453125 1.9553305478194285 0.0 2.434176900454634 2.4401906290500364 -0.04466945218057142
13.484375 1.9570421735303367 0.0 2.4359585664582917 2.4402229703061775 -0.04295782646966331
13.515625 1.9588268413319467 0.0 2.4378146186375256 2.4402614092522406 -0.041173158668053204
13.546875 1.96066760776868 0.0 2.439727966753186 2.440302840602464 -0.039332392231319985
13.578125 1.962548223521788 0.0 2.441682565625557 2.4403443404180063 -0.037451776478212004
13.609375 1.9644532623240616 0.0 2.4436633411712876 2.440383741516143 -0.03554673767593849
13.640625 1.9663682299198688 0.0 2.44565604445083 2.440419203574649 -0.033631770080131254
13.671875 1.9682796528504636 0.0 2.4476471085217213 2.440449357377414 -0.031720347149536324
13.703125 1.970175147209199 0.0 2.4496232890569587 2.4404742397913277 -0.02982485279080091
13.734375 1.9720434678464556 0.0 2.45157206386033 2.4404922926197643 -0.027956532153544326
13.765625 1.9738745388047558 0.0 2.453481956059052 2.4405051787146457 -0.026125461195244212
13.796875 1.975659466026851 0.0 2.4553435626942406 2.4405144360814743 -0.02434053397314911
13.828125 1.9773905336009305 0.0 2.4571494700419745 2.4405212079048066 -0.022609466399069394
13.859375 1.9790611849860418 0.0 2.458893895870835 2.44052613206989 -0.020938815013958157
13.890625 1.9806659907969835 0.0 2.460571835815007 2.4405308930174234 -0.019334009203016627
13.921875 1.9822006048220389 0.0 2.4621785004903183 2.4405339985647068 -0.017799395177961152
13.953125 1.983661710000542 0.0 2.463709601476592 2.4405327250643727 -0.016338289999458067
13.984375 1.9850469561028485 0.0 2.46516199560949 2.4405250142455346 -0.014953043897151557
14.015625 1.8863548908359156 0.0 2.3620726279122124 2.4405096939657898 -0.11364510916408435
14.046875 1.8875848860469868 0.0 2.363449041510155 2.4404902888836593 -0.11241511395301311
14.078125 1.888737060619874 0.0 2.364591141107921 2.440474083198725 -0.11126293938012599
14.109375 1.8898122015573002 0.0 2.365767930495343 2.440467497068164 -0.11018779844269985
14.140625 1.8908116846231153 0.0 2.366815027108188 2.4404740053130087 -0.10918831537688477
14.171875 1.8917373957843258 0.0 2.3677914533452142 2.440489984975293 -0.1082626042156742
14.203125 1.892591654549084 0.0 2.368691236687342 2.440509639664337 -0.10740834545091596
14.234375 1.8933771401471353 0.0 2.3695170398731404 2.440530570674164 -0.10662285985286458
14.265625 1.8940968213475253 0.0 2.3702718050617624 2.4405549635860186 -0.10590317865247471
14.296875 1.894753890558045 0.0 2.370959410316161 2.440586143862668 -0.10524610944195502
14.328125 1.895351702704989 0.0 2.371584472358866 2.440625726142189 -0.10464829729501099
14.359375 1.8958937192528917 0.0 2.3721515657982994 2.440672155536831 -0.10410628074710832
14.390625 1.8963834575941536 0.0 2.372664530559107 2.4407221171990887 -0.10361654240584633
14.421875 1.8968244459195402 0.0 2.373126557289585 2.440772540609516 -0.1031755540804597
14.453125 1.8972201835736733 0.0 2.3735408025119837 2.4408216546964576 -0.10277981642632676
14.484375 1.8975741068056544 0.0 2.3739109168703343 2.4408692290149223 -0.10242589319434564
14.515625 1.897889559744276 0.0 2.374240957162186 2.4409171334985125 -0.10211044025572397
14.546875 1.8981697703599403 0.0 2.37453492820791 2.4409679814392224 -0.1018302296400598
14.578125 1.8984178311211752 0.0 2.3747965943642826 2.441021718254945 -0.10158216887882472
14.609375 1.8986366840119768 0.0 2.3750294026174688 2.4410741470710406 -0.10136331598802327
14.640625 1.8988291095463534 0.0 2.3752363491086945 2.4411196772529165 -0.10117089045364666
14.671875 1.8989977193975145 0.0 2.375419792480058 2.441155466827813 -0.10100228060248559
14.703125 1.899144952250025 0.0 2.375581985231189 2.4411826442862146 -0.1008550477499749
14.734375 1.8992730724828517 0.0 2.375725891116894 2.4412044261241097 -0.10072692751714832
14.765625 1.8993841712983264 0.0 2.3758549405879386 2.4412244620130683 -0.10061582870167354
14.796875 1.8994801699254897 0.0 2.3759715093701725 2.4412458757654534 -0.1005198300745102
14.828125 1.8995628245448386 0.0 2.3760761320644037 2.441271744126092 -0.10043717545516136
14.859375 1.899633732604101 0.0 2.376168102860714 2.4413037091637 -0.10036626739589882
14.890625 1.8996943402202078 0.0 2.3762470441741277 2.441340518597273 -0.10030565977979217
14.921875 1.8997459503901684 0.0 2.376313983689376 2.4413783687324293 -0.1002540496098317
14.953125 1.8997897317622174 0.0 2.3763710843085866 2.4414149910454888 -0.10021026823778251
14.984375 1.8998267277475918 0.0 2.3764205880123166 2.4414546465693157 -0.10017327225240823
15.015625 1.899857865781978 0.0 2.376464534207751 2.441505123670299 -0.10014213421802187
15.046875 1.899883966573491 0.0 2.376504114321465 2.441572714297756 -0.10011603342650899
15.078125 1.8999057532005268 0.0 2.376539822621584 2.4416565517158353 -0.10009424679947326
15.109375 1.8999238599476775 0.0 2.376571726177174 2.4417497030802746 -0.10007614005232252
15.140625 1.8999388407908018 0.0 2.376599768471346 2.4418431590355256 -0.10006115920919814
15.171875 1.8999511774631779 0.0 2.376623973079844 2.441929420413073 -0.10004882253682205
15.203125 1.8999612870533147 0.0 2.3766445972353227 2.442006241647963 -0.10003871294668532
15.234375 1.8999695291014396 0.0 2.376662112792862 2.442080218029311 -0.10003047089856033
15.265625 1.8999762121759434 0.0 2.3766772198414063 2.4421647506631095 -0.10002378782405666
15.296875 1.8999815999232137 0.0 2.3766912355313305 2.4422699855853454 -0.10001840007678635
15.328125 1.8999859165944506 0.0 2.376705897420643 2.442394125142633 -0.10001408340554951
15.359375 1.89998935206134 0.0 2.3767221404273666 2.442526251479105 -0.10001064793865992
15.390625 1.8999920663390526 0.0 2.3767390073148156 2.4426562654653594 -0.10000793366094747
15.421875 1.8999941936400655 0.0 2.376754433795518 2.4427792171929674 -0.10000580635993442
15.453125 1.8999958459859887 0.0 2.376767827674979 2.442891941049742 -0.1000041540140113
15.484375 1.8999971164070344 0.0 2.376781258899122 2.4429934150723494 -0.10000288359296557
15.515625 1.8999980817602293 0.0 2.3767978533511123 2.443087775281204 -0.10000191823977062
15.546875 1.8999988051980348 0.0 2.3768192077276766 2.443184289568138 -0.10000119480196523
15.578125 1.8999993383189082 0.0 2.3768444730780427 2.4432903733305045 -0.1000006616810917
15.609375 1.8999997230306245 0.0 2.3768716637670115 2.443405443336626 -0.10000027696937543
15.640625 1.899999993156005 0.0 2.3768995078857076 2.4435209218584824 -0.10000000684399497
15.671875 1.9000001758092049 0.0 2.376927499921778 2.4436284113039095 -0.09999982419079521
15.703125 1.9000002925689587 0.0 2.376954959645761 2.4437287456535675 -0.09999970743104127
15.734375 1.9000003604732891 0.0 2.37698152767491 2.443830137199047 -0.09999963952671079
15.765625 1.9000003928581926 0.0 2.377007987790533 2.443938690603649 -0.09999960714180745
15.796875 1.900000400060812 0.0 2.3770351520266018 2.444055385816724 -0.09999959993918804
15.828125 1.900000390005616 0.0 2.3770625080815773 2.4441794075141234 -0.09999960999438416
15.859375 1.9000003686901736 0.0 2.37708916291097 2.444309329021769 -0.09999963130982643
15.890625 1.9000003405852803 0.0 2.3771150874006506 2.444444680583585 -0.09999965941471972
15.921875 1.9000003089624518 0.0 2.3771407590601905 2.44458907311558 -0.09999969103754827
15.953125 1.9000002761602017 0.0 2.377166953943221 2.4447457753545687 -0.09999972383979827
15.984375 1.900000243799036 0.0 2.3771945133335866 2.4449109042781663 -0.09999975620096398
16.015625 1.900000212953752 0.0 2.3772223447447884 2.44507856007887 -0.09999978704624786
16.046875 1.9000001842904226 0.0 2.377247409274072 2.44524632979605 -0.09999981570957742
16.078125 1.9000001581743566 0.0 2.377268617345229 2.4454098961792567 -0.09999984182564348
16.109375 1.9000001347543762 0.0 2.3772879891944125 2.4455674404114345 -0.09999986524562386
16.140625 1.9000001140279015 0.0 2.3773072557364814 2.445730682503246 -0.09999988597209844
16.171875 1.9000000958906034 0.0 2.377326927646254 2.4459154332346755 -0.09999990410939658
16.203125 1.9000000801737464 0.0 2.3773482477448376 2.4461203097920254 -0.09999991982625357
16.234375 1.900000066671801 0.0 2.3773722941218436 2.446328936691957 -0.09999993332819897
16.265625 1.9000000551624345 0.0 2.377398449951181 2.4465252212736455 -0.09999994483756541
16.296875 1.9000000454205983 0.0 2.3774242807633934 2.446705167112732 -0.09999995457940179
16.328125 1.900000037228095 0.0 2.3774474364142315 2.4468758556733183 -0.09999996277190507
16.359375 1.9000000303797366 0.0 2.3774704069288033 2.4470383942972185 -0.09999996962026338
16.390625 1.9000000246869686 0.0 2.377498724460404 2.4471846305636364 -0.09999997531303131
16.421875 1.9000000199796525 0.0 2.377530581113625 2.447329075671309 -0.09999998002034753
16.453125 1.9000000161065413 0.0 2.377560504696108 2.4474872936468692 -0.09999998389345854
16.484375 1.9000000129348629 0.0 2.3775934359242337 2.4476348707392797 -0.09999998706513721
16.515625 1.9000000103493155 0.0 2.3776294467857135 2.4477630020343075 -0.09999998965068439
16.546875 1.9000000082507185 0.0 2.3776596035780755 2.447922795923774 -0.0999999917492816
16.578125 1.9000000065544749 0.0 2.3776905107880255 2.448085603549553 -0.09999999344552522
16.609375 1.9000000051889785 0.0 2.3777383618109713 2.4482120073196985 -0.09999999481102154
16.640625 1.9000000040940408 0.0 2.377785125601288 2.4483829782005455 -0.09999999590595925
16.671875 1.900000003219395 0.0 2.3778103155915606 2.448647837123231 -0.09999999678060484
16.703125 1.900000002523313 0.0 2.377832454694346 2.4487115652802176 -0.09999999747668702
16.734375 1.9000000019713474 0.0 2.3778481419778545 2.448650055808405 -0.09999999802865246
16.765625 1.900000001535214 0.0 2.3777956115708103 2.448770072152755 -0.099999998464786
16.796875 1.900000001191804 0.0 2.37801887258252 2.44771543186075 -0.09999999880819604
16.828125 1.9000000009223286 0.0 2.377559117518225 2.4499450281695516 -0.09999999907767138
16.859375 1.9000000007115816 0.0 2.3779619312103835 2.4504325506512012 -0.09999999928841836
16.890625 1.9000000005473106 0.0 2.3797211136671184 2.448342464819782 -0.09999999945268954
16.921875 1.9000000004196846 0.0 2.376741201614409 2.460151801854433 -0.09999999958031526
16.953125 1.9000000003208501 0.0 2.3776025771341183 2.4446336592048583 -0.09999999967914984
16.984375 1.9000000002445565 0.0 2.3763884095054006 2.4108821322150447 -0.09999999975544357
17.015625 1.9000000001858492 0.0 2.3619561180929907 2.425989300269433 -0.09999999981415084
17.046875 1.9000000001408164 0.0 2.3811791021873403 2.3086606706345463 -0.09999999985918372
17.078125 1.9000000001063801 0.0 2.3323806977916424 2.442435454552934 -0.09999999989361978
17.109375 1.9000000000801287 0.0 2.3394623480220873 2.063574106257856 -0.09999999991987119
17.140625 1.9000000000601782 0.0 2.2323922704888846 1.6599818736294218 -0.09999999993982174
17.171875 1.9000000000450625 0.0 2.05482535250166 0.7117268309158636 -0.09999999995493744
17.203125 1.900000000033645 0.0 1.933480695253433 0.14676171179975409 -0.09999999996635511
17.234375 1.9000000000250465 0.0 1.9069463017555992 0.03009527467098373 -0.09999999997495335
17.265625 1.9000000000185913 0.0 1.901404646973735 0.006069276702724252 -0.09999999998140878
17.296875 1.9000000000137591 0.0 1.90028311691559 0.0012225505398399425 -0.09999999998624083
17.328125 1.9000000000101531 0.0 1.9000570285953262 0.00024619993558347246 -0.09999999998984684
17.359375 1.9000000000074702 0.0 1.9000114825644316 4.939791464974963e-05 -0.0999999999925298
17.390625 1.90000000000548 0.0 1.9000022510761991 9.426547593235705e-06 -0.09999999999452
17.421875 1.9000000000040083 0.0 1.9000003285997484 1.1768499482925326e-06 -0.09999999999599185
17.453125 1.900000000002923 0.0 1.8999999618742383 -1.0925041529926092e-07 -0.0999999999970771
17.484375 1.900000000002125 0.0 1.8999999830470464 -7.431603039714695e-08 -0.09999999999787486
17.515625 1.9000000000015405 0.0 1.900000011821764 5.165297001228836e-08 -0.09999999999845952
17.546875 1.9000000000011132 0.0 1.900000007984145 3.445668104765914e-08 -0.09999999999888672
17.578125 1.9000000000008022 0.0 1.8999999992190806 -3.3822892514602816e-09 -0.09999999999919788
17.609375 1.9000000000005761 0.0 1.899999998143882 -8.014301347414486e-09 -0.09999999999942386
17.640625 1.9000000000004125 0.0 1.8999999998794705 -5.22347471197334e-10 -0.09999999999958745
17.671875 1.9000000000002946 0.0 1.9000000004142776 1.7875651917826776e-09 -0.09999999999970552
17.703125 1.9000000000002095 0.0 1.9000000001048962 4.52110976181252e-10 -0.09999999999979045
17.734375 1.9000000000001487 0.0 1.8999999999239945 -3.287236482437028e-10 -0.09999999999985137
17.765625 1.9000000000001052 0.0 1.899999999962319 -1.6306346820286218e-10 -0.09999999999989492
17.796875 1.900000000000074 0.0 1.9000000000108368 4.6558194046716346e-11 -0.09999999999992597
17.828125 1.900000000000052 0.0 1.900000000010702 4.607422308566637e-11 -0.099999999999948
17.859375 1.9000000000000363 0.0 1.8999999999994537 -2.4256380717202667e-12 -0.09999999999996362
17.890625 1.9000000000000254 0.0 1.8999999999974324 -1.1107243467615337e-11 -0.09999999999997462
17.921875 1.9000000000000177 0.0 1.8999999999996526 -1.4884349875100932e-12 -0.09999999999998237
17.953125 1.9000000000000121 0.0 1.900000000000515 2.2603346393752958e-12 -0.0999999999999878
17.984375 1.9000000000000083 0.0 1.9000000000001558 7.232242016949186e-13 -0.09999999999999158
18.015625 1.9000000000000057 0.0 1.8999999999998887 -4.225096459388905e-13 -0.09999999999999422
18.046875 1.900000000000004 0.0 1.8999999999999209 -2.770233083902775e-13 -0.09999999999999604
18.078125 1.9000000000000028 0.0 1.899999999999987 1.2973678804492234e-14 -0.0999999999999973
18.109375 1.900000000000002 0.0 1.8999999999999906 3.073709025147483e-14 -0.09999999999999817
18.140625 1.9000000000000012 0.0 1.8999999999999755 -3.24627873073545e-14 -0.09999999999999877
18.171875 1.9000000000000008 0.0 1.8999999999999715 -4.7016222580446325e-14 -0.09999999999999917
18.203125 1.9000000000000006 0.0 1.8999999999999735 -3.019866974856212e-14 -0.09999999999999945
18.234375 1.9000000000000004 0.0 1.8999999999999746 -2.1747261942901487e-14 -0.09999999999999963
18.265625 1.9000000000000004 0.0 1.8999999999999733 -1.9885652614261354e-14 -0.09999999999999976
18.296875 1.9000000000000001 0.0 1.899999999999974 -1.966797693058615e-14 -0.09999999999999984
18.328125 1.9000000000000001 0.0 1.8999999999999746 -1.8409067984324196e-14 -0.0999999999999999
18.359375 1.9000000000000001 0.0 1.899999999999975 -1.8362297985173245e-14 -0.09999999999999994
18.390625 1.9000000000000001 0.0 1.899999999999975 -2.0273506731253257e-14 -0.09999999999999996
18.421875 1.9 0.0 1.8999999999999746 -2.34426537327265e-14 -0.09999999999999998
18.453125 1.9 0.0 1.8999999999999746 -2.563338033087746e-14 -0.09999999999999999
18.484375 1.9 0.0 1.8999999999999746 -2.632640044349578e-14 -0.09999999999999999
18.515625 1.9 0.0 1.8999999999999746 -2.7811494803947567e-14 -0.1
18.546875 1.9 0.0 1.899999999999975 -2.774945524401195e-14 -0.1
18.578125 1.9 0.0 1.899999999999975 -2.8200170062128896e-14 -0.1
18.609375 1.9 0.0 1.899999999999975 -2.975327745603285e-14 -0.1
18.640625 1.9 0.0 1.899999999999975 -3.287254118968166e-14 -0.1
18.671875 1.9 0.0 1.899999999999975 -3.533589925561618e-14 -0.1
18.703125 1.9 0.0 1.8999999999999744 -3.5234450583978417e-14 -0.1
18.734375 1.9 0.0 1.8999999999999733 -3.086748622078053e-14 -0.1
18.765625 1.9 0.0 1.8999999999999726 -3.107222184900519e-14 -0.1
18.796875 1.9 0.0 1.8999999999999724 -3.4441585095475534e-14 -0.1
18.828125 1.9 0.0 1.8999999999999724 -3.501248861842025e-14 -0.1
18.859375 1.9 0.0 1.8999999999999724 -3.556638256915584e-14 -0.1
18.890625 1.9 0.0 1.8999999999999724 -3.53844602647799e-14 -0.1
18.921875 1.9 0.0 1.8999999999999728 -3.360037849839966e-14 -0.1
18.953125 1.9 0.0 1.8999999999999742 -2.7956329356075313e-14 -0.1
18.984375 1.9 0.0 1.899999999999976 -2.518659776180291e-14 -0.1
19.015625 1.9 0.0 1.8999999999999764 -2.5701193198725027e-14 -0.1
19.046875 1.9 0.0 1.8999999999999764 -2.768745804797175e-14 -0.1
19.078125 1.9 0.0 1.8999999999999764 -3.0131800515933685e-14 -0.1
19.109375 1.9 0.0 1.8999999999999764 -3.107232125662504e-14 -0.1
19.140625 1.9 0.0 1.8999999999999764 -3.1370947704713456e-14 -0.1
19.171875 1.9 0.0 1.8999999999999764 -3.0772045994160285e-14 -0.1
19.203125 1.9 0.0 1.8999999999999764 -3.165266553949049e-14 -0.1
19.234375 1.9 0.0 1.8999999999999764 -3.292117500974617e-14 -0.1
19.265625 1.9 0.0 1.8999999999999764 -3.466505871814505e-14 -0.1
19.296875 1.9 0.0 1.8999999999999764 -3.514468216931593e-14 -0.1
19.328125 1.9 0.0 1.8999999999999762 -3.651678415117226e-14 -0.1
19.359375 1.9 0.0 1.899999999999976 -3.6641339124531344e-14 -0.1
19.390625 1.9 0.0 1.8999999999999746 -3.436091343084456e-14 -0.1
19.421875 1.9 0.0 1.899999999999974 -3.1280628251883364e-14 -0.1
19.453125 1.9 0.0 1.8999999999999746 -2.853323533357334e-14 -0.1
19.484375 1.9 0.0 1.8999999999999764 -2.552619059783353e-14 -0.1
19.515625 1.9 0.0 1.8999999999999764 -2.6308321576766055e-14 -0.1
19.546875 1.9 0.0 1.8999999999999766 -2.6755289686254572e-14 -0.1
19.578125 1.9 0.0 1.8999999999999764 -2.7323871966912006e-14 -0.1
19.609375 1.9 0.0 1.8999999999999764 -3.023290470329887e-14 -0.1
19.640625 1.9 0.0 1.8999999999999764 -3.1919387434342505e-14 -0.1
19.671875 1.9 0.0 1.8999999999999764 -3.2699378542483956e-14 -0.1
19.703125 1.9 0.0 1.899999999999976 -3.4084813516779147e-14 -0.1
19.734375 1.9 0.0 1.899999999999976 -3.3755257955837163e-14 -0.1
19.765625 1.9 0.0 1.8999999999999764 -3.524505325929263e-14 -0.1
19.796875 1.9 0.0 1.8999999999999764 -3.632441879225427e-14 -0.1
19.828125 1.9 0.0 1.8999999999999764 -3.9188439659857136e-14 -0.1
19.859375 1.9 0.0 1.8999999999999764 -4.0056263079962506e-14 -0.1
19.890625 1.9 0.0 1.8999999999999764 -4.0311317267146455e-14 -0.1
19.921875 1.9 0.0 1.899999999999976 -4.01798583386117e-14 -0.1
19.953125 1.9 0.0 1.8999999999999757 -3.9680489684275873e-14 -0.1
19.984375 1.9 0.0 1.8999999999999768 -3.792844162732642e-14 -0.1
20.015625 1.9 0.0 1.899999999999978 -3.427314362805418e-14 -0.1
20.046875 1.9 0.0 1.899999999999979 -3.165170584211e-14 -0.1
20.078125 1.9 0.0 1.899999999999979 -3.161006180592755e-14 -0.1
20.109375 1.9 0.0 1.899999999999979 -3.296825528279529e-14 -0.1
20.140625 1.9 0.0 1.899999999999979 -3.48499771514843e-14 -0.1
20.171875 1.9 0.0 1.8999999999999786 -3.9020543812687493e-14 -0.1
20.203125 1.9 0.0 1.899999999999978 -4.144572812622275e-14 -0.1
20.234375 1.9 0.0 1.8999999999999784 -4.0483811348139164e-14 -0.1
20.265625 1.9 0.0 1.8999999999999795 -3.740723608115405e-14 -0.1
20.296875 1.9 0.0 1.89999999999998 -3.528001138157492e-14 -0.1
20.328125 1.9 0.0 1.89999999999998 -3.692267603919504e-14 -0.1
20.359375 1.9 0.0 1.89999999999998 -3.757712318576665e-14 -0.1
20.390625 1.9 0.0 1.89999999999998 -3.850411236374553e-14 -0.1
20.421875 1.9 0.0 1.8999999999999795 -3.7452027709743623e-14 -0.1
20.453125 1.9 0.0 1.8999999999999782 -3.363117809811623e-14 -0.1
20.484375 1.9 0.0 1.8999999999999777 -3.251965171799244e-14 -0.1
20.515625 1.9 0.0 1.8999999999999777 -3.202445116437143e-14 -0.1
20.546875 1.9 0.0 1.899999999999978 -3.37325126347819e-14 -0.1
20.578125 1.9 0.0 1.899999999999978 -3.383220587991771e-14 -0.1
20.609375 1.9 0.0 1.899999999999978 -3.342134535456974e-14 -0.1
20.640625 1.9 0.0 1.8999999999999773 -3.660301068070636e-14 -0.1
20.671875 1.9 0.0 1.8999999999999773 -3.81986310592713e-14 -0.1
20.703125 1.9 0.0 1.8999999999999773 -3.8958683462039034e-14 -0.1
20.734375 1.9 0.0 1.8999999999999777 -4.0348520465299054e-14 -0.1
20.765625 1.9 0.0 1.8999999999999782 -3.853595194064676e-14 -0.1
20.796875 1.9 0.0 1.8999999999999793 -3.456477940306729e-14 -0.1
20.828125 1.9 0.0 1.89999999999998 -3.2005500228973804e-14 -0.1
20.859375 1.9 0.0 1.89999999999998 -3.3648108460035483e-14 -0.1
20.890625 1.9 0.0 1.89999999999998 -3.4290644890894544e-14 -0.1
20.921875 1.9 0.0 1.89999999999998 -3.3752304528919975e-14 -0.1
20.953125 1.9 0.0 1.89999999999998 -3.3855351751688433e-14 -0.1
20.984375 1.9 0.0 1.89999999999998 -3.473832993749344e-14 -0.1
21.015625 1.9 0.0 1.89999999999998 -3.616917994859431e-14 -0.1
21.046875 1.9 0.0 1.89999999999998 -3.669101394611064e-14 -0.1
21.078125 1.9 0.0 1.89999999999998 -3.657140122820279e-14 -0.1
21.109375 1.9 0.0 1.89999999999998 -3.715396863491264e-14 -0.1
21.140625 1.9 0.0 1.8999999999999795 -3.703693796128858e-14 -0.1
21.171875 1.9 0.0 1.8999999999999793 -3.685284848536056e-14 -0.1
21.203125 1.9 0.0 1.8999999999999793 -3.771923386892643e-14 -0.1
21.234375 1.9 0.0 1.8999999999999795 -3.9655746676942824e-14 -0.1
21.265625 1.9 0.0 1.89999999999998 -4.037220215528388e-14 -0.1
21.296875 1.9 0.0 1.89999999999998 -4.045257311190788e-14 -0.1
21.328125 1.9 0.0 1.89999999999998 -3.9381612195107016e-14 -0.1
21.359375 1.9 0.0 1.8999999999999793 -3.991694340861841e-14 -0.1
21.390625 1.9 0.0 1.8999999999999793 -4.110912345733613e-14 -0.1
21.421875 1.9 0.0 1.8999999999999793 -4.230549672851284e-14 -0.1
21.453125 1.9 0.0 1.8999999999999793 -4.314096035456374e-14 -0.1
21.484375 1.9 0.0 1.8999999999999795 -4.3059356913826176e-14 -0.1
21.515625 1.9 0.0 1.8999999999999806 -3.9922098099653835e-14 -0.1
21.546875 1.9 0.0 1.8999999999999813 -3.809376697276408e-14 -0.1
21.578125 1.9 0.0 1.8999999999999813 -3.7319060978655914e-14 -0.1
21.609375 1.9 0.0 1.899999999999982 -3.7121079046856784e-14 -0.1
21.640625 1.9 0.0 1.899999999999982 -3.680980650182834e-14 -0.1
21.671875 1.9 0.0 1.899999999999982 -3.6916186763411875e-14 -0.1
21.703125 1.9 0.0 1.899999999999981 -3.549752553591817e-14 -0.1
21.734375 1.9 0.0 1.8999999999999806 -3.2667290893022733e-14 -0.1
21.765625 1.9 0.0 1.89999999999998 -3.149432931005492e-14 -0.1
21.796875 1.9 0.0 1.89999999999998 -3.2342767289874315e-14 -0.1
21.828125 1.9 0.0 1.89999999999998 -3.479034803376468e-14 -0.1
21.859375 1.9 0.0 1.89999999999998 -3.4417623573438724e-14 -0.1
21.890625 1.9 0.0 1.89999999999998 -3.5150264754648806e-14 -0.1
21.921875 1.9 0.0 1.89999999999998 -3.720783514000364e-14 -0.1
21.953125 1.9 0.0 1.89999999999998 -3.853612742684653e-14 -0.1
21.984375 1.9 0.0 1.89999999999998 -4.052172010201835e-14 -0.1
22.015625 1.9 0.0 1.89999999999998 -4.193725206009906e-14 -0.1
22.046875 1.9 0.0 1.8999999999999804 -4.3054435446913034e-14 -0.1
22.078125 1.9 0.0 1.8999999999999804 -4.3072233056434063e-14 -0.1
22.109375 1.9 0.0 1.8999999999999804 -4.6382842460886884e-14 -0.1
22.140625 1.9 0.0 1.8999999999999804 -4.566518998288769e-14 -0.1
22.171875 1.9 0.0 1.8999999999999804 -4.772192832838578e-14 -0.1
22.203125 1.9 0.0 1.89999999999998 -4.763818783109777e-14 -0.1
22.234375 1.9 0.0 1.8999999999999793 -4.595407878899549e-14 -0.1
22.265625 1.9 0.0 1.8999999999999793 -4.785865552109104e-14 -0.1
22.296875 1.9 0.0 1.8999999999999793 -4.581476141987295e-14 -0.1
22.328125 1.9 0.0 1.899999999999979 -4.674665390415688e-14 -0.1
22.359375 1.9 0.0 1.8999999999999786 -4.8132762198535225e-14 -0.1
22.390625 1.9 0.0 1.8999999999999786 -5.0162075472596985e-14 -0.1
22.421875 1.9 0.0 1.8999999999999786 -4.8026393239184505e-14 -0.1
22.453125 1.9 0.0 1.899999999999979 -4.450581827810787e-14 -0.1
22.484375 1.9 0.0 1.8999999999999793 -4.444668214735756e-14 -0.1
22.515625 1.9 0.0 1.89999999999998 -4.388272374867366e-14 -0.1
22.546875 1.9 0.0 1.8999999999999806 -4.300752969554979e-14 -0.1
22.578125 1.9 0.0 1.8999999999999821 -3.852733571571371e-14 -0.1
22.609375 1.9 0.0 1.8999999999999835 -3.457888508397906e-14 -0.1
22.640625 1.9 0.0 1.899999999999984 -3.446622038627095e-14 -0.1
22.671875 1.9 0.0 1.899999999999984 -3.563011772362925e-14 -0.1
22.703125 1.9 0.0 1.899999999999984 -3.679207318264705e-14 -0.1
22.734375 1.9 0.0 1.899999999999984 -3.868505889555734e-14 -0.1
22.765625 1.9 0.0 1.899999999999984 -4.0224400753493514e-14 -0.1
22.796875 1.9 0.0 1.899999999999984 -3.962852532591225e-14 -0.1
22.828125 1.9 0.0 1.899999999999983 -4.1201186149988527e-14 -0.1
22.859375 1.9 0.0 1.899999999999983 -4.3195679808322763e-14 -0.1
22.890625 1.9 0.0 1.8999999999999828 -4.3015541531732057e-14 -0.1
22.921875 1.9 0.0 1.8999999999999835 -4.184184965504065e-14 -0.1
22.953125 1.9 0.0 1.8999999999999846 -3.9011854776243817e-14 -0.1
22.984375 1.9 0.0 1.8999999999999853 -4.035896889035321e-14 -0.1
23.015625 1.9 0.0 1.8999999999999848 -4.205402847252911e-14 -0.1
23.046875 1.9 0.0 1.8999999999999844 -4.003079781905809e-14 -0.1
23.078125 1.9 0.0 1.8999999999999848 -3.319250034342317e-14 -0.1
23.109375 1.9 0.0 1.899999999999986 -3.1595686169974363e-14 -0.1
23.140625 1.9 0.0 1.899999999999986 -3.3464116992456546e-14 -0.1
23.171875 1.9 0.0 1.899999999999986 -3.4976458237541404e-14 -0.1
23.203125 1.9 0.0 1.8999999999999853 -3.5541198005937514e-14 -0.1
23.234375 1.9 0.0 1.8999999999999857 -3.521827093595903e-14 -0.1
23.265625 1.9 0.0 1.8999999999999864 -3.2863527410492987e-14 -0.1
23.296875 1.9 0.0 1.8999999999999873 -3.102933432086728e-14 -0.1
23.328125 1.9 0.0 1.8999999999999873 -3.0613791345932926e-14 -0.1
23.359375 1.9 0.0 1.899999999999987 -3.137402176878862e-14 -0.1
23.390625 1.9 0.0 1.899999999999987 -3.1374026285506146e-14 -0.1
23.421875 1.9 0.0 1.8999999999999873 -3.21657270894033e-14 -0.1
23.453125 1.9 0.0 1.8999999999999873 -3.079226817897384e-14 -0.1
23.484375 1.9 0.0 1.8999999999999866 -3.206198905477744e-14 -0.1
23.515625 1.9 0.0 1.8999999999999866 -3.298876369147819e-14 -0.1
23.546875 1.9 0.0 1.8999999999999857 -3.6437703885074e-14 -0.1
23.578125 1.9 0.0 1.8999999999999857 -4.154162411229251e-14 -0.1
23.609375 1.9 0.0 1.8999999999999857 -4.354185148913713e-14 -0.1
23.640625 1.9 0.0 1.899999999999986 -4.179422965063105e-14 -0.1
23.671875 1.9 0.0 1.8999999999999864 -3.9063629675781566e-14 -0.1
23.703125 1.9 0.0 1.899999999999987 -3.331026322096152e-14 -0.1
23.734375 1.9 0.0 1.8999999999999881 -2.722800599914454e-14 -0.1
23.765625 1.9 0.0 1.8999999999999886 -2.5617592473899224e-14 -0.1
23.796875 1.9 0.0 1.8999999999999893 -2.488872115361733e-14 -0.1
23.828125 1.9 0.0 1.8999999999999886 -2.700161243682518e-14 -0.1
23.859375 1.9 0.0 1.8999999999999886 -2.976973049993995e-14 -0.1
23.890625 1.9 0.0 1.8999999999999893 -2.8091271849963914e-14 -0.1
23.921875 1.9 0.0 1.8999999999999901 -2.3631335301341788e-14 -0.1
23.953125 1.9 0.0 1.8999999999999913 -2.153157635398439e-14 -0.1
23.984375 1.9 0.0 1.899999999999991 -2.280529196457059e-14 -0.1
24.015625 1.9 0.0 1.8999999999999908 -2.3263107726976284e-14 -0.1
24.046875 1.9 0.0 1.8999999999999915 -2.0440405137652974e-14 -0.1
24.078125 1.9 0.0 1.8999999999999921 -2.0533392322165688e-14 -0.1
24.109375 1.9 0.0 1.899999999999992 -2.1282052878969677e-14 -0.1
24.140625 1.9 0.0 1.899999999999992 -2.1761699822465566e-14 -0.1
24.171875 1.9 0.0 1.899999999999992 -2.203125831376335e-14 -0.1
24.203125 1.9 0.0 1.899999999999992 -2.2436159666646917e-14 -0.1
24.234375 1.9 0.0 1.899999999999992 -2.4171356707049638e-14 -0.1
24.265625 1.9 0.0 1.8999999999999913 -2.6502506086661675e-14 -0.1
24.296875 1.9 0.0 1.8999999999999913 -2.5953756596219767e-14 -0.1
24.328125 1.9 0.0 1.8999999999999924 -2.0784566455447363e-14 -0.1
24.359375 1.9 0.0 1.8999999999999941 -1.5005404197632387e-14 -0.1
24.390625 1.9 0.0 1.8999999999999957 -1.0866623171513685e-14 -0.1
24.421875 1.9 0.0 1.899999999999996 -8.681929567985245e-15 -0.1
24.453125 1.9 0.0 1.8999999999999952 -8.988214580978002e-15 -0.1
24.484375 1.9 0.0 1.8999999999999946 -1.1264619122980953e-14 -0.1
24.515625 1.9 0.0 1.899999999999995 -1.2933117978466805e-14 -0.1
24.546875 1.9 0.0 1.8999999999999946 -1.0352067473353e-14 -0.1
24.578125 1.9 0.0 1.8999999999999957 -9.118409844853248e-15 -0.1
24.609375 1.9 0.0 1.899999999999997 -5.925848767561378e-15 -0.1
24.640625 1.9 0.0 1.8999999999999972 -3.374538744613632e-15 -0.1
24.671875 1.9 0.0 1.8999999999999961 -1.048338188218625e-15 -0.1
24.703125 1.9 0.0 1.899999999999996 -1.9630103842474932e-15 -0.1
24.734375 1.9 0.0 1.8999999999999964 -6.940704306566306e-15 -0.1
24.765625 1.9 0.0 1.8999999999999972 -8.768298990098314e-15 -0.1
24.796875 1.9 0.0 1.8999999999999966 -8.549611396532194e-15 -0.1
24.828125 1.9 0.0 1.8999999999999966 -9.505653294108767e-15 -0.1
24.859375 1.9 0.0 1.8999999999999964 -1.0464869317724265e-14 -0.1
24.890625 1.9 0.0 1.8999999999999972 -7.54236538642179e-15 -0.1
24.921875 1.9 0.0 1.8999999999999964 -9.70084957673335e-15 -0.1
24.953125 1.9 0.0 1.899999999999997 -9.191260481641705e-15 -0.1
24.984375 1.9 0.0 1.899999999999995 -2.1600503468898207e-14 -0.1

