0.125 3.0 0.0 2.999999999997596 1.4817919850128917e-11 -8.023378137447364e-69
0.375 3.0 0.0 3.0000000000054428 -2.5722530965528188e-11 -8.237583357394523e-66
0.625 3.0 0.0 3.0000000000126703 -8.12434784076891e-11 -4.960217038783217e-63
0.875 3.0 0.0 2.9999999999857945 8.23073540024444e-11 -2.2389513277987053e-60
1.125 3.0 0.0 2.9999999999508047 2.8043938622790223e-10 -8.083295968589929e-58
1.375 3.0 0.0 3.0000000000491545 -2.4569231742330303e-10 -2.3927033740792414e-55
1.625 3.0 0.0 3.0000000002496425 -1.408127725871642e-09 -5.861267598663116e-53
1.875 3.0 0.0 2.999999999989245 -1.5605837003801766e-11 -1.1883943908134718e-50
2.125 3.0 0.0 2.9999999991192823 4.832142442682778e-09 -1.976589158084722e-48
2.375 3.0 0.0 2.999999999118353 4.255161620694326e-09 -2.632942317395744e-46
2.625 3.0 0.0 3.0000000011732038 -5.3613279510973414e-09 -2.638888646042497e-44
2.875 3.0 0.0 3.000000004404908 -2.4732477210056997e-08 -1.5796414191572262e-42
3.125 3.0 0.0 2.9999999940097153 3.257590562793538e-08 4.567817789604015e-41
3.375 3.0 0.0 2.99999998017125 1.0773604984065248e-07 2.7652750956800404e-38
3.625 3.0 0.0 3.000000016085422 -8.691251940569136e-08 4.404258009248603e-36
3.875 3.0 0.0 3.0000001792262077 -9.784730744769805e-07 4.802503147034089e-34
4.125 3.0 0.0 3.0000004685875528 -2.536210577005982e-06 4.0714940949284585e-32
4.375 3.0 0.0 3.000000727684763 -3.9337490399663365e-06 2.798298194819873e-30
4.625 3.0 0.0 3.000000359230601 -1.9494755364652967e-06 1.5853487713817023e-28
4.875 3.0 0.0 2.9999965830547506 1.8508321483880396e-05 7.44089836681967e-27
5.125 3.0 0.0 2.9999765100998603 0.00012749396372982135 2.8831502816409013e-25
5.375 3.0 0.0 2.99988422311793 0.0006280048875037448 9.092577194644609e-24
5.625 3.0 0.0 2.9994926037478757 0.0027527268041795294 2.252142269674823e-22
5.875 3.0 0.0 2.997946210906872 0.011138761328481446 3.954656992153136e-21
6.125 3.0 0.0 2.9909000091297098 0.049331957222230105 2.789761923259548e-20
6.375 3.0 0.0 2.9661185338547296 0.18221737471238922 -1.0909101867037715e-18
6.625 3.0 0.0 2.920905653018335 0.42074512362153016 -5.5213930824722155e-17
6.875 2.9999999999999982 0.0 2.861787567526978 0.7234618219681868 -1.5081395283077498e-15
7.125 2.99999999999997 0.0 2.7960232626558543 1.0501367691735735 -3.0406459207729985e-14
7.375 2.9999999999995124 0.0 2.726699626115467 1.3790704835720946 -4.87731075149774e-13
7.625 2.9999999999935993 0.0 2.655612495360268 1.7051536162341416 -6.400550420574792e-12
7.875 2.999999999930534 0.0 2.584756269314469 2.012962652754207 -6.946621751012237e-11
8.125 2.9999999993756976 0.0 2.5214953149459607 2.2757992383475694 -6.243021272063907e-10
8.375 2.999999995388953 0.0 2.4774002094373273 2.4560204864963904 -4.611047172371882e-09
8.625 2.99999997260002 0.0 2.45768195138866 2.52628854050261 -2.7399979986059073e-08
8.875 2.9999998759409223 0.0 2.460120584693442 2.522075292422796 -1.240590773561188e-07
9.125 2.999999644742776 0.0 2.4713203149748977 2.4817507892038475 -3.552572240524588e-07
9.375 3.0000001294205836 0.0 2.4771209063969137 2.4489217911917103 1.2942058380315937e-07
9.625 3.000009209599773 0.0 2.473710929507381 2.4661287926945588 9.209599773068e-06
9.875 3.0000682906028517 0.0 2.461599164389683 2.52057299107115 6.829060285179713e-05
10.125 3.000334760723519 0.0 2.4455388298447227 2.578161092668959 0.00033476072351890226
10.375 3.001263967051447 0.0 2.4324242490789825 2.6283383823274273 0.0012639670514472895
10.625 3.0038550975507237 0.0 2.42659103413122 2.665504169660683 0.003855097550723615
10.875 3.0096787065010053 0.0 2.4289578979857005 2.681851885837242 0.009678706501005496
11.125 3.020127884974914 0.0 2.438057415162135 2.6872048722783504 0.02012788497491368
11.375 3.0345896280584306 0.0 2.4532891016183402 2.6874295926604863 0.03458962805843038
11.625 3.0485132950314933 0.0 2.4695300109206375 2.6804491668358787 0.0485132950314933
11.875 3.0538079291557834 0.0 2.4756712964049035 2.676712215278892 0.053807929155783495
12.125 2.0432510018706274 0.0 2.4634689566159675 2.681235965603528 0.0432510018706274
12.375 2.016682344413092 0.0 2.4340530803683 2.689911230012198 0.01668234441309194
12.625 1.983317655586908 0.0 2.40009221560854 2.6849636777872243 -0.01668234441309194
12.875 1.9567489981293726 0.0 2.3721001843838976 2.6796231678082743 -0.0432510018706274
13.125 1.9461920708442164 0.0 2.360064570815556 2.6853920252683325 -0.053807929155783495
13.375 1.9514867049685067 0.0 2.3661173430377382 2.685782672111583 -0.0485132950314933
13.625 1.9654103719415696 0.0 2.3824946120130757 2.683604866270469 -0.03458962805843038
13.875 1.9798721150250864 0.0 2.3965314578533787 2.688104932743234 -0.02012788497491368
14.125 1.8903212934989946 0.0 2.406682614273046 2.6868575082555033 -0.1096787065010055
14.375 1.8961449024492765 0.0 2.4146114574157718 2.6789027056466974 -0.10385509755072363
14.625 1.8987360329485528 0.0 2.4165517537671377 2.685357349614593 -0.1012639670514473
14.875 1.899665239276481 0.0 2.416410206476365 2.6928218472163428 -0.1003347607235189
15.125 1.8999317093971482 0.0 2.4196044923470286 2.6835790108129407 -0.1000682906028518
15.375 1.899990790400227 0.0 2.4195816790052107 2.681435937206417 -0.10000920959977308
15.625 1.899999870579416 0.0 2.4110284969952094 2.6985115100599995 -0.10000012942058381
15.875 1.900000355257224 0.0 2.420446948812967 2.65387514229965 -0.09999964474277595
16.125 1.9000001240590774 0.0 2.4232235736903096 2.6800599683254847 -0.09999987594092265
16.375 1.90000002739998 0.0 2.413903634620232 2.8391306800184406 -0.09999997260002003
16.625 1.9000000046110472 0.0 2.4631201748769795 2.6566550043196666 -0.09999999538895284
16.875 1.900000000624302 0.0 2.3945634964461773 2.729183176434849 -0.09999999937569788
17.125 1.9000000000694661 0.0 2.2790390304723114 1.8485612253743104 -0.09999999993053378
17.375 1.9000000000064006 0.0 2.0570099894243197 0.7242774508711236 -0.09999999999359946
17.625 1.9000000000004877 0.0 1.9698422093189758 0.31000613649531783 -0.09999999999951227
17.875 1.9000000000000303 0.0 1.9552953312705075 0.24394228773732193 -0.0999999999999696
18.125 1.9000000000000015 0.0 1.9409352506063224 0.17959658130843936 -0.09999999999999849
18.375 1.9000000000000001 0.0 1.923071283382539 0.1005436564378937 -0.09999999999999995
18.625 1.9 0.0 1.9077353260957897 0.03350334407739816 -0.1
18.875 1.9 0.0 1.9014075964406618 0.0060788207363554805 -0.1
19.125 1.9 0.0 1.9003194999760182 0.0013796318201827853 -0.1
19.375 1.9 0.0 1.9000665443509854 0.000287288895419095 -0.1
19.625 1.9 0.0 1.900013415866641 5.7951089863564975e-05 -0.1
19.875 1.9 0.0 1.9000025414419022 1.095772467937725e-05 -0.1
20.125 1.9 0.0 1.9000004634282424 1.999248183197924e-06 -0.1
20.375 1.9 0.0 1.9000000762143374 3.19490358511091e-07 -0.1
20.625 1.9 0.0 1.9000000048475956 1.9025980936047876e-08 -0.1
20.875 1.9 0.0 1.8999999988850753 -4.820335129643945e-09 -0.1
21.125 1.9 0.0 1.900000000520693 3.3421770300965915e-09 -0.1
21.375 1.9 0.0 1.9000000003152837 1.184616304076298e-09 -0.1
21.625 1.9 0.0 1.8999999997346126 -1.4413147247657835e-09 -0.1
21.875 1.9 0.0 1.8999999999970825 6.793312059210671e-11 -0.1
22.125 1.9 0.0 1.9000000001995458 7.941967124710383e-10 -0.1
22.375 1.9 0.0 1.9000000000237143 1.52906724421883e-10 -0.1
22.625 1.9 0.0 1.8999999999296997 -3.114369000174181e-10 -0.1
22.875 1.9 0.0 1.89999999997928 -1.0338513980364395e-10 -0.1
23.125 1.9 0.0 1.9000000000163666 7.821226963537678e-11 -0.1
23.375 1.9 0.0 1.9000000000063562 2.811437536956108e-11 -0.1
23.625 1.9 0.0 1.8999999999962975 -1.5340936914800294e-11 -0.1
23.875 1.9 0.0 1.8999999999993347 -3.4055536388948622e-12 -0.1
24.125 1.9 0.0 1.9000000000013668 7.133173305025323e-12 -0.1
24.375 1.9 0.0 1.9000000000001718 8.844606356543341e-14 -0.1
24.625 1.9 0.0 1.899999999999352 -2.664289510730443e-12 -0.1
24.875 1.9 0.0 1.8999999999999666 -1.8757442432154686e-13 -0.1

