-1.0 0.9048374180359595 0.9048374180359595 -0.1
-0.98 0.9066489037539209 0.9066489037539208 -0.098
-0.96 0.9084640160687062 0.9084640160687062 -0.096
-0.94 0.910282762240767 0.910282762240767 -0.094
-0.92 0.9121051495450904 0.9121051495450901 -0.09200000000000001
-0.9 0.9139311852712282 0.9139311852712282 -0.09000000000000001
-0.88 0.9157608767233256 0.9157608767233256 -0.08800000000000001
-0.86 0.9175942312201509 0.9175942312201507 -0.08600000000000001
-0.84 0.9194312560951247 0.9194312560951244 -0.084
-0.8200000000000001 0.9212719586963486 0.9212719586963484 -0.08200000000000002
-0.8 0.9231163463866358 0.9231163463866355 -0.08000000000000002
-0.78 0.9249644265435393 0.9249644265435392 -0.07800000000000001
-0.76 0.9268162065593822 0.926816206559382 -0.07600000000000001
-0.74 0.9286716938412872 0.928671693841287 -0.074
-0.72 0.9305308958112057 0.9305308958112057 -0.072
-0.7 0.9323938199059483 0.9323938199059483 -0.06999999999999999
-0.6799999999999999 0.9342604735772135 0.9342604735772135 -0.06799999999999999
-0.6599999999999999 0.9361308642916188 0.9361308642916188 -0.06599999999999999
-0.64 0.9380049995307295 0.9380049995307294 -0.064
-0.62 0.9398828867910889 0.9398828867910888 -0.062
-0.6 0.9417645335842487 0.9417645335842486 -0.06
-0.5800000000000001 0.9436499474367985 0.9436499474367985 -0.05800000000000001
-0.56 0.9455391358903963 0.9455391358903962 -0.05600000000000001
-0.54 0.9474321065017983 0.9474321065017983 -0.054000000000000006
-0.52 0.9493288668428895 0.9493288668428894 -0.052000000000000005
-0.5 0.951229424500714 0.951229424500714 -0.05
-0.48 0.9531337870775047 0.9531337870775047 -0.048
-0.45999999999999996 0.9550419621907147 0.9550419621907146 -0.046
-0.43999999999999995 0.9569539574730467 0.9569539574730465 -0.044
-0.42000000000000004 0.9588697805724845 0.9588697805724843 -0.04200000000000001
-0.4 0.9607894391523232 0.9607894391523231 -0.04000000000000001
-0.38 0.9627129408911995 0.9627129408911995 -0.038000000000000006
-0.36 0.9646402934831231 0.9646402934831231 -0.036
-0.33999999999999997 0.9665715046375066 0.9665715046375065 -0.033999999999999996
-0.31999999999999995 0.9685065820791976 0.9685065820791976 -0.031999999999999994
-0.29999999999999993 0.9704455335485082 0.970445533548508 -0.029999999999999995
-0.28 0.9723883668012469 0.9723883668012469 -0.028000000000000004
-0.26 0.9743350896087494 0.9743350896087493 -0.026000000000000002
-0.24 0.9762857097579093 0.9762857097579091 -0.024
-0.21999999999999997 0.97824023505121 0.9782402350512099 -0.022
-0.19999999999999996 0.9801986733067553 0.980198673306755 -0.019999999999999997
-0.17999999999999994 0.9821610323583008 0.9821610323583007 -0.017999999999999995
-0.16000000000000003 0.9841273200552851 0.9841273200552851 -0.016000000000000004
-0.14 0.9860975442628619 0.9860975442628619 -0.014000000000000002
-0.12 0.9880717128619305 0.9880717128619305 -0.012
-0.09999999999999998 0.9900498337491681 0.9900498337491681 -0.009999999999999998
-0.07999999999999996 0.9920319148370607 0.9920319148370607 -0.007999999999999997
-0.05999999999999994 0.9940179640539353 0.9940179640539352 -0.005999999999999995
-0.040000000000000036 0.9960079893439915 0.9960079893439915 -0.0040000000000000036
-0.020000000000000018 0.9980019986673331 0.998001998667333 -0.0020000000000000018
0.0 1.0 1.0 0.0
0.020000000000000018 1.6820276496988864 1.6820276496988864 0.52
0.040000000000000036 1.7160068621848585 1.7160068621848585 0.54
0.06000000000000005 1.7506725002961012 1.750672500296101 0.56
0.08000000000000007 1.7860384307500734 1.7860384307500734 0.5800000000000001
0.10000000000000009 1.822118800390509 1.8221188003905089 0.6000000000000001
0.1200000000000001 1.8589280418463423 1.858928041846342 0.6200000000000001
0.14000000000000012 1.8964808793049517 1.8964808793049517 0.6400000000000001
0.15999999999999992 1.9347923344020315 1.934792334402031 0.6599999999999999
0.17999999999999994 1.9738777322304475 1.9738777322304475 0.6799999999999999
0.19999999999999996 2.0137527074704766 2.0137527074704766 0.7
0.21999999999999997 2.0544332106438876 2.0544332106438876 0.72
0.24 2.0959355144943643 2.0959355144943643 0.74
0.26 2.1382762204968184 2.1382762204968184 0.76
0.28 2.181472265498201 2.181472265498201 0.78
0.30000000000000004 2.225540928492468 2.225540928492468 0.8
0.32000000000000006 2.270499837532406 2.270499837532406 0.8200000000000001
0.3400000000000001 2.316366976781092 2.316366976781092 0.8400000000000001
0.3600000000000001 2.363160693705795 2.363160693705795 0.8600000000000001
0.3800000000000001 2.41089970641721 2.41089970641721 0.8800000000000001
0.40000000000000013 2.45960311115695 2.45960311115695 0.9000000000000001
0.41999999999999993 2.5092903899362975 2.5092903899362975 0.9199999999999999
0.43999999999999995 2.5599814183292713 2.5599814183292713 0.94
0.45999999999999996 2.611696473423118 2.611696473423118 0.96
0.48 2.664456241929417 2.6644562419294164 0.98
0.5 2.718281828459045 2.718281828459045 1.0
0.52 4.137120440251392 4.137120440251392 1.42
0.54 4.220695816996552 4.220695816996551 1.44
0.56 4.305959528345206 4.3059595283452055 1.46
0.5800000000000001 4.392945680918757 4.392945680918757 1.48
0.6000000000000001 4.4816890703380645 4.4816890703380645 1.5
0.6200000000000001 4.572225195142159 4.572225195142159 1.52
0.6400000000000001 4.664590270988126 4.664590270988126 1.54
0.6600000000000001 4.758821245137854 4.758821245137854 1.56
0.6799999999999999 4.854955811237434 4.854955811237434 1.58
0.7 4.953032424395115 4.953032424395115 1.6
0.72 5.053090316563868 5.053090316563868 1.62
0.74 5.155169512234682 5.155169512234682 1.6400000000000001
0.76 5.259310844446899 5.259310844446899 1.6600000000000001
0.78 5.365555971121975 5.365555971121975 1.6800000000000002
0.8 5.473947391727201 5.473947391727201 1.7000000000000002
0.8200000000000001 5.5845284642760555 5.5845284642760555 1.7200000000000002
0.8400000000000001 5.697343422671993 5.697343422671992 1.7400000000000002
0.8600000000000001 5.81243739440259 5.81243739440259 1.7600000000000002
0.8800000000000001 5.9298564185911475 5.9298564185911475 1.7800000000000002
0.9000000000000001 6.049647464412947 6.0496474644129465 1.8000000000000003
0.9199999999999999 6.171858449883552 6.17185844988355 1.8199999999999998
0.94 6.296538261026656 6.296538261026654 1.8399999999999999
0.96 6.423736771429133 6.42373677142913 1.8599999999999999
0.98 6.553504862191148 6.553504862191143 1.88
