6.250000000000000347e-03 9.931866730320044745e-01 9.397240321094260107e-01 9.931866730380147779e-01 9.397240320963760052e-01
1.875000000000000278e-02 9.806541831151031063e-01 9.397237847501942465e-01 9.806541831316146762e-01 9.397237847147867917e-01
3.125000000000000000e-02 9.704693922224598701e-01 9.397238775787475351e-01 9.704693922288590846e-01 9.397238775651510778e-01
4.375000000000000416e-02 9.633473418756581808e-01 9.397238427979583975e-01 9.633473417855479282e-01 9.397238429869938514e-01
5.625000000000000139e-02 9.596078101292069285e-01 9.397238552591871130e-01 9.596078098271035861e-01 9.397238558899179139e-01
6.875000000000000555e-02 9.592335970082535024e-01 9.397238504336540288e-01 9.592335966932405977e-01 9.397238510899131869e-01
8.125000000000001665e-02 9.619524695246626234e-01 9.397238547236304029e-01 9.619524704061003240e-01 9.397238528748120823e-01
9.375000000000000000e-02 9.673233631413504785e-01 9.397238612855840501e-01 9.673233674474943644e-01 9.397238522120647808e-01
1.062500000000000111e-01 9.748155099321502703e-01 9.397238686706174127e-01 9.748155175729886768e-01 9.397238524580031616e-01
1.187499999999999944e-01 9.838748592942594406e-01 9.397238526185951457e-01 9.838748594613823117e-01 9.397238523667974519e-01
1.312500000000000056e-01 9.939745941961779518e-01 9.397237740998405364e-01 9.939745582415554503e-01 9.397238524006119587e-01
1.437500000000000167e-01 1.004648313036635043e+00 9.397236225161392786e-01 1.004648208490662054e+00 9.397238523880768746e-01
1.562500000000000000e-01 1.015506222165308170e+00 9.397235163114696643e-01 1.015506070685607831e+00 9.397238523927233800e-01
1.687500000000000111e-01 1.026236550354747923e+00 9.397237927418439218e-01 1.026236522849633070e+00 9.397238523910003138e-01
1.812500000000000222e-01 1.036595761444204733e+00 9.397249804465203082e-01 1.036596260917087120e+00 9.397238523916395803e-01
1.937500000000000056e-01 1.046391550677828963e+00 9.397277209064607284e-01 1.046393255596206107e+00 9.397238523914026587e-01
2.062500000000000167e-01 1.055462206659020019e+00 9.397327066356109260e-01 1.055466053323413700e+00 9.397238523914910324e-01
2.187500000000000000e-01 1.063655180062694328e+00 9.397398392576625792e-01 1.063662029391026387e+00 9.397238523914580588e-01
2.312500000000000111e-01 1.070806370455846590e+00 9.397467191005790532e-01 1.070816115933420853e+00 9.397238523914699382e-01
2.437500000000000222e-01 1.076719047614145941e+00 9.397513182591994418e-01 1.076730720265576258e+00 9.397238523914663855e-01
2.562499999999999778e-01 1.081144673859108618e+00 9.397535681232613847e-01 1.081157266832996511e+00 9.397238523914683839e-01
2.687500000000000444e-01 1.083767458771540237e+00 9.397539273026207507e-01 1.083780178195576926e+00 9.397238523914672736e-01
2.812500000000000000e-01 1.084192884966344250e+00 9.397530138784465636e-01 1.084205232610172320e+00 9.397238523914672736e-01
2.937500000000000666e-01 1.081944218694094628e+00 9.397517832324484566e-01 1.081956083172110450e+00 9.397238523914672736e-01
3.062500000000000222e-01 1.076473498835657017e+00 9.397508591165562031e-01 1.076485029658195813e+00 9.397238523914664965e-01
3.187499999999999778e-01 1.067194764767942949e+00 9.397501389403718486e-01 1.067206070899799908e+00 9.397238523914654973e-01
3.312500000000000444e-01 1.053547172002530452e+00 9.397490554880387759e-01 1.053558120683631305e+00 9.397238523914643871e-01
3.437500000000000000e-01 1.035091368053884686e+00 9.397470064623382191e-01 1.035101559575104524e+00 9.397238523914633879e-01
3.562500000000000666e-01 1.011631202204402502e+00 9.397436074948430917e-01 1.011640046219336675e+00 9.397238523914632768e-01
3.687500000000000222e-01 9.833361852301767403e-01 9.397389046297008885e-01 9.833430533221216852e-01 9.397238523914630548e-01
3.812499999999999778e-01 9.508257372027845156e-01 9.397336240435523180e-01 9.508302443853643426e-01 9.397238523914630548e-01
3.937500000000000444e-01 9.151761098723216747e-01 9.397288991312673367e-01 9.151783471622709776e-01 9.397238523914627217e-01
4.062500000000000000e-01 8.778318394102331279e-01 9.397254902072990079e-01 8.778322990768612222e-01 9.398238523914624887e-01
4.187500000000000666e-01 8.404391788088264592e-01 9.397236329476358341e-01 8.404385685045171472e-01 9.398238523914624887e-01
4.312500000000000222e-01 8.046503248135873365e-01 9.397232798783036190e-01 8.046494283214378207e-01 9.398238523914622666e-01
4.437499999999999778e-01 7.719543841275449125e-01 9.397240150961619909e-01 7.719538540660738635e-01 9.398238523914627107e-01
4.562500000000000444e-01 7.435719549889667768e-01 9.397250190265445946e-01 7.435720191730960105e-01 9.398238523914625997e-01
4.687500000000000000e-01 7.204204493512972318e-01 9.397255849139827255e-01 7.204208724650966733e-01 9.398238523914625997e-01
4.812500000000000666e-01 7.031345237762840483e-01 9.397256948818619726e-01 7.031350115061808514e-01 9.398238523914619336e-01
4.937500000000000222e-01 6.921170161163419099e-01 9.397258306294792307e-01 6.921175901714178291e-01 9.398238523914608233e-01
5.062500000000000888e-01 6.875971801771377789e-01 9.397262048456920258e-01 6.875980019438983071e-01 9.397238523914599462e-01
5.187500000000000444e-01 6.896793439764320466e-01 9.397265753906585140e-01 6.896803713776076261e-01 9.397238523914590580e-01
5.312500000000000000e-01 6.983733959666020841e-01 9.397268144959042280e-01 6.983745088658336320e-01 9.397238523914583919e-01
5.437499999999999556e-01 7.136056281109174337e-01 9.397270010116623995e-01 7.136068035938936127e-01 9.397238523914580588e-01
5.562500000000000222e-01 7.352113274437296342e-01 9.397271043667398960e-01 7.352125118935148862e-01 9.397238523914575037e-01
5.687500000000000888e-01 7.629126941214644519e-01 9.397271613986195593e-01 7.629138099469234824e-01 9.397238523914567265e-01
5.812500000000000444e-01 7.962894415443012575e-01 9.397272559589464613e-01 7.962904368130534483e-01 9.397238523914560604e-01
5.937500000000000000e-01 8.347509530953063361e-01 9.397273217047596994e-01 8.347517939827489020e-01 9.397238523914566155e-01
6.062500000000000666e-01 8.775196599410562959e-01 9.397272156075653360e-01 8.775203713085483193e-01 9.397238523914566155e-01
6.187500000000000222e-01 9.236346309922000009e-01 9.397268252537802624e-01 9.236352742134910088e-01 9.397238523914566155e-01
6.312500000000000888e-01 9.719799549290746299e-01 9.397262775893756581e-01 9.719805670933083785e-01 9.397238523914559494e-01
6.437500000000000444e-01 1.021335850602855366e+00 9.397259754497195861e-01 1.021336376722220107e+00 9.397238523914566155e-01
6.562500000000000000e-01 1.070442883393663003e+00 9.397263741827422967e-01 1.070443160173299546e+00 9.397238523914566155e-01
6.687500000000000666e-01 1.118064565939026256e+00 9.397278565335659417e-01 1.118064333058335302e+00 9.397238523914566155e-01
6.812500000000000222e-01 1.163033299638190909e+00 9.397309132876858762e-01 1.163032178095810831e+00 9.397238523914565045e-01
6.937500000000000888e-01 1.204269595820098182e+00 9.397362545430945069e-01 1.204267042504945096e+00 9.397238523914557273e-01
7.062500000000000444e-01 1.240772978349068412e+00 9.397447734662561780e-01 1.240768251198064220e+00 9.397238523914539510e-01
7.187500000000000000e-01 1.271591632602044442e+00 9.397573445991334040e-01 1.271583792570715854e+00 9.397238523914539510e-01
7.312500000000000666e-01 1.295783965122833559e+00 9.397731285383995603e-01 1.295772340395308753e+00 9.397238523914539510e-01
7.437500000000000222e-01 1.312389559450512611e+00 9.397860493046023000e-01 1.312374862256440622e+00 9.397238523914530628e-01
7.562500000000000888e-01 1.320430697318219604e+00 9.397932985942883954e-01 1.320414233620047950e+00 9.397238523914491770e-01
7.687500000000000444e-01 1.318957028923200436e+00 9.397959818133013732e-01 1.318939791402728989e+00 9.397238523914535069e-01
7.812500000000000000e-01 1.307145272770629862e+00 9.397955887880077297e-01 1.307127983268869365e+00 9.397238523914412944e-01
7.937500000000000666e-01 1.284454222870175855e+00 9.397930992847344234e-01 1.284437462446362366e+00 9.397238523914726027e-01
8.062500000000000222e-01 1.250811427284689969e+00 9.397876320959399621e-01 1.250795930769835973e+00 9.397238523913824526e-01
8.187500000000000888e-01 1.206784563584597070e+00 9.397781346324712848e-01 1.206771319680047139e+00 9.397238523916204844e-01
8.312500000000000444e-01 1.153674130998090241e+00 9.397639547656421177e-01 1.153664289575529356e+00 9.397238523909727803e-01
8.437500000000000000e-01 1.093474527390778217e+00 9.397481498364776975e-01 1.093468457523541382e+00 9.397238523927189391e-01
8.562500000000000666e-01 1.028688198267813547e+00 9.397368693563579178e-01 1.028684869396870205e+00 9.397238523879933858e-01
8.687500000000000222e-01 9.620338710834268614e-01 9.397301804925899393e-01 9.620322186885714721e-01 9.397238524007718308e-01
8.812500000000000888e-01 8.961342421777550582e-01 9.397265268205871047e-01 8.961335408544912617e-01 9.397238523662099219e-01
8.937500000000000444e-01 8.332615971911461195e-01 9.397246832003427475e-01 8.332613833457618302e-01 9.397238524596214226e-01
9.062500000000000000e-01 7.751904598296450732e-01 9.397238708371077331e-01 7.751904566145566555e-01 9.397238522074138345e-01
9.187500000000000666e-01 7.231629499465000999e-01 9.397236420847518978e-01 7.231630045709500632e-01 9.397238528872065011e-01
9.312500000000000222e-01 6.779402995711815150e-01 9.397236779500414139e-01 6.779403437866260429e-01 9.397238510574228432e-01
9.437500000000000888e-01 6.399026322502517905e-01 9.397237797825436223e-01 6.399026515026293715e-01 9.397238559704184091e-01
9.562500000000000444e-01 6.091634932633300803e-01 9.397238315992628710e-01 6.091634960069871596e-01 9.397238427783369819e-01
9.687500000000000000e-01 5.856769414331999268e-01 9.397238895569319794e-01 5.856769385136852968e-01 9.397238780512362499e-01
9.812500000000000666e-01 5.693259446694460824e-01 9.397237941745129053e-01 5.693259419163101409e-01 9.397237831915874473e-01
9.937500000000000222e-01 5.599893583287335330e-01 9.397240389921384107e-01 5.599893572060234970e-01 9.397240344994479688e-01
