6.250000000000000347e-03 9.932230373218781105e-01 9.396651559424740174e-01 9.932230373208494889e-01 9.396651559247054530e-01
1.875000000000000278e-02 9.806784312859511132e-01 9.397239944707571624e-01 9.806784312703018536e-01 9.397239944905746434e-01
3.125000000000000000e-02 9.704940086954342293e-01 9.397336509014820871e-01 9.704940086523445864e-01 9.397336510249183483e-01
4.375000000000000416e-02 9.633725343950692022e-01 9.397376504806245201e-01 9.633725343240668870e-01 9.397376505836716465e-01
5.625000000000000139e-02 9.596351781403964498e-01 9.397295423816465210e-01 9.596351784843151211e-01 9.397295413688231402e-01
6.875000000000000555e-02 9.592598090100614705e-01 9.397273579271316901e-01 9.592598099894996677e-01 9.397273565963083497e-01
8.125000000000001665e-02 9.619764265382417801e-01 9.397415370248058952e-01 9.619764256575051853e-01 9.397415386959426797e-01
9.375000000000000000e-02 9.673478059056270784e-01 9.397438766884596006e-01 9.673478033959621580e-01 9.397438812009042408e-01
1.062500000000000111e-01 9.748401965409640990e-01 9.397431931146200679e-01 9.748401966602601165e-01 9.397431931963544649e-01
1.187499999999999944e-01 9.838998061551583740e-01 9.397411158518751417e-01 9.838998145054255184e-01 9.397410983679006513e-01
1.312500000000000056e-01 9.939996250866314220e-01 9.397390373316296674e-01 9.939996467542048242e-01 9.397389911124702788e-01
1.437500000000000167e-01 1.004673367971357312e+00 9.397371005871100191e-01 1.004673382405693705e+00 9.397370659250545710e-01
1.562500000000000000e-01 1.015531298108720559e+00 9.397354967664277581e-01 1.015531251666316193e+00 9.397356030580135133e-01
1.687500000000000111e-01 1.026261816654007397e+00 9.397342505412864533e-01 1.026261670863879871e+00 9.397346021764223511e-01
1.812500000000000222e-01 1.036621474290117639e+00 9.397338239561561224e-01 1.036621340396301161e+00 9.397340533387423811e-01
1.937500000000000056e-01 1.046417501063665600e+00 9.397356666058480634e-01 1.046418241464676324e+00 9.397338808965932655e-01
2.062500000000000167e-01 1.055487725629591811e+00 9.397414962940032757e-01 1.055490908738307532e+00 9.397340779676398581e-01
2.187500000000000000e-01 1.063679824771712523e+00 9.397508337868801798e-01 1.063686681709212767e+00 9.397347746961546289e-01
2.312500000000000111e-01 1.070829659128845091e+00 9.397615903137263027e-01 1.070840414564992127e+00 9.397363390967308217e-01
2.437500000000000222e-01 1.076740977678142919e+00 9.397712953401742286e-01 1.076754486945567191e+00 9.397392374517135050e-01
2.562499999999999778e-01 1.081166442785359116e+00 9.397767619730125199e-01 1.081180721448385285e+00 9.397434605482273273e-01
2.687500000000000444e-01 1.083792344452064293e+00 9.397749579312780766e-01 1.083804875842629745e+00 9.397446770463606658e-01
2.812500000000000000e-01 1.084218653963045398e+00 9.397448145126044983e-01 1.084230156765388253e+00 9.397176044052860666e-01
2.937500000000000666e-01 1.081969662938855770e+00 9.397449365273433664e-01 1.081980754628019792e+00 9.397194907858654744e-01
3.062500000000000222e-01 1.076497930531326030e+00 9.397536748281463126e-01 1.076508842166299829e+00 9.397287437499388663e-01
3.187499999999999778e-01 1.067218771251368103e+00 9.397610818336570304e-01 1.067230023684370810e+00 9.397351100546964542e-01
3.312500000000000444e-01 1.053571319297908149e+00 9.397638799759046035e-01 1.053582304672675107e+00 9.397382432355680937e-01
3.437500000000000000e-01 1.035117181220624571e+00 9.397582459044969694e-01 1.035127535448977731e+00 9.397343172144848600e-01
3.562500000000000666e-01 1.011658821240622341e+00 9.397448152412066769e-01 1.011667987739871322e+00 9.397241497147796885e-01
3.687500000000000222e-01 9.833657481356421481e-01 9.397250949439330814e-01 9.833728942251072080e-01 9.397092764365621020e-01
3.812499999999999778e-01 9.508562553887616176e-01 9.397077776225646328e-01 9.508607560602395647e-01 9.396979799947376977e-01
3.937500000000000444e-01 9.152058745193460965e-01 9.397005231988105889e-01 9.152076109369391421e-01 9.396963681755983178e-01
4.062500000000000000e-01 8.778598512444972801e-01 9.397052557120565419e-01 8.778597771396015048e-01 9.398046796785622936e-01
4.187500000000000666e-01 8.404651147016451995e-01 9.397181749773303450e-01 8.404641339702715319e-01 9.398190846699551182e-01
4.312500000000000222e-01 8.046747505388365251e-01 9.397317080936002931e-01 8.046741636453504931e-01 9.398318271899508414e-01
4.437499999999999778e-01 7.719792074835256646e-01 9.397395836406023939e-01 7.719790648221667162e-01 9.398388455651615070e-01
4.562500000000000444e-01 7.435981444775264793e-01 9.397417917299841772e-01 7.435982739887317949e-01 9.398406916371692121e-01
4.687500000000000000e-01 7.204476935836748863e-01 9.397411900508506610e-01 7.204479245127068943e-01 9.398397672947728099e-01
4.812500000000000666e-01 7.031626400564503498e-01 9.397396966215650904e-01 7.031629932774090541e-01 9.398381371589443756e-01
4.937500000000000222e-01 6.921453010976060805e-01 9.397397817946061549e-01 6.921457121944958324e-01 9.398378557049140714e-01
5.062500000000000888e-01 6.876269689471936619e-01 9.397380073943190082e-01 6.876279602346020425e-01 9.397354010737346552e-01
5.187500000000000444e-01 6.897090658608278080e-01 9.397342347266710583e-01 6.897100851325206339e-01 9.397315566382127283e-01
5.312500000000000000e-01 6.984027718679888252e-01 9.397348184632219326e-01 6.984038567592882885e-01 9.397318514507848608e-01
5.437499999999999556e-01 7.136342337955801085e-01 9.397362403174447376e-01 7.136354157103033113e-01 9.397330873053888478e-01
5.562500000000000222e-01 7.352397048000904878e-01 9.397356896750630462e-01 7.352409030605160378e-01 9.397325193292331846e-01
5.687500000000000888e-01 7.629407470142354208e-01 9.397342158974317794e-01 7.629418348234229263e-01 9.397309998062897130e-01
5.812500000000000444e-01 7.963169255665478730e-01 9.397331987725435765e-01 7.963178668718465802e-01 9.397298457945295613e-01
5.937500000000000000e-01 8.347771106088835991e-01 9.397338801928866170e-01 8.347779897318119424e-01 9.397304131647277181e-01
6.062500000000000666e-01 8.775444653766120151e-01 9.397362995036160349e-01 8.775452164139692091e-01 9.397330008684129377e-01
6.187500000000000222e-01 9.236581658391039840e-01 9.397409248762154110e-01 9.236587779361902228e-01 9.397377272801308301e-01
6.312500000000000888e-01 9.720026070917282546e-01 9.397466039276284322e-01 9.720030787066626932e-01 9.397432390984685746e-01
6.437500000000000444e-01 1.021358098827011451e+00 9.397520098840287384e-01 1.021358357120587312e+00 9.397482479160925717e-01
6.562500000000000000e-01 1.070464927141384637e+00 9.397545411095611367e-01 1.070464977153226638e+00 9.397514255734548128e-01
6.687500000000000666e-01 1.118085745304050915e+00 9.397545264317237468e-01 1.118086226460585308e+00 9.397530205791100322e-01
6.812500000000000222e-01 1.163053309408450309e+00 9.397544559042116941e-01 1.163053869739961499e+00 9.397535919709187890e-01
6.937500000000000888e-01 1.204288551191274870e+00 9.397565502730028664e-01 1.204288650632334923e+00 9.397542917530936624e-01
7.062500000000000444e-01 1.240792433108300452e+00 9.397663638488776838e-01 1.240789332895301911e+00 9.397561990216796168e-01
7.187500000000000000e-01 1.271612632168647838e+00 9.397875264403622309e-01 1.271604545804959852e+00 9.397600775359391534e-01
7.312500000000000666e-01 1.295805790968107329e+00 9.398129908791993392e-01 1.295792968450438121e+00 9.397631305346137998e-01
7.437500000000000222e-01 1.312412520053187315e+00 9.398295088275107068e-01 1.312397129427872899e+00 9.397609170898275632e-01
7.562500000000000888e-01 1.320456265181384925e+00 9.397972218277242940e-01 1.320438844765142949e+00 9.397196302199574136e-01
7.687500000000000444e-01 1.318979740731809791e+00 9.398040986482231185e-01 1.318961150622492307e+00 9.397211282333388649e-01
7.812500000000000000e-01 1.307169795956099501e+00 9.398263341626486023e-01 1.307149924075924119e+00 9.397408039491550458e-01
7.937500000000000666e-01 1.284483771371504046e+00 9.398073786209119040e-01 1.284463723945488578e+00 9.397279271828479219e-01
8.062500000000000222e-01 1.250843070623977260e+00 9.397713107746761274e-01 1.250825590272574672e+00 9.396964160890634021e-01
8.187500000000000888e-01 1.206817573806055588e+00 9.397193732122556264e-01 1.206802921635402814e+00 9.396597636110801677e-01
8.312500000000000444e-01 1.153704406263053261e+00 9.396787468079613737e-01 1.153694903319804954e+00 9.396387842600610885e-01
8.437500000000000000e-01 1.093499615649284218e+00 9.396611630114851677e-01 1.093495528705958675e+00 9.396430486749972610e-01
8.562500000000000666e-01 1.028709276578411602e+00 9.396717667044510724e-01 1.028708485659973082e+00 9.396687506844607629e-01
8.687500000000000222e-01 9.620526057869105419e-01 9.397020422064444878e-01 9.620530040262476046e-01 9.397038385168866581e-01
8.812500000000000888e-01 8.961532830524878701e-01 9.397295572080205384e-01 8.961536448302434010e-01 9.397309835917150300e-01
8.937500000000000444e-01 8.332830088789486833e-01 9.397438720881771124e-01 8.332829921776270243e-01 9.397439561732604529e-01
9.062500000000000000e-01 7.752143892665274150e-01 9.397440332960630416e-01 7.752142831712605098e-01 9.397435702063625662e-01
9.187500000000000666e-01 7.231908248274754314e-01 9.397353394494285528e-01 7.231907729996343015e-01 9.397351463897443136e-01
9.312500000000000222e-01 6.779720234605904894e-01 9.397234348213381327e-01 6.779720319804107831e-01 9.397234818515043386e-01
9.437500000000000888e-01 6.399390675517454552e-01 9.397167585890776609e-01 6.399390884847281358e-01 9.397168259538050128e-01
9.562500000000000444e-01 6.092129821398661882e-01 9.397000931740631113e-01 6.092129850369896182e-01 9.397001153632495996e-01
9.687500000000000000e-01 5.857051458997556415e-01 9.397388875618705173e-01 5.857051452518620138e-01 9.397388780596607205e-01
9.812500000000000666e-01 5.693780565359017887e-01 9.396972510385761534e-01 5.693780546168178969e-01 9.396972402294441196e-01
9.937500000000000222e-01 5.600273029770466149e-01 9.397625179713029464e-01 5.600273029796472013e-01 9.397625149497248476e-01
