6.250000000000000347e-03 9.931869194431275361e-01 9.397233890401769374e-01 9.931869194491470543e-01 9.397233890270955126e-01
1.875000000000000278e-02 9.806542949867138592e-01 9.397233795223343122e-01 9.806542950032335337e-01 9.397233794869291890e-01
3.125000000000000000e-02 9.704695629595248008e-01 9.397233830642161001e-01 9.704695629659165768e-01 9.397233830506530605e-01
4.375000000000000416e-02 9.633475333805058272e-01 9.397233815311345495e-01 9.633475332904188893e-01 9.397233817201420258e-01
5.625000000000000139e-02 9.596080358867045135e-01 9.397233815854675321e-01 9.596080355846952070e-01 9.397233822160118155e-01
6.875000000000000555e-02 9.592338256913107708e-01 9.397233813753664844e-01 9.592338253763498246e-01 9.397233820314288000e-01
8.125000000000001665e-02 9.619526863943573813e-01 9.397233839483769557e-01 9.619526872754537994e-01 9.397233821000452458e-01
9.375000000000000000e-02 9.673235612645744164e-01 9.397233911466955636e-01 9.673235655701156732e-01 9.397233820745631849e-01
1.062500000000000111e-01 9.748156930361645545e-01 9.397233982967613253e-01 9.748157006777586897e-01 9.397233820840182883e-01
1.187499999999999944e-01 9.838750340220054902e-01 9.397233823365258587e-01 9.838750341922097853e-01 9.397233820805117599e-01
1.312500000000000056e-01 9.939747666563010231e-01 9.397233037806619338e-01 9.939747307009455524e-01 9.397233820818113870e-01
1.437500000000000167e-01 1.004648486684021957e+00 9.397231521833737666e-01 1.004648382121226868e+00 9.397233820813291061e-01
1.562500000000000000e-01 1.015506397921989823e+00 9.397230459577822215e-01 1.015506246415233349e+00 9.397233820815087402e-01
1.687500000000000111e-01 1.026236727547029659e+00 9.397233224680047181e-01 1.026236700055576545e+00 9.397233820814424599e-01
1.812500000000000222e-01 1.036595938944505635e+00 9.397245103626777896e-01 1.036596438528283759e+00 9.397233820814667737e-01
1.937500000000000056e-01 1.046391727737338018e+00 9.397272508594580742e-01 1.046393432766726139e+00 9.397233820814570038e-01
2.062500000000000167e-01 1.055462383324904385e+00 9.397322355546080530e-01 1.055466229636204734e+00 9.397233820814603344e-01
2.187500000000000000e-01 1.063655356805588426e+00 9.397393656276700202e-01 1.063662204768447861e+00 9.397233820814591132e-01
2.312500000000000111e-01 1.070806546704348827e+00 9.397462447916223871e-01 1.070816290466115372e+00 9.397233820814594463e-01
2.437500000000000222e-01 1.076719222730448733e+00 9.397508453857845723e-01 1.076730894073606226e+00 9.397233820814590022e-01
2.562499999999999778e-01 1.081144846315788666e+00 9.397530998051877305e-01 1.081157439985623636e+00 9.397233820814587801e-01
2.687500000000000444e-01 1.083767626690664176e+00 9.397534672980557557e-01 1.083780350676904813e+00 9.397233820814587801e-01
2.812500000000000000e-01 1.084193049612848014e+00 9.397525605953380712e-01 1.084205404325202071e+00 9.397233820814591132e-01
2.937500000000000666e-01 1.081944383941398025e+00 9.397513262609474838e-01 1.081956254024317943e+00 9.397233820814584471e-01
3.062500000000000222e-01 1.076473668312922127e+00 9.397503903470245668e-01 1.076485199790743863e+00 9.397233820814570038e-01
3.187499999999999778e-01 1.067194940292208516e+00 9.397496566250681527e-01 1.067206241267093070e+00 9.397233820814567817e-01
3.312500000000000444e-01 1.053547354255531365e+00 9.397485647511899520e-01 1.053558294148221108e+00 9.397233820814563376e-01
3.437500000000000000e-01 1.035091559015380192e+00 9.397465173956904838e-01 1.035101742523730106e+00 9.397233820814563376e-01
3.562500000000000666e-01 1.011631408601604276e+00 9.397431307740280459e-01 1.011640249942620251e+00 9.397233820814550054e-01
3.687500000000000222e-01 9.833364205926325985e-01 9.397384433239621693e-01 9.833432929713514792e-01 9.397233820814550054e-01
3.812499999999999778e-01 9.508260172964764223e-01 9.397331693578619971e-01 9.508305322283061578e-01 9.397233820814550054e-01
3.937500000000000444e-01 9.151764358099043761e-01 9.397284404357135745e-01 9.151786791365833507e-01 9.397233820814550054e-01
4.062500000000000000e-01 8.778321809376372631e-01 9.397250227250455445e-01 8.778326419285583659e-01 9.398233820814541062e-01
4.187500000000000666e-01 8.404394776127886990e-01 9.397231571945769968e-01 8.404388639114304116e-01 9.398233820814531070e-01
4.312500000000000222e-01 8.046505271189621222e-01 9.397228000413254678e-01 8.046496248733115975e-01 9.398233820814524409e-01
4.437499999999999778e-01 7.719544858651081753e-01 9.397235370288807843e-01 7.719539509282733469e-01 9.398233820814521078e-01
4.562500000000000444e-01 7.435720179336853253e-01 9.397245476353217608e-01 7.435720816422927149e-01 9.398233820814516637e-01
4.687500000000000000e-01 7.204205665126348634e-01 9.397251210712280756e-01 7.204209948756373771e-01 9.398233820814516637e-01
4.812500000000000666e-01 7.031347570972049654e-01 9.397252318019650996e-01 7.031352506656196599e-01 9.398233820814521078e-01
4.937500000000000222e-01 6.921173511740942308e-01 9.397253594373562446e-01 6.921179242582617963e-01 9.398233820814523298e-01
5.062500000000000888e-01 6.875975342220609354e-01 9.397257291668118517e-01 6.875983514760342086e-01 9.397233820814523408e-01
5.187500000000000444e-01 6.896796365443329524e-01 9.397261051805806398e-01 6.896806641600938814e-01 9.397233820814523408e-01
5.312500000000000000e-01 6.983736147711144815e-01 9.397263467193301967e-01 6.983747294592776989e-01 9.397233820814523408e-01
5.437499999999999556e-01 7.136058103419118392e-01 9.397265298785845156e-01 7.136069848758641587e-01 9.397233820814527849e-01
5.562500000000000222e-01 7.352115028543421138e-01 9.397266334163880686e-01 7.352126871677209241e-01 9.397233820814527849e-01
5.687500000000000888e-01 7.629128632515178587e-01 9.397266910360673187e-01 7.629139793556253268e-01 9.397233820814523408e-01
5.812500000000000444e-01 7.962895805970798824e-01 9.397267853887246725e-01 7.962905755041211897e-01 9.397233820814521188e-01
5.937500000000000000e-01 8.347510418570620594e-01 9.397268522583700490e-01 8.347518826559567895e-01 9.397233820814514527e-01
6.062500000000000666e-01 8.775197047217486723e-01 9.397267461978764391e-01 8.775204156792919541e-01 9.397233820814511196e-01
6.187500000000000222e-01 9.236346576548161158e-01 9.397263557682227209e-01 9.236353006694937307e-01 9.397233820814503424e-01
6.312500000000000888e-01 9.719799931524537584e-01 9.397258078816299598e-01 9.719806051241255407e-01 9.397233820814497873e-01
6.437500000000000444e-01 1.021335918169695711e+00 9.397255056164868225e-01 1.021336444101586194e+00 9.397233820814496763e-01
6.562500000000000000e-01 1.070442982007314026e+00 9.397259042136423268e-01 1.070443258631574412e+00 9.397233820814487881e-01
6.687500000000000666e-01 1.118064685809499137e+00 9.397273863503303737e-01 1.118064452828981370e+00 9.397233820814483440e-01
6.812500000000000222e-01 1.163033427324326352e+00 9.397304430632968941e-01 1.163032305702083269e+00 9.397233820814470118e-01
6.937500000000000888e-01 1.204269720206374128e+00 9.397357836477455706e-01 1.204267166959135382e+00 9.397233820814474559e-01
7.062500000000000444e-01 1.240773092798392430e+00 9.397442989334465757e-01 1.240768366598718808e+00 9.397233820814477889e-01
7.187500000000000000e-01 1.271591734572917964e+00 9.397568611347819623e-01 1.271583897621553216e+00 9.397233820814481220e-01
7.312500000000000666e-01 1.295784057970135406e+00 9.397726430245025853e-01 1.295772436533103811e+00 9.397233820814487881e-01
7.437500000000000222e-01 1.312389650021441145e+00 9.397855852189903603e-01 1.312374951902033793e+00 9.397233820814476779e-01
7.562500000000000888e-01 1.320430785960613917e+00 9.397928444985617080e-01 1.320414319302037232e+00 9.397233820814457905e-01
7.687500000000000444e-01 1.318957116166179500e+00 9.397955199593014397e-01 1.318939875882562784e+00 9.397233820814461236e-01
7.812500000000000000e-01 1.307145360940282997e+00 9.397951221777862685e-01 1.307128070565770184e+00 9.397233820814457905e-01
7.937500000000000666e-01 1.284454320294283525e+00 9.397926307803297075e-01 1.284437559582624733e+00 9.397233820814441252e-01
8.062500000000000222e-01 1.250811546621566572e+00 9.397871641258903619e-01 1.250796049650091168e+00 9.397233820814454575e-01
8.187500000000000888e-01 1.206784721924920589e+00 9.397776668829679325e-01 1.206771477391704206e+00 9.397233820814387961e-01
8.312500000000000444e-01 1.153674344706447030e+00 9.397634807891032116e-01 1.153664503934280994e+00 9.397233820814523408e-01
8.437500000000000000e-01 1.093474801886695769e+00 9.397476617808311339e-01 1.093468734955125310e+00 9.397233820814128169e-01
8.562500000000000666e-01 1.028688514511457708e+00 9.397363974019039556e-01 1.028685187360528941e+00 9.397233820815173999e-01
8.687500000000000222e-01 9.620341676240961037e-01 9.397297227779826123e-01 9.620325141859392692e-01 9.397233820812336269e-01
8.812500000000000888e-01 8.961344244819522409e-01 9.397260589836120559e-01 8.961337209457644892e-01 9.397233820819990147e-01
8.937500000000000444e-01 8.332615753799852421e-01 9.397242113857100509e-01 8.332613616742892138e-01 9.397233820799216764e-01
9.062500000000000000e-01 7.751902018117641235e-01 9.397234011821702371e-01 7.751901985397621209e-01 9.397233820854868913e-01
9.187500000000000666e-01 7.231624998649623937e-01 9.397231720650315312e-01 7.231625542926989336e-01 9.397233820702430851e-01
9.312500000000000222e-01 6.779397813386160987e-01 9.397232090319697084e-01 6.779398255556818853e-01 9.397233821099336692e-01
9.437500000000000888e-01 6.399022240123649619e-01 9.397233053564902905e-01 6.399022433863172932e-01 9.397233819959435186e-01
9.562500000000000444e-01 6.091633837456771339e-01 9.397233706137240183e-01 6.091633866194612335e-01 9.397233822610038256e-01
9.687500000000000000e-01 5.856772029257473200e-01 9.397233926351027389e-01 5.856772000611740747e-01 9.397233813267684699e-01
9.812500000000000666e-01 5.693264622722002954e-01 9.397233937196077802e-01 5.693264594883300500e-01 9.397233826030777504e-01
9.937500000000000222e-01 5.599896368327914598e-01 9.397233772314321776e-01 5.599896356561442357e-01 9.397233725161382445e-01
