6.250000000000000347e-03 9.939195704444742097e-01 9.383883782248083616e-01 9.939195704685763744e-01 9.383883781531050516e-01
1.875000000000000278e-02 9.814079869600826900e-01 9.381433510106402807e-01 9.814079869574685588e-01 9.381433510938275155e-01
3.125000000000000000e-02 9.714198800527960032e-01 9.375591658754189872e-01 9.714198798540090163e-01 9.375591663257232256e-01
4.375000000000000416e-02 9.644803680998151885e-01 9.370027788669261781e-01 9.644803676799503789e-01 9.370027796169942969e-01
5.625000000000000139e-02 9.609460482184870589e-01 9.362106243848397069e-01 9.609460483639873374e-01 9.362106233408653555e-01
6.875000000000000555e-02 9.598575042424484227e-01 9.408426563950472721e-01 9.598575067378258829e-01 9.408426518708286057e-01
8.125000000000001665e-02 9.624771531369613609e-01 9.409223168422962136e-01 9.624771588560140367e-01 9.409223049571172615e-01
9.375000000000000000e-02 9.679230639153680871e-01 9.401294976540819359e-01 9.679230671865991509e-01 9.401294882230817329e-01
1.062500000000000111e-01 9.753903390846023758e-01 9.397203253458167316e-01 9.753903314638384670e-01 9.397203382132539584e-01
1.187499999999999944e-01 9.844397797608204215e-01 9.394421342800990393e-01 9.844397514382342562e-01 9.394421944478218434e-01
1.312500000000000056e-01 9.945356595259440269e-01 9.392878802598760846e-01 9.945356130597318156e-01 9.392879851260209634e-01
1.437500000000000167e-01 1.005206708831892559e+00 9.392110153354680246e-01 1.005206663380651788e+00 9.392111047540691038e-01
1.562500000000000000e-01 1.016061409710286245e+00 9.391770577023892397e-01 1.016061454961401544e+00 9.391770549434320658e-01
1.687500000000000111e-01 1.026789795484901013e+00 9.391675154915450907e-01 1.026789795686357198e+00 9.391671137278539971e-01
1.812500000000000222e-01 1.037142943822750629e+00 9.391809135002249231e-01 1.037143662624782081e+00 9.391791566696976457e-01
1.937500000000000056e-01 1.046931906267375867e+00 9.392092325697076749e-01 1.046933862508419910e+00 9.392045910849045054e-01
2.062500000000000167e-01 1.055992090008257112e+00 9.392604419868606502e-01 1.055996114463710445e+00 9.392509909833566262e-01
2.187500000000000000e-01 1.064167837670213945e+00 9.393494687471237725e-01 1.064174570046599655e+00 9.393338340330027458e-01
2.312500000000000111e-01 1.071284171018333398e+00 9.395158155356886365e-01 1.071293584416012301e+00 9.394940873467063636e-01
2.437500000000000222e-01 1.077118751185562662e+00 9.398439695062653643e-01 1.077130116695935724e+00 9.398177059758855423e-01
2.562499999999999778e-01 1.081392365787766430e+00 9.404051997287817821e-01 1.081404693011163154e+00 9.403765216745109123e-01
2.687500000000000444e-01 1.083795089926571142e+00 9.412946124765912970e-01 1.083807629024164942e+00 9.412651950111019516e-01
2.812500000000000000e-01 1.084713338820861628e+00 9.374680259823566786e-01 1.084725655595699223e+00 9.374386608478727512e-01
2.937500000000000666e-01 1.082445675961862142e+00 9.371444460519833264e-01 1.082457834500112792e+00 9.371153812385271120e-01
3.062500000000000222e-01 1.077034450919079012e+00 9.370812094549323401e-01 1.077046576479274709e+00 9.370521996974725543e-01
3.187499999999999778e-01 1.067746462150177766e+00 9.373425706252218603e-01 1.067759042883217102e+00 9.373125760600579115e-01
3.312500000000000444e-01 1.054133178068548338e+00 9.375164631082790745e-01 1.054146175147329778e+00 9.374860455816018678e-01
3.437500000000000000e-01 1.035674832123580025e+00 9.378212211559046052e-01 1.035686909553214852e+00 9.377930047320217621e-01
3.562500000000000666e-01 1.012230908578308330e+00 9.381010631881878670e-01 1.012240741255161947e+00 9.380783210107132009e-01
3.687500000000000222e-01 9.839515707392231247e-01 9.383821523153083044e-01 9.839578833148191483e-01 9.383689586504944113e-01
3.812499999999999778e-01 9.514739476221806269e-01 9.385823360290319606e-01 9.514745798876037552e-01 9.385770432809651398e-01
3.937500000000000444e-01 9.158383360792838879e-01 9.386637274877522863e-01 9.158399988327470265e-01 9.386691369889157421e-01
4.062500000000000000e-01 8.785833550647589307e-01 9.385313635823746559e-01 8.785763584884050958e-01 9.386430515950421327e-01
4.187500000000000666e-01 8.412773772974829756e-01 9.383249470579806406e-01 8.412743862409345352e-01 9.384306034618968839e-01
4.312500000000000222e-01 8.056042391088384935e-01 9.380290433718414533e-01 8.056031311933653516e-01 9.381302816910634945e-01
4.437499999999999778e-01 7.730336405122564258e-01 9.377860096333484607e-01 7.730354148649711821e-01 9.378825425078830547e-01
4.562500000000000444e-01 7.447943440377440272e-01 9.374651455800960820e-01 7.447968609634050274e-01 9.375580379992888291e-01
4.687500000000000000e-01 7.218022567854219806e-01 9.372934172899355376e-01 7.218046962490412000e-01 9.373893747448132086e-01
4.812500000000000666e-01 7.048101368500749864e-01 9.366113223844971802e-01 7.048116412217060311e-01 9.367088690006463159e-01
4.937500000000000222e-01 6.939929219474830768e-01 9.366249193875041401e-01 6.939942989540444085e-01 9.367195390534901467e-01
5.062500000000000888e-01 6.892079235094163980e-01 9.364015269338604730e-01 6.892077803800840119e-01 9.363988327873369322e-01
5.187500000000000444e-01 6.902810213198411482e-01 9.408560832346581915e-01 6.902817213088739967e-01 9.408535635393325824e-01
5.312500000000000000e-01 6.988533452502001531e-01 9.414456451309853868e-01 6.988547693340074751e-01 9.414431693046012573e-01
5.437499999999999556e-01 7.139890620166811086e-01 9.413701168844635925e-01 7.139909816870093628e-01 9.413670049289025732e-01
5.562500000000000222e-01 7.356303229274265831e-01 9.410634192293816369e-01 7.356321175441669080e-01 9.410595543365367632e-01
5.687500000000000888e-01 7.633203358434927921e-01 9.408843941339605221e-01 7.633216852692398247e-01 9.408798397732851537e-01
5.812500000000000444e-01 7.966949771233540201e-01 9.407149485124807198e-01 7.966955320481985403e-01 9.407111272237730359e-01
5.937500000000000000e-01 8.351609162899759076e-01 9.405284134544853458e-01 8.351608289213665604e-01 9.405262157621044894e-01
6.062500000000000666e-01 8.779384301932025014e-01 9.403114485204129291e-01 8.779387384729486765e-01 9.403095696512706603e-01
6.187500000000000222e-01 9.240600268371063075e-01 9.400785150081760744e-01 9.240608486274831668e-01 9.400759822019952860e-01
6.312500000000000888e-01 9.724053886856705020e-01 9.398528691704969296e-01 9.724061848162652844e-01 9.398496050590614548e-01
6.437500000000000444e-01 1.021755619060418230e+00 9.396712256339603275e-01 1.021755887256224238e+00 9.396675075228064777e-01
6.562500000000000000e-01 1.070841318533737319e+00 9.395481404335470632e-01 1.070841643999741244e+00 9.395459350781993901e-01
6.687500000000000666e-01 1.118462797663989594e+00 9.395228018025846284e-01 1.118462739537994910e+00 9.395229626023766656e-01
6.812500000000000222e-01 1.163381817885288827e+00 9.396673404608926194e-01 1.163382060840053800e+00 9.396666279476065808e-01
6.937500000000000888e-01 1.204557993823454520e+00 9.399862162676613231e-01 1.204557097093657436e+00 9.399814372042922805e-01
7.062500000000000444e-01 1.240949254030998983e+00 9.406115800287053741e-01 1.240946196759536546e+00 9.405972716619190876e-01
7.187500000000000000e-01 1.271558355088712844e+00 9.417611206437681570e-01 1.271551864814626676e+00 9.417326855721286361e-01
7.312500000000000666e-01 1.295355749173545901e+00 9.437246352649768522e-01 1.295344980157057790e+00 9.436791196769193091e-01
7.437500000000000222e-01 1.311406804598265641e+00 9.462420671985798393e-01 1.311391990379059180e+00 9.461783217238014521e-01
7.562500000000000888e-01 1.319044796912602457e+00 9.489075450054822447e-01 1.319027344851698924e+00 9.488307546417202865e-01
7.687500000000000444e-01 1.318920188818974104e+00 9.315643827898338891e-01 1.318900320588709096e+00 9.314837060518829093e-01
7.812500000000000000e-01 1.307367295280529751e+00 9.311653267508183118e-01 1.307347557544380923e+00 9.310806273783629461e-01
7.937500000000000666e-01 1.284561524134706367e+00 9.337092551556256392e-01 1.284541698592187586e+00 9.336285604858933773e-01
8.062500000000000222e-01 1.251066583772405760e+00 9.352510431266335411e-01 1.251048850600614326e+00 9.351741430696280943e-01
8.187500000000000888e-01 1.207135794050009814e+00 9.367117737009565959e-01 1.207120290568065357e+00 9.366474947431214781e-01
8.312500000000000444e-01 1.154101030730510180e+00 9.376413374360028641e-01 1.154089403865489416e+00 9.375923070583511709e-01
8.437500000000000000e-01 1.093983633671829603e+00 9.380798237306646747e-01 1.093977331975128475e+00 9.380497698353738034e-01
8.562500000000000666e-01 1.029209531769105901e+00 9.380338404047441347e-01 1.029206451420481949e+00 9.380237033765272958e-01
8.687500000000000222e-01 9.627286109192596530e-01 9.376012863941917130e-01 9.627293650305579487e-01 9.376048073835325791e-01
8.812500000000000888e-01 8.969565513792712164e-01 9.371391531062194247e-01 8.969590683483625870e-01 9.371493659236032059e-01
8.937500000000000444e-01 8.342323120028229955e-01 9.367326180497922428e-01 8.342348239748926808e-01 9.367419280118911562e-01
9.062500000000000000e-01 7.763059828523161121e-01 9.364583807931792236e-01 7.763072708148308632e-01 9.364629036075913238e-01
9.187500000000000666e-01 7.244529195006078615e-01 9.363631195779232863e-01 7.244528321358549849e-01 9.363635728079520160e-01
9.312500000000000222e-01 6.793424573921708065e-01 9.364786778678022561e-01 6.793424414368334219e-01 9.364788386804439035e-01
9.437500000000000888e-01 6.414224030670814258e-01 9.366598811803694691e-01 6.414223347704799405e-01 9.366594278554114528e-01
9.562500000000000444e-01 6.107675770069949106e-01 9.369595370214696128e-01 6.107674767336276345e-01 9.369590893788510844e-01
9.687500000000000000e-01 5.874088820939206146e-01 9.371301477111136924e-01 5.874088194831139642e-01 9.371299334234209910e-01
9.812500000000000666e-01 5.711009016863728416e-01 9.373862420264905682e-01 5.711008825509977793e-01 9.373861869922328616e-01
9.937500000000000222e-01 5.635030377371786914e-01 9.359741468129376685e-01 5.635030395723911179e-01 9.359741633624336643e-01
