6.250000000000000347e-03 9.931882463010247575e-01 9.397204719043437127e-01 9.931882463068504308e-01 9.397204718916235544e-01
1.875000000000000278e-02 9.806552102734301668e-01 9.397213322730959550e-01 9.806552102898072887e-01 9.397213322378714651e-01
3.125000000000000000e-02 9.704707007077966185e-01 9.397209835146757007e-01 9.704707007142070463e-01 9.397209835008503154e-01
4.375000000000000416e-02 9.633486645467691512e-01 9.397211085699389566e-01 9.633486644566644497e-01 9.397211087588711598e-01
5.625000000000000139e-02 9.596092212205975525e-01 9.397210605482987367e-01 9.596092209182370825e-01 9.397210611795103752e-01
6.875000000000000555e-02 9.592350055779912399e-01 9.397210780652536233e-01 9.592350052623088708e-01 9.397210787229723916e-01
8.125000000000001665e-02 9.619538492822765630e-01 9.397210740181429767e-01 9.619538501635317429e-01 9.397210721702854430e-01
9.375000000000000000e-02 9.673246901456877822e-01 9.397210836757664554e-01 9.673246944542870374e-01 9.397210745979389657e-01
1.062500000000000111e-01 9.748167881753169173e-01 9.397210899216345004e-01 9.748167958215476769e-01 9.397210736960546207e-01
1.187499999999999944e-01 9.838761010479017965e-01 9.397210742965431685e-01 9.838761012179635390e-01 9.397210740303286736e-01
1.312500000000000056e-01 9.939758145399082423e-01 9.397209956079493054e-01 9.939757785808616131e-01 9.397210739063619478e-01
1.437500000000000167e-01 1.004649523088534391e+00 9.397208440730338008e-01 1.004649418541276651e+00 9.397210739523079726e-01
1.562500000000000000e-01 1.015507428255367106e+00 9.397207378197975913e-01 1.015507276784112234e+00 9.397210739352719333e-01
1.687500000000000111e-01 1.026237755041652377e+00 9.397210140038338988e-01 1.026237727455995730e+00 9.397210739415854386e-01
1.812500000000000222e-01 1.036596965510944157e+00 9.397222007611847339e-01 1.036597464479366071e+00 9.397210739392407586e-01
1.937500000000000056e-01 1.046392754570097061e+00 9.397249389817194931e-01 1.046394457970017289e+00 9.397210739401072876e-01
2.062500000000000167e-01 1.055463410912198086e+00 9.397299211971544830e-01 1.055467254582893144e+00 9.397210739397838797e-01
2.187500000000000000e-01 1.063656384055525983e+00 9.397370534713391788e-01 1.063663230138827576e+00 9.397210739399031176e-01
2.312500000000000111e-01 1.070807572567729737e+00 9.397439400368015061e-01 1.070817317392741996e+00 9.397210739398599300e-01
2.437500000000000222e-01 1.076720248433876925e+00 9.397485479886682480e-01 1.076731924359758619e+00 9.397210739398788037e-01
2.562499999999999778e-01 1.081145876665771111e+00 9.397508052670431322e-01 1.081158476384494360e+00 9.397210739398733637e-01
2.687500000000000444e-01 1.083768670447942561e+00 9.397511664171293022e-01 1.083781397322494566e+00 9.397210739398764723e-01
2.812500000000000000e-01 1.084194115807178393e+00 9.397502446492320693e-01 1.084206467377817562e+00 9.397210739398774715e-01
2.937500000000000666e-01 1.081945480286916617e+00 9.397489992546448345e-01 1.081957342523875987e+00 9.397210739398784707e-01
3.062500000000000222e-01 1.076474802543075926e+00 9.397480645007256772e-01 1.076486326537011484e+00 9.397210739398775825e-01
3.187499999999999778e-01 1.067196123840530531e+00 9.397473444969837164e-01 1.067207423167255254e+00 9.397210739398779156e-01
3.312500000000000444e-01 1.053548604214191720e+00 9.397462718906958168e-01 1.053559550822374513e+00 9.397210739398788037e-01
3.437500000000000000e-01 1.035092894928579588e+00 9.397442383678250577e-01 1.035103091227276062e+00 9.397210739398793589e-01
3.562500000000000666e-01 1.011632841039678432e+00 9.397408505667581569e-01 1.011641694906470601e+00 9.397210739398795809e-01
3.687500000000000222e-01 9.833379321730006950e-01 9.397361464176197110e-01 9.833448098016072114e-01 9.397210739398798029e-01
3.812499999999999778e-01 9.508275435566482248e-01 9.397308533820678544e-01 9.508320543900457000e-01 9.397210739398794699e-01
3.937500000000000444e-01 9.151778672283669147e-01 9.397261149705398164e-01 9.151801010321043428e-01 9.397210739398794699e-01
4.062500000000000000e-01 8.778334003410999120e-01 9.397226980997926971e-01 8.778338521466391153e-01 9.398210739398791258e-01
4.187500000000000666e-01 8.404404226580759474e-01 9.397208398046066335e-01 8.404398040233537204e-01 9.398210739398784597e-01
4.312500000000000222e-01 8.046512444907165662e-01 9.397204918073038815e-01 8.046503425796006637e-01 9.398210739398784597e-01
4.437499999999999778e-01 7.719551383925633559e-01 9.397212360467992465e-01 7.719546085381863154e-01 9.398210739398777935e-01
4.562500000000000444e-01 7.435728354758186498e-01 9.397222480987743598e-01 7.435729056044519947e-01 9.398210739398777935e-01
4.687500000000000000e-01 7.204217597610472756e-01 9.397228147372694851e-01 7.204221893991746839e-01 9.398210739398769054e-01
4.812500000000000666e-01 7.031364315835546552e-01 9.397229174918120265e-01 7.031369199067188935e-01 9.398210739398749070e-01
4.937500000000000222e-01 6.921194709646659726e-01 9.397230481180796069e-01 6.921200412183821093e-01 9.398210739398731306e-01
5.062500000000000888e-01 6.875999596213973053e-01 9.397234256304378697e-01 6.876007801433634548e-01 9.397210739398715873e-01
5.187500000000000444e-01 6.896821787476264953e-01 9.397237993248890309e-01 6.896832072277330195e-01 9.397210739398702550e-01
5.312500000000000000e-01 6.983760599011008541e-01 9.397240365972785447e-01 6.983771725259860785e-01 9.397210739398689228e-01
5.437499999999999556e-01 7.136079609473618968e-01 9.397242226349091787e-01 7.136091361591311300e-01 9.397210739398672574e-01
5.562500000000000222e-01 7.352132375642768114e-01 9.397243270646784552e-01 7.352144219861410646e-01 9.397210739398657031e-01
5.687500000000000888e-01 7.629141610931785555e-01 9.397243847071761191e-01 7.629152764049165203e-01 9.397210739398648149e-01
5.812500000000000444e-01 7.962905236971142831e-01 9.397244798537429666e-01 7.962915186326917638e-01 9.397210739398638157e-01
5.937500000000000000e-01 8.347517815184010148e-01 9.397245447433195675e-01 8.347526221239005562e-01 9.397210739398617063e-01
6.062500000000000666e-01 8.775203998122047544e-01 9.397244376654501075e-01 8.775211112275269620e-01 9.397210739398603740e-01
6.187500000000000222e-01 9.236354322201376643e-01 9.397240471408820905e-01 9.236360754555384966e-01 9.397210739398595969e-01
6.312500000000000888e-01 9.719809138190337316e-01 9.397235002882265986e-01 9.719815257071093839e-01 9.397210739398588197e-01
6.437500000000000444e-01 1.021336999186248429e+00 9.397231992140033796e-01 1.021337524702335298e+00 9.397210739398582646e-01
6.562500000000000000e-01 1.070444202937271161e+00 9.397235987168809368e-01 1.070444478895008711e+00 9.397210739398580426e-01
6.687500000000000666e-01 1.118066011576446250e+00 9.397250815904081289e-01 1.118065777760420820e+00 9.397210739398564883e-01
6.812500000000000222e-01 1.163034822964266857e+00 9.397281380400005490e-01 1.163033700587340125e+00 9.397210739398549340e-01
6.937500000000000888e-01 1.204271158657206131e+00 9.397334768183426279e-01 1.204268605189647179e+00 9.397210739398541568e-01
7.062500000000000444e-01 1.240774557685402790e+00 9.397419900423692463e-01 1.240769831876321394e+00 9.397210739398544899e-01
7.187500000000000000e-01 1.271593220270438085e+00 9.397545548890694489e-01 1.271585383179141715e+00 9.397210739398538237e-01
7.312500000000000666e-01 1.295785567081653600e+00 9.397703479198944443e-01 1.295773943503290448e+00 9.397210739398547119e-01
7.437500000000000222e-01 1.312391187144548610e+00 9.397832818987453818e-01 1.312376487991450125e+00 9.397210739398527135e-01
7.562500000000000888e-01 1.320432363947644738e+00 9.397905274170288425e-01 1.320415898131132915e+00 9.397210739398547119e-01
7.687500000000000444e-01 1.318958755248788473e+00 9.397932067087322316e-01 1.318941516698909577e+00 9.397210739398460522e-01
7.812500000000000000e-01 1.307147087413391695e+00 9.397928134543780399e-01 1.307129797252455816e+00 9.397210739398665913e-01
7.937500000000000666e-01 1.284456158193977515e+00 9.397903249987611396e-01 1.284439396847959269e+00 9.397210739398091928e-01
8.062500000000000222e-01 1.250813511221009700e+00 9.397848588363023614e-01 1.250798013415673759e+00 9.397210739399664003e-01
8.187500000000000888e-01 1.206786801442472079e+00 9.397753579219663145e-01 1.206773556987746687e+00 9.397210739395445156e-01
8.312500000000000444e-01 1.153676476316140675e+00 9.397611643618071220e-01 1.153666637632679626e+00 9.397210739406842706e-01
8.437500000000000000e-01 1.093476854201828274e+00 9.397453627404590559e-01 1.093470787904267105e+00 9.397210739376082866e-01
8.562500000000000666e-01 1.028690276512443269e+00 9.397340998753929142e-01 1.028686947730340417e+00 9.397210739459302964e-01
8.687500000000000222e-01 9.620353757540152095e-01 9.397274080566129228e-01 9.620337212847818176e-01 9.397210739234311827e-01
8.812500000000000888e-01 8.961348286091567195e-01 9.397237514233194311e-01 8.961341261816160308e-01 9.397210739843496752e-01
8.937500000000000444e-01 8.332610232457233757e-01 9.397219065886944778e-01 8.332608086167724304e-01 9.397210738200980629e-01
9.062500000000000000e-01 7.751887064197130472e-01 9.397210945384495417e-01 7.751887026295163352e-01 9.397210742657750027e-01
9.187500000000000666e-01 7.231603015580037042e-01 9.397208630207414259e-01 7.231603558961662293e-01 9.397210730767524556e-01
9.312500000000000222e-01 6.779373390010112743e-01 9.397209031373798815e-01 6.779373832026518443e-01 9.397210763451764315e-01
9.437500000000000888e-01 6.399000953759947929e-01 9.397209911303642249e-01 6.399001147755274399e-01 9.397210679458882776e-01
9.562500000000000444e-01 6.091620179189082274e-01 9.397210808754634659e-01 6.091620208185868357e-01 9.397210925801557924e-01
9.687500000000000000e-01 5.856766583008029547e-01 9.397210494925898328e-01 5.856766554460699492e-01 9.397210381624183650e-01
9.812500000000000666e-01 5.693264205225243568e-01 9.397212581816705157e-01 5.693264177412142857e-01 9.397212473209582972e-01
9.937500000000000222e-01 5.599891389323556901e-01 9.397210453686342113e-01 5.599891379497451416e-01 9.397210409486569382e-01
