6.250000000000000347e-03 9.931866730380147779e-01 9.397240320963760052e-01 9.931869486763619248e-01 9.397233635490818138e-01
1.875000000000000278e-02 9.806541831316146762e-01 9.397237847147867917e-01 9.806543359350126110e-01 9.397233635490818138e-01
3.125000000000000000e-02 9.704693922288590846e-01 9.397238775651510778e-01 9.704696060809826497e-01 9.397233635490818138e-01
4.375000000000000416e-02 9.633473417855479282e-01 9.397238429869938514e-01 9.633475641123515620e-01 9.397233635490818138e-01
5.625000000000000139e-02 9.596078098271035861e-01 9.397238558899179139e-01 9.596080562586047913e-01 9.397233635490818138e-01
6.875000000000000555e-02 9.592335966932405977e-01 9.397238510899131869e-01 9.592338435453360290e-01 9.397233635490818138e-01
8.125000000000001665e-02 9.619524704061003240e-01 9.397238528748120823e-01 9.619527093879390867e-01 9.397233635490818138e-01
9.375000000000000000e-02 9.673233674474943644e-01 9.397238522120647808e-01 9.673235931258221676e-01 9.397233635490818138e-01
1.062500000000000111e-01 9.748155175729886768e-01 9.397238524580031616e-01 9.748157321308216217e-01 9.397233635490818138e-01
1.187499999999999944e-01 9.838748594613823117e-01 9.397238523667974519e-01 9.838750671519032043e-01 9.397233635490818138e-01
1.312500000000000056e-01 9.939745582415554503e-01 9.397238524006119587e-01 9.939747633250964887e-01 9.397233635490818138e-01
1.437500000000000167e-01 1.004648208490662054e+00 9.397238523880768746e-01 1.004648413532681195e+00 9.397233635490818138e-01
1.562500000000000000e-01 1.015506070685607831e+00 9.397238523927233800e-01 1.015506276574139832e+00 9.397233635490818138e-01
1.687500000000000111e-01 1.026236522849633070e+00 9.397238523910003138e-01 1.026236729374008894e+00 9.397233635490818138e-01
1.812500000000000222e-01 1.036596260917087120e+00 9.397238523916395803e-01 1.036596467485544126e+00 9.397233635490818138e-01
1.937500000000000056e-01 1.046393255596206107e+00 9.397238523914026587e-01 1.046393461686456527e+00 9.397233635490818138e-01
2.062500000000000167e-01 1.055466053323413700e+00 9.397238523914910324e-01 1.055466258647087097e+00 9.397233635490818138e-01
2.187500000000000000e-01 1.063662029391026387e+00 9.397238523914580588e-01 1.063662233868806206e+00 9.397233635490818138e-01
2.312500000000000111e-01 1.070816115933420853e+00 9.397238523914699382e-01 1.070816319603850930e+00 9.397233635490818138e-01
2.437500000000000222e-01 1.076730720265576258e+00 9.397238523914663855e-01 1.076730923197498857e+00 9.397233635490818138e-01
2.562499999999999778e-01 1.081157266832996511e+00 9.397238523914683839e-01 1.081157469066925003e+00 9.397233635490818138e-01
2.687500000000000444e-01 1.083780178195576926e+00 9.397238523914672736e-01 1.083780379719528897e+00 9.397233635490818138e-01
2.812500000000000000e-01 1.084205232610172320e+00 9.397238523914672736e-01 1.084205433385089012e+00 9.397233635490818138e-01
2.937500000000000666e-01 1.081956083172110450e+00 9.397238523914672736e-01 1.081956283255206985e+00 9.397233635490818138e-01
3.062500000000000222e-01 1.076485029658195813e+00 9.397238523914664965e-01 1.076485229523424847e+00 9.397233635490818138e-01
3.187499999999999778e-01 1.067206070899799908e+00 9.397238523914654973e-01 1.067206272093622399e+00 9.397233635490818138e-01
3.312500000000000444e-01 1.053558120683631305e+00 9.397238523914643871e-01 1.053558326890475794e+00 9.397233635490818138e-01
3.437500000000000000e-01 1.035101559575104524e+00 9.397238523914633879e-01 1.035101777818715041e+00 9.397233635490818138e-01
3.562500000000000666e-01 1.011640046219336675e+00 9.397238523914632768e-01 1.011640287133849681e+00 9.397233635490818138e-01
3.687500000000000222e-01 9.833430533221216852e-01 9.397238523914630548e-01 9.833433284919821382e-01 9.397233635490818138e-01
3.812499999999999778e-01 9.508302443853643426e-01 9.397238523914630548e-01 9.508305590544902097e-01 9.397233635490818138e-01
3.937500000000000444e-01 9.151783471622709776e-01 9.397238523914627217e-01 9.151786901352793047e-01 9.397233635490818138e-01
4.062500000000000000e-01 8.778322990768612222e-01 9.397238523914624997e-01 8.778326378014232878e-01 9.397233635490818138e-01
4.187500000000000666e-01 8.404385685045171472e-01 9.397238523914624997e-01 8.404388595648363269e-01 9.397233635490818138e-01
4.312500000000000222e-01 8.046494283214378207e-01 9.397238523914622776e-01 8.046496439249948285e-01 9.397233635490818138e-01
4.437499999999999778e-01 7.719538540660738635e-01 9.397238523914627217e-01 7.719540075315500793e-01 9.397233635490818138e-01
4.562500000000000444e-01 7.435720191730960105e-01 9.397238523914626107e-01 7.435721654882532228e-01 9.397233635490818138e-01
4.687500000000000000e-01 7.204208724650966733e-01 9.397238523914626107e-01 7.204210764170922987e-01 9.397233635490818138e-01
4.812500000000000666e-01 7.031350115061808514e-01 9.397238523914619446e-01 7.031353042316756952e-01 9.397233635490818138e-01
4.937500000000000222e-01 6.921175901714178291e-01 9.397238523914608344e-01 6.921179490863205164e-01 9.397233635490818138e-01
5.062500000000000888e-01 6.875980019438983071e-01 9.397238523914599462e-01 6.875983721324975262e-01 9.397233635490818138e-01
5.187500000000000444e-01 6.896803713776076261e-01 9.397238523914590580e-01 6.896807090482423019e-01 9.397233635490818138e-01
5.312500000000000000e-01 6.983745088658336320e-01 9.397238523914583919e-01 6.983748061291016329e-01 9.397233635490818138e-01
5.437499999999999556e-01 7.136068035938936127e-01 9.397238523914580588e-01 7.136070754533206939e-01 9.397233635490818138e-01
5.562500000000000222e-01 7.352125118935148862e-01 9.397238523914575037e-01 7.352127670824406547e-01 9.397233635490818138e-01
5.687500000000000888e-01 7.629138099469234824e-01 9.397238523914567265e-01 7.629140385502846122e-01 9.397233635490818138e-01
5.812500000000000444e-01 7.962904368130534483e-01 9.397238523914560604e-01 7.962906222384640298e-01 9.397233635490818138e-01
5.937500000000000000e-01 8.347517939827489020e-01 9.397238523914566155e-01 8.347519313420728171e-01 9.397233635490818138e-01
6.062500000000000666e-01 8.775203713085483193e-01 9.397238523914566155e-01 8.775204740304126672e-01 9.397233635490818138e-01
6.187500000000000222e-01 9.236352742134910088e-01 9.397238523914566155e-01 9.236353664025347410e-01 9.397233635490818138e-01
6.312500000000000888e-01 9.719805670933083785e-01 9.397238523914559494e-01 9.719806707465779017e-01 9.397233635490818138e-01
6.437500000000000444e-01 1.021336376722220107e+00 9.397238523914566155e-01 1.021336503136128560e+00 9.397233635490818138e-01
6.562500000000000000e-01 1.070443160173299546e+00 9.397238523914566155e-01 1.070443308843300967e+00 9.397233635490818138e-01
6.687500000000000666e-01 1.118064333058335302e+00 9.397238523914566155e-01 1.118064495966062610e+00 9.397233635490818138e-01
6.812500000000000222e-01 1.163032178095810831e+00 9.397238523914565045e-01 1.163032345377689403e+00 9.397233635490818138e-01
6.937500000000000888e-01 1.204267042504945096e+00 9.397238523914557273e-01 1.204267206492278364e+00 9.397233635490818138e-01
7.062500000000000444e-01 1.240768251198064220e+00 9.397238523914539510e-01 1.240768407873947821e+00 9.397233635490818138e-01
7.187500000000000000e-01 1.271583792570715854e+00 9.397238523914539510e-01 1.271583941082686797e+00 9.397233635490818138e-01
7.312500000000000666e-01 1.295772340395308753e+00 9.397238523914539510e-01 1.295772481807732301e+00 9.397233635490818138e-01
7.437500000000000222e-01 1.312374862256440622e+00 9.397238523914530628e-01 1.312374998474688192e+00 9.397233635490818138e-01
7.562500000000000888e-01 1.320414233620047950e+00 9.397238523914491770e-01 1.320414366931373928e+00 9.397233635490818138e-01
7.687500000000000444e-01 1.318939791402728989e+00 9.397238523914535069e-01 1.318939924737070557e+00 9.397233635490818138e-01
7.812500000000000000e-01 1.307127983268869365e+00 9.397238523914412944e-01 1.307128121121871933e+00 9.397233635490818138e-01
7.937500000000000666e-01 1.284437462446362366e+00 9.397238523914726027e-01 1.284437612205590939e+00 9.397233635490818138e-01
8.062500000000000222e-01 1.250795930769835973e+00 9.397238523913824526e-01 1.250796103656301783e+00 9.397233635490818138e-01
8.187500000000000888e-01 1.206771319680047139e+00 9.397238523916204844e-01 1.206771529632010953e+00 9.397233635490818138e-01
8.312500000000000444e-01 1.153664289575529356e+00 9.397238523909727803e-01 1.153664547902436333e+00 9.397233635490818138e-01
8.437500000000000000e-01 1.093468457523541382e+00 9.397238523927189391e-01 1.093468762669536964e+00 9.397233635490818138e-01
8.562500000000000666e-01 1.028684869396870205e+00 9.397238523879933858e-01 1.028685195663788354e+00 9.397233635490818138e-01
8.687500000000000222e-01 9.620322186885714721e-01 9.397238524007718308e-01 9.620325126110628178e-01 9.397233635490818138e-01
8.812500000000000888e-01 8.961335408544912617e-01 9.397238523662099219e-01 8.961337331360423875e-01 9.397233635490818138e-01
8.937500000000000444e-01 8.332613833457618302e-01 9.397238524596214226e-01 8.332614150756197935e-01 9.397233635490818138e-01
9.062500000000000000e-01 7.751904566145566555e-01 9.397238522074138345e-01 7.751903089137293090e-01 9.397233635490818138e-01
9.187500000000000666e-01 7.231630045709500632e-01 9.397238528872065011e-01 7.231627183733512210e-01 9.397233635490818138e-01
9.312500000000000222e-01 6.779403437866260429e-01 9.397238510574228432e-01 6.779400251452651904e-01 9.397233635490818138e-01
9.437500000000000888e-01 6.399026515026293715e-01 9.397238559704184091e-01 6.399024496531552364e-01 9.397233635490818138e-01
9.562500000000000444e-01 6.091634960069871596e-01 9.397238427783369819e-01 6.091635562927636416e-01 9.397233635490818138e-01
9.687500000000000000e-01 5.856769385136852968e-01 9.397238780512362499e-01 5.856772805055548980e-01 9.397233635490818138e-01
9.812500000000000666e-01 5.693259419163101409e-01 9.397237831915874473e-01 5.693264278465330896e-01 9.397233635490818138e-01
9.937500000000000222e-01 5.599893572060234970e-01 9.397240344994479688e-01 5.599895600996642742e-01 9.397233635490818138e-01
