6.250000000000000347e-03 9.939195704685763744e-01 9.383883781531050516e-01 9.931869486763619248e-01 9.397233635490818138e-01
1.875000000000000278e-02 9.814079869574685588e-01 9.381433510938275155e-01 9.806543359350126110e-01 9.397233635490818138e-01
3.125000000000000000e-02 9.714198798540090163e-01 9.375591663257232256e-01 9.704696060809826497e-01 9.397233635490818138e-01
4.375000000000000416e-02 9.644803676799503789e-01 9.370027796169942969e-01 9.633475641123515620e-01 9.397233635490818138e-01
5.625000000000000139e-02 9.609460483639873374e-01 9.362106233408653555e-01 9.596080562586047913e-01 9.397233635490818138e-01
6.875000000000000555e-02 9.598575067378258829e-01 9.408426518708286057e-01 9.592338435453360290e-01 9.397233635490818138e-01
8.125000000000001665e-02 9.624771588560140367e-01 9.409223049571172615e-01 9.619527093879390867e-01 9.397233635490818138e-01
9.375000000000000000e-02 9.679230671865991509e-01 9.401294882230817329e-01 9.673235931258221676e-01 9.397233635490818138e-01
1.062500000000000111e-01 9.753903314638384670e-01 9.397203382132539584e-01 9.748157321308216217e-01 9.397233635490818138e-01
1.187499999999999944e-01 9.844397514382342562e-01 9.394421944478218434e-01 9.838750671519032043e-01 9.397233635490818138e-01
1.312500000000000056e-01 9.945356130597318156e-01 9.392879851260209634e-01 9.939747633250964887e-01 9.397233635490818138e-01
1.437500000000000167e-01 1.005206663380651788e+00 9.392111047540691038e-01 1.004648413532681195e+00 9.397233635490818138e-01
1.562500000000000000e-01 1.016061454961401544e+00 9.391770549434320658e-01 1.015506276574139832e+00 9.397233635490818138e-01
1.687500000000000111e-01 1.026789795686357198e+00 9.391671137278539971e-01 1.026236729374008894e+00 9.397233635490818138e-01
1.812500000000000222e-01 1.037143662624782081e+00 9.391791566696976457e-01 1.036596467485544126e+00 9.397233635490818138e-01
1.937500000000000056e-01 1.046933862508419910e+00 9.392045910849045054e-01 1.046393461686456527e+00 9.397233635490818138e-01
2.062500000000000167e-01 1.055996114463710445e+00 9.392509909833566262e-01 1.055466258647087097e+00 9.397233635490818138e-01
2.187500000000000000e-01 1.064174570046599655e+00 9.393338340330027458e-01 1.063662233868806206e+00 9.397233635490818138e-01
2.312500000000000111e-01 1.071293584416012301e+00 9.394940873467063636e-01 1.070816319603850930e+00 9.397233635490818138e-01
2.437500000000000222e-01 1.077130116695935724e+00 9.398177059758855423e-01 1.076730923197498857e+00 9.397233635490818138e-01
2.562499999999999778e-01 1.081404693011163154e+00 9.403765216745109123e-01 1.081157469066925003e+00 9.397233635490818138e-01
2.687500000000000444e-01 1.083807629024164942e+00 9.412651950111019516e-01 1.083780379719528897e+00 9.397233635490818138e-01
2.812500000000000000e-01 1.084725655595699223e+00 9.374386608478727512e-01 1.084205433385089012e+00 9.397233635490818138e-01
2.937500000000000666e-01 1.082457834500112792e+00 9.371153812385271120e-01 1.081956283255206985e+00 9.397233635490818138e-01
3.062500000000000222e-01 1.077046576479274709e+00 9.370521996974725543e-01 1.076485229523424847e+00 9.397233635490818138e-01
3.187499999999999778e-01 1.067759042883217102e+00 9.373125760600579115e-01 1.067206272093622399e+00 9.397233635490818138e-01
3.312500000000000444e-01 1.054146175147329778e+00 9.374860455816018678e-01 1.053558326890475794e+00 9.397233635490818138e-01
3.437500000000000000e-01 1.035686909553214852e+00 9.377930047320217621e-01 1.035101777818715041e+00 9.397233635490818138e-01
3.562500000000000666e-01 1.012240741255161947e+00 9.380783210107132009e-01 1.011640287133849681e+00 9.397233635490818138e-01
3.687500000000000222e-01 9.839578833148191483e-01 9.383689586504944113e-01 9.833433284919821382e-01 9.397233635490818138e-01
3.812499999999999778e-01 9.514745798876037552e-01 9.385770432809651398e-01 9.508305590544902097e-01 9.397233635490818138e-01
3.937500000000000444e-01 9.158399988327470265e-01 9.386691369889157421e-01 9.151786901352793047e-01 9.397233635490818138e-01
4.062500000000000000e-01 8.785763584884050958e-01 9.385430515950421437e-01 8.778326378014232878e-01 9.397233635490818138e-01
4.187500000000000666e-01 8.412743862409345352e-01 9.383306034618968949e-01 8.404388595648363269e-01 9.397233635490818138e-01
4.312500000000000222e-01 8.056031311933653516e-01 9.380302816910635055e-01 8.046496439249948285e-01 9.397233635490818138e-01
4.437499999999999778e-01 7.730354148649711821e-01 9.377825425078830657e-01 7.719540075315500793e-01 9.397233635490818138e-01
4.562500000000000444e-01 7.447968609634050274e-01 9.374580379992888401e-01 7.435721654882532228e-01 9.397233635490818138e-01
4.687500000000000000e-01 7.218046962490412000e-01 9.372893747448132196e-01 7.204210764170922987e-01 9.397233635490818138e-01
4.812500000000000666e-01 7.048116412217060311e-01 9.366088690006463269e-01 7.031353042316756952e-01 9.397233635490818138e-01
4.937500000000000222e-01 6.939942989540444085e-01 9.366195390534901577e-01 6.921179490863205164e-01 9.397233635490818138e-01
5.062500000000000888e-01 6.892077803800840119e-01 9.363988327873369322e-01 6.875983721324975262e-01 9.397233635490818138e-01
5.187500000000000444e-01 6.902817213088739967e-01 9.408535635393325824e-01 6.896807090482423019e-01 9.397233635490818138e-01
5.312500000000000000e-01 6.988547693340074751e-01 9.414431693046012573e-01 6.983748061291016329e-01 9.397233635490818138e-01
5.437499999999999556e-01 7.139909816870093628e-01 9.413670049289025732e-01 7.136070754533206939e-01 9.397233635490818138e-01
5.562500000000000222e-01 7.356321175441669080e-01 9.410595543365367632e-01 7.352127670824406547e-01 9.397233635490818138e-01
5.687500000000000888e-01 7.633216852692398247e-01 9.408798397732851537e-01 7.629140385502846122e-01 9.397233635490818138e-01
5.812500000000000444e-01 7.966955320481985403e-01 9.407111272237730359e-01 7.962906222384640298e-01 9.397233635490818138e-01
5.937500000000000000e-01 8.351608289213665604e-01 9.405262157621044894e-01 8.347519313420728171e-01 9.397233635490818138e-01
6.062500000000000666e-01 8.779387384729486765e-01 9.403095696512706603e-01 8.775204740304126672e-01 9.397233635490818138e-01
6.187500000000000222e-01 9.240608486274831668e-01 9.400759822019952860e-01 9.236353664025347410e-01 9.397233635490818138e-01
6.312500000000000888e-01 9.724061848162652844e-01 9.398496050590614548e-01 9.719806707465779017e-01 9.397233635490818138e-01
6.437500000000000444e-01 1.021755887256224238e+00 9.396675075228064777e-01 1.021336503136128560e+00 9.397233635490818138e-01
6.562500000000000000e-01 1.070841643999741244e+00 9.395459350781993901e-01 1.070443308843300967e+00 9.397233635490818138e-01
6.687500000000000666e-01 1.118462739537994910e+00 9.395229626023766656e-01 1.118064495966062610e+00 9.397233635490818138e-01
6.812500000000000222e-01 1.163382060840053800e+00 9.396666279476065808e-01 1.163032345377689403e+00 9.397233635490818138e-01
6.937500000000000888e-01 1.204557097093657436e+00 9.399814372042922805e-01 1.204267206492278364e+00 9.397233635490818138e-01
7.062500000000000444e-01 1.240946196759536546e+00 9.405972716619190876e-01 1.240768407873947821e+00 9.397233635490818138e-01
7.187500000000000000e-01 1.271551864814626676e+00 9.417326855721286361e-01 1.271583941082686797e+00 9.397233635490818138e-01
7.312500000000000666e-01 1.295344980157057790e+00 9.436791196769193091e-01 1.295772481807732301e+00 9.397233635490818138e-01
7.437500000000000222e-01 1.311391990379059180e+00 9.461783217238014521e-01 1.312374998474688192e+00 9.397233635490818138e-01
7.562500000000000888e-01 1.319027344851698924e+00 9.488307546417202865e-01 1.320414366931373928e+00 9.397233635490818138e-01
7.687500000000000444e-01 1.318900320588709096e+00 9.314837060518829093e-01 1.318939924737070557e+00 9.397233635490818138e-01
7.812500000000000000e-01 1.307347557544380923e+00 9.310806273783629461e-01 1.307128121121871933e+00 9.397233635490818138e-01
7.937500000000000666e-01 1.284541698592187586e+00 9.336285604858933773e-01 1.284437612205590939e+00 9.397233635490818138e-01
8.062500000000000222e-01 1.251048850600614326e+00 9.351741430696280943e-01 1.250796103656301783e+00 9.397233635490818138e-01
8.187500000000000888e-01 1.207120290568065357e+00 9.366474947431214781e-01 1.206771529632010953e+00 9.397233635490818138e-01
8.312500000000000444e-01 1.154089403865489416e+00 9.375923070583511709e-01 1.153664547902436333e+00 9.397233635490818138e-01
8.437500000000000000e-01 1.093977331975128475e+00 9.380497698353738034e-01 1.093468762669536964e+00 9.397233635490818138e-01
8.562500000000000666e-01 1.029206451420481949e+00 9.380237033765272958e-01 1.028685195663788354e+00 9.397233635490818138e-01
8.687500000000000222e-01 9.627293650305579487e-01 9.376048073835325791e-01 9.620325126110628178e-01 9.397233635490818138e-01
8.812500000000000888e-01 8.969590683483625870e-01 9.371493659236032059e-01 8.961337331360423875e-01 9.397233635490818138e-01
8.937500000000000444e-01 8.342348239748926808e-01 9.367419280118911562e-01 8.332614150756197935e-01 9.397233635490818138e-01
9.062500000000000000e-01 7.763072708148308632e-01 9.364629036075913238e-01 7.751903089137293090e-01 9.397233635490818138e-01
9.187500000000000666e-01 7.244528321358549849e-01 9.363635728079520160e-01 7.231627183733512210e-01 9.397233635490818138e-01
9.312500000000000222e-01 6.793424414368334219e-01 9.364788386804439035e-01 6.779400251452651904e-01 9.397233635490818138e-01
9.437500000000000888e-01 6.414223347704799405e-01 9.366594278554114528e-01 6.399024496531552364e-01 9.397233635490818138e-01
9.562500000000000444e-01 6.107674767336276345e-01 9.369590893788510844e-01 6.091635562927636416e-01 9.397233635490818138e-01
9.687500000000000000e-01 5.874088194831139642e-01 9.371299334234209910e-01 5.856772805055548980e-01 9.397233635490818138e-01
9.812500000000000666e-01 5.711008825509977793e-01 9.373861869922328616e-01 5.693264278465330896e-01 9.397233635490818138e-01
9.937500000000000222e-01 5.635030395723911179e-01 9.359741633624336643e-01 5.599895600996642742e-01 9.397233635490818138e-01
