6.250000000000000347e-03 9.931869194491470543e-01 9.397233890270955126e-01 9.931869486763619248e-01 9.397233635490818138e-01
1.875000000000000278e-02 9.806542950032335337e-01 9.397233794869291890e-01 9.806543359350126110e-01 9.397233635490818138e-01
3.125000000000000000e-02 9.704695629659165768e-01 9.397233830506530605e-01 9.704696060809826497e-01 9.397233635490818138e-01
4.375000000000000416e-02 9.633475332904188893e-01 9.397233817201420258e-01 9.633475641123515620e-01 9.397233635490818138e-01
5.625000000000000139e-02 9.596080355846952070e-01 9.397233822160118155e-01 9.596080562586047913e-01 9.397233635490818138e-01
6.875000000000000555e-02 9.592338253763498246e-01 9.397233820314288000e-01 9.592338435453360290e-01 9.397233635490818138e-01
8.125000000000001665e-02 9.619526872754537994e-01 9.397233821000452458e-01 9.619527093879390867e-01 9.397233635490818138e-01
9.375000000000000000e-02 9.673235655701156732e-01 9.397233820745631849e-01 9.673235931258221676e-01 9.397233635490818138e-01
1.062500000000000111e-01 9.748157006777586897e-01 9.397233820840182883e-01 9.748157321308216217e-01 9.397233635490818138e-01
1.187499999999999944e-01 9.838750341922097853e-01 9.397233820805117599e-01 9.838750671519032043e-01 9.397233635490818138e-01
1.312500000000000056e-01 9.939747307009455524e-01 9.397233820818113870e-01 9.939747633250964887e-01 9.397233635490818138e-01
1.437500000000000167e-01 1.004648382121226868e+00 9.397233820813291061e-01 1.004648413532681195e+00 9.397233635490818138e-01
1.562500000000000000e-01 1.015506246415233349e+00 9.397233820815087402e-01 1.015506276574139832e+00 9.397233635490818138e-01
1.687500000000000111e-01 1.026236700055576545e+00 9.397233820814424599e-01 1.026236729374008894e+00 9.397233635490818138e-01
1.812500000000000222e-01 1.036596438528283759e+00 9.397233820814667737e-01 1.036596467485544126e+00 9.397233635490818138e-01
1.937500000000000056e-01 1.046393432766726139e+00 9.397233820814570038e-01 1.046393461686456527e+00 9.397233635490818138e-01
2.062500000000000167e-01 1.055466229636204734e+00 9.397233820814603344e-01 1.055466258647087097e+00 9.397233635490818138e-01
2.187500000000000000e-01 1.063662204768447861e+00 9.397233820814591132e-01 1.063662233868806206e+00 9.397233635490818138e-01
2.312500000000000111e-01 1.070816290466115372e+00 9.397233820814594463e-01 1.070816319603850930e+00 9.397233635490818138e-01
2.437500000000000222e-01 1.076730894073606226e+00 9.397233820814590022e-01 1.076730923197498857e+00 9.397233635490818138e-01
2.562499999999999778e-01 1.081157439985623636e+00 9.397233820814587801e-01 1.081157469066925003e+00 9.397233635490818138e-01
2.687500000000000444e-01 1.083780350676904813e+00 9.397233820814587801e-01 1.083780379719528897e+00 9.397233635490818138e-01
2.812500000000000000e-01 1.084205404325202071e+00 9.397233820814591132e-01 1.084205433385089012e+00 9.397233635490818138e-01
2.937500000000000666e-01 1.081956254024317943e+00 9.397233820814584471e-01 1.081956283255206985e+00 9.397233635490818138e-01
3.062500000000000222e-01 1.076485199790743863e+00 9.397233820814570038e-01 1.076485229523424847e+00 9.397233635490818138e-01
3.187499999999999778e-01 1.067206241267093070e+00 9.397233820814567817e-01 1.067206272093622399e+00 9.397233635490818138e-01
3.312500000000000444e-01 1.053558294148221108e+00 9.397233820814563376e-01 1.053558326890475794e+00 9.397233635490818138e-01
3.437500000000000000e-01 1.035101742523730106e+00 9.397233820814563376e-01 1.035101777818715041e+00 9.397233635490818138e-01
3.562500000000000666e-01 1.011640249942620251e+00 9.397233820814550054e-01 1.011640287133849681e+00 9.397233635490818138e-01
3.687500000000000222e-01 9.833432929713514792e-01 9.397233820814550054e-01 9.833433284919821382e-01 9.397233635490818138e-01
3.812499999999999778e-01 9.508305322283061578e-01 9.397233820814550054e-01 9.508305590544902097e-01 9.397233635490818138e-01
3.937500000000000444e-01 9.151786791365833507e-01 9.397233820814550054e-01 9.151786901352793047e-01 9.397233635490818138e-01
4.062500000000000000e-01 8.778326419285583659e-01 9.397233820814541172e-01 8.778326378014232878e-01 9.397233635490818138e-01
4.187500000000000666e-01 8.404388639114304116e-01 9.397233820814531180e-01 8.404388595648363269e-01 9.397233635490818138e-01
4.312500000000000222e-01 8.046496248733115975e-01 9.397233820814524519e-01 8.046496439249948285e-01 9.397233635490818138e-01
4.437499999999999778e-01 7.719539509282733469e-01 9.397233820814521188e-01 7.719540075315500793e-01 9.397233635490818138e-01
4.562500000000000444e-01 7.435720816422927149e-01 9.397233820814516747e-01 7.435721654882532228e-01 9.397233635490818138e-01
4.687500000000000000e-01 7.204209948756373771e-01 9.397233820814516747e-01 7.204210764170922987e-01 9.397233635490818138e-01
4.812500000000000666e-01 7.031352506656196599e-01 9.397233820814521188e-01 7.031353042316756952e-01 9.397233635490818138e-01
4.937500000000000222e-01 6.921179242582617963e-01 9.397233820814523408e-01 6.921179490863205164e-01 9.397233635490818138e-01
5.062500000000000888e-01 6.875983514760342086e-01 9.397233820814523408e-01 6.875983721324975262e-01 9.397233635490818138e-01
5.187500000000000444e-01 6.896806641600938814e-01 9.397233820814523408e-01 6.896807090482423019e-01 9.397233635490818138e-01
5.312500000000000000e-01 6.983747294592776989e-01 9.397233820814523408e-01 6.983748061291016329e-01 9.397233635490818138e-01
5.437499999999999556e-01 7.136069848758641587e-01 9.397233820814527849e-01 7.136070754533206939e-01 9.397233635490818138e-01
5.562500000000000222e-01 7.352126871677209241e-01 9.397233820814527849e-01 7.352127670824406547e-01 9.397233635490818138e-01
5.687500000000000888e-01 7.629139793556253268e-01 9.397233820814523408e-01 7.629140385502846122e-01 9.397233635490818138e-01
5.812500000000000444e-01 7.962905755041211897e-01 9.397233820814521188e-01 7.962906222384640298e-01 9.397233635490818138e-01
5.937500000000000000e-01 8.347518826559567895e-01 9.397233820814514527e-01 8.347519313420728171e-01 9.397233635490818138e-01
6.062500000000000666e-01 8.775204156792919541e-01 9.397233820814511196e-01 8.775204740304126672e-01 9.397233635490818138e-01
6.187500000000000222e-01 9.236353006694937307e-01 9.397233820814503424e-01 9.236353664025347410e-01 9.397233635490818138e-01
6.312500000000000888e-01 9.719806051241255407e-01 9.397233820814497873e-01 9.719806707465779017e-01 9.397233635490818138e-01
6.437500000000000444e-01 1.021336444101586194e+00 9.397233820814496763e-01 1.021336503136128560e+00 9.397233635490818138e-01
6.562500000000000000e-01 1.070443258631574412e+00 9.397233820814487881e-01 1.070443308843300967e+00 9.397233635490818138e-01
6.687500000000000666e-01 1.118064452828981370e+00 9.397233820814483440e-01 1.118064495966062610e+00 9.397233635490818138e-01
6.812500000000000222e-01 1.163032305702083269e+00 9.397233820814470118e-01 1.163032345377689403e+00 9.397233635490818138e-01
6.937500000000000888e-01 1.204267166959135382e+00 9.397233820814474559e-01 1.204267206492278364e+00 9.397233635490818138e-01
7.062500000000000444e-01 1.240768366598718808e+00 9.397233820814477889e-01 1.240768407873947821e+00 9.397233635490818138e-01
7.187500000000000000e-01 1.271583897621553216e+00 9.397233820814481220e-01 1.271583941082686797e+00 9.397233635490818138e-01
7.312500000000000666e-01 1.295772436533103811e+00 9.397233820814487881e-01 1.295772481807732301e+00 9.397233635490818138e-01
7.437500000000000222e-01 1.312374951902033793e+00 9.397233820814476779e-01 1.312374998474688192e+00 9.397233635490818138e-01
7.562500000000000888e-01 1.320414319302037232e+00 9.397233820814457905e-01 1.320414366931373928e+00 9.397233635490818138e-01
7.687500000000000444e-01 1.318939875882562784e+00 9.397233820814461236e-01 1.318939924737070557e+00 9.397233635490818138e-01
7.812500000000000000e-01 1.307128070565770184e+00 9.397233820814457905e-01 1.307128121121871933e+00 9.397233635490818138e-01
7.937500000000000666e-01 1.284437559582624733e+00 9.397233820814441252e-01 1.284437612205590939e+00 9.397233635490818138e-01
8.062500000000000222e-01 1.250796049650091168e+00 9.397233820814454575e-01 1.250796103656301783e+00 9.397233635490818138e-01
8.187500000000000888e-01 1.206771477391704206e+00 9.397233820814387961e-01 1.206771529632010953e+00 9.397233635490818138e-01
8.312500000000000444e-01 1.153664503934280994e+00 9.397233820814523408e-01 1.153664547902436333e+00 9.397233635490818138e-01
8.437500000000000000e-01 1.093468734955125310e+00 9.397233820814128169e-01 1.093468762669536964e+00 9.397233635490818138e-01
8.562500000000000666e-01 1.028685187360528941e+00 9.397233820815173999e-01 1.028685195663788354e+00 9.397233635490818138e-01
8.687500000000000222e-01 9.620325141859392692e-01 9.397233820812336269e-01 9.620325126110628178e-01 9.397233635490818138e-01
8.812500000000000888e-01 8.961337209457644892e-01 9.397233820819990147e-01 8.961337331360423875e-01 9.397233635490818138e-01
8.937500000000000444e-01 8.332613616742892138e-01 9.397233820799216764e-01 8.332614150756197935e-01 9.397233635490818138e-01
9.062500000000000000e-01 7.751901985397621209e-01 9.397233820854868913e-01 7.751903089137293090e-01 9.397233635490818138e-01
9.187500000000000666e-01 7.231625542926989336e-01 9.397233820702430851e-01 7.231627183733512210e-01 9.397233635490818138e-01
9.312500000000000222e-01 6.779398255556818853e-01 9.397233821099336692e-01 6.779400251452651904e-01 9.397233635490818138e-01
9.437500000000000888e-01 6.399022433863172932e-01 9.397233819959435186e-01 6.399024496531552364e-01 9.397233635490818138e-01
9.562500000000000444e-01 6.091633866194612335e-01 9.397233822610038256e-01 6.091635562927636416e-01 9.397233635490818138e-01
9.687500000000000000e-01 5.856772000611740747e-01 9.397233813267684699e-01 5.856772805055548980e-01 9.397233635490818138e-01
9.812500000000000666e-01 5.693264594883300500e-01 9.397233826030777504e-01 5.693264278465330896e-01 9.397233635490818138e-01
9.937500000000000222e-01 5.599896356561442357e-01 9.397233725161382445e-01 5.599895600996642742e-01 9.397233635490818138e-01
