6.250000000000000347e-03 9.932230373208494889e-01 9.396651559247054530e-01 9.931869486763619248e-01 9.397233635490818138e-01
1.875000000000000278e-02 9.806784312703018536e-01 9.397239944905746434e-01 9.806543359350126110e-01 9.397233635490818138e-01
3.125000000000000000e-02 9.704940086523445864e-01 9.397336510249183483e-01 9.704696060809826497e-01 9.397233635490818138e-01
4.375000000000000416e-02 9.633725343240668870e-01 9.397376505836716465e-01 9.633475641123515620e-01 9.397233635490818138e-01
5.625000000000000139e-02 9.596351784843151211e-01 9.397295413688231402e-01 9.596080562586047913e-01 9.397233635490818138e-01
6.875000000000000555e-02 9.592598099894996677e-01 9.397273565963083497e-01 9.592338435453360290e-01 9.397233635490818138e-01
8.125000000000001665e-02 9.619764256575051853e-01 9.397415386959426797e-01 9.619527093879390867e-01 9.397233635490818138e-01
9.375000000000000000e-02 9.673478033959621580e-01 9.397438812009042408e-01 9.673235931258221676e-01 9.397233635490818138e-01
1.062500000000000111e-01 9.748401966602601165e-01 9.397431931963544649e-01 9.748157321308216217e-01 9.397233635490818138e-01
1.187499999999999944e-01 9.838998145054255184e-01 9.397410983679006513e-01 9.838750671519032043e-01 9.397233635490818138e-01
1.312500000000000056e-01 9.939996467542048242e-01 9.397389911124702788e-01 9.939747633250964887e-01 9.397233635490818138e-01
1.437500000000000167e-01 1.004673382405693705e+00 9.397370659250545710e-01 1.004648413532681195e+00 9.397233635490818138e-01
1.562500000000000000e-01 1.015531251666316193e+00 9.397356030580135133e-01 1.015506276574139832e+00 9.397233635490818138e-01
1.687500000000000111e-01 1.026261670863879871e+00 9.397346021764223511e-01 1.026236729374008894e+00 9.397233635490818138e-01
1.812500000000000222e-01 1.036621340396301161e+00 9.397340533387423811e-01 1.036596467485544126e+00 9.397233635490818138e-01
1.937500000000000056e-01 1.046418241464676324e+00 9.397338808965932655e-01 1.046393461686456527e+00 9.397233635490818138e-01
2.062500000000000167e-01 1.055490908738307532e+00 9.397340779676398581e-01 1.055466258647087097e+00 9.397233635490818138e-01
2.187500000000000000e-01 1.063686681709212767e+00 9.397347746961546289e-01 1.063662233868806206e+00 9.397233635490818138e-01
2.312500000000000111e-01 1.070840414564992127e+00 9.397363390967308217e-01 1.070816319603850930e+00 9.397233635490818138e-01
2.437500000000000222e-01 1.076754486945567191e+00 9.397392374517135050e-01 1.076730923197498857e+00 9.397233635490818138e-01
2.562499999999999778e-01 1.081180721448385285e+00 9.397434605482273273e-01 1.081157469066925003e+00 9.397233635490818138e-01
2.687500000000000444e-01 1.083804875842629745e+00 9.397446770463606658e-01 1.083780379719528897e+00 9.397233635490818138e-01
2.812500000000000000e-01 1.084230156765388253e+00 9.397176044052860666e-01 1.084205433385089012e+00 9.397233635490818138e-01
2.937500000000000666e-01 1.081980754628019792e+00 9.397194907858654744e-01 1.081956283255206985e+00 9.397233635490818138e-01
3.062500000000000222e-01 1.076508842166299829e+00 9.397287437499388663e-01 1.076485229523424847e+00 9.397233635490818138e-01
3.187499999999999778e-01 1.067230023684370810e+00 9.397351100546964542e-01 1.067206272093622399e+00 9.397233635490818138e-01
3.312500000000000444e-01 1.053582304672675107e+00 9.397382432355680937e-01 1.053558326890475794e+00 9.397233635490818138e-01
3.437500000000000000e-01 1.035127535448977731e+00 9.397343172144848600e-01 1.035101777818715041e+00 9.397233635490818138e-01
3.562500000000000666e-01 1.011667987739871322e+00 9.397241497147796885e-01 1.011640287133849681e+00 9.397233635490818138e-01
3.687500000000000222e-01 9.833728942251072080e-01 9.397092764365621020e-01 9.833433284919821382e-01 9.397233635490818138e-01
3.812499999999999778e-01 9.508607560602395647e-01 9.396979799947376977e-01 9.508305590544902097e-01 9.397233635490818138e-01
3.937500000000000444e-01 9.152076109369391421e-01 9.396963681755983178e-01 9.151786901352793047e-01 9.397233635490818138e-01
4.062500000000000000e-01 8.778597771396015048e-01 9.397046796785623046e-01 8.778326378014232878e-01 9.397233635490818138e-01
4.187500000000000666e-01 8.404641339702715319e-01 9.397190846699551292e-01 8.404388595648363269e-01 9.397233635490818138e-01
4.312500000000000222e-01 8.046741636453504931e-01 9.397318271899508524e-01 8.046496439249948285e-01 9.397233635490818138e-01
4.437499999999999778e-01 7.719790648221667162e-01 9.397388455651615180e-01 7.719540075315500793e-01 9.397233635490818138e-01
4.562500000000000444e-01 7.435982739887317949e-01 9.397406916371692231e-01 7.435721654882532228e-01 9.397233635490818138e-01
4.687500000000000000e-01 7.204479245127068943e-01 9.397397672947728209e-01 7.204210764170922987e-01 9.397233635490818138e-01
4.812500000000000666e-01 7.031629932774090541e-01 9.397381371589443866e-01 7.031353042316756952e-01 9.397233635490818138e-01
4.937500000000000222e-01 6.921457121944958324e-01 9.397378557049140824e-01 6.921179490863205164e-01 9.397233635490818138e-01
5.062500000000000888e-01 6.876279602346020425e-01 9.397354010737346552e-01 6.875983721324975262e-01 9.397233635490818138e-01
5.187500000000000444e-01 6.897100851325206339e-01 9.397315566382127283e-01 6.896807090482423019e-01 9.397233635490818138e-01
5.312500000000000000e-01 6.984038567592882885e-01 9.397318514507848608e-01 6.983748061291016329e-01 9.397233635490818138e-01
5.437499999999999556e-01 7.136354157103033113e-01 9.397330873053888478e-01 7.136070754533206939e-01 9.397233635490818138e-01
5.562500000000000222e-01 7.352409030605160378e-01 9.397325193292331846e-01 7.352127670824406547e-01 9.397233635490818138e-01
5.687500000000000888e-01 7.629418348234229263e-01 9.397309998062897130e-01 7.629140385502846122e-01 9.397233635490818138e-01
5.812500000000000444e-01 7.963178668718465802e-01 9.397298457945295613e-01 7.962906222384640298e-01 9.397233635490818138e-01
5.937500000000000000e-01 8.347779897318119424e-01 9.397304131647277181e-01 8.347519313420728171e-01 9.397233635490818138e-01
6.062500000000000666e-01 8.775452164139692091e-01 9.397330008684129377e-01 8.775204740304126672e-01 9.397233635490818138e-01
6.187500000000000222e-01 9.236587779361902228e-01 9.397377272801308301e-01 9.236353664025347410e-01 9.397233635490818138e-01
6.312500000000000888e-01 9.720030787066626932e-01 9.397432390984685746e-01 9.719806707465779017e-01 9.397233635490818138e-01
6.437500000000000444e-01 1.021358357120587312e+00 9.397482479160925717e-01 1.021336503136128560e+00 9.397233635490818138e-01
6.562500000000000000e-01 1.070464977153226638e+00 9.397514255734548128e-01 1.070443308843300967e+00 9.397233635490818138e-01
6.687500000000000666e-01 1.118086226460585308e+00 9.397530205791100322e-01 1.118064495966062610e+00 9.397233635490818138e-01
6.812500000000000222e-01 1.163053869739961499e+00 9.397535919709187890e-01 1.163032345377689403e+00 9.397233635490818138e-01
6.937500000000000888e-01 1.204288650632334923e+00 9.397542917530936624e-01 1.204267206492278364e+00 9.397233635490818138e-01
7.062500000000000444e-01 1.240789332895301911e+00 9.397561990216796168e-01 1.240768407873947821e+00 9.397233635490818138e-01
7.187500000000000000e-01 1.271604545804959852e+00 9.397600775359391534e-01 1.271583941082686797e+00 9.397233635490818138e-01
7.312500000000000666e-01 1.295792968450438121e+00 9.397631305346137998e-01 1.295772481807732301e+00 9.397233635490818138e-01
7.437500000000000222e-01 1.312397129427872899e+00 9.397609170898275632e-01 1.312374998474688192e+00 9.397233635490818138e-01
7.562500000000000888e-01 1.320438844765142949e+00 9.397196302199574136e-01 1.320414366931373928e+00 9.397233635490818138e-01
7.687500000000000444e-01 1.318961150622492307e+00 9.397211282333388649e-01 1.318939924737070557e+00 9.397233635490818138e-01
7.812500000000000000e-01 1.307149924075924119e+00 9.397408039491550458e-01 1.307128121121871933e+00 9.397233635490818138e-01
7.937500000000000666e-01 1.284463723945488578e+00 9.397279271828479219e-01 1.284437612205590939e+00 9.397233635490818138e-01
8.062500000000000222e-01 1.250825590272574672e+00 9.396964160890634021e-01 1.250796103656301783e+00 9.397233635490818138e-01
8.187500000000000888e-01 1.206802921635402814e+00 9.396597636110801677e-01 1.206771529632010953e+00 9.397233635490818138e-01
8.312500000000000444e-01 1.153694903319804954e+00 9.396387842600610885e-01 1.153664547902436333e+00 9.397233635490818138e-01
8.437500000000000000e-01 1.093495528705958675e+00 9.396430486749972610e-01 1.093468762669536964e+00 9.397233635490818138e-01
8.562500000000000666e-01 1.028708485659973082e+00 9.396687506844607629e-01 1.028685195663788354e+00 9.397233635490818138e-01
8.687500000000000222e-01 9.620530040262476046e-01 9.397038385168866581e-01 9.620325126110628178e-01 9.397233635490818138e-01
8.812500000000000888e-01 8.961536448302434010e-01 9.397309835917150300e-01 8.961337331360423875e-01 9.397233635490818138e-01
8.937500000000000444e-01 8.332829921776270243e-01 9.397439561732604529e-01 8.332614150756197935e-01 9.397233635490818138e-01
9.062500000000000000e-01 7.752142831712605098e-01 9.397435702063625662e-01 7.751903089137293090e-01 9.397233635490818138e-01
9.187500000000000666e-01 7.231907729996343015e-01 9.397351463897443136e-01 7.231627183733512210e-01 9.397233635490818138e-01
9.312500000000000222e-01 6.779720319804107831e-01 9.397234818515043386e-01 6.779400251452651904e-01 9.397233635490818138e-01
9.437500000000000888e-01 6.399390884847281358e-01 9.397168259538050128e-01 6.399024496531552364e-01 9.397233635490818138e-01
9.562500000000000444e-01 6.092129850369896182e-01 9.397001153632495996e-01 6.091635562927636416e-01 9.397233635490818138e-01
9.687500000000000000e-01 5.857051452518620138e-01 9.397388780596607205e-01 5.856772805055548980e-01 9.397233635490818138e-01
9.812500000000000666e-01 5.693780546168178969e-01 9.396972402294441196e-01 5.693264278465330896e-01 9.397233635490818138e-01
9.937500000000000222e-01 5.600273029796472013e-01 9.397625149497248476e-01 5.599895600996642742e-01 9.397233635490818138e-01
