6.250000000000000347e-03 9.931882463068504308e-01 9.397204718916235544e-01 9.931869486763619248e-01 9.397233635490818138e-01
1.875000000000000278e-02 9.806552102898072887e-01 9.397213322378714651e-01 9.806543359350126110e-01 9.397233635490818138e-01
3.125000000000000000e-02 9.704707007142070463e-01 9.397209835008503154e-01 9.704696060809826497e-01 9.397233635490818138e-01
4.375000000000000416e-02 9.633486644566644497e-01 9.397211087588711598e-01 9.633475641123515620e-01 9.397233635490818138e-01
5.625000000000000139e-02 9.596092209182370825e-01 9.397210611795103752e-01 9.596080562586047913e-01 9.397233635490818138e-01
6.875000000000000555e-02 9.592350052623088708e-01 9.397210787229723916e-01 9.592338435453360290e-01 9.397233635490818138e-01
8.125000000000001665e-02 9.619538501635317429e-01 9.397210721702854430e-01 9.619527093879390867e-01 9.397233635490818138e-01
9.375000000000000000e-02 9.673246944542870374e-01 9.397210745979389657e-01 9.673235931258221676e-01 9.397233635490818138e-01
1.062500000000000111e-01 9.748167958215476769e-01 9.397210736960546207e-01 9.748157321308216217e-01 9.397233635490818138e-01
1.187499999999999944e-01 9.838761012179635390e-01 9.397210740303286736e-01 9.838750671519032043e-01 9.397233635490818138e-01
1.312500000000000056e-01 9.939757785808616131e-01 9.397210739063619478e-01 9.939747633250964887e-01 9.397233635490818138e-01
1.437500000000000167e-01 1.004649418541276651e+00 9.397210739523079726e-01 1.004648413532681195e+00 9.397233635490818138e-01
1.562500000000000000e-01 1.015507276784112234e+00 9.397210739352719333e-01 1.015506276574139832e+00 9.397233635490818138e-01
1.687500000000000111e-01 1.026237727455995730e+00 9.397210739415854386e-01 1.026236729374008894e+00 9.397233635490818138e-01
1.812500000000000222e-01 1.036597464479366071e+00 9.397210739392407586e-01 1.036596467485544126e+00 9.397233635490818138e-01
1.937500000000000056e-01 1.046394457970017289e+00 9.397210739401072876e-01 1.046393461686456527e+00 9.397233635490818138e-01
2.062500000000000167e-01 1.055467254582893144e+00 9.397210739397838797e-01 1.055466258647087097e+00 9.397233635490818138e-01
2.187500000000000000e-01 1.063663230138827576e+00 9.397210739399031176e-01 1.063662233868806206e+00 9.397233635490818138e-01
2.312500000000000111e-01 1.070817317392741996e+00 9.397210739398599300e-01 1.070816319603850930e+00 9.397233635490818138e-01
2.437500000000000222e-01 1.076731924359758619e+00 9.397210739398788037e-01 1.076730923197498857e+00 9.397233635490818138e-01
2.562499999999999778e-01 1.081158476384494360e+00 9.397210739398733637e-01 1.081157469066925003e+00 9.397233635490818138e-01
2.687500000000000444e-01 1.083781397322494566e+00 9.397210739398764723e-01 1.083780379719528897e+00 9.397233635490818138e-01
2.812500000000000000e-01 1.084206467377817562e+00 9.397210739398774715e-01 1.084205433385089012e+00 9.397233635490818138e-01
2.937500000000000666e-01 1.081957342523875987e+00 9.397210739398784707e-01 1.081956283255206985e+00 9.397233635490818138e-01
3.062500000000000222e-01 1.076486326537011484e+00 9.397210739398775825e-01 1.076485229523424847e+00 9.397233635490818138e-01
3.187499999999999778e-01 1.067207423167255254e+00 9.397210739398779156e-01 1.067206272093622399e+00 9.397233635490818138e-01
3.312500000000000444e-01 1.053559550822374513e+00 9.397210739398788037e-01 1.053558326890475794e+00 9.397233635490818138e-01
3.437500000000000000e-01 1.035103091227276062e+00 9.397210739398793589e-01 1.035101777818715041e+00 9.397233635490818138e-01
3.562500000000000666e-01 1.011641694906470601e+00 9.397210739398795809e-01 1.011640287133849681e+00 9.397233635490818138e-01
3.687500000000000222e-01 9.833448098016072114e-01 9.397210739398798029e-01 9.833433284919821382e-01 9.397233635490818138e-01
3.812499999999999778e-01 9.508320543900457000e-01 9.397210739398794699e-01 9.508305590544902097e-01 9.397233635490818138e-01
3.937500000000000444e-01 9.151801010321043428e-01 9.397210739398794699e-01 9.151786901352793047e-01 9.397233635490818138e-01
4.062500000000000000e-01 8.778338521466391153e-01 9.397210739398791368e-01 8.778326378014232878e-01 9.397233635490818138e-01
4.187500000000000666e-01 8.404398040233537204e-01 9.397210739398784707e-01 8.404388595648363269e-01 9.397233635490818138e-01
4.312500000000000222e-01 8.046503425796006637e-01 9.397210739398784707e-01 8.046496439249948285e-01 9.397233635490818138e-01
4.437499999999999778e-01 7.719546085381863154e-01 9.397210739398778045e-01 7.719540075315500793e-01 9.397233635490818138e-01
4.562500000000000444e-01 7.435729056044519947e-01 9.397210739398778045e-01 7.435721654882532228e-01 9.397233635490818138e-01
4.687500000000000000e-01 7.204221893991746839e-01 9.397210739398769164e-01 7.204210764170922987e-01 9.397233635490818138e-01
4.812500000000000666e-01 7.031369199067188935e-01 9.397210739398749180e-01 7.031353042316756952e-01 9.397233635490818138e-01
4.937500000000000222e-01 6.921200412183821093e-01 9.397210739398731416e-01 6.921179490863205164e-01 9.397233635490818138e-01
5.062500000000000888e-01 6.876007801433634548e-01 9.397210739398715873e-01 6.875983721324975262e-01 9.397233635490818138e-01
5.187500000000000444e-01 6.896832072277330195e-01 9.397210739398702550e-01 6.896807090482423019e-01 9.397233635490818138e-01
5.312500000000000000e-01 6.983771725259860785e-01 9.397210739398689228e-01 6.983748061291016329e-01 9.397233635490818138e-01
5.437499999999999556e-01 7.136091361591311300e-01 9.397210739398672574e-01 7.136070754533206939e-01 9.397233635490818138e-01
5.562500000000000222e-01 7.352144219861410646e-01 9.397210739398657031e-01 7.352127670824406547e-01 9.397233635490818138e-01
5.687500000000000888e-01 7.629152764049165203e-01 9.397210739398648149e-01 7.629140385502846122e-01 9.397233635490818138e-01
5.812500000000000444e-01 7.962915186326917638e-01 9.397210739398638157e-01 7.962906222384640298e-01 9.397233635490818138e-01
5.937500000000000000e-01 8.347526221239005562e-01 9.397210739398617063e-01 8.347519313420728171e-01 9.397233635490818138e-01
6.062500000000000666e-01 8.775211112275269620e-01 9.397210739398603740e-01 8.775204740304126672e-01 9.397233635490818138e-01
6.187500000000000222e-01 9.236360754555384966e-01 9.397210739398595969e-01 9.236353664025347410e-01 9.397233635490818138e-01
6.312500000000000888e-01 9.719815257071093839e-01 9.397210739398588197e-01 9.719806707465779017e-01 9.397233635490818138e-01
6.437500000000000444e-01 1.021337524702335298e+00 9.397210739398582646e-01 1.021336503136128560e+00 9.397233635490818138e-01
6.562500000000000000e-01 1.070444478895008711e+00 9.397210739398580426e-01 1.070443308843300967e+00 9.397233635490818138e-01
6.687500000000000666e-01 1.118065777760420820e+00 9.397210739398564883e-01 1.118064495966062610e+00 9.397233635490818138e-01
6.812500000000000222e-01 1.163033700587340125e+00 9.397210739398549340e-01 1.163032345377689403e+00 9.397233635490818138e-01
6.937500000000000888e-01 1.204268605189647179e+00 9.397210739398541568e-01 1.204267206492278364e+00 9.397233635490818138e-01
7.062500000000000444e-01 1.240769831876321394e+00 9.397210739398544899e-01 1.240768407873947821e+00 9.397233635490818138e-01
7.187500000000000000e-01 1.271585383179141715e+00 9.397210739398538237e-01 1.271583941082686797e+00 9.397233635490818138e-01
7.312500000000000666e-01 1.295773943503290448e+00 9.397210739398547119e-01 1.295772481807732301e+00 9.397233635490818138e-01
7.437500000000000222e-01 1.312376487991450125e+00 9.397210739398527135e-01 1.312374998474688192e+00 9.397233635490818138e-01
7.562500000000000888e-01 1.320415898131132915e+00 9.397210739398547119e-01 1.320414366931373928e+00 9.397233635490818138e-01
7.687500000000000444e-01 1.318941516698909577e+00 9.397210739398460522e-01 1.318939924737070557e+00 9.397233635490818138e-01
7.812500000000000000e-01 1.307129797252455816e+00 9.397210739398665913e-01 1.307128121121871933e+00 9.397233635490818138e-01
7.937500000000000666e-01 1.284439396847959269e+00 9.397210739398091928e-01 1.284437612205590939e+00 9.397233635490818138e-01
8.062500000000000222e-01 1.250798013415673759e+00 9.397210739399664003e-01 1.250796103656301783e+00 9.397233635490818138e-01
8.187500000000000888e-01 1.206773556987746687e+00 9.397210739395445156e-01 1.206771529632010953e+00 9.397233635490818138e-01
8.312500000000000444e-01 1.153666637632679626e+00 9.397210739406842706e-01 1.153664547902436333e+00 9.397233635490818138e-01
8.437500000000000000e-01 1.093470787904267105e+00 9.397210739376082866e-01 1.093468762669536964e+00 9.397233635490818138e-01
8.562500000000000666e-01 1.028686947730340417e+00 9.397210739459302964e-01 1.028685195663788354e+00 9.397233635490818138e-01
8.687500000000000222e-01 9.620337212847818176e-01 9.397210739234311827e-01 9.620325126110628178e-01 9.397233635490818138e-01
8.812500000000000888e-01 8.961341261816160308e-01 9.397210739843496752e-01 8.961337331360423875e-01 9.397233635490818138e-01
8.937500000000000444e-01 8.332608086167724304e-01 9.397210738200980629e-01 8.332614150756197935e-01 9.397233635490818138e-01
9.062500000000000000e-01 7.751887026295163352e-01 9.397210742657750027e-01 7.751903089137293090e-01 9.397233635490818138e-01
9.187500000000000666e-01 7.231603558961662293e-01 9.397210730767524556e-01 7.231627183733512210e-01 9.397233635490818138e-01
9.312500000000000222e-01 6.779373832026518443e-01 9.397210763451764315e-01 6.779400251452651904e-01 9.397233635490818138e-01
9.437500000000000888e-01 6.399001147755274399e-01 9.397210679458882776e-01 6.399024496531552364e-01 9.397233635490818138e-01
9.562500000000000444e-01 6.091620208185868357e-01 9.397210925801557924e-01 6.091635562927636416e-01 9.397233635490818138e-01
9.687500000000000000e-01 5.856766554460699492e-01 9.397210381624183650e-01 5.856772805055548980e-01 9.397233635490818138e-01
9.812500000000000666e-01 5.693264177412142857e-01 9.397212473209582972e-01 5.693264278465330896e-01 9.397233635490818138e-01
9.937500000000000222e-01 5.599891379497451416e-01 9.397210409486569382e-01 5.599895600996642742e-01 9.397233635490818138e-01
