0.015625 3.000704548300072 24.0 3.000984660826414 23.999999999999986 -2.27822078484169e-70
0.046875 3.001408864637672 23.999999999999993 3.0019696937253446 23.99999999999997 -6.85218368134225e-70
0.078125 3.0021135331268343 23.999999999999986 3.002955861730719 24.00000000000003 -1.8996549218085223e-69
0.109375 3.0028179627968115 23.99999999999999 3.0039423969013823 23.999999999999964 -5.008720464462768e-69
0.140625 3.0035225795414373 23.999999999999986 3.004929856565293 23.99999999999989 -1.275954546258792e-68
0.171875 3.0042271833645406 23.99999999999998 3.005917982172388 24.000000000000103 -3.1691289287035775e-68
0.203125 3.0049318296314205 23.99999999999998 3.0069068480881564 23.999999999999993 -7.718206623049324e-68
0.234375 3.0056365114143127 23.99999999999997 3.0078964475238066 23.999999999999634 -1.8502142513491473e-67
0.265625 3.0063412290911806 23.99999999999997 3.008886783176672 24.00000000000024 -4.377446861968469e-67
0.296875 3.007045982695565 23.999999999999964 3.0098778573348395 24.000000000000295 -1.0241461876918614e-66
0.328125 3.00775077239567 23.99999999999996 3.010869672463027 23.99999999999897 -2.372921497325267e-66
0.359375 3.0084555983201406 23.999999999999964 3.011862230991688 24.000000000000156 -5.451008665905134e-66
0.390625 3.009160460606137 23.99999999999996 3.0128555353714366 24.000000000001577 -1.2425942366207413e-65
0.421875 3.0098653593897007 23.99999999999996 3.013849588062657 23.99999999999798 -2.8128757645194546e-65
0.453125 3.0105702948071187 23.999999999999957 3.0148443915441563 23.99999999999861 -6.326920398120275e-65
0.484375 3.01127526699476 23.99999999999995 3.0158399483041687 24.000000000004746 -1.414693107295441e-64
0.515625 3.0119802760891083 23.99999999999994 3.0168362608359 23.999999999998124 -3.145813634902412e-64
0.546875 3.0126853222267544 23.999999999999936 3.0178333316580215 23.999999999992426 -6.959052145299416e-64
0.578125 3.0133904055443947 23.999999999999936 3.0188311633053053 24.000000000009308 -1.5319234162033377e-63
0.609375 3.014095526178834 23.999999999999936 3.019829758299845 24.000000000006125 -3.356600044717967e-63
0.640625 3.0148006842669863 23.999999999999936 3.0208291191917365 23.99999999997767 -7.321984942534789e-63
0.671875 3.0155058799458745 23.99999999999993 3.021829248578701 24.00000000000484 -1.5903905636321816e-62
0.703125 3.016211113352631 23.99999999999993 3.022830149019118 24.000000000037037 -3.4402769321153487e-62
0.734375 3.0169163846244986 23.99999999999993 3.023831823061338 23.999999999965368 -7.4123871613528855e-62
0.765625 3.0176216938988274 23.999999999999925 3.0248342733768987 23.999999999954817 -1.590929990931295e-61
0.796875 3.0183270413130803 23.999999999999922 3.025837502619277 24.000000000090417 -3.401882857024736e-61
0.828125 3.0190324270048285 23.999999999999915 3.0268415132823474 24.0000000000281 -7.247774453020917e-61
0.859375 3.0197378511117554 23.999999999999908 3.0278463080335714 23.999999999819504 -1.5386651948267813e-60
0.890625 3.0204433137716586 23.999999999999908 3.0288518897667847 24.000000000044267 -3.2551487659220895e-60
0.921875 3.0211488151224417 23.999999999999908 3.029858260995833 24.000000000302983 -6.863006283915339e-60
0.953125 3.021854355302122 23.999999999999904 3.030865424078097 23.999999999781508 -1.442119640701555e-59
0.984375 3.0225599344488296 23.9999999999999 3.0318733821484196 23.999999999544336 -3.0203361416968546e-59
1.015625 3.023265552700808 23.999999999999893 3.032882138320456 24.00000000057016 -6.305182608170241e-59
1.046875 3.0239712101964127 23.99999999999989 3.03389169441726 24.00000000062135 -1.3120415267055653e-58
1.078125 3.024676907074113 23.999999999999886 3.034902052808718 23.99999999878171 -2.7215866533612825e-58
1.109375 3.0253826434724913 23.999999999999883 3.03591321794869 23.999999999205464 -5.6277758939184945e-58
1.140625 3.026088419530244 23.99999999999988 3.036925192813067 24.00000000236987 -1.1601261438237894e-57
1.171875 3.0267942353861814 23.99999999999988 3.0379379772145247 24.000000001015454 -2.3841835575636754e-57
1.203125 3.0275000911792285 23.999999999999872 3.0389515741403503 23.999999995564 -4.884848740431868e-57
1.234375 3.028205987048427 23.999999999999872 3.0399659915352193 23.99999999856891 -9.978129800561989e-57
1.265625 3.02891192313293 23.999999999999872 3.0409812314680704 24.000000008055 -2.0320867377757505e-56
1.296875 3.02961789957201 23.999999999999872 3.0419972880046244 24.000000002788628 -4.126081146814488e-56
1.328125 3.030323916505055 23.999999999999876 3.0430141651461717 23.999999985390282 -8.352991740634592e-56
1.359375 3.0310299740715667 23.99999999999988 3.044031881027088 23.999999993117466 -1.686011193240446e-55
1.390625 3.0317360724111646 23.999999999999876 3.045050438583927 24.00000002562637 -3.3931056550831865e-55
1.421875 3.032442211663585 23.99999999999987 3.04606981456866 24.000000020148846 -6.808576983337657e-55
1.453125 3.0331483919686857 23.999999999999858 3.0470900043017535 23.99999995743574 -1.3621972531801136e-54
1.484375 3.0338546134664375 23.99999999999985 3.0481110529554125 23.999999940874183 -2.71737836329482e-54
1.515625 3.034560876296931 23.99999999999985 3.0491329932099127 24.000000042013497 -5.404899700758321e-54
1.546875 3.035267180600375 23.999999999999844 3.0501557625696814 24.00000009875079 -1.07189611230049e-53
1.578125 3.035973526517097 23.999999999999844 3.0511791548065337 23.99999961421179 -2.119554414886232e-53
1.609375 3.036679914187542 23.99999999999984 3.052202593062267 23.999997204766345 -4.178897469918695e-53
1.640625 3.037386343752278 23.999999999999837 3.0532242495257993 23.999988503713084 -8.214889684997225e-53
1.671875 3.0380928153519893 23.999999999999837 3.05423815208519 23.999959284455297 -1.6101315822779676e-52
1.703125 3.0387993291274835 23.999999999999837 3.05522248453066 23.999857664127113 -3.1465632025112256e-52
1.734375 3.039505885219686 23.999999999999837 3.0561013329572004 23.999503349359397 -6.1308674558564455e-52
1.765625 3.040212483769643 23.99999999999983 3.0568310873905236 23.99879346812864 -1.1909998921582205e-51
1.796875 3.040919124918525 23.99999999999982 3.0574602832643607 23.99784406358871 -2.3067406877601848e-51
1.828125 3.0416258088076225 23.99999999999982 3.0580702889850704 23.996848531216866 -4.454253611117328e-51
1.859375 3.0423325355783475 23.999999999999815 3.0587055443429856 23.99591220465212 -8.574936586047256e-51
1.890625 3.0430393053722335 23.999999999999808 3.05936251483256 23.995026605709217 -1.645720846417934e-50
1.921875 3.04374611833094 23.99999999999981 3.0600218995438113 23.994146017782022 -3.1487547339947423e-50
1.953125 3.044452974596245 23.999999999999808 3.060675190086158 23.993250342857543 -6.005727064687491e-50
1.984375 3.045159874310051 23.9999999999998 3.061325424088568 23.992346771232526 -1.1418828486624206e-49
2.015625 3.0458668176143897 23.9999999999998 3.0619767869080174 23.991445175150602 -2.164163558795051e-49
2.046875 3.04657380465141 23.9999999999998 3.062629676415832 23.99054648600344 -4.0883930329748965e-49
2.078125 3.047280835563387 23.999999999999794 3.0632826834712876 23.989647385242577 -7.698188899911537e-49
2.109375 3.0479879104927243 23.999999999999794 3.0639351787751927 23.988746394443808 -1.4446905109718582e-48
2.140625 3.0486950295819453 23.99999999999979 3.0645874488392173 23.987844186849944 -2.702002356417873e-48
2.171875 3.0494021929737025 23.99999999999979 3.0652397941242686 23.98694146686089 -5.0360797287801475e-48
2.203125 3.050109400810773 23.999999999999787 3.0658922031959364 23.986038207715005 -9.353267962350299e-48
2.234375 3.050816653236062 23.999999999999787 3.0665445710723374 23.985134163966418 -1.7308607822853055e-47
2.265625 3.0515239503925997 23.999999999999787 3.0671968715786972 23.98422927412839 -3.1911596593010844e-47
2.296875 3.052231292423542 23.99999999999978 3.0678491327616326 23.983323603113504 -5.8610728285051535e-47
2.328125 3.0529386794721756 23.99999999999978 3.0685013738909275 23.982417195796927 -1.0722511834554478e-46
2.359375 3.0536461116819122 23.999999999999773 3.0691535929061953 23.981510047752266 -1.9536579209753196e-46
2.390625 3.054353589196294 23.99999999999977 3.0698057804695735 23.98060213729648 -3.544595714090166e-46
2.421875 3.05506111215899 23.999999999999766 3.070457931142594 23.979693451297653 -6.402876193520721e-46
2.453125 3.0557686807137987 23.999999999999766 3.071110046928369 23.97878399401101 -1.1512940178789018e-45
2.484375 3.0564762950046465 23.99999999999976 3.071762133899009 23.9778737796524 -2.060150041016556e-45
2.515625 3.0571839551755913 23.99999999999976 3.072414195217859 23.97696281580359 -3.6677085226756304e-45
2.546875 3.05789166137082 23.999999999999748 3.0730662283040022 23.976051096309217 -6.494345351696857e-45
2.578125 3.05859941373465 23.999999999999744 3.073718229041722 23.975138611186924 -1.1432892156771465e-44
2.609375 3.0593072124115315 23.999999999999737 3.074370196911918 23.974225359049424 -2.0001391905388715e-44
2.640625 3.060015057546042 23.99999999999973 3.075022134920369 23.97331134701252 -3.4754386748737267e-44
2.671875 3.0607229492828947 23.99999999999973 3.0756740457193157 23.972396581266004 -5.993943055649722e-44
2.703125 3.0614308877669307 23.999999999999726 3.0763259291289353 23.971481061095616 -1.025195040406753e-43
2.734375 3.062138873143124 23.999999999999716 3.07697778312957 23.97056478149596 -1.7371316768754017e-43
2.765625 3.0628469055565866 23.99999999999971 3.0776296063352278 23.96964773923711 -2.91205779188509e-43
2.796875 3.0635549851525568 23.999999999999705 3.078281399379321 23.96872993590759 -4.8208921257584945e-43
2.828125 3.06426311207641 23.999999999999705 3.078933164322642 23.96781137615548 -7.862381985663504e-43
2.859375 3.0649712864736527 23.9999999999997 3.079584902803518 23.966892063407094 -1.258888113997978e-42
2.890625 3.0656795084899287 23.999999999999694 3.0802366145532227 23.965971996808147 -1.9689254483153933e-42
2.921875 3.0663877782710145 23.99999999999969 3.0808882977498975 23.96505117221129 -2.984371359915005e-42
2.953125 3.067096095962822 23.999999999999684 3.081539951068765 23.964129586633966 -4.325788212120148e-42
2.984375 3.0678044617113986 23.99999999999968 3.082191575373111 23.963207241870123 -5.846063377957028e-42
3.015625 3.068512875662927 23.999999999999673 3.0828431730888366 23.96228414316155 -6.949926403797957e-42
3.046875 3.069221337963728 23.999999999999673 3.0834947457808037 23.96136029392923 -5.97690423008472e-42
3.078125 3.069929848760256 23.999999999999673 3.0841462925920173 23.960435692234537 1.1041630246284527e-42
3.109375 3.0706384081991014 23.999999999999662 3.0847978113532646 23.959510333091117 2.3380523158598155e-41
3.140625 3.071347016426997 23.99999999999966 3.0854493011647417 23.958584214240688 8.040211368904828e-41
3.171875 3.0720556735908096 23.99999999999966 3.0861007635715207 23.95765733897005 2.128823627925937e-40
3.203125 3.072764379837545 23.999999999999652 3.086752201045308 23.95672971279564 5.035814308975148e-40
3.234375 3.073473135314347 23.999999999999652 3.087403614489011 23.955801337723614 1.1175793032213454e-39
3.265625 3.074181940168499 23.999999999999652 3.0880550025017643 23.954872210447455 2.379148315477548e-39
3.296875 3.0748907945474206 23.99999999999964 3.0887063631377787 23.95394232635826 4.9171664344323987e-39
3.328125 3.0755996985986753 23.999999999999638 3.0893576961873843 23.95301168483432 9.937973385277114e-39
3.359375 3.076308652469965 23.99999999999963 3.0900090035403016 23.952080290073862 1.9733640409492698e-38
3.390625 3.077017656309134 23.99999999999963 3.0906602873234488 23.95114814677124 3.862246412839405e-38
3.421875 3.0777267102641646 23.99999999999963 3.0913115478499233 23.950215255440213 7.467854512244359e-38
3.453125 3.078435814483181 23.99999999999963 3.091962783526076 23.949281612305512 1.4289429136809048e-37
3.484375 3.079144969114447 23.999999999999623 3.0926139927486904 23.948347213663826 2.709319313161419e-37
3.515625 3.0798541743063734 23.99999999999962 3.093265175768135 23.947412060010723 5.095304745953352e-37
3.546875 3.0805634302075102 23.999999999999616 3.0939163345929916 23.94647615570795 9.512456240138327e-37
3.578125 3.081272736966551 23.999999999999616 3.094567471072991 23.945539504686664 1.764039657518716e-36
3.609375 3.081982094732334 23.999999999999616 3.0952185851636234 23.944602106673003 3.251223154159321e-36
3.640625 3.0826915036538356 23.99999999999961 3.0958696751636086 23.94366395777343 5.957967746992783e-36
3.671875 3.083400963880183 23.999999999999602 3.096520739673866 23.942725054779082 1.0859796109704051e-35
3.703125 3.084110475560645 23.999999999999595 3.0971717792513247 23.941785398774662 1.969481613251063e-35
3.734375 3.0848200388446374 23.999999999999602 3.097822796039547 23.940844994335595 3.554705609886775e-35
3.765625 3.085529653881716 23.999999999999595 3.0984737917376353 23.939903845079876 6.386682306426079e-35
3.796875 3.086239320821588 23.999999999999588 3.099124765999089 23.938961950124238 1.142489249897584e-34
3.828125 3.0869490398141033 23.999999999999588 3.099775716946139 23.93801930518073 2.0352048920353324e-34
3.859375 3.08765881100926 23.999999999999588 3.100426643309007 23.937075907276768 3.610838991254936e-34
3.890625 3.088368634557202 23.999999999999584 3.101077545978044 23.93613175821726 6.381297208125961e-34
3.921875 3.0890785106082204 23.999999999999574 3.1017284273155608 23.935186863078954 1.123468433039923e-33
3.953125 3.0897884393127573 23.999999999999574 3.1023792888872044 23.934241225176514 1.9706444301768363e-33
3.984375 3.0904984208214 23.999999999999574 3.103030129962739 23.933294842739155 3.444218049896123e-33
4.015625 3.0912084552848826 23.999999999999563 3.103680948408643 23.932347710905283 5.998506676741735e-33
4.046875 3.091918542854093 23.999999999999563 3.104331743113317 23.93139982708996 1.04111138669265e-32
4.078125 3.0926286836800667 23.999999999999567 3.1049825154140374 23.930451194100034 1.8008638503315503e-32
4.109375 3.0933388779139843 23.99999999999956 3.105633267961327 23.92950181759286 3.104698038737646e-32
4.140625 3.094049125707186 23.999999999999556 3.106284002127288 23.928551700389633 5.335009896503985e-32
4.171875 3.094759427211155 23.999999999999556 3.106934716665418 23.927600839590056 9.137948787512768e-32
4.203125 3.0954697825775295 23.999999999999556 3.107585409124489 23.926649229700445 1.5601918693651058e-31
4.234375 3.096180191958096 23.999999999999552 3.1082360786353878 23.92569686869578 2.65545774288298e-31
4.265625 3.096890655504795 23.999999999999545 3.108886727131156 23.924743760631763 4.505546363689017e-31
4.296875 3.0976011733697213 23.999999999999538 3.1095373576033754 23.92378991183547 7.621057735477044e-31
4.328125 3.0983117457051197 23.99999999999953 3.1101879711206606 23.922835324451917 1.2851516331372023e-30
4.359375 3.0990223726633896 23.99999999999953 3.110838565756812 23.921879994145485 2.1606037380466126e-30
4.390625 3.099733054397084 23.99999999999953 3.1114891387055876 23.920923914686398 3.621484103504994e-30
4.421875 3.100443791058908 23.99999999999953 3.1121396894829743 23.919967084869995 6.0519690049571036e-30
4.453125 3.1011545828017235 23.99999999999953 3.1127902207922733 23.919009510374586 1.0083523940785047e-29
4.484375 3.101865429778548 23.99999999999953 3.1134407359739624 23.918051198244953 1.6750947021985322e-29
4.515625 3.1025763321425517 23.999999999999524 3.1140912356127393 23.917092149571296 2.774487006777097e-29
4.546875 3.1032872900470627 23.999999999999524 3.1147417169278864 23.91613235819007 4.5819074330769235e-29
4.578125 3.1039983036455663 23.999999999999524 3.1153921767914854 23.91517181720404 7.544549486732463e-29
4.609375 3.1047093730916995 23.999999999999517 3.1160426153245346 23.914210526717945 1.238642375332453e-28
4.640625 3.105420498539263 23.99999999999951 3.116693036165668 23.91324849438621 2.027615344466844e-28
4.671875 3.1061316801422114 23.999999999999503 3.117343442916654 23.912285727755616 3.3094267750190695e-28
4.703125 3.1068429180546597 23.999999999999503 3.117993835420908 23.911322226298633 5.38576355657764e-28
4.734375 3.107554212430877 23.999999999999496 3.1186442099026745 23.910357981755375 8.73912572067705e-28
4.765625 3.108265563425295 23.99999999999949 3.119294563061099 23.909392986914654 1.4138812796945444e-27
4.796875 3.1089769711925035 23.99999999999948 3.1199448959123695 23.908427243795085 2.2807587812770227e-27
4.828125 3.1096884358872554 23.99999999999948 3.12059521313628 23.9074607622022 3.668289004728993e-27
4.859375 3.110399957664457 23.99999999999948 3.12124551837604 23.906493549697313 5.882486307471667e-27
4.890625 3.1111115366791804 23.999999999999474 3.1218958104166505 23.9055256034989 9.405155247393542e-27
4.921875 3.1118231730866572 23.999999999999467 3.122546084434843 23.904556913185136 1.49924343140427e-26
4.953125 3.1125348670422843 23.999999999999467 3.1231963372519393 23.903587471854166 2.3827139994964814e-26
4.984375 3.1132466187016137 23.999999999999467 3.123846571110117 23.902617284095946 3.775344399229274e-26
5.015625 3.1139584282203634 23.99999999999946 3.1244967917158792 23.901646361806513 5.963706537766583e-26
5.046875 3.114670295754416 23.999999999999453 3.125147002378645 23.900674711782244 9.391605402168255e-26
5.078125 3.1153822214598152 23.99999999999945 3.125797200495837 23.899702328328306 1.474398097469421e-25
5.109375 3.1160942054927707 23.99999999999945 3.1264473803029453 23.898729199104988 2.3074218514254646e-25
5.140625 3.116806248009654 23.99999999999945 3.127097539194109 23.897755318458394 3.599654906553355e-25
5.171875 3.1175183491670015 23.99999999999944 3.1277476809342595 23.89678069414496 5.5975613110885925e-25
5.203125 3.118230509121517 23.99999999999944 3.12839781204515 23.895805339683687 8.676038409735593e-25
5.234375 3.118942728030067 23.99999999999943 3.1290479349905325 23.894829260036367 1.3403152088627167e-24
5.265625 3.1196550060496886 23.999999999999424 3.1296980455428063 23.893852446130072 2.063626327147327e-24
5.296875 3.1203673433375814 23.999999999999417 3.1303481373306807 23.89287488443857 3.1664072085467803e-24
5.328125 3.1210797400511137 23.999999999999414 3.130998208870591 23.891896571697416 4.8415436441065506e-24
5.359375 3.121792196347821 23.99999999999941 3.131648265584846 23.890917519065905 7.376468727502132e-24
5.390625 3.122504712385405 23.999999999999403 3.1322983143552747 23.88993774070341 1.1197544736359961e-23
5.421875 3.123217288321743 23.99999999999941 3.1329483562545497 23.888957238622403 1.6934177460038927e-23
5.453125 3.1239299243148677 23.999999999999403 3.133598385422616 23.887976000412422 2.5510813027808987e-23
5.484375 3.1246426205229945 23.999999999999396 3.1342483954495446 23.886994012566248 3.8277972523577195e-23
5.515625 3.125355377104504 23.999999999999396 3.1348983864790823 23.886011275219026 5.719737357640802e-23
5.546875 3.126068194217945 23.999999999999396 3.135548365434379 23.885027802549804 8.510108664216983e-23
5.578125 3.1267810720220375 23.99999999999939 3.136198338900612 23.884043607986804 1.2605058654817386e-22
5.609375 3.127494010675675 23.999999999999382 3.136848306155241 23.88305868980572 1.8582826090560647e-22
5.640625 3.1282070103379214 23.999999999999375 3.1374982600310863 23.882073032982795 2.7260073698019643e-22
5.671875 3.1289200711680145 23.999999999999375 3.1381481947814596 23.881086625475554 3.977987490968176e-22
5.703125 3.129633193325363 23.999999999999375 3.138798112448465 23.880099471325412 5.77259160798956e-22
5.734375 3.1303463769695448 23.999999999999364 3.139448020956112 23.87911158665976 8.326656155385357e-22
5.765625 3.1310596222603224 23.999999999999368 3.1400979258867183 23.878122982736876 1.193295339358929e-21
5.796875 3.131772929357621 23.999999999999364 3.1407478246409073 23.877133653982064 1.698014209741317e-21
5.828125 3.132486298421547 23.999999999999368 3.1413977093944974 23.876143584128467 2.397332648142728e-21
5.859375 3.1331997296123784 23.999999999999364 3.142047575702484 23.875152763885232 3.3550959936201877e-21
5.890625 3.1339132230905706 23.99999999999936 3.142697427391684 23.87416120091024 4.648962114637106e-21
5.921875 3.134626779016756 23.999999999999353 3.143347272628596 23.87316891169688 6.368100805829833e-21
5.953125 3.135340397551742 23.99999999999936 3.143997115456968 23.872175904267323 8.605353010410987e-21
5.984375 3.136054078856511 23.999999999999353 3.14464695172731 23.871182169919777 1.143913179228943e-20
6.015625 3.1367678230922262 23.999999999999346 3.1452967737788224 23.870187692838336 1.489719778190366e-20
6.046875 3.137481630420228 23.99999999999934 3.145946578830932 23.869192467184206 1.8889436847287846e-20
6.078125 3.138195501002036 23.999999999999332 3.1465963719863965 23.868196503143253 2.3088901174160298e-20
6.109375 3.1389094349993476 23.99999999999933 3.1472461608524935 23.8671998159412 2.672813031849725e-20
6.140625 3.139623432574041 23.999999999999332 3.1478959477488915 23.86620241003878 2.8258874022225216e-20
6.171875 3.14033749388817 23.99999999999933 3.1485457276278295 23.865204274977145 2.4794409328619503e-20
6.203125 3.141051619103973 23.99999999999933 3.149195493737089 23.864205396890625 1.120966778113034e-20
6.234375 3.1417658083838695 23.999999999999325 3.149845244939828 23.863205773293338 -2.1292021952213176e-20
6.265625 3.1424800618904563 23.999999999999318 3.1504949868695165 23.862205415352285 -8.743644241968582e-20
6.296875 3.143194379786518 23.99999999999931 3.151144725966364 23.861204335817455 -2.1139984100659238e-19
6.328125 3.143908762235017 23.9999999999993 3.1517944630218953 23.86020253603555 -4.3225443940309184e-19
6.359375 3.1446232093991027 23.99999999999929 3.1524441928469575 23.859200005338554 -8.123242558628094e-19
6.390625 3.145337721442104 23.999999999999282 3.153093910061018 23.858196732713317 -1.449916056694189e-18
6.421875 3.146052298527536 23.999999999999275 3.1537436148276656 23.857192718292804 -2.498590031010466e-18
6.453125 3.146766940819096 23.99999999999926 3.1543933125792063 23.85618797275037 -4.1961531058258706e-18
6.484375 3.147481648480672 23.999999999999257 3.1550430083125285 23.855182505848752 -6.908033070364404e-18
6.515625 3.1481964216763307 23.999999999999257 3.15569270174235 23.85417631677039 -1.1191819602844879e-17
6.546875 3.1489112605703258 23.999999999999254 3.15634238816504 23.853169395891214 -1.7892814642745072e-17
6.578125 3.1496261653271027 23.999999999999254 3.1569920636823383 23.85216173522447 -2.828480622676629e-17
6.609375 3.1503411361112867 23.999999999999254 3.15764172926558 23.851153336494324 -4.427650759039602e-17
6.640625 3.151056173087695 23.999999999999243 3.1582913896294906 23.850144208851773 -6.871293963104205e-17
6.671875 3.151771276421332 23.99999999999924 3.1589410483691562 23.849134359192643 -1.0581352319837788e-16
6.703125 3.1524864462773916 23.999999999999233 3.159590704631673 23.848123785575876 -1.6180622920595578e-16
6.734375 3.153201682821256 23.999999999999226 3.160240354560833 23.847112480126363 -2.4584179170539287e-16
6.765625 3.1539169862184955 23.999999999999226 3.160889995573042 23.846100437514284 -3.7130643844254734e-16
6.796875 3.1546323566348713 23.99999999999922 3.161539628988816 23.845087660135746 -5.576995431938721e-16
6.828125 3.155347794236337 23.999999999999215 3.1621892585823534 23.84407415521414 -8.333090963179003e-16
6.859375 3.156063299189034 23.999999999999204 3.1628388867927715 23.843059927315142 -1.2390097532254693e-15
6.890625 3.1567788716592995 23.999999999999197 3.163488512609214 23.842044974199553 -1.833634667520214e-15
6.921875 3.1574945118136593 23.99999999999919 3.1641381331151583 23.84102928988939 -2.7015457262591083e-15
6.953125 3.1582102198188347 23.999999999999183 3.164787746735632 23.840012871056977 -3.963263749308563e-15
6.984375 3.158925995841738 23.999999999999183 3.1654373548163863 23.838995720107135 -5.790342783568785e-15
7.015625 3.159641840049475 23.999999999999176 3.1660869602062682 23.83797784237654 -8.426110147273168e-15
7.046875 3.1603577526093494 23.99999999999917 3.1667365644985246 23.83695924072958 -1.2214485147172358e-14
7.078125 3.1610737336888564 23.99999999999917 3.1673861667724084 23.835939913115894 -1.7639885483553146e-14
7.109375 3.161789783455686 23.99999999999916 3.1680357649616875 23.834919855263387 -2.53822982660602e-14
7.140625 3.1625059020777284 23.99999999999916 3.168685358188066 23.833899065231932 -3.63930197719041e-14
7.171875 3.1632220897230656 23.99999999999915 3.169334947654234 23.832877545136284 -5.1998468342356297e-14
7.203125 3.1639383465599797 23.999999999999154 3.1699845354365532 23.831855298778432 -7.404199539793786e-14
7.234375 3.164654672756949 23.999999999999147 3.170634122566131 23.830832327914287 -1.050769502468153e-13
7.265625 3.165371068482652 23.999999999999147 3.1712837083182515 23.829808630884774 -1.4862863863463673e-13
7.296875 3.166087533905962 23.99999999999914 3.171933291303972 23.828784204743208 -2.0954856369736308e-13
7.328125 3.1668040691959574 23.99999999999914 3.1725828710850483 23.82775904838286 -2.9449184610589434e-13
7.359375 3.16752067452191 23.99999999999913 3.1732324486591468 23.826733163467658 -4.1255848706260836e-13
7.390625 3.1682373500532997 23.99999999999912 3.1738820255139477 23.825706552600476 -5.761517913992377e-13
7.421875 3.1689540959598057 23.99999999999912 3.174531602329053 23.82467921682477 -8.021235938183894e-13
7.453125 3.1696709124113047 23.99999999999911 3.1751811785915294 23.82365115489653 -1.113296906264696e-12
7.484375 3.1703877995778846 23.999999999999105 3.175830753414455 23.82262236486889 -1.5404834363647938e-12
7.515625 3.1711047576298332 23.999999999999098 3.1764803266292914 23.82159284618959 -2.1251475998174054e-12
7.546875 3.1718217867376453 23.99999999999909 3.177129899041826 23.820562600179976 -2.922911974610753e-12
7.578125 3.172538887072027 23.999999999999083 3.177779471726304 23.819531628667452 -4.008153816462366e-12
7.609375 3.173256058803888 23.999999999999076 3.178429045156953 23.81849993231422 -5.480010911465506e-12
7.640625 3.173973302104353 23.999999999999076 3.179078619005663 23.817467510230635 -7.470200829441743e-12
7.671875 3.1746906171447593 23.999999999999073 3.1797281927340055 23.816434361110687 -1.0153164275917284e-11
7.703125 3.1754080040966626 23.999999999999066 3.180377766324674 23.81540048463077 -1.3759175065993107e-11
7.734375 3.176125463131842 23.99999999999907 3.181027340414562 23.814365881702855 -1.8591221278310382e-11
7.765625 3.1768429944223016 23.999999999999055 3.181676915785073 23.813330553504326 -2.5046660111161175e-11
7.796875 3.177560598140283 23.999999999999055 3.182326492785148 23.812294500389243 -3.364488926874075e-11
7.828125 3.1782782744582647 23.999999999999048 3.1829760712306934 23.811257721715982 -4.506256740414861e-11
7.859375 3.1789960235489825 23.99999999999904 3.1836256508265963 23.810220216667943 -6.017826279695694e-11
7.890625 3.1797138455854332 23.99999999999904 3.1842752316548553 23.809181985182942 -8.012882088826562e-11
7.921875 3.1804317407408975 23.99999999999904 3.184924814239662 23.808143028059135 -1.0638022529341046e-10
7.953125 3.181149709188956 23.999999999999034 3.1855743991818075 23.807103346238605 -1.4081629059050188e-10
7.984375 3.1818677511035176 23.999999999999034 3.186223986772652 23.80606294006379 -1.8584917425466984e-10
8.015625 3.182585866658844 23.999999999999034 3.186873576945947 23.80502180918061 -2.445564327745659e-10
8.046875 3.183304056029594 23.999999999999034 3.1875231695730544 23.803979953080447 -3.2085017244722926e-10
8.078125 3.1840223193908628 23.999999999999023 3.1881727647864757 23.802937371690113 -4.196847518033573e-10
8.109375 3.1847406569182484 23.99999999999902 3.188822363010982 23.80189406543349 -5.473104646628257e-10
8.140625 3.185459068787912 23.999999999999012 3.1894719647084537 23.80085003477697 -7.115816430660233e-10
8.171875 3.186177555176662 23.99999999999901 3.190121570121609 23.799805279752526 -9.22328624068492e-10
8.203125 3.186896116262054 23.999999999998998 3.190771179255477 23.798759799906232 -1.191803958165589e-09
8.234375 3.1876147522225162 23.999999999998998 3.191420792092332 23.7977135947552 -1.5352140059132596e-09
8.265625 3.1883334632374742 23.999999999998998 3.192070408822028 23.796666664368743 -1.971347542156692e-09
8.296875 3.189052249487529 23.99999999999899 3.19272002985588 23.795619009422207 -2.523312985973188e-09
8.328125 3.189771111154644 23.999999999998984 3.1933696556174596 23.7945706304951 -3.219395161131922e-09
8.359375 3.1904900484223697 23.999999999998977 3.1940192863425616 23.793521527369112 -4.094040754180995e-09
8.390625 3.1912090614760897 23.99999999999897 3.1946689221130686 23.79247169946374 -5.1889784705830064e-09
8.421875 3.1919281505033066 23.999999999998977 3.1953185630955994 23.79142114726117 -6.554474776039984e-09
8.453125 3.19264731569395 23.99999999999897 3.195968209690813 23.790369872630375 -8.250718395545009e-09
8.484375 3.1933665572407275 23.999999999998966 3.1966178623585337 23.789317876541798 -1.0349315607112637e-08
8.515625 3.1940858753394696 23.999999999998963 3.1972675213323494 23.788265156767146 -1.2934862794373492e-08
8.546875 3.1948052701895016 23.999999999998956 3.197917186719661 23.787211710437496 -1.610654146399652e-08
8.578125 3.195524741993995 23.999999999998956 3.1985668589995946 23.786157540425446 -1.9979652470463198e-08
8.609375 3.1962442909602826 23.99999999999895 3.1992165391078733 23.785102655227433 -2.4686968687730042e-08
8.640625 3.1969639173001037 23.99999999999894 3.1998662274906104 23.784047055554765 -3.037973662956737e-08
8.671875 3.19768362122971 23.999999999998938 3.2005159231869293 23.78299072247507 -3.722809494294276e-08
8.703125 3.1984034029697854 23.999999999998934 3.201165625091952 23.781933634923348 -4.542059821685135e-08
8.734375 3.1991232627450783 23.999999999998934 3.2018153351964296 23.78087581278836 -5.5162434587404565e-08
8.765625 3.199843200783607 23.999999999998934 3.2024650590733783 23.779817323159364 -6.667180104523568e-08
8.796875 3.200563217315316 23.999999999998927 3.2031147991121784 23.77875819139649 -8.017374642759501e-08
8.828125 3.2012833125699647 23.999999999998916 3.203764545823142 23.777698287350823 -9.589060343071351e-08
8.859375 3.2020034867739904 23.999999999998906 3.2044142835281826 23.776637399938277 -1.1402790157076528e-07
8.890625 3.2027237401460447 23.9999999999989 3.205064019013683 23.775575611560456 -1.3475437614470108e-07
8.921875 3.203444072890804 23.999999999998895 3.205713807337977 23.774513635251704 -1.581743565263702e-07
8.953125 3.2041644851905717 23.999999999998884 3.206363718091299 23.773452374942067 -1.842904225897277e-07
8.984375 3.2048849771940855 23.999999999998877 3.207013712482774 23.77239132480417 -2.129537521443204e-07
9.015625 3.2056055490017994 23.99999999999887 3.2076635010782084 23.771326721492596 -2.4379903603245343e-07
9.046875 3.2063262006467874 23.999999999998874 3.2083125571676776 23.77025171742075 -2.7616020174017365e-07
9.078125 3.207046932070214 23.99999999999887 3.2089604581039826 23.769160831450904 -3.089624517400078e-07
9.109375 3.207767743090163 23.99999999999887 3.209607545692803 23.768058560466574 -3.405852802832484e-07
9.140625 3.208488633362327 23.999999999998863 3.210255661400639 23.76696887444575 -3.686901735755997e-07
9.171875 3.2092096023308674 23.999999999998856 3.210908509431454 23.76594000515243 -3.900056158431509e-07
9.203125 3.20993064916742 23.999999999998842 3.211570923028234 23.765035105408938 -4.00060811963365e-07
9.234375 3.2106517726959485 23.999999999998842 3.2122470542117063 23.764307888483525 -3.92858192564735e-07
9.265625 3.211372971300727 23.999999999998842 3.212938916914538 23.76378485172426 -3.6047328921586107e-07
9.296875 3.2120942428144303 23.999999999998835 3.213645805485596 23.763457105227832 -2.9256895874623466e-07
9.328125 3.212815584382822 23.99999999999882 3.214364286874903 23.76327993292026 -1.75809204796358e-07
9.359375 3.2135369923021324 23.99999999999882 3.2150892445171415 23.763186892037396 6.84399496390746e-09
9.390625 3.2142584618247003 23.99999999999882 3.2158156881473916 23.76311415585908 2.769693754259723e-07
9.421875 3.214979986928043 23.999999999998817 3.216540450723345 23.76302014541153 6.6168109169794e-07
9.453125 3.2157015600419205 23.999999999998813 3.217262486897253 23.762892307541883 1.1948019652308614e-06
9.484375 3.216423171727553 23.999999999998813 3.217982497315133 23.762740571643246 1.91823977061019e-06
9.515625 3.2171448103026137 23.999999999998813 3.218701773252683 23.76258246281155 2.8835929655655025e-06
9.546875 3.217866461405184 23.999999999998806 3.2194211871801484 23.762430532044835 4.154014011294916e-06
9.578125 3.218588107489497 23.999999999998796 3.2201408593999776 23.762287749145273 5.806359934410772e-06
9.609375 3.2193097272458715 23.9999999999988 3.2208603523696735 23.762150106192124 7.933660947464523e-06
9.640625 3.22003129493714 23.99999999999879 3.221579094988675 23.76201221489072 1.0647938659910819e-05
9.671875 3.2207527796436946 23.999999999998785 3.2222966900893253 23.761871357748404 1.4083405549510238e-05
9.703125 3.2214741444093535 23.999999999998778 3.2230129527916764 23.761728055084177 1.8400076786345152e-05
9.734375 3.2221953452805803 23.99999999999877 3.223727763685236 23.76158422654124 2.3787824056655596e-05
9.765625 3.22291633023202 23.999999999998764 3.224440910850329 23.761441226723303 3.047089856032277e-05
9.796875 3.2236370379721926 23.999999999998764 3.225152031103333 23.76129917618919 3.871294668531413e-05
9.828125 3.224357396624238 23.999999999998764 3.22586064187142 23.761157479489597 4.882253682205016e-05
9.859375 3.2250773222781595 23.999999999998757 3.2265661931082663 23.76101561475027 6.115920919813026e-05
9.890625 3.225796717412874 23.999999999998757 3.2272680851039044 23.76087348988974 7.614005232250465e-05
9.921875 3.2265154691887616 23.999999999998757 3.2279656474720233 23.760731304234245 9.424679947325484e-05
9.953125 3.2272334476142586 23.99999999999875 3.2286581056063293 23.76058925747214 0.00011603342650898227
9.984375 3.2279505035934117 23.999999999998757 3.229344557629597 23.760447404260894 0.00014213421802187232
10.015625 3.2286664668652127 23.999999999998742 3.230023965168474 23.760305696621376 0.00017327225240822825
10.046875 3.229381143850083 23.999999999998735 3.2306951483332265 23.760164087826126 0.00021026823778249598
10.078125 3.230094315423808 23.999999999998735 3.2313567763149487 23.760022584451974 0.00025404960983168684
10.109375 3.230805734644915 23.99999999999873 3.232007352588565 23.759881231199927 0.0003056597797921633
10.140625 3.2315151244675357 23.999999999998725 3.2326451985557796 23.75974007549281 0.0003662673958988225
10.171875 3.2322221754783316 23.999999999998725 3.233268438961314 23.759599151733262 0.00043717545516134556
10.203125 3.2329265437030106 23.999999999998725 3.2338749896473455 23.75945848852612 0.0005198300745101878
10.234375 3.2336278485351997 23.999999999998728 3.234462546655897 23.759318121344137 0.0006158287016735327
10.265625 3.2343256708477024 23.99999999999872 3.235028576089943 23.759178097669803 0.0007269275171483163
10.296875 3.235019551353612 23.999999999998714 3.2355703052122546 23.7590384748568 0.0008550477499748933
10.328125 3.2357089892917643 23.999999999998714 3.236084715784266 23.7588993171115 0.0010022806024855794
10.359375 3.2363934415178166 23.999999999998714 3.236568540496176 23.758760695437182 0.0011708904536466504
10.390625 3.237072322088223 23.99999999999871 3.2370182630296025 23.758622689848586 0.00136331598802327
10.421875 3.2377450024294774 23.999999999998707 3.2374301222089117 23.75848539164191 0.0015821688788247121
10.453125 3.238410812188862 23.999999999998707 3.237800120813415 23.75834890474553 0.001830229640059798
10.484375 3.239069040865248 23.9999999999987 3.238124039741225 23.758213346622366 0.0021104402557239545
10.515625 3.2397189403189763 23.9999999999987 3.238397458226998 23.758078849456165 0.0024258931943456344
10.546875 3.2403597282580474 23.999999999998693 3.238615780744943 23.75794556182951 0.002779816426326757
10.578125 3.2409905927936746 23.999999999998693 3.23877427114681 23.757813650692796 0.0031755540804596885
10.609375 3.241610698151173 23.99999999999868 3.2388680945068735 23.75768330343223 0.003616542405846326
10.640625 3.2422191916121053 23.999999999998668 3.2388923670558074 23.757554730038656 0.004106280747108303
10.671875 3.242815211750174 23.999999999998664 3.2388422144644275 23.75742816548799 0.004648297295010989
10.703125 3.2433978980065907 23.999999999998657 3.2387128385667947 23.757303872399312 0.005246109441955015
10.734375 3.2439664016303267 23.99999999999865 3.2384995924235724 23.75718214398548 0.00590317865247471
10.765625 3.2445198979847705 23.999999999998643 3.23819806340673 23.75706330728965 0.006622859852864577
10.796875 3.245057600195157 23.999999999998643 3.237804163742819 23.756947726707274 0.007408345450915949
10.828125 3.245578774080684 23.999999999998646 3.237314227718099 23.756835807840556 0.008262604215674192
10.859375 3.246082754282068 23.99999999999865 3.2367251144639213 23.756728001694277 0.009188315376884767
10.890625 3.246568961459718 23.99999999999865 3.2360343149872515 23.756624809227908 0.01018779844269984
10.921875 3.247036920400539 23.99999999999865 3.2352400618787462 23.75652678630645 0.01126293938012599
10.953125 3.2474862788331 23.999999999998646 3.234341439847076 23.756434548996836 0.012415113953013106
10.984375 3.2479168267127516 23.99999999999864 3.233338495096662 23.756348779265892 0.013645109164084353
11.015625 3.248328515700862 23.999999999998625 3.2322323414030802 23.75627023110999 0.014953043897151557
11.046875 3.248721478527054 23.999999999998625 3.231025260567324 23.756199737008654 0.016338289999458067
11.078125 3.2490960478910664 23.99999999999862 3.229720795035063 23.756138214821963 0.017799395177961152
11.109375 3.2494527745330393 23.999999999998618 3.228323830411483 23.756086675082543 0.019334009203016627
11.140625 3.249792444078495 23.999999999998614 3.2268406657518223 23.756046228701 0.020938815013958157
11.171875 3.250116092248497 23.999999999998607 3.2252790698006226 23.756018095272015 0.022609466399069394
11.203125 3.2504250180171637 23.999999999998607 3.2236483210908955 23.756003611303804 0.02434053397314911
11.234375 3.250720794298946 23.999999999998607 3.2219592307828933 23.756004238767822 0.026125461195244212
11.265625 3.2510052757574837 23.999999999998604 3.220224148093799 23.75602157554174 0.027956532153544326
11.296875 3.2512806033468813 23.999999999998593 3.2184569465693853 23.756057365712408 0.02982485279080091
11.328125 3.2515492052252597 23.999999999998586 3.216672990824722 23.756113509476517 0.031720347149536324
11.359375 3.2518137937192297 23.999999999998586 3.2148890852347733 23.756192074851466 0.033631770080131254
11.390625 3.2520773580663764 23.999999999998586 3.2131234042392034 23.756295309535474 0.03554673767593849
11.421875 3.252343152720149 23.999999999998586 3.211395406071075 23.756425654360896 0.037451776478212004
11.453125 3.252614681066982 23.99999999999858 3.2097257314736387 23.756585758822645 0.039332392231319985
11.484375 3.2528956744778093 23.99999999999858 3.208136086894902 23.756778494875842 0.041173158668053204
11.515625 3.25319006669407 23.999999999998572 3.206649117127917 23.757006974649777 0.04295782646966331
11.546875 3.253501963630303 23.999999999998572 3.205288268953722 23.75727457126737 0.04466945218057142
11.578125 3.2538356087597657 23.999999999998572 3.2040776437426035 23.757584935433577 0.04629054646961692
11.609375 3.254195344334609 23.99999999999856 3.2030418484237098 23.757942020624604 0.04780324072547297
11.640625 3.254585568776048 23.999999999998558 3.202205843632816 23.758350111280894 0.04918947056157731
11.671875 3.2550106906511322 23.99999999999855 3.2015947841995627 23.758813840818988 0.05043117439454236
11.703125 3.2554750797294885 23.999999999998543 3.2012338705841916 23.759338230266064 0.051510504859034176
11.734375 3.255983015684171 23.999999999998536 3.201148200521984 23.759928723462245 0.052410050441439045
11.765625 3.256538635064363 23.99999999999853 3.201362613774236 23.76059120410244 0.05311306436428788
11.796875 3.257145877222782 23.99999999999852 3.201901567065131 23.7613320565178 0.05360369744326279
11.828125 3.2578084299264773 23.99999999999851 3.2027890025074286 23.76215820398516 0.05386723137812902
11.859375 3.2585296754152937 23.999999999998508 3.2040482079583077 23.763077113997713 0.05389030873688286
11.890625 3.2593126376973007 23.999999999998497 3.2057017420779994 23.764096906817755 0.05366115575656725
11.921875 3.260159931884224 23.999999999998497 3.2077713174348927 23.765226361443553 0.05316979402112389
11.953125 3.2610737163722927 23.999999999998487 3.210277686902808 23.766474912412633 0.05240823709138409
11.984375 3.2620556486647514 23.99999999999848 3.213240652091473 23.767852829941297 0.05137066825821273
12.015625 2.2631068456112553 23.999999999998472 3.2166789247011374 23.76937112062419 0.05005359576840977
12.046875 2.264227848806839 23.99999999999847 3.2206100625054086 23.771041515777082 0.048455982133748285
12.078125 2.265418595848611 23.999999999998465 3.2250506033866597 23.772876797541926 0.046579344473933665
12.109375 2.2666783980923757 23.999999999998458 3.2300157739787663 23.774890310269257 0.04442782325967287
12.140625 2.26800592548354 23.999999999998458 3.2355195836468758 23.777096153998365 0.04200821730578457
12.171875 2.269399198957502 23.999999999998458 3.2415750654608315 23.779509538067515 0.03932998340777328
12.203125 2.270855590814194 23.999999999998447 3.2481935116759892 23.782145423176893 0.03640519960818808
12.234375 2.272371833369891 23.99999999999845 3.255385087731191 23.78501945531605 0.033248491709506556
12.265625 2.2739440360774887 23.999999999998447 3.263158826177344 23.788147800397354 0.02987692330508533
12.296875 2.275567711184736 23.999999999998437 3.27152073683584 23.79154391150591 0.026309850264809496
12.328125 2.277237807869505 23.999999999998426 3.2804759870002655 23.795221933141452 0.022568741272777516
12.359375 2.2789487546534937 23.999999999998426 3.290026961993468 23.799193499669364 0.018676966655785724
12.390625 2.2806945097526024 23.999999999998415 3.3001693848356486 23.80346154746263 0.014659558348819613
12.421875 2.2824686188757495 23.999999999998415 3.310898531371935 23.808030583469083 0.01054294440308875
12.453125 2.284264279836912 23.999999999998415 3.322199735918578 23.8128916742042 0.006354661940193942
12.484375 2.2860744132008346 23.999999999998415 3.3340425428764178 23.81801665602195 0.002123052880951984
12.515625 2.2878917380446357 23.99999999999841 3.3463961335985184 23.823379858463063 -0.002123052880951984
12.546875 2.289708851789406 23.99999999999841 3.359198494375052 23.828919431653034 -0.006354661940193942
12.578125 2.2915183129419363 23.9999999999984 3.372350266431463 23.83452976535463 -0.01054294440308875
12.609375 2.293312725491105 23.999999999998394 3.3857581550865334 23.840131669353685 -0.014659558348819613
12.640625 2.295084823630118 23.999999999998394 3.3992541437840655 23.84555876522394 -0.018676966655785724
12.671875 2.296827555428683 23.99999999999839 3.412590655142141 23.850583775853227 -0.022568741272777516
12.703125 2.298534164061249 23.999999999998387 3.425581830333109 23.8550692019636 -0.026309850264809496
12.734375 2.3001982652112103 23.999999999998387 3.4379680926505456 23.858840279171602 -0.02987692330508533
12.765625 2.3018139193179703 23.99999999999838 3.4492996161838203 23.861507155853644 -0.033248491709506556
12.796875 2.3033756974142907 23.99999999999838 3.459309024120163 23.862969805674012 -0.03640519960818808
12.828125 2.3048787394145904 23.999999999998373 3.4679041860168858 23.86325299368967 -0.03932998340777328
12.859375 2.3063188038588143 23.999999999998366 3.4744950383969115 23.861944520396605 -0.04200821730578457
12.890625 2.3076923082875718 23.999999999998362 3.4764653449851353 23.856487523744622 -0.04442782325967287
12.921875 2.308996359618198 23.99999999999836 3.47019059911965 23.843271959240916 -0.046579344473933665
12.953125 2.3102287741023906 23.99999999999836 3.4566684197859976 23.823031965278282 -0.048455982133748285
12.984375 2.3113880866680505 23.99999999999835 3.439007845290738 23.798519904893727 -0.05005359576840977
13.015625 2.3124735496738538 23.99999999999835 3.4195238359208804 23.771875133289413 -0.05137066825821273
13.046875 2.3134851213280685 23.99999999999835 3.399261216504436 23.744077139288695 -0.05240823709138409
13.078125 2.314423444236151 23.999999999998337 3.3786045007211873 23.715465099609485 -0.05316979402112389
13.109375 2.3152898147383625 23.99999999999833 3.3577236596766813 23.686167150729915 -0.05366115575656725
13.140625 2.316086143873232 23.999999999998337 3.3367256267967242 23.656254683500983 -0.05389030873688286
13.171875 2.316814910950555 23.99999999999833 3.315688155678283 23.62577549834175 -0.05386723137812902
13.203125 2.3174791108350425 23.99999999999833 3.2946694880937804 23.594761535954397 -0.05360369744326279
13.234375 2.318082196126422 23.99999999999832 3.2737144745743954 23.56323397163459 -0.05311306436428788
13.265625 2.3186280154729637 23.99999999999831 3.2528587615349713 23.531207035131985 -0.052410050441439045
13.296875 2.3191207492730506 23.99999999999831 3.232131328836944 23.498690352911968 -0.051510504859034176
13.328125 2.31956484400518 23.999999999998302 3.2115559797966498 23.46569026159797 -0.05043117439454236
13.359375 2.3199649463832053 23.99999999999831 3.19115226928339 23.43221059222582 -0.04918947056157731
13.390625 2.3203258384638286 23.9999999999983 3.170936140813742 23.398253210302677 -0.04780324072547297
13.421875 2.320652374741589 23.999999999998295 3.15092039300687 23.363818398159165 -0.04629054646961692
13.453125 2.320949422156909 23.999999999998288 3.1311150451703744 23.328905126963452 -0.04466945218057142
13.484375 2.321221803819982 23.999999999998277 3.1115276604099 23.293511312570025 -0.04295782646966331
13.515625 2.3214742471217304 23.999999999998266 3.092163643856102 23.25763411498204 -0.041173158668053204
13.546875 2.321711336767197 23.99999999999826 3.0730264993126295 23.221270251896456 -0.039332392231319985
13.578125 2.3219374731304905 23.999999999998256 3.054118038953031 23.18441626366292 -0.037451776478212004
13.609375 2.322156836197398 23.999999999998256 3.0354385513470623 23.14706866825704 -0.03554673767593849
13.640625 2.3223733552350385 23.999999999998256 3.016986937574581 23.109223990781103 -0.033631770080131254
13.671875 2.3225906842099677 23.999999999998252 2.9987608469661824 23.070878757429718 -0.031720347149536324
13.703125 2.3228121828689305 23.999999999998252 2.980756832273439 23.03202954495118 -0.02982485279080091
13.734375 2.3230409033013446 23.999999999998245 2.9629705043436623 22.992673058048716 -0.027956532153544326
13.765625 2.323279581720598 23.999999999998245 2.9453966603568507 22.952806148737793 -0.026125461195244212
13.796875 2.3235306351326157 23.999999999998245 2.9280293835896978 22.912425746838586 -0.02434053397314911
13.828125 2.3237961625051256 23.999999999998238 2.910862136687434 22.871528772345272 -0.022609466399069394
13.859375 2.324077950009178 23.99999999999823 2.893887882687674 22.830112166883218 -0.020938815013958157
13.890625 2.3243774798752277 23.99999999999823 2.8770992440639986 22.78817310760403 -0.019334009203016627
13.921875 2.3246959423886393 23.99999999999823 2.860488646778557 22.74570924809452 -0.017799395177961152
13.953125 2.325034250542866 23.999999999998217 2.8440483966659125 22.702718782470985 -0.016338289999458067
13.984375 2.3253930568716736 23.999999999998217 2.8277707179075007 22.659200361016758 -0.014953043897151557
14.015625 2.325772771993428 23.999999999998217 2.8116478141788654 22.615153032981315 -0.013645109164084353
14.046875 2.3261735844195863 23.999999999998217 2.7956719624984863 22.570576291518904 -0.012415113953013106
14.078125 2.326595481204718 23.99999999999821 2.779835606112606 22.525470147942393 -0.01126293938012599
14.109375 2.3270382690455804 23.99999999999821 2.7641314125243577 22.479835116158156 -0.01018779844269984
14.140625 2.327501595470845 23.99999999999821 2.7485522841120575 22.433672043865837 -0.009188315376884767
14.171875 2.3279849697999238 23.999999999998202 2.7330913504150236 22.386981889584817 -0.008262604215674192
14.203125 2.328487783587848 23.999999999998202 2.7177419993659178 22.33976567027728 -0.007408345450915949
14.234375 2.32900933031262 23.9999999999982 2.7024979625223926 22.292024672159123 -0.006622859852864577
14.265625 2.329548824100872 23.999999999998195 2.6873533924598343 22.243760724652297 -0.00590317865247471
14.296875 2.330105417326256 23.999999999998188 2.6723028689814283 22.19497627587689 -0.005246109441955015
14.328125 2.3306782169523252 23.999999999998188 2.657341360458121 22.145674293012892 -0.004648297295010989
14.359375 2.3312662995269315 23.99999999999818 2.642464211559652 22.095858209840785 -0.004106280747108303
14.390625 2.331868724768113 23.99999999999817 2.627667158552019 22.04553195830612 -0.003616542405846326
14.421875 2.3324845477116107 23.999999999998174 2.6129463122040333 21.994699895069488 -0.0031755540804596885
14.453125 2.3331128294172885 23.99999999999817 2.5982981185122833 21.943366630390962 -0.002779816426326757
14.484375 2.333752646255788 23.99999999999817 2.583719387421363 21.891537052876465 -0.0024258931943456344
14.515625 2.3344030978173578 23.99999999999816 2.5692073842597356 21.839216581483306 -0.0021104402557239545
14.546875 2.335063313502288 23.999999999998153 2.5547598030021117 21.78641108410113 -0.001830229640059798
14.578125 2.3357324578665497 23.999999999998145 2.540374501886739 21.73312602883479 -0.0015821688788247121
14.609375 2.33640973480728 23.999999999998145 2.526049258122259 21.679365715017006 -0.00136331598802327
14.640625 2.337094390680941 23.999999999998145 2.5117819896606823 21.625134160045548 -0.0011708904536466504
14.671875 2.337785716452294 23.999999999998145 2.49757138104547 21.5704375186398 -0.0010022806024855794
14.703125 2.3384830489752373 23.99999999999814 2.4834171392611135 21.51528524856086 -0.0008550477499748933
14.734375 2.3391857715071973 23.999999999998135 2.4693194227966906 21.45968818958998 -0.0007269275171483163
14.765625 2.3398933135574476 23.999999999998124 2.455278127957115 21.403655942316412 -0.0006158287016735327
14.796875 2.3406051501667458 23.999999999998117 2.4412928941651724 21.347196756797423 -0.0005198300745101878
14.828125 2.341320800711289 23.999999999998114 2.4273636276443322 21.290319453701187 -0.00043717545516134556
14.859375 2.3420398273185548 23.99999999999811 2.413490788551738 21.233034482754665 -0.0003662673958988225
14.890625 2.3427618329762474 23.999999999998096 2.3996753327783926 21.175353786627717 -0.0003056597797921633
14.921875 2.343486459408667 23.999999999998096 2.385918564900152 21.117290361330156 -0.00025404960983168684
14.953125 2.3442133847875386 23.99999999999809 2.3722218325522553 21.058857146082413 -0.00021026823778249598
14.984375 2.3449423213369283 23.99999999999808 2.3585860432462162 21.00006531549258 -0.00017327225240822825
15.015625 2.3456730128844105 23.999999999998074 2.3450114490239238 20.940923217596957 -0.00014213421802187232
15.046875 2.346405232403405 23.999999999998067 2.3314981496409617 20.88143871626011 -0.00011603342650898227
15.078125 2.3471387795846246 23.99999999999806 2.318046757569691 20.821621717600706 -9.424679947325484e-05
15.109375 2.347873478468008 23.99999999999805 2.3046589289840114 20.761486744894203 -7.614005232250465e-05
15.140625 2.3486091751603544 23.999999999998046 2.291337767539012 20.701054823741217 -6.115920919813026e-05
15.171875 2.349345735658308 23.99999999999804 2.2780872072334892 20.640350519278897 -4.882253682205016e-05
15.203125 2.3500830437912557 23.999999999998032 2.264909625833382 20.57939266676464 -3.871294668531413e-05
15.234375 2.35082099929423 23.999999999998025 2.2518040498434235 20.51818417523203 -3.047089856032277e-05
15.265625 2.3515595160169926 23.999999999998018 2.238769373528871 20.4567283218492 -2.3787824056655596e-05
15.296875 2.352298520272064 23.999999999998018 2.2258066974002615 20.395036436175584 -1.8400076786345152e-05
15.328125 2.3530379493216635 23.99999999999801 2.212914685507831 20.333109777808037 -1.4083405549510238e-05
15.359375 2.353777750001157 23.999999999998003 2.2000832371969845 20.270909961900863 -1.0647938659910819e-05
15.390625 2.354517877474711 23.999999999998 2.1872936571484027 20.20835439245314 -7.933660947464523e-06
15.421875 2.355258294117422 23.999999999998 2.1745183073469794 20.145322786557625 -5.806359934410772e-06
15.453125 2.35599896851705 23.99999999999799 2.1617137319086703 20.081605818000867 -4.154014011294916e-06
15.484375 2.3567398745877624 23.999999999997986 2.1488407230874307 20.017021109372536 -2.8835929655655025e-06
15.515625 2.3574809907877734 23.999999999997982 2.135898181066878 19.951546570076825 -1.91823977061019e-06
15.546875 2.3582222994325797 23.999999999997975 2.1229310239808337 19.885391157033514 -1.1948019652308614e-06
15.578125 2.3589637860954236 23.999999999997968 2.1100520463336583 19.819102032723602 -6.6168109169794e-07
15.609375 2.359705439086758 23.99999999999796 2.097662247353278 19.754626970093884 -2.769693754259723e-07
15.640625 2.3604472490047597 23.999999999997968 2.0867704866452477 19.697022239099194 -6.84399496390746e-09
15.671875 2.361189208349284 23.99999999999796 2.07872244155847 19.65303721564749 1.75809204796358e-07
15.703125 2.3619313111921363 23.99999999999796 2.0741803145395448 19.62625655381802 2.9256895874623466e-07
15.734375 2.3626735528969416 23.99999999999796 2.072310985184794 19.612633753720182 3.6047328921586107e-07
15.765625 2.363415929882506 23.99999999999796 2.0714418844517146 19.60395317185298 3.92858192564735e-07
15.796875 2.3641584394240125 23.999999999997954 2.0707936442079067 19.59638039679941 4.00060811963365e-07
15.828125 2.364901079486981 23.999999999997947 2.0704289061837162 19.590182221364945 3.900056158431509e-07
15.859375 2.365643848589386 23.999999999997943 2.070611237834802 19.58674315596494 3.686901735755997e-07
15.890625 2.3663867456878673 23.99999999999794 2.071183931784559 19.58518346611918 3.405852802832484e-07
15.921875 2.3671297700844116 23.999999999997932 2.071739179076017 19.583558704888674 3.089624517400078e-07
15.953125 2.3678729213503233 23.999999999997925 2.072140363878737 19.581173758326123 2.7616020174017365e-07
15.984375 2.368616199264717 23.999999999997925 2.0724142546513136 19.578156382679015 2.4379903603245343e-07
16.015625 2.36935960376511 23.999999999997925 2.0726907195724222 19.57514914090664 2.129537521443204e-07
16.046875 2.3701031349080735 23.999999999997915 2.073060290917641 19.572599609868035 1.842904225897277e-07
16.078125 2.3708467928381483 23.999999999997915 2.073492808836753 19.570358520146947 1.581743565263702e-07
16.109375 2.371590577763514 23.99999999999791 2.0739014980261823 19.56799867851477 1.3475437614470108e-07
16.140625 2.372334489937165 23.999999999997904 2.0742604414058547 19.565392835200747 1.1402790157076528e-07
16.171875 2.373078529642508 23.999999999997897 2.0746234777531605 19.562806666881066 9.589060343071351e-08
16.203125 2.3738226971825034 23.999999999997897 2.0750461457427454 19.56051358183933 8.017374642759501e-08
16.234375 2.3745669928716007 23.99999999999789 2.0755222791102783 19.558483102672565 6.667180104523568e-08
16.265625 2.3753114170298906 23.999999999997875 2.076007352763779 19.55649590684704 5.5162434587404565e-08
16.296875 2.3760559699789647 23.999999999997875 2.0764808045276393 19.554450429590318 4.542059821685135e-08
16.328125 2.376800652039078 23.999999999997875 2.076961868146462 19.552440337538897 3.722809494294276e-08
16.359375 2.3775454635273148 23.99999999999787 2.077473550436987 19.55057797528503 3.037973662956737e-08
16.390625 2.378290404756503 23.99999999999786 2.0780128864669383 19.54884871529701 2.4686968687730042e-08
16.421875 2.3790354760346535 23.999999999997854 2.078561511665497 19.547162998230426 1.9979652470463198e-08
16.453125 2.379780677664792 23.99999999999785 2.0791113173311935 19.545481751023765 1.610654146399652e-08
16.484375 2.3805260099450605 23.999999999997847 2.0796687313102016 19.543836954778254 1.2934862794373492e-08
16.515625 2.3812714731689892 23.999999999997847 2.080239840517782 19.54225872978603 1.0349315607112637e-08
16.546875 2.3820170676258776 23.99999999999784 2.080820705893638 19.540727850726984 8.250718395545009e-09
16.578125 2.3827627936012297 23.999999999997833 2.0814027987282047 19.539202254839168 6.554474776039984e-09
16.609375 2.3835086513772126 23.99999999999783 2.081982484697888 19.53766344350277 5.1889784705830064e-09
16.640625 2.384254641233105 23.999999999997826 2.0825619963331863 19.536121608701126 4.094040754180995e-09
16.671875 2.385000763445741 23.99999999999782 2.083143215169513 19.534585650654048 3.219395161131922e-09
16.703125 2.385747018289905 23.999999999997815 2.0837237015356913 19.533043787409426 2.523312985973188e-09
16.734375 2.386493406038702 23.99999999999781 2.084299178910941 19.531475503625458 1.971347542156692e-09
16.765625 2.3872399269638804 23.999999999997804 2.0848681258352735 19.529873984943023 1.5352140059132596e-09
16.796875 2.38798658133613 23.999999999997797 2.0854325305803747 19.52824984488464 1.191803958165589e-09
16.828125 2.388733369425327 23.99999999999779 2.085994214883466 19.526612712784758 9.22328624068492e-10
16.859375 2.3894802915007567 23.999999999997783 2.0865519298002866 19.524956324617403 7.115816430660233e-10
16.890625 2.390227347831299 23.999999999997776 2.0871032252294954 19.523267731586813 5.473104646628257e-10
16.921875 2.390974538685586 23.99999999999777 2.0876478263371645 19.521544886807057 4.196847518033573e-10
16.953125 2.3917218643321334 23.999999999997762 2.0881874109928917 19.519796179459398 3.2085017244722926e-10
16.984375 2.392469325039455 23.999999999997762 2.088722969068957 19.518026539584156 2.445564327745659e-10
17.015625 2.3932169210761547 23.999999999997762 2.0892540757121627 19.516232893860405 1.8584917425466984e-10
17.046875 2.3939646527109995 23.999999999997762 2.0897803772797925 19.51441279267122 1.4081629059050188e-10
17.078125 2.3947125202129884 23.999999999997755 2.090302454825164 19.512570910043337 1.0638022529341046e-10
17.109375 2.3954605238514044 23.999999999997748 2.0908212198998424 19.51071494364418 8.012882088826562e-11
17.140625 2.396208663895849 23.999999999997733 2.0913372849860186 19.508847951786052 6.017826279695694e-11
17.171875 2.396956940616291 23.999999999997726 2.091850971449641 19.50696701744128 4.506256740414861e-11
17.203125 2.397705354283076 23.99999999999772 2.092362577662956 19.505070397662347 3.364488926874075e-11
17.234375 2.3984539051669627 23.999999999997705 2.0928726907346134 19.503164801360413 2.5046660111161175e-11
17.265625 2.3992025935391403 23.999999999997705 2.0933819918120586 19.50125984912489 1.8591221278310382e-11
17.296875 2.3999514196712353 23.999999999997698 2.093890336561342 19.499352440618928 1.3759175065993107e-11
17.328125 2.400700383835333 23.99999999999769 2.0943965783653224 19.497425096519034 1.0153164275917284e-11
17.359375 2.401449486303979 23.999999999997687 2.094900180199077 19.495469781633116 7.470200829441743e-12
17.390625 2.402198727350193 23.999999999997684 2.0954027590579827 19.493508578086313 5.480010911465506e-12
17.421875 2.402948107247476 23.999999999997677 2.095906879719785 19.491574898915534 4.008153816462366e-12
17.453125 2.4036976262698104 23.999999999997677 2.096412749963837 19.489667837473895 2.922911974610753e-12
17.484375 2.4044472846916682 23.99999999999767 2.0969171690189965 19.487739613032947 2.1251475998174054e-12
17.515625 2.4051970827880176 23.99999999999767 2.0974173316243387 19.48574924037614 1.5404834363647938e-12
17.546875 2.4059470208343194 23.999999999997662 2.0979154175350256 19.483726174637596 1.113296906264696e-12
17.578125 2.406697099106538 23.99999999999767 2.098417513587262 19.481754834479613 8.021235938183894e-13
17.609375 2.4074473178811306 23.999999999997662 2.09892674401133 19.479878291636002 5.761517913992377e-13
17.640625 2.4081976774350666 23.999999999997655 2.099438088458463 19.478027344864486 4.1255848706260836e-13
17.671875 2.4089481780458204 23.999999999997648 2.0999423165521685 19.476075098348545 2.9449184610589434e-13
17.703125 2.409698819991373 23.999999999997634 2.1004366550396547 19.473983739443455 2.0954856369736308e-13
17.734375 2.4104496035502194 23.999999999997627 2.100929895743523 19.471874528162843 1.4862863863463673e-13
17.765625 2.4112005290013627 23.999999999997616 2.101434765311904 19.469923300227236 1.050769502468153e-13
17.796875 2.4119515966243217 23.999999999997613 2.1019542074163153 19.4681700162247 7.404199539793786e-14
17.828125 2.412702806699132 23.999999999997613 2.102475813588412 19.466443914123072 5.1998468342356297e-14
17.859375 2.413454159506342 23.999999999997605 2.1029824644801245 19.464508794301615 3.63930197719041e-14
17.890625 2.4142056553270246 23.999999999997605 2.1034707631874543 19.462318020965988 2.53822982660602e-14
17.921875 2.4149572944427677 23.999999999997602 2.103956421721635 19.460087315348673 1.7639885483553146e-14
17.953125 2.415709077135685 23.9999999999976 2.104460120211714 19.458102676758074 1.2214485147172358e-14
17.984375 2.416461003688415 23.999999999997595 2.104986398938081 19.456425682843932 8.426110147273168e-15
18.015625 2.417213074384117 23.999999999997584 2.105517226100543 19.454808896065973 5.790342783568785e-15
18.046875 2.417965289506485 23.999999999997584 2.1060292498769813 19.452929723597755 3.963263749308563e-15
18.078125 2.418717649339733 23.999999999997577 2.1065191947623365 19.4507438009023 2.7015457262591083e-15
18.109375 2.4194701541686108 23.999999999997573 2.107006687210534 19.44852050188954 1.833634667520214e-15
18.140625 2.4202228042783993 23.99999999999757 2.1075140196952606 19.446568021119173 1.2390097532254693e-15
18.171875 2.4209755999549136 23.999999999997563 2.1080430424220697 19.444910956436544 8.333090963179003e-16
18.203125 2.4217285414845007 23.999999999997563 2.1085727732401818 19.443260653506677 5.576995431938721e-16
18.234375 2.4224816291540465 23.999999999997552 2.109081522024198 19.44131900266442 3.7130643844254734e-16
18.265625 2.423234863250981 23.99999999999755 2.109570429863167 19.439101057800602 2.4584179170539287e-16
18.296875 2.4239882440632643 23.99999999999754 2.1100612451701535 19.436906260659214 1.6180622920595578e-16
18.328125 2.4247417718794058 23.999999999997534 2.110573830919246 19.435008219215806 1.0581352319837788e-16
18.359375 2.4254954469884566 23.999999999997527 2.111105900859228 19.433375309903067 6.871293963104205e-17
18.390625 2.4262492696800138 23.999999999997534 2.111634399625675 19.43168965121487 4.427650759039602e-17
18.421875 2.4270032402442165 23.999999999997527 2.1121394108230693 19.429679269877738 2.828480622676629e-17
18.453125 2.427757358971758 23.999999999997517 2.1126255356883346 19.4274055727757 1.7892814642745072e-17
18.484375 2.428511626153881 23.99999999999751 2.113117521498359 19.425209696027324 1.1191819602844879e-17
18.515625 2.4292660420823795 23.999999999997506 2.1136360977826634 19.423375964802617 6.908033070364404e-18
18.546875 2.4300206070496015 23.999999999997502 2.1141767112604066 19.421842852064948 4.1961531058258706e-18
18.578125 2.43077532134845 23.999999999997506 2.114711170938204 19.42022097224383 2.498590031010466e-18
18.609375 2.4315301852723827 23.999999999997492 2.115216221787642 19.418193707998665 1.449916056694189e-18
18.640625 2.432285199115425 23.999999999997492 2.1156978246004736 19.415840633310737 8.123242558628094e-19
18.671875 2.433040363172153 23.999999999997492 2.116184779178868 19.41355841848599 4.3225443940309184e-19
18.703125 2.4337956777377094 23.999999999997492 2.1167011371427344 19.41167639872227 2.1139984100659238e-19
18.734375 2.4345511431077975 23.999999999997485 2.117243681353595 19.41015172105991 8.743644241968582e-20
18.765625 2.435306759578695 23.999999999997478 2.117785036983662 19.408606781528356 2.1292021952213176e-20
18.796875 2.4360625274472385 23.99999999999747 2.118301462010278 19.40671765358396 -1.120966778113034e-20
18.828125 2.43681844701084 23.999999999997463 2.1187955907247544 19.404519453601072 -2.4794409328619503e-20
18.859375 2.437574518567481 23.999999999997463 2.11928992519183 19.4023209974255 -2.8258874022225216e-20
18.890625 2.4383307424157126 23.999999999997456 2.1198037283708513 19.400386443174234 -2.672813031849725e-20
18.921875 2.4390871188546646 23.99999999999745 2.1203351200243516 19.398690409348596 -2.3088901174160298e-20
18.953125 2.4398436481840404 23.999999999997442 2.1208645183482107 19.396963864152323 -1.8889436847287846e-20
18.984375 2.440600330704127 23.999999999997435 2.121375645685695 19.39498438795769 -1.489719778190366e-20
19.015625 2.441357166715787 23.999999999997428 2.1218725264820897 19.392806454105262 -1.143913179228943e-20
19.046875 2.442114156520465 23.999999999997424 2.1223753808924197 19.39070760877795 -8.605353010410987e-21
19.078125 2.442871300420191 23.99999999999742 2.1229006896137603 19.38891294435144 -6.368100805829833e-21
19.109375 2.44362859871758 23.999999999997414 2.1234446632737773 19.387371482926945 -4.648962114637106e-21
19.140625 2.4443860517158367 23.999999999997414 2.123984874880103 19.385774957235775 -3.3550959936201877e-21
19.171875 2.4451436597187497 23.999999999997407 2.1245006456443782 19.38384117185217 -2.397332648142728e-21
19.203125 2.445901423030704 23.9999999999974 2.124992666045147 19.38157940433583 -1.698014209741317e-21
19.234375 2.446659341956678 23.999999999997392 2.1254818329349434 19.379275394760825 -1.193295339358929e-21
19.265625 2.4474174168022405 23.999999999997392 2.1259911781219385 19.377244894938418 -8.326656155385357e-22
19.296875 2.44817564787356 23.999999999997396 2.126526299812101 19.37556361399833 -5.77259160798956e-22
19.328125 2.4489340354774036 23.999999999997392 2.127072136446796 19.374026885200216 -3.977987490968176e-22
19.359375 2.449692579921134 23.999999999997375 2.127607171524994 19.372338222224798 -2.7260073698019643e-22
19.390625 2.450451281512728 23.99999999999737 2.1281237262626123 19.37039475525632 -1.8582826090560647e-22
19.421875 2.4512101405607583 23.99999999999737 2.128632656427116 19.368343553298338 -1.2605058654817386e-22
19.453125 2.4519691573744034 23.999999999997367 2.129150843152955 19.366416174516658 -8.510108664216983e-23
19.484375 2.45272833226345 23.999999999997357 2.12968382626795 19.364687692889675 -5.719737357640802e-23
19.515625 2.4534876655382987 23.99999999999735 2.1302199141045803 19.362999042831248 -3.8277972523577195e-23
19.546875 2.454247157509962 23.99999999999734 2.130741221341707 19.361104986207778 -2.5510813027808987e-23
19.578125 2.4550068084900616 23.99999999999733 2.1312418044799433 19.358925531642118 -1.6934177460038927e-23
19.609375 2.4557666187908422 23.99999999999732 2.131734293799132 19.356632357435544 -1.1197544736359961e-23
19.640625 2.4565265887251586 23.999999999997318 2.1322396815527593 19.35451279596031 -7.376468727502132e-24
19.671875 2.4572867186064924 23.999999999997318 2.132768699791931 19.352712205091024 -4.8415436441065506e-24
19.703125 2.458047008748939 23.999999999997314 2.1333120325187984 19.35110490498165 -3.1664072085467803e-24
19.734375 2.4588074594672253 23.999999999997307 2.133846933471209 19.349378428152868 -2.063626327147327e-24
19.765625 2.4595680710767 23.999999999997303 2.1343572730651323 19.347314819394498 -1.3403152088627167e-24
19.796875 2.4603288438933424 23.9999999999973 2.1348476730054893 19.344976007296047 -8.676038409735593e-25
19.828125 2.4610897782337577 23.999999999997296 2.135339433814069 19.34265306295567 -5.5975613110885925e-25
19.859375 2.4618508744151866 23.999999999997296 2.1358520940900574 19.340612116778985 -3.599654906553355e-25
19.890625 2.462612132755498 23.999999999997286 2.1363858325968996 19.33885547319048 -2.3074218514254646e-25
19.921875 2.4633735535732044 23.99999999999728 2.1369200248769853 19.337102406484114 -1.474398097469421e-25
19.953125 2.464135137187454 23.999999999997286 2.137430140060654 19.335017762269278 -9.391605402168255e-26
19.984375 2.464896883918028 23.99999999999728 2.137910307303704 19.332523048295773 -5.963706537766583e-26
20.015625 2.465658794085355 23.99999999999727 2.1383784692740226 19.32986154158528 -3.775344399229274e-26
20.046875 2.46642086801051 23.999999999997264 2.138861483383775 19.327400054351124 -2.3827139994964814e-26
20.078125 2.4671831060152103 23.999999999997257 2.139371016648825 19.325296179915817 -1.49924343140427e-26
20.109375 2.4679455084218227 23.999999999997254 2.139892251250224 19.323349873660927 -9.405155247393542e-27
20.140625 2.468708075553365 23.999999999997254 2.1403945257693966 19.32114134204059 -5.882486307471667e-27
20.171875 2.4694708077335017 23.99999999999725 2.140858961601875 19.318416355243063 -3.668289004728993e-27
20.203125 2.4702337052865593 23.99999999999725 2.1412952679246047 19.31530563530784 -2.2807587812770227e-27
20.234375 2.470996768537516 23.999999999997243 2.141733733486312 19.31222206189685 -1.4138812796945444e-27
20.265625 2.471759997812012 23.999999999997236 2.1421983289964164 19.30949111290206 -8.73912572067705e-28
20.296875 2.4725233934363446 23.99999999999723 2.1426844479278992 19.307050510539245 -5.38576355657764e-28
20.328125 2.4732869557374757 23.999999999997222 2.143161119390627 19.304478691188777 -3.3094267750190695e-28
20.359375 2.474050685043035 23.999999999997222 2.1435979225272432 19.30136261091686 -2.027615344466844e-28
20.390625 2.474814581681316 23.999999999997222 2.14399288521874 19.297675974923642 -1.238642375332453e-28
20.421875 2.475578645981278 23.999999999997222 2.1443742364702274 19.293802119525573 -7.544549486732463e-29
20.453125 2.4763428782725567 23.999999999997215 2.1447753988997023 19.290195398875465 -4.5819074330769235e-29
20.484375 2.477107278885465 23.999999999997215 2.1452038109565676 19.286956406526862 -2.774487006777097e-29
20.515625 2.477871848150982 23.999999999997208 2.1456329935159504 19.28372609489044 -1.6750947021985322e-29
20.546875 2.4786365864007758 23.999999999997208 2.146025371947067 19.279993577456366 -1.0083523940785047e-29
20.578125 2.4794014939671847 23.999999999997208 2.146367355936735 19.27557565679106 -6.0519690049571036e-30
20.609375 2.480166571183232 23.9999999999972 2.1466816492582805 19.270780301998514 -3.621484103504994e-30
20.640625 2.480931818382629 23.999999999997193 2.1470068883807265 19.266132182297945 -2.1606037380466126e-30
20.671875 2.481697235899773 23.9999999999972 2.147361258306967 19.2618772795033 -1.2851516331372023e-30
20.703125 2.4824628240697475 23.999999999997193 2.1477249081660124 19.25774681387427 -7.621057735477044e-31
20.734375 2.483228583228329 23.999999999997186 2.1480578640326513 19.25319840481058 -4.505546363689017e-31
20.765625 2.4839945137119908 23.99999999999718 2.1483387555883398 19.24794316787077 -2.65545774288298e-31
20.796875 2.4847606158578976 23.999999999997176 2.1485856904022285 19.242226642384438 -1.5601918693651058e-31
20.828125 2.4855268900039142 23.99999999999718 2.148840338605467 19.23661405472278 -9.137948787512768e-32
20.859375 2.4862933364886057 23.99999999999718 2.149128954722972 19.23146031186118 -5.335009896503985e-32
20.890625 2.487059955651235 23.999999999997172 2.1494378834516654 19.226580327731977 -3.104698038737646e-32
20.921875 2.487826747831779 23.999999999997172 2.149726782779063 19.221427990860803 -1.8008638503315503e-32
20.953125 2.488593713370917 23.999999999997172 2.1499681009334806 19.215631041565267 -1.04111138669265e-32
20.984375 2.4893608526100337 23.999999999997165 2.150173378259558 19.20934545602711 -5.998506676741735e-33
21.015625 2.490128165891234 23.999999999997165 2.1503821308337234 19.20310637284672 -3.444218049896123e-33
21.046875 2.490895653557332 23.999999999997158 2.150625212724858 19.197331233298847 -1.9706444301768363e-33
21.078125 2.49166331595186 23.99999999999715 2.1508989341302 19.191969415859774 -1.123468433039923e-33
21.109375 2.49243115341907 23.999999999997144 2.151174285816621 19.186628235200555 -6.381297208125961e-34
21.140625 2.493199166303931 23.999999999997133 2.1514302337334197 19.181024129279763 -3.610838991254936e-34
21.171875 2.493967354952141 23.999999999997122 2.151675405394698 19.175273801802483 -2.0352048920353324e-34
21.203125 2.494735719710123 23.999999999997115 2.151936164325718 19.169732765385536 -1.142489249897584e-34
21.234375 2.495504260925027 23.999999999997115 2.1522262867085167 19.16458710836487 -6.386682306426079e-35
21.265625 2.4962729789447367 23.999999999997122 2.1525335425104215 19.159671956931618 -3.554705609886775e-35
21.296875 2.497041874117863 23.999999999997122 2.1528386134172592 19.15472583467664 -1.969481613251063e-35
21.328125 2.497810946793755 23.999999999997122 2.1531403306239634 19.149732924253414 -1.0859796109704051e-35
21.359375 2.498580197322502 23.99999999999711 2.1534475103022688 19.144812521139116 -5.957967746992783e-36
21.390625 2.499349626054932 23.9999999999971 2.1537391687679914 19.13968181540153 -3.251223154159321e-36
21.421875 2.500119233342623 23.999999999997094 2.153942732488222 19.13336121960096 -1.764039657518716e-36
21.453125 2.500889019537887 23.999999999997087 2.153985994898291 19.124881001491957 -9.512456240138327e-37
21.484375 2.5016589849937914 23.99999999999708 2.1538906111284484 19.11453575479956 -5.095304745953352e-37
21.515625 2.5024291300641517 23.99999999999708 2.153834917926697 19.104726220490285 -2.709319313161419e-37
21.546875 2.5031994551035366 23.99999999999708 2.154210037482409 19.100708176219825 -1.4289429136809048e-37
21.578125 2.50396996046727 23.999999999997073 2.155768609539577 19.112637456286468 -7.467854512244359e-38
21.609375 2.5047406465114337 23.999999999997062 2.1594183774634317 19.152720022130218 -3.862246412839405e-38
21.640625 2.5055115135928725 23.99999999999706 2.1656323096557695 19.22738157414848 -1.9733640409492698e-38
21.671875 2.5062825620691926 23.99999999999706 2.1743226202303303 19.33555102882834 -9.937973385277114e-39
21.703125 2.5070537922987635 23.99999999999706 2.1850194603193103 19.471037141343814 -4.9171664344323987e-39
21.734375 2.507825204640724 23.999999999997055 2.1971243467870925 19.625890561377997 -2.379148315477548e-39
21.765625 2.508596799454982 23.99999999999704 2.2101179677240586 19.79318275717884 -1.1175793032213454e-39
21.796875 2.509368577102225 23.99999999999703 2.2236422962689524 19.96812106089949 -5.035814308975148e-40
21.828125 2.510140537943914 23.99999999999703 2.237487088456571 20.147886355316118 -2.128823627925937e-40
21.859375 2.5109126823422825 23.999999999997026 2.251541442706321 20.330990258688892 -8.040211368904828e-41
21.890625 2.51168501066035 23.999999999997023 2.2657485558158603 20.516673911562517 -2.3380523158598155e-41
21.921875 2.512457523261917 23.999999999997016 2.2800772952867816 20.704522962973837 -1.1041630246284527e-42
21.953125 2.5132302205115753 23.99999999999701 2.294507109001813 20.894265329676152 5.97690423008472e-42
21.984375 2.5140031027747005 23.999999999997 2.3090216050008974 21.085682948697205 6.949926403797957e-42
22.015625 2.514776170417462 23.999999999996994 2.3236050313076317 21.278564849930092 5.846063377957028e-42
22.046875 2.5155494238068234 23.999999999996994 2.33824285786973 21.47271328931269 4.325788212120148e-42
22.078125 2.5163228633105463 23.999999999996994 2.352918434545191 21.66790014569917 2.984371359915005e-42
22.109375 2.5170964892971894 23.999999999996994 2.3676165960000746 21.863913947349292 1.9689254483153933e-42
22.140625 2.5178703021361146 23.999999999996994 2.3823169219551934 22.060467280366368 1.258888113997978e-42
22.171875 2.5186443021974876 23.999999999996987 2.3970001738216933 22.257287470835276 7.862381985663504e-43
22.203125 2.519418489852283 23.999999999996977 2.41163474199411 22.45392017506294 4.8208921257584945e-43
22.234375 2.520192865472289 23.999999999996966 2.426187995110774 22.649896348996634 2.91205779188509e-43
22.265625 2.520967429430107 23.999999999996973 2.4406006098689277 22.84435546317258 1.7371316768754017e-43
22.296875 2.5217421820991426 23.999999999996966 2.454797359685822 23.036208696725108 1.025195040406753e-43
22.328125 2.5225171238536364 23.99999999999696 2.4686503302090532 23.22359151696976 5.993943055649722e-44
22.359375 2.5232922550686427 23.99999999999696 2.4819688145515855 23.40373085811438 3.4754386748737267e-44
22.390625 2.5240675761200375 23.999999999996955 2.4944511666835165 23.57222100513899 2.0001391905388715e-44
22.421875 2.524843087384525 23.999999999996945 2.5056929951668527 23.723153006153673 1.1432892156771465e-44
22.453125 2.525618789239646 23.999999999996934 2.5150987802645437 23.84780606165843 6.494345351696857e-45
22.484375 2.526394682063768 23.999999999996934 2.5219882632705732 23.936224415889736 3.6677085226756304e-45
22.515625 2.527170766236095 23.99999999999693 2.525922897183987 23.98193458479286 2.060150041016556e-45
22.546875 2.5279470421366685 23.999999999996923 2.527600055412111 23.99497862419687 1.1512940178789018e-45
22.578125 2.5287235101463743 23.999999999996916 2.5286194269253888 23.99849328874192 6.402876193520721e-46
22.609375 2.5295001706469398 23.999999999996913 2.5294687279077124 23.999545087213484 3.544595714090166e-46
22.640625 2.530277024020937 23.999999999996902 2.53026724973707 23.99985853065239 1.9536579209753196e-46
22.671875 2.531054070651796 23.999999999996895 2.5310510426340653 23.99995616273932 1.0722511834554478e-46
22.703125 2.531831310923793 23.999999999996888 2.5318303784071388 23.999986508313306 5.8610728285051535e-47
22.734375 2.5326087452220625 23.999999999996888 2.53260844703577 23.99999569592858 3.1911596593010844e-47
22.765625 2.5333863739325952 23.999999999996888 2.5333862763433905 23.99999859348808 1.7308607822853055e-47
22.796875 2.5341641974422418 23.999999999996874 2.5341641632985628 23.999999498766712 9.353267962350299e-48
22.828125 2.5349422161387265 23.999999999996867 2.5349422043770167 23.99999983112579 5.0360797287801475e-48
22.859375 2.5357204304106356 23.999999999996867 2.535720428809976 23.99999997668432 2.702002356417873e-48
22.890625 2.5364988406474227 23.999999999996867 2.5364988435028977 24.00000004016064 1.4446905109718582e-48
22.921875 2.5372774472394184 23.999999999996867 2.5372774510752736 24.000000054377082 7.698188899911537e-49
22.953125 2.538056250577829 23.99999999999686 2.5380562538557387 24.000000049499562 4.0883930329748965e-49
22.984375 2.53883525105474 23.999999999996852 2.5388352528041147 24.000000027098615 2.164163558795051e-49
23.015625 2.539614449063124 23.999999999996845 2.5396144493185395 24.000000003672753 1.1418828486624206e-49
23.046875 2.5403938449968324 23.999999999996838 2.5403938447655725 23.999999996417547 6.005727064687491e-50
23.078125 2.5411734392506133 23.999999999996838 2.541173439041261 23.99999999713982 3.1487547339947423e-50
23.109375 2.541953232220095 23.99999999999683 2.541953232179385 23.999999999173756 1.645720846417934e-50
23.140625 2.542733224301813 23.99999999999683 2.5427332244396474 24.000000001704002 8.574936586047256e-51
23.171875 2.543513415893192 23.999999999996824 2.5435134160446378 24.00000000228614 4.454253611117328e-51
23.203125 2.5442938073925614 23.999999999996824 2.5442938074301904 24.000000000808477 2.3067406877601848e-51
23.234375 2.545074399199156 23.999999999996817 2.545074399149067 23.999999999190873 1.1909998921582205e-51
23.265625 2.545855191713116 23.99999999999681 2.545855191640962 23.9999999989804 6.1308674558564455e-52
23.296875 2.5466361853354966 23.99999999999681 2.5466361853533677 24.000000000327056 3.1465632025112256e-52
23.328125 2.547417380468259 23.99999999999681 2.547417380573961 24.000000001466795 1.6101315822779676e-52
23.359375 2.548198777514285 23.99999999999681 2.548198777596112 24.000000001034252 8.214889684997225e-53
23.390625 2.5489803768773758 23.999999999996803 2.548980376856426 23.99999999970428 4.178897469918695e-53
23.421875 2.5497621789622578 23.999999999996795 2.5497621788991163 23.99999999917664 2.119554414886232e-53
23.453125 2.550544184174586 23.999999999996795 2.550544184144533 23.999999999575806 1.07189611230049e-53
23.484375 2.551326392920937 23.999999999996795 2.5513263929249046 24.0000000000269 5.404899700758321e-54
23.515625 2.5521088056088272 23.99999999999678 2.552108805613893 24.000000000072625 2.71737836329482e-54
23.546875 2.5528914226467103 23.99999999999678 2.5528914226439605 23.999999999964682 1.3621972531801136e-54
23.578125 2.5536742444439744 23.999999999996774 2.5536742444387595 23.99999999991682 6.808576983337657e-55
23.609375 2.5544572714109544 23.999999999996767 2.554457271406621 23.999999999929244 3.3931056550831865e-55
23.640625 2.555240503958927 23.999999999996763 2.5552405039564614 23.999999999962462 1.686011193240446e-55
23.671875 2.556023942500124 23.99999999999676 2.556023942501945 24.00000000002595 8.352991740634592e-56
23.703125 2.5568075874477296 23.99999999999676 2.556807587452263 24.000000000058115 4.126081146814488e-56
23.734375 2.5575914392158783 23.999999999996753 2.5575914392180077 24.000000000026837 2.0320867377757505e-56
23.765625 2.558375498219669 23.999999999996746 2.5583754982187363 23.99999999998323 9.978129800561989e-57
23.796875 2.5591597648751643 23.999999999996746 2.559159764873566 23.999999999971948 4.884848740431868e-57
23.828125 2.5599442395993894 23.999999999996742 2.5599442395988534 23.999999999991253 2.3841835575636754e-57
23.859375 2.560728922810344 23.999999999996746 2.5607289228107843 24.000000000001137 1.1601261438237894e-57
23.890625 2.5615138149269967 23.99999999999675 2.561513814927173 23.99999999999772 5.6277758939184945e-58
23.921875 2.5622989163692895 23.999999999996746 2.5622989163690875 23.999999999993747 2.7215866533612825e-58
23.953125 2.5630842275581576 23.999999999996753 2.5630842275577423 23.99999999999069 1.3120415267055653e-58
23.984375 2.5638697489155042 23.999999999996742 2.5638697489150086 23.9999999999891 6.305182608170241e-59
24.015625 2.5646554808642295 23.99999999999673 2.5646554808639594 23.999999999992745 3.0203361416968546e-59
24.046875 2.5654414238282266 23.999999999996728 2.5654414238284136 23.9999999999989 1.442119640701555e-59
24.078125 2.566227578232377 23.99999999999674 2.566227578232758 24.000000000002053 6.863006283915339e-60
24.109375 2.5670139445025546 23.99999999999673 2.5670139445028672 24.00000000000064 3.2551487659220895e-60
24.140625 2.567800523065644 23.999999999996724 2.567800523065651 23.999999999996028 1.5386651948267813e-60
24.171875 2.568587314349534 23.999999999996724 2.5685873143492315 23.999999999992284 7.247774453020917e-61
24.203125 2.569374318783117 23.99999999999672 2.569374318782908 23.99999999999345 3.401882857024736e-61
24.234375 2.5701615367962978 23.99999999999672 2.5701615367963906 23.999999999997762 1.590929990931295e-61
24.265625 2.5709489688200007 23.999999999996717 2.5709489688202263 23.999999999999524 7.4123871613528855e-62
24.296875 2.5717366152861665 23.99999999999671 2.5717366152862735 23.999999999997904 3.4402769321153487e-62
24.328125 2.5725244766277573 23.999999999996703 2.5725244766277258 23.999999999995868 1.5903905636321816e-62
24.359375 2.5733125532787673 23.999999999996696 2.5733125532786847 23.999999999995403 7.321984942534789e-63
24.390625 2.5741008456742174 23.99999999999669 2.5741008456742245 23.999999999996618 3.356600044717967e-63
24.421875 2.5748893542501614 23.999999999996685 2.574889354250267 23.99999999999772 1.5319234162033377e-63
24.453125 2.5756780794436924 23.99999999999668 2.57567807944374 23.99999999999688 6.959052145299416e-64
24.484375 2.576467021692945 23.999999999996678 2.5764670216929235 23.999999999995985 3.145813634902412e-64
24.515625 2.5772561814370976 23.99999999999668 2.577256181437098 23.99999999999629 1.414693107295441e-64
24.546875 2.57804555911638 23.999999999996685 2.578045559116418 23.99999999999691 6.326920398120275e-65
24.578125 2.5788351551720696 23.999999999996685 2.5788351551720963 23.999999999996874 2.8128757645194546e-65
24.609375 2.579624970046506 23.999999999996685 2.5796249700465053 23.999999999996525 1.2425942366207413e-65
24.640625 2.580415004183087 23.999999999996685 2.5804150041830645 23.99999999999621 5.451008665905134e-66
24.671875 2.581205258026274 23.99999999999669 2.5812052580262694 23.999999999996497 2.372921497325267e-66
24.703125 2.5819957320215927 23.999999999996675 2.581995732021613 23.99999999999673 1.0241461876918614e-66
24.734375 2.582786426615649 23.999999999996668 2.5827864266156633 23.999999999996625 4.377446861968469e-67
24.765625 2.583577342256123 23.999999999996664 2.5835773422561332 23.999999999996554 1.8502142513491473e-67
24.796875 2.5843684793917694 23.999999999996668 2.58436847939178 23.999999999996533 7.718206623049324e-68
24.828125 2.58515983847243 23.999999999996668 2.5851598384724346 23.999999999996504 3.1691289287035775e-68
24.859375 2.5859514199490294 23.999999999996668 2.5859514199490317 23.9999999999965 1.275954546258792e-68
24.890625 2.5867432242735884 23.999999999996657 2.586743224273595 23.99999999999653 5.008720464462768e-69
24.921875 2.5875352518992236 23.999999999996646 2.587535251899235 23.999999999996557 1.8996549218085223e-69
24.953125 2.5883275032801514 23.99999999999664 2.588327503280166 23.99999999999656 6.85218368134225e-70
24.984375 2.5891199788716928 23.999999999996643 2.5891199788717003 23.99999999999654 2.27822078484169e-70
