0.015625 2.000704548300072 24.0 2.000704548300072 24.0 -2.27822078484169e-70
0.046875 2.001408864637672 23.999999999999993 2.001408864637672 23.999999999999993 -6.85218368134225e-70
0.078125 2.0021135331268343 23.999999999999986 2.0021135331268343 23.999999999999986 -1.8996549218085223e-69
0.109375 2.0028179627968115 23.99999999999999 2.0028179627968115 23.99999999999999 -5.008720464462768e-69
0.140625 2.0035225795414373 23.999999999999986 2.0035225795414373 23.999999999999986 -1.275954546258792e-68
0.171875 2.0042271833645406 23.99999999999998 2.0042271833645406 23.99999999999998 -3.1691289287035775e-68
0.203125 2.0049318296314205 23.99999999999998 2.0049318296314205 23.99999999999998 -7.718206623049324e-68
0.234375 2.0056365114143127 23.99999999999997 2.0056365114143127 23.99999999999997 -1.8502142513491473e-67
0.265625 2.0063412290911806 23.99999999999997 2.0063412290911806 23.99999999999997 -4.377446861968469e-67
0.296875 2.007045982695565 23.999999999999964 2.007045982695565 23.999999999999964 -1.0241461876918614e-66
0.328125 2.00775077239567 23.99999999999996 2.00775077239567 23.99999999999996 -2.372921497325267e-66
0.359375 2.0084555983201406 23.999999999999964 2.0084555983201406 23.999999999999964 -5.451008665905134e-66
0.390625 2.009160460606137 23.99999999999996 2.009160460606137 23.99999999999996 -1.2425942366207413e-65
0.421875 2.0098653593897007 23.99999999999996 2.0098653593897007 23.99999999999996 -2.8128757645194546e-65
0.453125 2.0105702948071187 23.999999999999957 2.0105702948071187 23.999999999999957 -6.326920398120275e-65
0.484375 2.01127526699476 23.99999999999995 2.01127526699476 23.99999999999995 -1.414693107295441e-64
0.515625 2.0119802760891083 23.99999999999994 2.0119802760891083 23.99999999999994 -3.145813634902412e-64
0.546875 2.0126853222267544 23.999999999999936 2.0126853222267544 23.999999999999936 -6.959052145299416e-64
0.578125 2.0133904055443947 23.999999999999936 2.0133904055443947 23.999999999999936 -1.5319234162033377e-63
0.609375 2.014095526178834 23.999999999999936 2.014095526178834 23.999999999999936 -3.356600044717967e-63
0.640625 2.0148006842669863 23.999999999999936 2.0148006842669863 23.999999999999936 -7.321984942534789e-63
0.671875 2.0155058799458745 23.99999999999993 2.0155058799458745 23.99999999999993 -1.5903905636321816e-62
0.703125 2.016211113352631 23.99999999999993 2.016211113352631 23.99999999999993 -3.4402769321153487e-62
0.734375 2.0169163846244986 23.99999999999993 2.0169163846244986 23.99999999999993 -7.4123871613528855e-62
0.765625 2.0176216938988274 23.999999999999925 2.0176216938988274 23.999999999999925 -1.590929990931295e-61
0.796875 2.0183270413130803 23.999999999999922 2.0183270413130803 23.999999999999922 -3.401882857024736e-61
0.828125 2.0190324270048285 23.999999999999915 2.0190324270048285 23.999999999999915 -7.247774453020917e-61
0.859375 2.0197378511117554 23.999999999999908 2.0197378511117554 23.999999999999904 -1.5386651948267813e-60
0.890625 2.0204433137716586 23.999999999999908 2.0204433137716586 23.999999999999908 -3.2551487659220895e-60
0.921875 2.0211488151224417 23.999999999999908 2.0211488151224417 23.999999999999908 -6.863006283915339e-60
0.953125 2.021854355302122 23.999999999999904 2.021854355302122 23.999999999999904 -1.442119640701555e-59
0.984375 2.0225599344488296 23.9999999999999 2.0225599344488296 23.9999999999999 -3.0203361416968546e-59
1.015625 2.023265552700808 23.999999999999893 2.023265552700808 23.999999999999897 -6.305182608170241e-59
1.046875 2.0239712101964127 23.99999999999989 2.0239712101964127 23.999999999999893 -1.3120415267055653e-58
1.078125 2.024676907074113 23.999999999999886 2.024676907074113 23.999999999999886 -2.7215866533612825e-58
1.109375 2.0253826434724913 23.999999999999883 2.025382643472491 23.99999999999988 -5.6277758939184945e-58
1.140625 2.026088419530244 23.99999999999988 2.026088419530244 23.999999999999876 -1.1601261438237894e-57
1.171875 2.0267942353861814 23.99999999999988 2.0267942353861814 23.999999999999876 -2.3841835575636754e-57
1.203125 2.0275000911792285 23.999999999999872 2.0275000911792285 23.999999999999872 -4.884848740431868e-57
1.234375 2.028205987048427 23.999999999999872 2.028205987048427 23.999999999999872 -9.978129800561989e-57
1.265625 2.02891192313293 23.999999999999872 2.02891192313293 23.999999999999872 -2.0320867377757505e-56
1.296875 2.02961789957201 23.999999999999872 2.02961789957201 23.999999999999872 -4.126081146814488e-56
1.328125 2.030323916505055 23.999999999999876 2.030323916505055 23.999999999999876 -8.352991740634592e-56
1.359375 2.0310299740715667 23.99999999999988 2.0310299740715667 23.99999999999988 -1.686011193240446e-55
1.390625 2.0317360724111646 23.999999999999876 2.0317360724111646 23.999999999999872 -3.3931056550831865e-55
1.421875 2.032442211663585 23.99999999999987 2.032442211663585 23.99999999999986 -6.808576983337657e-55
1.453125 2.0331483919686857 23.999999999999858 2.0331483919686857 23.999999999999858 -1.3621972531801136e-54
1.484375 2.0338546134664375 23.99999999999985 2.0338546134664375 23.99999999999985 -2.71737836329482e-54
1.515625 2.034560876296931 23.99999999999985 2.034560876296931 23.999999999999844 -5.404899700758321e-54
1.546875 2.035267180600375 23.999999999999844 2.035267180600375 23.99999999999984 -1.07189611230049e-53
1.578125 2.035973526517097 23.999999999999844 2.035973526517097 23.999999999999844 -2.119554414886232e-53
1.609375 2.036679914187542 23.99999999999984 2.036679914187542 23.999999999999844 -4.178897469918695e-53
1.640625 2.037386343752278 23.999999999999837 2.037386343752278 23.99999999999984 -8.214889684997225e-53
1.671875 2.0380928153519893 23.999999999999837 2.0380928153519893 23.99999999999984 -1.6101315822779676e-52
1.703125 2.0387993291274835 23.999999999999837 2.0387993291274835 23.99999999999984 -3.1465632025112256e-52
1.734375 2.039505885219686 23.999999999999837 2.039505885219686 23.99999999999984 -6.1308674558564455e-52
1.765625 2.040212483769643 23.99999999999983 2.040212483769643 23.999999999999837 -1.1909998921582205e-51
1.796875 2.040919124918525 23.99999999999982 2.040919124918525 23.99999999999983 -2.3067406877601848e-51
1.828125 2.0416258088076225 23.99999999999982 2.0416258088076225 23.999999999999822 -4.454253611117328e-51
1.859375 2.0423325355783475 23.999999999999815 2.0423325355783475 23.99999999999982 -8.574936586047256e-51
1.890625 2.0430393053722335 23.999999999999808 2.0430393053722335 23.999999999999815 -1.645720846417934e-50
1.921875 2.04374611833094 23.99999999999981 2.04374611833094 23.999999999999815 -3.1487547339947423e-50
1.953125 2.044452974596245 23.999999999999808 2.044452974596245 23.99999999999981 -6.005727064687491e-50
1.984375 2.045159874310051 23.9999999999998 2.045159874310051 23.9999999999998 -1.1418828486624206e-49
2.015625 2.0458668176143897 23.9999999999998 2.0458668176143897 23.9999999999998 -2.164163558795051e-49
2.046875 2.04657380465141 23.9999999999998 2.04657380465141 23.9999999999998 -4.0883930329748965e-49
2.078125 2.047280835563387 23.999999999999794 2.047280835563387 23.999999999999794 -7.698188899911537e-49
2.109375 2.0479879104927243 23.999999999999794 2.0479879104927243 23.999999999999794 -1.4446905109718582e-48
2.140625 2.0486950295819453 23.99999999999979 2.0486950295819453 23.99999999999979 -2.702002356417873e-48
2.171875 2.0494021929737025 23.99999999999979 2.0494021929737025 23.99999999999979 -5.0360797287801475e-48
2.203125 2.050109400810773 23.999999999999787 2.050109400810773 23.999999999999787 -9.353267962350299e-48
2.234375 2.050816653236062 23.999999999999787 2.050816653236062 23.999999999999787 -1.7308607822853055e-47
2.265625 2.0515239503925997 23.999999999999787 2.0515239503925997 23.999999999999787 -3.1911596593010844e-47
2.296875 2.052231292423542 23.99999999999978 2.052231292423542 23.99999999999978 -5.8610728285051535e-47
2.328125 2.0529386794721756 23.99999999999978 2.0529386794721756 23.999999999999776 -1.0722511834554478e-46
2.359375 2.0536461116819122 23.999999999999773 2.0536461116819122 23.999999999999773 -1.9536579209753196e-46
2.390625 2.054353589196294 23.99999999999977 2.054353589196294 23.99999999999977 -3.544595714090166e-46
2.421875 2.05506111215899 23.999999999999766 2.05506111215899 23.999999999999766 -6.402876193520721e-46
2.453125 2.0557686807137987 23.999999999999766 2.0557686807137987 23.999999999999766 -1.1512940178789018e-45
2.484375 2.0564762950046465 23.99999999999976 2.0564762950046465 23.99999999999976 -2.060150041016556e-45
2.515625 2.0571839551755913 23.99999999999976 2.0571839551755913 23.99999999999975 -3.6677085226756304e-45
2.546875 2.05789166137082 23.999999999999748 2.05789166137082 23.99999999999975 -6.494345351696857e-45
2.578125 2.05859941373465 23.999999999999744 2.05859941373465 23.999999999999744 -1.1432892156771465e-44
2.609375 2.0593072124115315 23.999999999999737 2.0593072124115324 23.999999999999744 -2.0001391905388715e-44
2.640625 2.060015057546042 23.99999999999973 2.0600150575460425 23.999999999999737 -3.4754386748737267e-44
2.671875 2.0607229492828947 23.99999999999973 2.060722949282895 23.999999999999734 -5.993943055649722e-44
2.703125 2.0614308877669307 23.999999999999726 2.0614308877669316 23.999999999999734 -1.025195040406753e-43
2.734375 2.062138873143124 23.999999999999716 2.062138873143126 23.99999999999973 -1.7371316768754017e-43
2.765625 2.0628469055565866 23.99999999999971 2.0628469055565883 23.999999999999726 -2.91205779188509e-43
2.796875 2.0635549851525568 23.999999999999705 2.0635549851525594 23.999999999999726 -4.8208921257584945e-43
2.828125 2.06426311207641 23.999999999999705 2.0642631120764117 23.999999999999723 -7.862381985663504e-43
2.859375 2.0649712864736527 23.9999999999997 2.0649712864736545 23.999999999999716 -1.258888113997978e-42
2.890625 2.0656795084899287 23.999999999999694 2.0656795084899313 23.999999999999712 -1.9689254483153933e-42
2.921875 2.0663877782710145 23.99999999999969 2.066387778271017 23.99999999999971 -2.984371359915005e-42
2.953125 2.067096095962822 23.999999999999684 2.0670960959628255 23.999999999999705 -4.325788212120148e-42
2.984375 2.0678044617113986 23.99999999999968 2.067804461711402 23.9999999999997 -5.846063377957028e-42
3.015625 2.068512875662927 23.999999999999673 2.068512875662933 23.999999999999705 -6.949926403797957e-42
3.046875 2.069221337963728 23.999999999999673 2.069221337963733 23.999999999999705 -5.97690423008472e-42
3.078125 2.069929848760256 23.999999999999673 2.0699298487602604 23.9999999999997 1.1041630246284527e-42
3.109375 2.0706384081991014 23.999999999999662 2.070638408199108 23.9999999999997 2.3380523158598155e-41
3.140625 2.071347016426997 23.99999999999966 2.071347016427004 23.9999999999997 8.040211368904828e-41
3.171875 2.0720556735908096 23.99999999999966 2.0720556735908167 23.999999999999694 2.128823627925937e-40
3.203125 2.072764379837545 23.999999999999652 2.07276437983755 23.999999999999687 5.035814308975148e-40
3.234375 2.073473135314347 23.999999999999652 2.0734731353143525 23.999999999999687 1.1175793032213454e-39
3.265625 2.074181940168499 23.999999999999652 2.0741819401685033 23.99999999999968 2.379148315477548e-39
3.296875 2.0748907945474206 23.99999999999964 2.074890794547427 23.99999999999968 4.9171664344323987e-39
3.328125 2.0755996985986753 23.999999999999638 2.0755996985986824 23.999999999999673 9.937973385277114e-39
3.359375 2.076308652469965 23.99999999999963 2.076308652469973 23.99999999999967 1.9733640409492698e-38
3.390625 2.077017656309134 23.99999999999963 2.077017656309141 23.99999999999966 3.862246412839405e-38
3.421875 2.0777267102641646 23.99999999999963 2.0777267102641703 23.99999999999966 7.467854512244359e-38
3.453125 2.078435814483181 23.99999999999963 2.0784358144831865 23.99999999999966 1.4289429136809048e-37
3.484375 2.079144969114447 23.999999999999623 2.079144969114453 23.999999999999652 2.709319313161419e-37
3.515625 2.0798541743063734 23.99999999999962 2.07985417430638 23.999999999999652 5.095304745953352e-37
3.546875 2.0805634302075102 23.999999999999616 2.0805634302075173 23.999999999999645 9.512456240138327e-37
3.578125 2.081272736966551 23.999999999999616 2.0812727369665582 23.99999999999964 1.764039657518716e-36
3.609375 2.081982094732334 23.999999999999616 2.0819820947323393 23.999999999999638 3.251223154159321e-36
3.640625 2.0826915036538356 23.99999999999961 2.08269150365384 23.999999999999627 5.957967746992783e-36
3.671875 2.083400963880183 23.999999999999602 2.0834009638801874 23.99999999999962 1.0859796109704051e-35
3.703125 2.084110475560645 23.999999999999595 2.0841104755606485 23.99999999999961 1.969481613251063e-35
3.734375 2.0848200388446374 23.999999999999602 2.0848200388446396 23.99999999999961 3.554705609886775e-35
3.765625 2.085529653881716 23.999999999999595 2.085529653881718 23.999999999999602 6.386682306426079e-35
3.796875 2.086239320821588 23.999999999999588 2.086239320821589 23.9999999999996 1.142489249897584e-34
3.828125 2.0869490398141033 23.999999999999588 2.0869490398141046 23.999999999999595 2.0352048920353324e-34
3.859375 2.08765881100926 23.999999999999588 2.087658811009261 23.999999999999588 3.610838991254936e-34
3.890625 2.088368634557202 23.999999999999584 2.0883686345572032 23.999999999999584 6.381297208125961e-34
3.921875 2.0890785106082204 23.999999999999574 2.089078510608224 23.999999999999588 1.123468433039923e-33
3.953125 2.0897884393127573 23.999999999999574 2.089788439312761 23.999999999999588 1.9706444301768363e-33
3.984375 2.0904984208214 23.999999999999574 2.090498420821401 23.999999999999574 3.444218049896123e-33
4.015625 2.0912084552848826 23.999999999999563 2.0912084552848826 23.99999999999956 5.998506676741735e-33
4.046875 2.091918542854093 23.999999999999563 2.091918542854091 23.999999999999545 1.04111138669265e-32
4.078125 2.0926286836800667 23.999999999999567 2.092628683680064 23.999999999999538 1.8008638503315503e-32
4.109375 2.0933388779139843 23.99999999999956 2.0933388779139834 23.999999999999535 3.104698038737646e-32
4.140625 2.094049125707186 23.999999999999556 2.094049125707185 23.999999999999538 5.335009896503985e-32
4.171875 2.094759427211155 23.999999999999556 2.0947594272111543 23.999999999999535 9.137948787512768e-32
4.203125 2.0954697825775295 23.999999999999556 2.0954697825775277 23.99999999999953 1.5601918693651058e-31
4.234375 2.096180191958096 23.999999999999552 2.0961801919580934 23.999999999999524 2.65545774288298e-31
4.265625 2.096890655504795 23.999999999999545 2.0968906555047933 23.999999999999524 4.505546363689017e-31
4.296875 2.0976011733697213 23.999999999999538 2.097601173369722 23.99999999999953 7.621057735477044e-31
4.328125 2.0983117457051197 23.99999999999953 2.0983117457051215 23.99999999999953 1.2851516331372023e-30
4.359375 2.0990223726633896 23.99999999999953 2.099022372663391 23.999999999999524 2.1606037380466126e-30
4.390625 2.099733054397084 23.99999999999953 2.099733054397084 23.99999999999952 3.621484103504994e-30
4.421875 2.100443791058908 23.99999999999953 2.1004437910589067 23.999999999999517 6.0519690049571036e-30
4.453125 2.1011545828017235 23.99999999999953 2.1011545828017226 23.99999999999951 1.0083523940785047e-29
4.484375 2.101865429778548 23.99999999999953 2.1018654297785444 23.999999999999496 1.6750947021985322e-29
4.515625 2.1025763321425517 23.999999999999524 2.102576332142548 23.999999999999496 2.774487006777097e-29
4.546875 2.1032872900470627 23.999999999999524 2.103287290047059 23.99999999999949 4.5819074330769235e-29
4.578125 2.1039983036455663 23.999999999999524 2.103998303645561 23.99999999999948 7.544549486732463e-29
4.609375 2.1047093730916995 23.999999999999517 2.104709373091695 23.999999999999474 1.238642375332453e-28
4.640625 2.105420498539263 23.99999999999951 2.1054204985392593 23.999999999999474 2.027615344466844e-28
4.671875 2.1061316801422114 23.999999999999503 2.1061316801422088 23.999999999999467 3.3094267750190695e-28
4.703125 2.1068429180546597 23.999999999999503 2.106842918054657 23.99999999999947 5.38576355657764e-28
4.734375 2.107554212430877 23.999999999999496 2.107554212430876 23.99999999999947 8.73912572067705e-28
4.765625 2.108265563425295 23.99999999999949 2.1082655634252943 23.99999999999947 1.4138812796945444e-27
4.796875 2.1089769711925035 23.99999999999948 2.1089769711925044 23.999999999999467 2.2807587812770227e-27
4.828125 2.1096884358872554 23.99999999999948 2.1096884358872545 23.999999999999467 3.668289004728993e-27
4.859375 2.110399957664457 23.99999999999948 2.1103999576644563 23.99999999999946 5.882486307471667e-27
4.890625 2.1111115366791804 23.999999999999474 2.1111115366791804 23.99999999999946 9.405155247393542e-27
4.921875 2.1118231730866572 23.999999999999467 2.111823173086658 23.999999999999453 1.49924343140427e-26
4.953125 2.1125348670422843 23.999999999999467 2.1125348670422843 23.99999999999945 2.3827139994964814e-26
4.984375 2.1132466187016137 23.999999999999467 2.1132466187016137 23.999999999999453 3.775344399229274e-26
5.015625 2.1139584282203634 23.99999999999946 2.113958428220365 23.999999999999453 5.963706537766583e-26
5.046875 2.114670295754416 23.999999999999453 2.114670295754418 23.999999999999453 9.391605402168255e-26
5.078125 2.1153822214598152 23.99999999999945 2.115382221459817 23.999999999999446 1.474398097469421e-25
5.109375 2.1160942054927707 23.99999999999945 2.1160942054927716 23.99999999999944 2.3074218514254646e-25
5.140625 2.116806248009654 23.99999999999945 2.116806248009655 23.999999999999442 3.599654906553355e-25
5.171875 2.1175183491670015 23.99999999999944 2.1175183491670033 23.99999999999944 5.5975613110885925e-25
5.203125 2.118230509121517 23.99999999999944 2.118230509121519 23.999999999999435 8.676038409735593e-25
5.234375 2.118942728030067 23.99999999999943 2.1189427280300692 23.99999999999943 1.3403152088627167e-24
5.265625 2.1196550060496886 23.999999999999424 2.119655006049692 23.99999999999943 2.063626327147327e-24
5.296875 2.1203673433375814 23.999999999999417 2.1203673433375867 23.99999999999944 3.1664072085467803e-24
5.328125 2.1210797400511137 23.999999999999414 2.121079740051119 23.999999999999435 4.8415436441065506e-24
5.359375 2.121792196347821 23.99999999999941 2.121792196347826 23.999999999999435 7.376468727502132e-24
5.390625 2.122504712385405 23.999999999999403 2.1225047123854126 23.99999999999943 1.1197544736359961e-23
5.421875 2.123217288321743 23.99999999999941 2.123217288321748 23.999999999999428 1.6934177460038927e-23
5.453125 2.1239299243148677 23.999999999999403 2.123929924314874 23.99999999999943 2.5510813027808987e-23
5.484375 2.1246426205229945 23.999999999999396 2.1246426205230025 23.999999999999428 3.8277972523577195e-23
5.515625 2.125355377104504 23.999999999999396 2.125355377104511 23.999999999999428 5.719737357640802e-23
5.546875 2.126068194217945 23.999999999999396 2.126068194217951 23.99999999999943 8.510108664216983e-23
5.578125 2.1267810720220375 23.99999999999939 2.1267810720220446 23.999999999999424 1.2605058654817386e-22
5.609375 2.127494010675675 23.999999999999382 2.1274940106756834 23.999999999999424 1.8582826090560647e-22
5.640625 2.1282070103379214 23.999999999999375 2.1282070103379347 23.999999999999453 2.7260073698019643e-22
5.671875 2.1289200711680145 23.999999999999375 2.1289200711680247 23.999999999999417 3.977987490968176e-22
5.703125 2.129633193325363 23.999999999999375 2.1296331933253647 23.999999999999353 5.77259160798956e-22
5.734375 2.1303463769695448 23.999999999999364 2.1303463769695474 23.999999999999343 8.326656155385357e-22
5.765625 2.1310596222603224 23.999999999999368 2.131059622260329 23.999999999999382 1.193295339358929e-21
5.796875 2.131772929357621 23.999999999999364 2.1317729293576324 23.99999999999941 1.698014209741317e-21
5.828125 2.132486298421547 23.999999999999368 2.132486298421555 23.999999999999392 2.397332648142728e-21
5.859375 2.1331997296123784 23.999999999999364 2.1331997296123837 23.99999999999936 3.3550959936201877e-21
5.890625 2.1339132230905706 23.99999999999936 2.133913223090578 23.99999999999937 4.648962114637106e-21
5.921875 2.134626779016756 23.999999999999353 2.134626779016769 23.999999999999403 6.368100805829833e-21
5.953125 2.135340397551742 23.99999999999936 2.135340397551758 23.999999999999424 8.605353010410987e-21
5.984375 2.136054078856511 23.999999999999353 2.1360540788565316 23.999999999999464 1.143913179228943e-20
6.015625 2.1367678230922262 23.999999999999346 2.1367678230922476 23.999999999999456 1.489719778190366e-20
6.046875 2.137481630420228 23.99999999999934 2.1374816304202446 23.99999999999941 1.8889436847287846e-20
6.078125 2.138195501002036 23.999999999999332 2.138195501002051 23.99999999999939 2.3088901174160298e-20
6.109375 2.1389094349993476 23.99999999999933 2.138909434999362 23.999999999999385 2.672813031849725e-20
6.140625 2.139623432574041 23.999999999999332 2.1396234325740537 23.999999999999382 2.8258874022225216e-20
6.171875 2.14033749388817 23.99999999999933 2.1403374938881834 23.999999999999375 2.4794409328619503e-20
6.203125 2.141051619103973 23.99999999999933 2.1410516191039863 23.999999999999382 1.120966778113034e-20
6.234375 2.1417658083838695 23.999999999999325 2.1417658083838846 23.99999999999941 -2.1292021952213176e-20
6.265625 2.1424800618904563 23.999999999999318 2.1424800618904714 23.999999999999396 -8.743644241968582e-20
6.296875 2.143194379786518 23.99999999999931 2.1431943797865296 23.999999999999357 -2.1139984100659238e-19
6.328125 2.143908762235017 23.9999999999993 2.143908762235026 23.999999999999314 -4.3225443940309184e-19
6.359375 2.1446232093991027 23.99999999999929 2.14462320939911 23.999999999999293 -8.123242558628094e-19
6.390625 2.145337721442104 23.999999999999282 2.145337721442117 23.999999999999325 -1.449916056694189e-18
6.421875 2.146052298527536 23.999999999999275 2.1460522985275543 23.999999999999357 -2.498590031010466e-18
6.453125 2.146766940819096 23.99999999999926 2.1467669408191212 23.999999999999382 -4.1961531058258706e-18
6.484375 2.147481648480672 23.999999999999257 2.1474816484807002 23.999999999999396 -6.908033070364404e-18
6.515625 2.1481964216763307 23.999999999999257 2.1481964216763556 23.999999999999385 -1.1191819602844879e-17
6.546875 2.1489112605703258 23.999999999999254 2.1489112605703515 23.999999999999396 -1.7892814642745072e-17
6.578125 2.1496261653271027 23.999999999999254 2.149626165327132 23.99999999999943 -2.828480622676629e-17
6.609375 2.1503411361112867 23.999999999999254 2.1503411361113183 23.99999999999944 -4.427650759039602e-17
6.640625 2.151056173087695 23.999999999999243 2.15105617308772 23.999999999999382 -6.871293963104205e-17
6.671875 2.151771276421332 23.99999999999924 2.1517712764213486 23.999999999999304 -1.0581352319837788e-16
6.703125 2.1524864462773916 23.999999999999233 2.1524864462774067 23.999999999999282 -1.6180622920595578e-16
6.734375 2.153201682821256 23.999999999999226 2.153201682821278 23.99999999999934 -2.4584179170539287e-16
6.765625 2.1539169862184955 23.999999999999226 2.1539169862185243 23.999999999999385 -3.7130643844254734e-16
6.796875 2.1546323566348713 23.99999999999922 2.1546323566349006 23.999999999999382 -5.576995431938721e-16
6.828125 2.155347794236337 23.999999999999215 2.1553477942363566 23.999999999999307 -8.333090963179003e-16
6.859375 2.156063299189034 23.999999999999204 2.1560632991890527 23.999999999999268 -1.2390097532254693e-15
6.890625 2.1567788716592995 23.999999999999197 2.1567788716593252 23.99999999999931 -1.833634667520214e-15
6.921875 2.1574945118136593 23.99999999999919 2.1574945118136895 23.999999999999325 -2.7015457262591083e-15
6.953125 2.1582102198188347 23.999999999999183 2.1582102198188644 23.99999999999933 -3.963263749308563e-15
6.984375 2.158925995841738 23.999999999999183 2.158925995841771 23.999999999999353 -5.790342783568785e-15
7.015625 2.159641840049475 23.999999999999176 2.1596418400495074 23.999999999999336 -8.426110147273168e-15
7.046875 2.1603577526093494 23.99999999999917 2.1603577526093822 23.99999999999933 -1.2214485147172358e-14
7.078125 2.1610737336888564 23.99999999999917 2.1610737336888914 23.99999999999936 -1.7639885483553146e-14
7.109375 2.161789783455686 23.99999999999916 2.1617897834557183 23.999999999999343 -2.53822982660602e-14
7.140625 2.1625059020777284 23.99999999999916 2.1625059020777515 23.999999999999265 -3.63930197719041e-14
7.171875 2.1632220897230656 23.99999999999915 2.16322208972308 23.999999999999176 -5.1998468342356297e-14
7.203125 2.1639383465599797 23.999999999999154 2.163938346559995 23.999999999999176 -7.404199539793786e-14
7.234375 2.164654672756949 23.999999999999147 2.1646546727569715 23.99999999999922 -1.050769502468153e-13
7.265625 2.165371068482652 23.999999999999147 2.1653710684826786 23.999999999999257 -1.4862863863463673e-13
7.296875 2.166087533905962 23.99999999999914 2.1660875339059933 23.999999999999297 -2.0954856369736308e-13
7.328125 2.1668040691959574 23.99999999999914 2.1668040691959884 23.99999999999931 -2.9449184610589434e-13
7.359375 2.16752067452191 23.99999999999913 2.167520674521947 23.999999999999332 -4.1255848706260836e-13
7.390625 2.1682373500532997 23.99999999999912 2.168237350053335 23.999999999999318 -5.761517913992377e-13
7.421875 2.1689540959598057 23.99999999999912 2.1689540959598355 23.999999999999286 -8.021235938183894e-13
7.453125 2.1696709124113047 23.99999999999911 2.169670912411335 23.999999999999265 -1.113296906264696e-12
7.484375 2.1703877995778846 23.999999999999105 2.170387799577915 23.999999999999247 -1.5404834363647938e-12
7.515625 2.1712047576298334 23.999999999999098 2.1711047576298674 23.99999999999926 -2.1251475998174054e-12
7.546875 2.1719217867376455 23.99999999999909 2.1718217867376826 23.999999999999254 -2.922911974610753e-12
7.578125 2.172638887072027 23.999999999999083 2.17253888707206 23.999999999999226 -4.008153816462366e-12
7.609375 2.173356058803888 23.999999999999076 2.1732560588039167 23.999999999999197 -5.480010911465506e-12
7.640625 2.174073302104353 23.999999999999076 2.1739733021043772 23.999999999999172 -7.470200829441743e-12
7.671875 2.1747906171447595 23.999999999999073 2.1746906171447815 23.99999999999916 -1.0153164275917284e-11
7.703125 2.175508004096663 23.999999999999066 2.175408004096686 23.99999999999916 -1.3759175065993107e-11
7.734375 2.1762254631318423 23.99999999999907 2.1761254631318696 23.999999999999172 -1.8591221278310382e-11
7.765625 2.1769429944223018 23.999999999999055 2.1768429944223295 23.99999999999916 -2.5046660111161175e-11
7.796875 2.177660598140283 23.999999999999055 2.1775605981403108 23.999999999999158 -3.364488926874075e-11
7.828125 2.178378274458265 23.999999999999048 2.178278274458294 23.99999999999916 -4.506256740414861e-11
7.859375 2.1790960235489827 23.99999999999904 2.1789960235490122 23.999999999999147 -6.017826279695694e-11
7.890625 2.1798138455854335 23.99999999999904 2.1797138455854634 23.999999999999147 -8.012882088826562e-11
7.921875 2.1805317407408977 23.99999999999904 2.18043174074093 23.999999999999176 -1.0638022529341046e-10
7.953125 2.181249709188956 23.999999999999034 2.1811497091889844 23.999999999999158 -1.4081629059050188e-10
7.984375 2.181967751103518 23.999999999999034 2.181867751103547 23.999999999999183 -1.8584917425466984e-10
8.015625 2.182685866658844 23.999999999999034 2.1825858666588784 23.999999999999197 -2.445564327745659e-10
8.046875 2.183404056029594 23.999999999999034 2.1833040560296286 23.999999999999197 -3.2085017244722926e-10
8.078125 2.184122319390863 23.999999999999023 2.1840223193908948 23.99999999999917 -4.196847518033573e-10
8.109375 2.1848406569182486 23.99999999999902 2.184740656918284 23.999999999999154 -5.473104646628257e-10
8.140625 2.1855590687879123 23.999999999999012 2.18545906878795 23.99999999999921 -7.115816430660233e-10
8.171875 2.186277555176662 23.99999999999901 2.1861775551766716 23.99999999999895 -9.22328624068492e-10
8.203125 2.1869961162620544 23.999999999998998 2.1868961162620772 23.99999999999912 -1.191803958165589e-09
8.234375 2.1877147522225164 23.999999999998998 2.1876147522225526 23.99999999999909 -1.5352140059132596e-09
8.265625 2.1884334632374745 23.999999999998998 2.188333463237476 23.99999999999896 -1.971347542156692e-09
8.296875 2.1891522494875293 23.99999999999899 2.1890522494875317 23.99999999999891 -2.523312985973188e-09
8.328125 2.1898711111546443 23.999999999998984 2.1897711111547737 23.999999999999602 -3.219395161131922e-09
8.359375 2.19059004842237 23.999999999998977 2.1904900484223604 23.999999999999087 -4.094040754180995e-09
8.390625 2.19130906147609 23.99999999999897 2.191209061475883 23.999999999997105 -5.1889784705830064e-09
8.421875 2.192028150503307 23.999999999998977 2.191928150503812 24.000000000002764 -6.554474776039984e-09
8.453125 2.1927473156939503 23.99999999999897 2.192647315693892 23.999999999997584 -8.250718395545009e-09
8.484375 2.1934665572407277 23.999999999998966 2.193366557239864 23.99999999999441 -1.0349315607112637e-08
8.515625 2.19418587533947 23.999999999998963 2.1940858753405665 24.000000000005095 -1.2934862794373492e-08
8.546875 2.1949052701895018 23.999999999998956 2.1948052701908747 24.00000000000751 -1.610654146399652e-08
8.578125 2.195624741993995 23.999999999998956 2.195524741989752 23.99999999997387 -1.9979652470463198e-08
8.609375 2.196344290960283 23.99999999999895 2.1962442909612503 24.0000000000008 -2.4686968687730042e-08
8.640625 2.197063917300104 23.99999999999894 2.196963917311243 24.000000000076433 -3.037973662956737e-08
8.671875 2.19778362122971 23.999999999998938 2.197683621213443 23.999999999885198 -3.722809494294276e-08
8.703125 2.1985034029697856 23.999999999998934 2.1984034029602952 23.99999999995419 -4.542059821685135e-08
8.734375 2.1992232627450785 23.999999999998934 2.19912326279636 24.000000000304272 -5.5162434587404565e-08
8.765625 2.1999432007836073 23.999999999998934 2.1998432007576874 23.999999999848512 -6.667180104523568e-08
8.796875 2.200663217315316 23.999999999998927 2.200563217199823 23.9999999992759 -8.017374642759501e-08
8.828125 2.201383312569965 23.999999999998916 2.201283312765293 24.000000001196184 -9.589060343071351e-08
8.859375 2.2021034867739906 23.999999999998906 2.202003486889586 24.000000000795183 -1.1402790157076528e-07
8.890625 2.202823740146045 23.9999999999989 2.202723739495625 23.999999995690587 -1.3475437614470108e-07
8.921875 2.203544072890804 23.999999999998895 2.2034440732548775 24.000000002643407 -1.581743565263702e-07
8.953125 2.204264485190572 23.999999999998884 2.204164486343525 24.000000007248246 -1.842904225897277e-07
8.984375 2.2049849771940857 23.999999999998877 2.204884975516447 23.99999998841484 -2.129537521443204e-07
9.015625 2.2057055490017996 23.99999999999887 2.2056055479946344 23.999999994656033 -2.4379903603245343e-07
9.046875 2.2064262006467876 23.999999999998874 2.206326204124646 24.00000002315181 -2.7616020174017365e-07
9.078125 2.207146932070214 23.99999999999887 2.207046931895747 23.99999999636121 -3.089624517400078e-07
9.109375 2.2078677430901634 23.99999999999887 2.2077677381133523 23.999999968536272 -3.405852802832484e-07
9.140625 2.2085886333623272 23.999999999998863 2.208488635459165 24.000000016683998 -3.686901735755997e-07
9.171875 2.2093096023308676 23.999999999998856 2.2092096080009758 24.00000003413807 -3.900056158431509e-07
9.203125 2.2100306491674204 23.999999999998842 2.209930644984375 23.999999970498976 -4.00060811963365e-07
9.234375 2.2107517726959487 23.999999999998842 2.2106517671281063 23.999999966963287 -3.92858192564735e-07
9.265625 2.211472971300727 23.999999999998842 2.2113729773711603 24.000000041204295 -3.6047328921586107e-07
9.296875 2.2121942428144306 23.999999999998835 2.2120942476833907 24.000000028738548 -2.9256895874623466e-07
9.328125 2.2129155843828223 23.99999999999882 2.2128155766848265 23.99999994809837 -1.75809204796358e-07
9.359375 2.2136369923021326 23.99999999999882 2.2135369886843694 23.999999979620213 6.84399496390746e-09
9.390625 2.2143584618247005 23.99999999999882 2.214258470751159 24.000000060384075 2.769693754259723e-07
9.421875 2.215079986928043 23.999999999998817 2.2149799887692536 24.00000000691088 6.6168109169794e-07
9.453125 2.2158015600419207 23.999999999998813 2.2157015505484865 23.999999938142025 1.1948019652308614e-06
9.484375 2.216523171727553 23.999999999998813 2.2164231719401677 24.00000000697404 1.91823977061019e-06
9.515625 2.2171448103026137 23.999999999998813 2.21714481980496 24.00000005917756 2.8835929655655025e-06
9.546875 2.217866461405184 23.999999999998806 2.217866458938593 23.99999997970947 4.154014011294916e-06
9.578125 2.218588107489497 23.999999999998796 2.2185880984210042 23.99999994488594 5.806359934410772e-06
9.609375 2.2193097272458715 23.9999999999988 2.219309732044839 24.000000034563005 7.933660947464523e-06
9.640625 2.22003129493714 23.99999999999879 2.220031303142646 24.00000004931343 1.0647938659910819e-05
9.671875 2.2207527796436946 23.999999999998785 2.2207527727831096 23.999999950593484 1.4083405549510238e-05
9.703125 2.2214741444093535 23.999999999998778 2.221474138707765 23.99999996711071 1.8400076786345152e-05
9.734375 2.2221953452805803 23.99999999999877 2.2221953535693197 24.000000058489363 2.3787824056655596e-05
9.765625 2.22291633023202 23.999999999998764 2.2229163314497535 24.00000000173738 3.047089856032277e-05
9.796875 2.2236370379721926 23.999999999998764 2.2236370281851485 23.99999993858262 3.871294668531413e-05
9.828125 2.224357396624238 23.999999999998764 2.22435739956973 24.000000023839473 4.882253682205016e-05
9.859375 2.2250773222781595 23.999999999998757 2.225077334727346 24.000000075537702 6.115920919813026e-05
9.890625 2.225796717412874 23.999999999998757 2.2257967133160754 23.9999999638981 7.614005232250465e-05
9.921875 2.2265154691887616 23.999999999998757 2.226515458812844 23.999999936115977 9.424679947325484e-05
9.953125 2.2272334476142586 23.99999999999875 2.2272334511959277 24.000000034100957 0.00011603342650898227
9.984375 2.2279505035934117 23.999999999998757 2.227950503846876 23.999999996409123 0.00014213421802187232
10.015625 2.2286664668652127 23.999999999998742 2.228666459714571 23.999999957745537 0.00017327225240822825
10.046875 2.229381143850083 23.999999999998735 2.229381152043773 24.000000053324776 0.00021026823778249598
10.078125 2.230094315423808 23.999999999998735 2.2300943320543265 24.000000100592075 0.00025404960983168684
10.109375 2.230805734644915 23.99999999999873 2.2308057288096146 23.999999948640884 0.0003056597797921633
10.140625 2.2315151244675357 23.999999999998725 2.231515106268585 23.999999887394836 0.0003662673958988225
10.171875 2.2322221754783316 23.999999999998725 2.232222173354587 24.000000002810808 0.00043717545516134556
10.203125 2.2329265437030106 23.999999999998725 2.2329265453054115 24.000000005825378 0.0005198300745101878
10.234375 2.2336278485351997 23.999999999998728 2.233627849181145 24.000000005738023 0.0006158287016735327
10.265625 2.2343256708477024 23.99999999999872 2.2343256831867055 24.00000007902589 0.0007269275171483163
10.296875 2.235019551353612 23.999999999998714 2.23501956131751 24.0000000584834 0.0008550477499748933
10.328125 2.2357089892917643 23.999999999998714 2.235708973352488 23.999999903018903 0.0010022806024855794
10.359375 2.2363934415178166 23.999999999998714 2.2363934118222057 23.99999981558681 0.0011708904536466504
10.390625 2.237072322088223 23.99999999999871 2.237072317349191 23.999999992575386 0.00136331598802327
10.421875 2.2377450024294774 23.999999999998707 2.2377450234424865 24.000000138325863 0.0015821688788247121
10.453125 2.238410812188862 23.999999999998707 2.2384108291405784 24.000000096070586 0.001830229640059798
10.484375 2.239069040865248 23.9999999999987 2.2390690530549033 24.000000074538185 0.0021104402557239545
10.515625 2.2397189403189763 23.9999999999987 2.2397189462011533 24.00000003404626 0.0024258931943456344
10.546875 2.2403597282580474 23.999999999998693 2.2403597142571567 23.999999914108418 0.002779816426326757
10.578125 2.2409905927936746 23.999999999998693 2.2409905615652805 23.999999812704072 0.0031755540804596885
10.609375 2.241610698151173 23.99999999999868 2.241610673420582 23.999999847801718 0.003616542405846326
10.640625 2.2422191916121053 23.999999999998668 2.2422191988153566 24.00000005742824 0.004106280747108303
10.671875 2.242815211750174 23.999999999998664 2.242815243868207 24.00000021326116 0.004648297295010989
10.703125 2.2433978980065907 23.999999999998657 2.2433979235775943 24.000000152586686 0.005246109441955015
10.734375 2.2439664016303267 23.99999999999865 2.2439664116051694 24.00000005877729 0.00590317865247471
10.765625 2.2445198979847705 23.999999999998643 2.2445198914041278 23.999999959034973 0.006622859852864577
10.796875 2.245057600195157 23.999999999998643 2.2450575778644932 23.999999863689926 0.007408345450915949
10.828125 2.245578774080684 23.999999999998646 2.2455787497990047 23.9999998527549 0.008262604215674192
10.859375 2.246082754282068 23.99999999999865 2.2460827463692596 23.999999950383042 0.009188315376884767
10.890625 2.246568961459718 23.99999999999865 2.246568977432297 24.000000094630273 0.01018779844269984
10.921875 2.247036920400539 23.99999999999865 2.247036949896759 24.000000175474867 0.01126293938012599
10.953125 2.2474862788331 23.999999999998646 2.2474862999852725 24.00000012523602 0.012415113953013106
10.984375 2.2479168267127516 23.99999999999864 2.2479168235673748 23.999999979895044 0.013645109164084353
11.015625 2.248328515700862 23.999999999998625 2.248328491055269 23.999999850319874 0.014953043897151557
11.046875 2.248721478527054 23.999999999998625 2.248721451640911 23.999999838315148 0.016338289999458067
11.078125 2.2490960478910664 23.99999999999862 2.2490960376472953 23.999999937226203 0.017799395177961152
11.109375 2.2494527745330393 23.999999999998618 2.249452786692861 24.000000071677096 0.019334009203016627
11.140625 2.249792444078495 23.999999999998614 2.2497924688615436 24.000000147092877 0.020938815013958157
11.171875 2.250116092248497 23.999999999998607 2.250116111982185 24.000000116469703 0.022609466399069394
11.203125 2.2504250180171637 23.999999999998607 2.25042501997602 24.000000011108067 0.02434053397314911
11.234375 2.250720794298946 23.999999999998607 2.2507207762107546 23.999999891078332 0.026125461195244212
11.265625 2.2510052757574837 23.999999999998604 2.2510052479431724 23.999999832680405 0.027956532153544326
11.296875 2.2512806033468813 23.999999999998593 2.251280587373305 23.99999990425092 0.02982485279080091
11.328125 2.2515492052252597 23.999999999998586 2.2515492184224852 24.000000079042124 0.031720347149536324
11.359375 2.2518137937192297 23.999999999998586 2.251813827134751 24.00000019909051 0.033631770080131254
11.390625 2.2520773580663764 23.999999999998586 2.25207737819501 24.00000011755386 0.03554673767593849
11.421875 2.252343152720149 23.999999999998586 2.2523431379263403 23.999999906921076 0.037451776478212004
11.453125 2.252614681066982 23.99999999999858 2.2526146517684493 23.99999982504477 0.039332392231319985
11.484375 2.2528956744778093 23.99999999999858 2.2528956700106924 23.999999974631617 0.041173158668053204
11.515625 2.25319006669407 23.999999999998572 2.253190092645675 24.000000158679335 0.04295782646966331
11.546875 2.253501963630303 23.999999999998572 2.2535019790364195 24.000000088561706 0.04466945218057142
11.578125 2.2538356087597657 23.999999999998572 2.253835575946969 23.999999802281295 0.04629054646961692
11.609375 2.254195344334609 23.99999999999856 2.2541952850254345 23.99999965075864 0.04780324072547297
11.640625 2.254585568776048 23.999999999998558 2.254585630140547 24.00000036934395 0.04918947056157731
11.671875 2.2550106906511322 23.99999999999855 2.255011321821107 24.00000375251893 0.05043117439454236
11.703125 2.2554750797294885 23.999999999998543 2.2554776289483165 24.000015141563992 0.051510504859034176
11.734375 2.255983015684171 23.999999999998536 2.2559925993397747 24.00005698544631 0.052410050441439045
11.765625 2.256538635064363 23.99999999999853 2.2565693313460646 24.000182061397318 0.05311306436428788
11.796875 2.257145877222782 23.99999999999852 2.25721364408043 24.00040172465445 0.05360369744326279
11.828125 2.2578084299264773 23.99999999999851 2.2579189548055063 24.00065622720712 0.05386723137812902
11.859375 2.2585296754152937 23.999999999998508 2.2586712367758506 24.000842138471498 0.05389030873688286
11.890625 2.2593126376973007 23.999999999998497 2.2594665961139553 24.000910110801826 0.05366115575656725
11.921875 2.260159931884224 23.999999999998497 2.260317034417037 24.00093261261172 0.05316979402112389
11.953125 2.2610737163722927 23.999999999998487 2.261232079368812 24.000943211336963 0.05240823709138409
11.984375 2.2620556486647514 23.99999999999848 2.2622144848922416 24.00094607912812 0.05137066825821273
12.015625 2.2631068456112553 23.999999999998472 2.2632657290333804 24.000943417980054 0.05005359576840977
12.046875 2.264227848806839 23.99999999999847 2.2643866873262297 24.000940209654885 0.048455982133748285
12.078125 2.265418595848611 23.999999999998465 2.265577562681824 24.000940302449223 0.046579344473933665
12.109375 2.2666783980923757 23.999999999998458 2.266837730792698 24.00094425604875 0.04442782325967287
12.140625 2.26800592548354 23.999999999998458 2.268165729663558 24.0009497067562 0.04200821730578457
12.171875 2.269399198957502 23.999999999998458 2.2695593228635866 24.000952589762782 0.03932998340777328
12.203125 2.270855590814194 23.999999999998447 2.271015791490149 24.000951541370178 0.03640519960818808
12.234375 2.272371833369891 23.99999999999845 2.2725319701404656 24.00094816875801 0.033248491709506556
12.265625 2.2739440360774887 23.999999999998447 2.274104219890848 24.000946333152633 0.02987692330508533
12.296875 2.275567711184736 23.999999999998437 2.275728179982132 24.000947972562408 0.026309850264809496
12.328125 2.277237807869505 23.999999999998426 2.2773987478345883 24.00095233411985 0.022568741272777516
12.359375 2.2789487546534937 23.999999999998426 2.279110141440523 24.000956256477515 0.018676966655785724
12.390625 2.2806945097526024 23.999999999998415 2.2808561568597976 24.000957281044144 0.014659558348819613
12.421875 2.2824686188757495 23.999999999998415 2.282630350788364 24.000955546573522 0.01054294440308875
12.453125 2.284264279836912 23.999999999998415 2.2844260751213064 24.000953374815463 0.006354661940193942
12.484375 2.2860744132008346 23.999999999998415 2.286236420322893 24.000953394834426 0.002123052880951984
12.515625 2.2878917380446357 23.99999999999841 2.2880541306524007 24.000956049705565 -0.002123052880951984
12.546875 2.289708851789406 23.99999999999841 2.2898716997292823 24.000959815600698 -0.006354661940193942
12.578125 2.2915183129419363 23.9999999999984 2.291681515021485 24.000962072178687 -0.01054294440308875
12.609375 2.293312725491105 23.999999999998394 2.293476122382039 24.000961912157045 -0.014659558348819613
12.640625 2.295084823630118 23.999999999998394 2.29524831836622 24.00096028027534 -0.018676966655785724
12.671875 2.296827555428683 23.99999999999839 2.2969912016822476 24.000959534372118 -0.022568741272777516
12.703125 2.298534164061249 23.999999999998387 2.298698094090436 24.000960926152644 -0.026309850264809496
12.734375 2.3001982652112103 23.999999999998387 2.300362581983072 24.000964030028587 -0.02987692330508533
12.765625 2.3018139193179703 23.99999999999838 2.301978595237565 24.000966825464857 -0.033248491709506556
12.796875 2.3033756974142907 23.99999999999838 2.3035405992564737 24.00096768865817 -0.03640519960818808
12.828125 2.3048787394145904 23.999999999998373 2.3050437401633785 24.000966737597942 -0.03932998340777328
12.859375 2.3063188038588143 23.999999999998366 2.306483879602709 24.00096559782928 -0.04200821730578457
12.890625 2.3076923082875718 23.999999999998362 2.307857551002373 24.000966071234693 -0.04442782325967287
12.921875 2.308996359618198 23.99999999999836 2.3091618794189044 24.000968419070922 -0.046579344473933665
12.953125 2.3102287741023906 23.99999999999836 2.3103946022910122 24.00097141037992 -0.048455982133748285
12.984375 2.3113880866680505 23.99999999999835 2.311554128934908 24.00097310281977 -0.05005359576840977
13.015625 2.3124735496738538 23.99999999999835 2.3126396726746337 24.000972938955528 -0.05137066825821273
13.046875 2.3134851213280685 23.99999999999835 2.313651244601271 24.00097176927889 -0.05240823709138409
13.078125 2.314423444236151 23.999999999998337 2.314589605615695 24.000971448974163 -0.05316979402112389
13.109375 2.3152898147383625 23.99999999999833 2.3154561158196927 24.00097287408907 -0.05366115575656725
13.140625 2.316086143873232 23.999999999998337 2.316252663975969 24.000975615163405 -0.05389030873688286
13.171875 2.316814910950555 23.99999999999833 2.3169816230724383 24.000978005307765 -0.05386723137812902
13.203125 2.3174791108350425 23.99999999999833 2.3176458961663693 24.000978783067385 -0.05360369744326279
13.234375 2.318082196126422 23.99999999999832 2.318248931078251 24.000978037235484 -0.05311306436428788
13.265625 2.3186280154729637 23.99999999999831 2.318794676947057 24.000977192376993 -0.052410050441439045
13.296875 2.3191207492730506 23.99999999999831 2.319287436313272 24.000977776515356 -0.051510504859034176
13.328125 2.31956484400518 23.999999999998302 2.319731667304935 24.00097985473204 -0.05043117439454236
13.359375 2.3199649463832053 23.99999999999831 2.3201319293403815 24.000982499937003 -0.04918947056157731
13.390625 2.3203258384638286 23.9999999999983 2.3204928404566876 24.000983829197093 -0.04780324072547297
13.421875 2.320652374741589 23.999999999998295 2.320819124893145 24.000982492649822 -0.04629054646961692
13.453125 2.320949422156909 23.999999999998288 2.3211157276421286 24.000980216284717 -0.04466945218057142
13.484375 2.321221803819982 23.999999999998277 2.3213873922391883 24.000976702808437 -0.04295782646966331
13.515625 2.3214742471217304 23.999999999998266 2.3216381169900426 24.000968071410902 -0.041173158668053204
13.546875 2.321711336767197 23.99999999999826 2.321869577674822 24.00093842862047 -0.039332392231319985
13.578125 2.3219374731304905 23.999999999998256 2.3220755971898166 24.00082741742157 -0.037451776478212004
13.609375 2.322156836197398 23.999999999998256 2.3222570132023628 24.00061706940547 -0.03554673767593849
13.640625 2.3223733552350385 23.999999999998256 2.322429422909699 24.000373737057195 -0.033631770080131254
13.671875 2.3225906842099677 23.999999999998252 2.322613606576242 24.00018161301798 -0.031720347149536324
13.703125 2.3228121828689305 23.999999999998252 2.3228236059419514 24.000121469684437 -0.02982485279080091
13.734375 2.3230409033013446 23.999999999998245 2.3230501291214614 24.00011425352199 -0.027956532153544326
13.765625 2.323279581720598 23.999999999998245 2.3232879229193735 24.000111167698158 -0.026125461195244212
13.796875 2.3235306351326157 23.999999999998245 2.3235383371081517 24.00010647034985 -0.02434053397314911
13.828125 2.3237961625051256 23.999999999998238 2.3238032356818827 24.000099503441874 -0.022609466399069394
13.859375 2.324077950009178 23.99999999999823 2.3240846490737375 24.000094790821613 -0.020938815013958157
13.890625 2.3243774798752277 23.99999999999823 2.324384273937644 24.000095896000005 -0.019334009203016627
13.921875 2.3246959423886393 23.99999999999823 2.3247031330187493 24.000101379963645 -0.017799395177961152
13.953125 2.325034250542866 23.999999999998217 2.325041749171676 24.000106104544827 -0.016338289999458067
13.984375 2.3253930568716736 23.999999999998217 2.325400535110157 24.00010627571595 -0.014953043897151557
14.015625 2.325772771993428 23.999999999998217 2.325779951904442 24.000102190155815 -0.013645109164084353
14.046875 2.3261735844195863 23.999999999998217 2.326180456946968 24.000097516856627 -0.012415113953013106
14.078125 2.326595481204718 23.99999999999821 2.32660230198967 24.000096460109443 -0.01126293938012599
14.109375 2.3270382690455804 23.99999999999821 2.327045308255005 24.000099621099277 -0.01018779844269984
14.140625 2.327501595470845 23.99999999999821 2.3275089389185437 24.000104433704593 -0.009188315376884767
14.171875 2.3279849697999238 23.999999999998202 2.327992437690603 24.000106631237045 -0.008262604215674192
14.203125 2.328487783587848 23.999999999998202 2.3284951289778015 24.000104859387086 -0.007408345450915949
14.234375 2.32900933031262 23.9999999999982 2.329016422168969 24.000100761120645 -0.006622859852864577
14.265625 2.329548824100872 23.999999999998195 2.329555778813112 24.00009832792614 -0.00590317865247471
14.296875 2.330105417326256 23.999999999998188 2.3301124711099055 24.00009964100058 -0.005246109441955015
14.328125 2.3306782169523252 23.999999999998188 2.3306855500342545 24.00010387373156 -0.004648297295010989
14.359375 2.3312662995269315 23.99999999999818 2.331273879625991 24.00010756067543 -0.004106280747108303
14.390625 2.331868724768113 23.99999999999817 2.3318763512728826 24.00010794323168 -0.003616542405846326
14.421875 2.3324845477116107 23.999999999998174 2.3324920252255428 24.00010513974611 -0.0031755540804596885
14.453125 2.3331128294172885 23.99999999999817 2.333120125890935 24.00010186115813 -0.002779816426326757
14.484375 2.333752646255788 23.99999999999817 2.3337599336386803 24.00010134408661 -0.0024258931943456344
14.515625 2.3344030978173578 23.99999999999816 2.334410591484996 24.000104165368743 -0.0021104402557239545
14.546875 2.335063313502288 23.999999999998153 2.335071115942752 24.00010842884644 -0.001830229640059798
14.578125 2.3357324578665497 23.999999999998145 2.3357404538059616 24.0001107564215 -0.0015821688788247121
14.609375 2.33640973480728 23.999999999998145 2.3364177177988577 24.00010989955411 -0.00136331598802327
14.640625 2.337094390680941 23.999999999998145 2.3371022167406994 24.000106970323785 -0.0011708904536466504
14.671875 2.337785716452294 23.999999999998145 2.3377934424603706 24.000105053093385 -0.0010022806024855794
14.703125 2.3384830489752373 23.99999999999814 2.338490857821537 24.00010591819929 -0.0008550477499748933
14.734375 2.3391857715071973 23.999999999998135 2.339193823091609 24.000109101151402 -0.0007269275171483163
14.765625 2.3398933135574476 23.999999999998124 2.339901600504624 24.00011209713186 -0.0006158287016735327
14.796875 2.3406051501667458 23.999999999998117 2.3406135148706864 24.00011281196241 -0.0005198300745101878
14.828125 2.341320800711289 23.999999999998114 2.3413290799408824 24.00011125814708 -0.00043717545516134556
14.859375 2.3420398273185548 23.99999999999811 2.3420479832539836 24.00010928235027 -0.0003662673958988225
14.890625 2.3427618329762474 23.999999999998096 2.342769982923338 24.000109066420716 -0.0003056597797921633
14.921875 2.343486459408667 23.999999999998096 2.343494749442188 24.000110971158 -0.00025404960983168684
14.953125 2.3442133847875386 23.99999999999809 2.3442218685261182 24.000113686499464 -0.00021026823778249598
14.984375 2.3449423213369283 23.99999999999808 2.3449508938842722 24.00011498849181 -0.00017327225240822825
15.015625 2.3456730128844105 23.999999999998074 2.3456815165284834 24.00011414467175 -0.00014213421802187232
15.046875 2.346405232403405 23.999999999998067 2.3464135725453374 24.000112007141404 -0.00011603342650898227
15.078125 2.3471387795846246 23.99999999999806 2.3471470073566056 24.000110616705555 -9.424679947325484e-05
15.109375 2.347873478468008 23.99999999999805 2.347881717255075 24.0001110062767 -7.614005232250465e-05
15.140625 2.3486091751603544 23.999999999998046 2.348617515031333 24.00011275965649 -6.115920919813026e-05
15.171875 2.349345735658308 23.99999999999804 2.349354148384536 24.00011422390295 -4.882253682205016e-05
15.203125 2.3500830437912557 23.999999999998032 2.3500914200042846 24.000114200636585 -3.871294668531413e-05
15.234375 2.35082099929423 23.999999999998025 2.3508292450935495 24.000112835457195 -3.047089856032277e-05
15.265625 2.3515595160169926 23.999999999998018 2.351567630674446 24.000111395684236 -2.3787824056655596e-05
15.296875 2.352298520272064 23.999999999998018 2.3523065920810824 24.000111191297087 -1.8400076786345152e-05
15.328125 2.3530379493216635 23.99999999999801 2.35304607050449 24.000112343304085 -1.4083405549510238e-05
15.359375 2.353777750001157 23.999999999998003 2.3537859442284343 24.0001139107984 -1.0647938659910819e-05
15.390625 2.354517877474711 23.999999999998 2.354526075076401 24.000114490568816 -7.933660947464523e-06
15.421875 2.355258294117422 23.999999999998 2.35526640565049 24.00011372096377 -5.806359934410772e-06
15.453125 2.35599896851705 23.99999999999799 2.3560069540096715 24.000112252782706 -4.154014011294916e-06
15.484375 2.3567398745877624 23.999999999997986 2.3567477840269833 24.000111429871982 -2.8835929655655025e-06
15.515625 2.3574809907877734 23.999999999997982 2.3574889108006536 24.00011184375568 -1.91823977061019e-06
15.546875 2.3582222994325797 23.999999999997975 2.3582302889799878 24.000113147108245 -1.1948019652308614e-06
15.578125 2.3589637860954236 23.999999999997968 2.358971827868463 24.000114194806997 -6.6168109169794e-07
15.609375 2.359705439086758 23.99999999999796 2.3597134690090966 24.00011423933155 -2.769693754259723e-07
15.640625 2.3604472490047597 23.999999999997968 2.3604552166295094 24.000113437816495 -6.84399496390746e-09
15.671875 2.361189208349284 23.99999999999796 2.3611971245126497 24.000112703931475 1.75809204796358e-07
15.703125 2.3619313111921363 23.99999999999796 2.3619392415175375 24.00011290317656 2.9256895874623466e-07
15.734375 2.3626735528969416 23.99999999999796 2.362681562994686 24.000114074566568 3.6047328921586107e-07
15.765625 2.363415929882506 23.99999999999796 2.363424035430509 24.00011548347915 3.92858192564735e-07
15.796875 2.3641584394240125 23.999999999997954 2.364166591477003 24.000116125491235 4.00060811963365e-07
15.828125 2.364901079486981 23.999999999997947 2.3649092155617746 24.000115782012337 3.900056158431509e-07
15.859375 2.365643848589386 23.999999999997943 2.365651941650368 24.000114975266897 3.686901735755997e-07
15.890625 2.3663867456878673 23.99999999999794 2.3663948317151933 24.000114693520885 3.405852802832484e-07
15.921875 2.3671297700844116 23.999999999997932 2.367137909907795 24.000115324030173 3.089624517400078e-07
15.953125 2.3678729213503233 23.999999999997925 2.3678811548102 24.000116568975887 2.7616020174017365e-07
15.984375 2.368616199264717 23.999999999997925 2.3686245091547873 24.00011754594786 2.4379903603245343e-07
16.015625 2.36935960376511 23.999999999997925 2.369367938353051 24.00011773542467 2.129537521443204e-07
16.046875 2.3701031349080735 23.999999999997915 2.370111453062311 24.000117292980665 1.842904225897277e-07
16.078125 2.3708467928381483 23.999999999997915 2.3708551005298593 24.000116945259204 1.581743565263702e-07
16.109375 2.371590577763514 23.99999999999791 2.3715989249982234 24.000117365821843 1.3475437614470108e-07
16.140625 2.372334489937165 23.999999999997904 2.372342928406618 24.000118578017208 1.1402790157076528e-07
16.171875 2.373078529642508 23.999999999997897 2.373087069101156 24.000119944486848 9.589060343071351e-08
16.203125 2.3738226971825034 23.999999999997897 2.3738312902438414 24.000120596785045 8.017374642759501e-08
16.234375 2.3745669928716007 23.99999999999789 2.3745755770282426 24.000120324249977 6.667180104523568e-08
16.265625 2.3753114170298906 23.999999999997875 2.375319958695556 24.000119561180956 5.5162434587404565e-08
16.296875 2.3760559699789647 23.999999999997875 2.37606449176755 24.000119164511588 4.542059821685135e-08
16.328125 2.376800652039078 23.999999999997875 2.376809203239561 24.000119510431002 3.722809494294276e-08
16.359375 2.3775454635273148 23.99999999999787 2.3775540813050053 24.00012041777046 3.037973662956737e-08
16.390625 2.378290404756503 23.99999999999786 2.3782990829176494 24.000121228522488 2.4686968687730042e-08
16.421875 2.3790354760346535 23.999999999997854 2.37904417738876 24.000121498671227 1.9979652470463198e-08
16.453125 2.379780677664792 23.99999999999785 2.37978937031943 24.00012130532094 1.610654146399652e-08
16.484375 2.3805260099450605 23.999999999997847 2.3805346950260713 24.000121142817733 1.2934862794373492e-08
16.515625 2.3812714731689892 23.999999999997847 2.381280181414969 24.00012143467231 1.0349315607112637e-08
16.546875 2.3820170676258776 23.99999999999784 2.382025830428623 24.000122193693322 8.250718395545009e-09
16.578125 2.3827627936012297 23.999999999997833 2.3827716155073997 24.0001230269426 6.554474776039984e-09
16.609375 2.3835086513772126 23.99999999999783 2.383517502344601 24.000123420331477 5.1889784705830064e-09
16.640625 2.384254641233105 23.999999999997826 2.384263484409013 24.000123280862432 4.094040754180995e-09
16.671875 2.385000763445741 23.99999999999782 2.385009584209257 24.000122919455666 3.219395161131922e-09
16.703125 2.385747018289905 23.999999999997815 2.3857558358304427 24.000122842649102 2.523312985973188e-09
16.734375 2.386493406038702 23.99999999999781 2.386502251867207 24.00012321897359 1.971347542156692e-09
16.765625 2.3872399269638804 23.999999999997804 2.3872488199984927 24.000123881523166 1.5352140059132596e-09
16.796875 2.38798658133613 23.999999999997797 2.3879955093575074 24.00012436530279 1.191803958165589e-09
16.828125 2.388733369425327 23.99999999999779 2.3887423004487776 24.000124396254787 9.22328624068492e-10
16.859375 2.3894802915007567 23.999999999997783 2.389489200619926 24.000124066736532 7.115816430660233e-10
16.890625 2.390227347831299 23.999999999997776 2.390236237860268 24.000123776578956 5.473104646628257e-10
16.921875 2.390974538685586 23.99999999999777 2.390983436058932 24.000123853489498 4.196847518033573e-10
16.953125 2.3917218643321334 23.999999999997762 2.3917307947998334 24.000124296933592 3.2085017244722926e-10
16.984375 2.392469325039455 23.999999999997762 2.392478293024715 24.000124817378467 2.445564327745659e-10
17.015625 2.3932169210761547 23.999999999997762 2.3932259088497396 24.00012509884578 1.8584917425466984e-10
17.046875 2.3939646527109995 23.999999999997762 2.3939736411141155 24.000125115769457 1.4081629059050188e-10
17.078125 2.3947125202129884 23.999999999997755 2.3947215047693726 24.000125039660325 1.0638022529341046e-10
17.109375 2.3954605238514044 23.999999999997748 2.395469522171105 24.00012520664343 8.012882088826562e-11
17.140625 2.396208663895849 23.999999999997733 2.3962177038752355 24.000125784757003 6.017826279695694e-11
17.171875 2.396956940616291 23.999999999997726 2.3969660359672673 24.000126587138965 4.506256740414861e-11
17.203125 2.397705354283076 23.99999999999772 2.3977144896589246 24.000127170259965 3.364488926874075e-11
17.234375 2.3984539051669627 23.999999999997705 2.39846305002587 24.000127299382466 2.5046660111161175e-11
17.265625 2.3992025935391403 23.999999999997705 2.399211725085026 24.000127076074502 1.8591221278310382e-11
17.296875 2.3999514196712353 23.999999999997698 2.3999605401584816 24.000126886407678 1.3759175065993107e-11
17.328125 2.400700383835333 23.99999999999769 2.4007095175038087 24.000127050724483 1.0153164275917284e-11
17.359375 2.401449486303979 23.999999999997687 2.401458658654748 24.00012759163735 7.470200829441743e-12
17.390625 2.402198727350193 23.999999999997684 2.4022079447281306 24.000128236164983 5.480010911465506e-12
17.421875 2.402948107247476 23.999999999997677 2.4029573493084744 24.000128586847524 4.008153816462366e-12
17.453125 2.4036976262698104 23.999999999997677 2.403706865900218 24.000128542131584 2.922911974610753e-12
17.484375 2.4044472846916682 23.99999999999767 2.404456509643745 24.00012829189773 2.1251475998174054e-12
17.515625 2.4051970827880176 23.99999999999767 2.405206305643911 24.000128223035496 1.5404834363647938e-12
17.546875 2.4059470208343194 23.999999999997662 2.4059562654059006 24.000128509075342 1.113296906264696e-12
17.578125 2.406697099106538 23.99999999999767 2.40670638134604 24.00012905626334 8.021235938183894e-13
17.609375 2.4074473178811306 23.999999999997662 2.4074566322234405 24.000129518523394 5.761517913992377e-13
17.640625 2.4081976774350666 23.999999999997655 2.4082070017287944 24.000129640315244 4.1255848706260836e-13
17.671875 2.4089481780458204 23.999999999997648 2.4089574919502272 24.000129456307096 2.9449184610589434e-13
17.703125 2.409698819991373 23.999999999997634 2.409708120473241 24.000129218021016 2.0954856369736308e-13
17.734375 2.4104496035502194 23.999999999997627 2.4104589206458558 24.000129443308023 1.4862863863463673e-13
17.765625 2.4112005290013627 23.999999999997616 2.4112099156124147 24.000130459302284 1.050769502468153e-13
17.796875 2.4119515966243217 23.999999999997613 2.4119610894911956 24.00013201377681 7.404199539793786e-14
17.828125 2.412702806699132 23.999999999997613 2.4127123902980765 24.000133324816886 5.1998468342356297e-14
17.859375 2.413454159506342 23.999999999997605 2.4134637840313253 24.000133881457657 3.63930197719041e-14
17.890625 2.4142056553270246 23.999999999997605 2.4142152809153896 24.00013387582893 2.53822982660602e-14
17.921875 2.4149572944427677 23.999999999997602 2.4149668954620327 24.000133507629577 1.7639885483553146e-14
17.953125 2.415709077135685 23.9999999999976 2.4157186123807843 24.00013254297219 1.2214485147172358e-14
17.984375 2.416461003688415 23.999999999997595 2.4164703314359137 24.00012942354474 8.426110147273168e-15
18.015625 2.417213074384117 23.999999999997584 2.417221621348239 24.000117813577997 5.790342783568785e-15
18.046875 2.417965289506485 23.999999999997584 2.41797117298247 24.0000784039395 3.963263749308563e-15
18.078125 2.418717649339733 23.999999999997577 2.4187171899060083 23.99998455377883 2.7015457262591083e-15
18.109375 2.4194701541686108 23.999999999997573 2.419458991867937 23.999826261282177 1.833634667520214e-15
18.140625 2.4202228042783993 23.99999999999757 2.420197362877767 23.999615168368255 1.2390097532254693e-15
18.171875 2.4209755999549136 23.999999999997563 2.4209344303659455 23.999382738106142 8.333090963179003e-16
18.203125 2.4217285414845007 23.999999999997563 2.421673279870545 23.999174588093503 5.576995431938721e-16
18.234375 2.4224816291540465 23.999999999997552 2.4224168744619643 23.99903451030672 3.7130643844254734e-16
18.265625 2.423234863250981 23.99999999999755 2.4231662313125684 23.998977514949736 2.4584179170539287e-16
18.296875 2.4239882440632643 23.99999999999754 2.4239188895255053 23.99896716168934 1.6180622920595578e-16
18.328125 2.4247417718794058 23.999999999997534 2.4246723466907207 23.99896642163926 1.0581352319837788e-16
18.359375 2.4254954469884566 23.999999999997527 2.4254261141288374 23.998968079756956 6.871293963104205e-17
18.390625 2.4262492696800138 23.999999999997534 2.4261800274930563 23.998969724928877 4.427650759039602e-17
18.421875 2.4270032402442165 23.999999999997527 2.4269340180606678 23.998970341085478 2.828480622676629e-17
18.453125 2.427757358971758 23.999999999997517 2.4276880756270254 23.99896976303534 1.7892814642745072e-17
18.484375 2.428511626153881 23.99999999999751 2.4284422345186467 23.99896847009964 1.1191819602844879e-17
18.515625 2.4292660420823795 23.999999999997506 2.4291965450060173 23.998967211346095 6.908033070364404e-18
18.546875 2.4300206070496015 23.999999999997502 2.429951028362841 23.998966309308692 4.1961531058258706e-18
18.578125 2.43077532134845 23.999999999997506 2.430705674020629 23.99896561355341 2.498590031010466e-18
18.609375 2.4315301852723827 23.999999999997492 2.4314604554653547 23.998964706262505 1.449916056694189e-18
18.640625 2.432285199115425 23.999999999997492 2.4322153621381695 23.99896343112078 8.123242558628094e-19
18.671875 2.433040363172153 23.999999999997492 2.4329704096388047 23.998962017043446 4.3225443940309184e-19
18.703125 2.4337956777377094 23.999999999997492 2.433725626792141 23.99896089204625 2.1139984100659238e-19
18.734375 2.4345511431077975 23.999999999997485 2.4344810296921855 23.99896028420678 8.743644241968582e-20
18.765625 2.435306759578695 23.999999999997478 2.4352365992998846 23.998959887508367 2.1292021952213176e-20
18.796875 2.4360625274472385 23.99999999999747 2.4359923077755345 23.998959322966037 -1.120966778113034e-20
18.828125 2.43681844701084 23.999999999997463 2.4367481491600422 23.99895848637903 -2.4794409328619503e-20
18.859375 2.437574518567481 23.999999999997463 2.4375041259297445 23.99895739230101 -2.8258874022225216e-20
18.890625 2.4383307424157126 23.999999999997456 2.43826024597067 23.99895616181907 -2.672813031849725e-20
18.921875 2.4390871188546646 23.99999999999745 2.43901652252901 23.998954998081494 -2.3088901174160298e-20
18.953125 2.4398436481840404 23.999999999997442 2.4397729682703657 23.998954080085028 -1.8889436847287846e-20
18.984375 2.440600330704127 23.999999999997435 2.4405295865620045 23.998953441514786 -1.489719778190366e-20
19.015625 2.441357166715787 23.999999999997428 2.4412863655910115 23.998952903906357 -1.143913179228943e-20
19.046875 2.442114156520465 23.999999999997424 2.442043285473561 23.998952174723076 -8.605353010410987e-21
19.078125 2.442871300420191 23.99999999999742 2.442800339304727 23.998951159397183 -6.368100805829833e-21
19.109375 2.44362859871758 23.999999999997414 2.44355753811542 23.99895000619312 -4.648962114637106e-21
19.140625 2.4443860517158367 23.999999999997414 2.444314899149293 23.998948958251468 -3.3550959936201877e-21
19.171875 2.4451436597187497 23.999999999997407 2.4450724293173116 23.998948111940827 -2.397332648142728e-21
19.203125 2.445901423030704 23.9999999999974 2.445830119294013 23.998947334106767 -1.698014209741317e-21
19.234375 2.446659341956678 23.999999999997392 2.4465879541098814 23.998946404568734 -1.193295339358929e-21
19.265625 2.4474174168022405 23.999999999997392 2.447345931042495 23.998945276428785 -8.326656155385357e-22
19.296875 2.44817564787356 23.999999999997396 2.4481040635608537 23.99894413299925 -5.77259160798956e-22
19.328125 2.4489340354774036 23.999999999997392 2.448862369122639 23.998943225470665 -3.977987490968176e-22
19.359375 2.449692579921134 23.999999999997375 2.4496208535463064 23.99894264282728 -2.7260073698019643e-22
19.390625 2.450451281512728 23.99999999999737 2.450379504346738 23.998942208226477 -1.8582826090560647e-22
19.421875 2.4512101405607583 23.99999999999737 2.4511382988296706 23.998941563500825 -1.2605058654817386e-22
19.453125 2.4519691573744034 23.999999999997367 2.4518972282611777 23.99894058404042 -8.510108664216983e-23
19.484375 2.45272833226345 23.999999999997357 2.4526563016280085 23.99893939109167 -5.719737357640802e-23
19.515625 2.4534876655382987 23.99999999999735 2.4534155346329376 23.998938218264904 -3.8277972523577195e-23
19.546875 2.454247157509962 23.99999999999734 2.4541749393484746 23.99893724223378 -2.5510813027808987e-23
19.578125 2.4550068084900616 23.99999999999733 2.4549345161685245 23.998936460585778 -1.6934177460038927e-23
19.609375 2.4557666187908422 23.99999999999732 2.455694250767465 23.998935652540965 -1.1197544736359961e-23
19.640625 2.4565265887251586 23.999999999997318 2.4564541230770276 23.998934517622402 -7.376468727502132e-24
19.671875 2.4572867186064924 23.999999999997318 2.457214127637954 23.998932980244447 -4.8415436441065506e-24
19.703125 2.458047008748939 23.999999999997314 2.4579742839227663 23.9989313205969 -3.1664072085467803e-24
19.734375 2.4588074594672253 23.999999999997307 2.4587346278294024 23.99893005961694 -2.063626327147327e-24
19.765625 2.4595680710767 23.999999999997303 2.4594951784299814 23.99892947070729 -1.3403152088627167e-24
19.796875 2.4603288438933424 23.9999999999973 2.460255926002523 23.998929395193564 -8.676038409735593e-25
19.828125 2.4610897782337577 23.999999999997296 2.461016865439738 23.998929767300577 -5.5975613110885925e-25
19.859375 2.4618508744151866 23.999999999997296 2.4617780262581586 23.998931012924256 -3.599654906553355e-25
19.890625 2.462612132755498 23.999999999997286 2.462539567960609 23.998935489575132 -2.3074218514254646e-25
19.921875 2.4633735535732044 23.99999999999728 2.4633021184018826 23.998952345788474 -1.474398097469421e-25
19.953125 2.464135137187454 23.999999999997286 2.464067460234647 23.99900770780509 -9.391605402168255e-26
19.984375 2.464896883918028 23.99999999999728 2.4648373812620656 23.999127767569565 -5.963706537766583e-26
20.015625 2.465658794085355 23.99999999999727 2.465611878158058 23.999312424821674 -3.775344399229274e-26
20.046875 2.46642086801051 23.999999999997264 2.4663890523744296 23.99953382213511 -2.3827139994964814e-26
20.078125 2.4671831060152103 23.999999999997257 2.4671656590026383 23.99974440705231 -1.49924343140427e-26
20.109375 2.4679455084218227 23.999999999997254 2.4679384999202485 23.9998973464497 -9.405155247393542e-27
20.140625 2.468708075553365 23.999999999997254 2.4687061668744237 23.99997204758771 -5.882486307471667e-27
20.171875 2.4694708077335017 23.99999999999725 2.4694702614112707 23.999991999647534 -3.668289004728993e-27
20.203125 2.4702337052865593 23.99999999999725 2.4702335415475307 23.999997601725116 -2.2807587812770227e-27
20.234375 2.470996768537516 23.999999999997243 2.4709967228350838 23.999999327983765 -1.4138812796945444e-27
20.265625 2.471759997812012 23.999999999997236 2.471759989118018 23.99999987077802 -8.73912572067705e-28
20.296875 2.4725233934363446 23.99999999999723 2.472523395115476 24.00000002582861 -5.38576355657764e-28
20.328125 2.4732869557374757 23.999999999997222 2.4732869590185986 24.000000048553158 -3.3094267750190695e-28
20.359375 2.474050685043035 23.999999999997222 2.4740506871177654 24.00000003028039 -2.027615344466844e-28
20.390625 2.474814581681316 23.999999999997222 2.4748145821457905 24.000000006691316 -1.238642375332453e-28
20.421875 2.475578645981278 23.999999999997222 2.475578645457701 23.999999992289528 -7.544549486732463e-29
20.453125 2.4763428782725567 23.999999999997215 2.476342877546915 23.999999989361203 -4.5819074330769235e-29
20.484375 2.477107278885465 23.999999999997215 2.4771072784434134 23.999999993532185 -2.774487006777097e-29
20.515625 2.477871848150982 23.999999999997208 2.4778718480739466 23.99999999886966 -1.6750947021985322e-29
20.546875 2.4786365864007758 23.999999999997208 2.478636586523621 24.000000001792838 -1.0083523940785047e-29
20.578125 2.4794014939671847 23.999999999997208 2.4794014940997657 24.000000001934993 -6.0519690049571036e-30
20.609375 2.480166571183232 23.9999999999972 2.4801665712345358 24.000000000746354 -3.621484103504994e-30
20.640625 2.480931818382629 23.999999999997193 2.4809318183636617 23.999999999719698 -2.1606037380466126e-30
20.671875 2.481697235899773 23.9999999999972 2.481697235862023 23.999999999445485 -1.2851516331372023e-30
20.703125 2.4824628240697475 23.999999999997193 2.4824628240495175 23.9999999997015 -7.621057735477044e-31
20.734375 2.483228583228329 23.999999999997186 2.4832285832302077 24.000000000024343 -4.505546363689017e-31
20.765625 2.4839945137119908 23.99999999999718 2.4839945137225383 24.000000000150884 -2.65545774288298e-31
20.796875 2.4847606158578976 23.999999999997176 2.4847606158647393 24.00000000009674 -1.5601918693651058e-31
20.828125 2.4855268900039142 23.99999999999718 2.4855268900040595 23.999999999999005 -9.137948787512768e-32
20.859375 2.4862933364886057 23.99999999999718 2.4862933364856197 23.999999999953346 -5.335009896503985e-32
20.890625 2.487059955651235 23.999999999997172 2.4870599556490895 23.999999999965596 -3.104698038737646e-32
20.921875 2.487826747831779 23.999999999997172 2.4878267478316425 23.9999999999949 -1.8008638503315503e-32
20.953125 2.488593713370917 23.999999999997172 2.488593713371776 24.00000000000948 -1.04111138669265e-32
20.984375 2.4893608526100337 23.999999999997165 2.4893608526106674 24.000000000006153 -5.998506676741735e-33
21.015625 2.490128165891234 23.999999999997165 2.4901281658912673 23.999999999997396 -3.444218049896123e-33
21.046875 2.490895653557332 23.999999999997158 2.4908956535570788 23.999999999993204 -1.9706444301768363e-33
21.078125 2.49166331595186 23.99999999999715 2.491663315951695 23.999999999994458 -1.123468433039923e-33
21.109375 2.49243115341907 23.999999999997144 2.4924311534190897 23.999999999997137 -6.381297208125961e-34
21.140625 2.493199166303931 23.999999999997133 2.4931991663040334 23.999999999998273 -3.610838991254936e-34
21.171875 2.493967354952141 23.999999999997122 2.4939673549522112 23.999999999997755 -2.0352048920353324e-34
21.203125 2.494735719710123 23.999999999997115 2.4947357197101336 23.999999999996916 -1.142489249897584e-34
21.234375 2.495504260925027 23.999999999997115 2.495504260925018 23.999999999996632 -6.386682306426079e-35
21.265625 2.4962729789447367 23.999999999997122 2.4962729789447415 23.99999999999684 -3.554705609886775e-35
21.296875 2.497041874117863 23.999999999997122 2.4970418741178864 23.999999999997097 -1.969481613251063e-35
21.328125 2.497810946793755 23.999999999997122 2.4978109467937823 23.99999999999715 -1.0859796109704051e-35
21.359375 2.498580197322502 23.99999999999711 2.4985801973225232 23.99999999999707 -5.957967746992783e-36
21.390625 2.499349626054932 23.9999999999971 2.4993496260549515 23.99999999999701 -3.251223154159321e-36
21.421875 2.500119233342623 23.999999999997094 2.5001192333426454 23.999999999997016 -1.764039657518716e-36
21.453125 2.500889019537887 23.999999999997087 2.5008890195379117 23.99999999999706 -9.512456240138327e-37
21.484375 2.5016589849937914 23.99999999999708 2.5016589849938153 23.99999999999707 -5.095304745953352e-37
21.515625 2.5024291300641517 23.99999999999708 2.502429130064175 23.999999999997055 -2.709319313161419e-37
21.546875 2.5031994551035366 23.99999999999708 2.503199455103558 23.99999999999704 -1.4289429136809048e-37
21.578125 2.50396996046727 23.999999999997073 2.503969960467292 23.999999999997048 -7.467854512244359e-38
21.609375 2.5047406465114337 23.999999999997062 2.504740646511456 23.99999999999705 -3.862246412839405e-38
21.640625 2.5055115135928725 23.99999999999706 2.505511513592893 23.99999999999703 -1.9733640409492698e-38
21.671875 2.5062825620691926 23.99999999999706 2.506282562069207 23.999999999996966 -9.937973385277114e-39
21.703125 2.5070537922987635 23.99999999999706 2.507053792298769 23.999999999996902 -4.9171664344323987e-39
21.734375 2.507825204640724 23.999999999997055 2.507825204640726 23.99999999999688 -2.379148315477548e-39
21.765625 2.508596799454982 23.99999999999704 2.508596799454993 23.99999999999691 -1.1175793032213454e-39
21.796875 2.509368577102225 23.99999999999703 2.5093685771022463 23.99999999999696 -5.035814308975148e-40
21.828125 2.510140537943914 23.99999999999703 2.5101405379439363 23.999999999996977 -2.128823627925937e-40
21.859375 2.5109126823422825 23.999999999997026 2.5109126823423042 23.999999999996973 -8.040211368904828e-41
21.890625 2.51168501066035 23.999999999997023 2.511685010660372 23.999999999996966 -2.3380523158598155e-41
21.921875 2.512457523261917 23.999999999997016 2.512457523261941 23.999999999996966 -1.1041630246284527e-42
21.953125 2.5132302205115753 23.99999999999701 2.5132302205115993 23.99999999999696 5.97690423008472e-42
21.984375 2.5140031027747005 23.999999999997 2.5140031027747254 23.99999999999695 6.949926403797957e-42
22.015625 2.514776170417462 23.999999999996994 2.514776170417486 23.999999999996934 5.846063377957028e-42
22.046875 2.5155494238068234 23.999999999996994 2.5155494238068465 23.99999999999693 4.325788212120148e-42
22.078125 2.5163228633105463 23.999999999996994 2.516322863310565 23.999999999996916 2.984371359915005e-42
22.109375 2.5170964892971894 23.999999999996994 2.517096489297206 23.999999999996913 1.9689254483153933e-42
22.140625 2.5178703021361146 23.999999999996994 2.5178703021361315 23.9999999999969 1.258888113997978e-42
22.171875 2.5186443021974876 23.999999999996987 2.5186443021975045 23.999999999996888 7.862381985663504e-43
22.203125 2.519418489852283 23.999999999996977 2.5194184898523027 23.999999999996895 4.8208921257584945e-43
22.234375 2.520192865472289 23.999999999996966 2.5201928654723127 23.999999999996916 2.91205779188509e-43
22.265625 2.520967429430107 23.999999999996973 2.520967429430134 23.99999999999695 1.7371316768754017e-43
22.296875 2.5217421820991426 23.999999999996966 2.5217421820991763 23.99999999999699 1.025195040406753e-43
22.328125 2.5225171238536364 23.99999999999696 2.522517123853672 23.99999999999701 5.993943055649722e-44
22.359375 2.5232922550686427 23.99999999999696 2.5232922550686743 23.999999999996994 3.4754386748737267e-44
22.390625 2.5240675761200375 23.999999999996955 2.5240675761200597 23.999999999996927 2.0001391905388715e-44
22.421875 2.524843087384525 23.999999999996945 2.5248430873845393 23.999999999996867 1.1432892156771465e-44
22.453125 2.525618789239646 23.999999999996934 2.5256187892396555 23.999999999996824 6.494345351696857e-45
22.484375 2.526394682063768 23.999999999996934 2.5263946820637795 23.99999999999681 3.6677085226756304e-45
22.515625 2.527170766236095 23.99999999999693 2.5271707662361127 23.999999999996827 2.060150041016556e-45
22.546875 2.5279470421366685 23.999999999996923 2.5279470421366907 23.999999999996852 1.1512940178789018e-45
22.578125 2.5287235101463743 23.999999999996916 2.5287235101463903 23.999999999996813 6.402876193520721e-46
22.609375 2.5295001706469398 23.999999999996913 2.5295001706469544 23.999999999996803 3.544595714090166e-46
22.640625 2.530277024020937 23.999999999996902 2.530277024020958 23.999999999996817 1.9536579209753196e-46
22.671875 2.531054070651796 23.999999999996895 2.5310540706518214 23.999999999996824 1.0722511834554478e-46
22.703125 2.531831310923793 23.999999999996888 2.531831310923815 23.999999999996817 5.8610728285051535e-47
22.734375 2.5326087452220625 23.999999999996888 2.5326087452220785 23.999999999996795 3.1911596593010844e-47
22.765625 2.5333863739325952 23.999999999996888 2.533386373932607 23.99999999999679 1.7308607822853055e-47
22.796875 2.5341641974422418 23.999999999996874 2.5341641974422573 23.99999999999679 9.353267962350299e-48
22.828125 2.5349422161387265 23.999999999996867 2.5349422161387456 23.9999999999968 5.0360797287801475e-48
22.859375 2.5357204304106356 23.999999999996867 2.535720430410655 23.999999999996806 2.702002356417873e-48
22.890625 2.5364988406474227 23.999999999996867 2.5364988406474405 23.99999999999679 1.4446905109718582e-48
22.921875 2.5372774472394184 23.999999999996867 2.5372774472394326 23.999999999996742 7.698188899911537e-49
22.953125 2.538056250577829 23.99999999999686 2.5380562505778403 23.999999999996707 4.0883930329748965e-49
22.984375 2.53883525105474 23.999999999996852 2.538835251054749 23.99999999999668 2.164163558795051e-49
23.015625 2.539614449063124 23.999999999996845 2.539614449063132 23.999999999996685 1.1418828486624206e-49
23.046875 2.5403938449968324 23.999999999996838 2.5403938449968395 23.999999999996675 6.005727064687491e-50
23.078125 2.5411734392506133 23.999999999996838 2.541173439250621 23.99999999999668 3.1487547339947423e-50
23.109375 2.541953232220095 23.99999999999683 2.5419532322201084 23.999999999996696 1.645720846417934e-50
23.140625 2.542733224301813 23.99999999999683 2.5427332243018217 23.999999999996678 8.574936586047256e-51
23.171875 2.543513415893192 23.999999999996824 2.5435134158932016 23.99999999999669 4.454253611117328e-51
23.203125 2.5442938073925614 23.999999999996824 2.5442938073925747 23.999999999996696 2.3067406877601848e-51
23.234375 2.545074399199156 23.999999999996817 2.545074399199171 23.99999999999669 1.1909998921582205e-51
23.265625 2.545855191713116 23.99999999999681 2.5458551917131333 23.999999999996703 6.1308674558564455e-52
23.296875 2.5466361853354966 23.99999999999681 2.5466361853355153 23.99999999999671 3.1465632025112256e-52
23.328125 2.547417380468259 23.99999999999681 2.547417380468276 23.99999999999671 1.6101315822779676e-52
23.359375 2.548198777514285 23.99999999999681 2.5481987775142985 23.999999999996696 8.214889684997225e-53
23.390625 2.5489803768773758 23.999999999996803 2.54898037687739 23.99999999999669 4.178897469918695e-53
23.421875 2.5497621789622578 23.999999999996795 2.5497621789622746 23.999999999996703 2.119554414886232e-53
23.453125 2.550544184174586 23.999999999996795 2.550544184174603 23.999999999996703 1.07189611230049e-53
23.484375 2.551326392920937 23.999999999996795 2.5513263929209535 23.99999999999669 5.404899700758321e-54
23.515625 2.5521088056088272 23.99999999999678 2.552108805608844 23.99999999999666 2.71737836329482e-54
23.546875 2.5528914226467103 23.99999999999678 2.5528914226467303 23.999999999996646 1.3621972531801136e-54
23.578125 2.5536742444439744 23.999999999996774 2.553674244444 23.999999999996668 6.808576983337657e-55
23.609375 2.5544572714109544 23.999999999996767 2.554457271410982 23.999999999996696 3.3931056550831865e-55
23.640625 2.555240503958927 23.999999999996763 2.5552405039589488 23.999999999996678 1.686011193240446e-55
23.671875 2.556023942500124 23.99999999999676 2.5560239425001408 23.99999999999666 8.352991740634592e-56
23.703125 2.5568075874477296 23.99999999999676 2.556807587447744 23.999999999996668 4.126081146814488e-56
23.734375 2.5575914392158783 23.999999999996753 2.5575914392158943 23.999999999996668 2.0320867377757505e-56
23.765625 2.558375498219669 23.999999999996746 2.55837549821969 23.999999999996678 9.978129800561989e-57
23.796875 2.5591597648751643 23.999999999996746 2.5591597648751865 23.99999999999669 4.884848740431868e-57
23.828125 2.5599442395993894 23.999999999996742 2.559944239599406 23.999999999996675 2.3841835575636754e-57
23.859375 2.560728922810344 23.999999999996746 2.5607289228103514 23.999999999996636 1.1601261438237894e-57
23.890625 2.5615138149269967 23.99999999999675 2.5615138149270003 23.999999999996632 5.6277758939184945e-58
23.921875 2.5622989163692895 23.999999999996746 2.5622989163693 23.999999999996646 2.7215866533612825e-58
23.953125 2.5630842275581576 23.999999999996753 2.5630842275581722 23.99999999999665 1.3120415267055653e-58
23.984375 2.5638697489155042 23.999999999996742 2.56386974891552 23.99999999999661 6.305182608170241e-59
24.015625 2.5646554808642295 23.99999999999673 2.5646554808642446 23.999999999996586 3.0203361416968546e-59
24.046875 2.5654414238282266 23.999999999996728 2.565441423828238 23.999999999996582 1.442119640701555e-59
24.078125 2.566227578232377 23.99999999999674 2.566227578232377 23.999999999996547 6.863006283915339e-60
24.109375 2.5670139445025546 23.99999999999673 2.5670139445025546 23.99999999999654 3.2551487659220895e-60
24.140625 2.567800523065644 23.999999999996724 2.567800523065647 23.99999999999654 1.5386651948267813e-60
24.171875 2.568587314349534 23.999999999996724 2.568587314349532 23.99999999999651 7.247774453020917e-61
24.203125 2.569374318783117 23.99999999999672 2.569374318783112 23.999999999996525 3.401882857024736e-61
24.234375 2.5701615367962978 23.99999999999672 2.5701615367962933 23.999999999996547 1.590929990931295e-61
24.265625 2.5709489688200007 23.999999999996717 2.5709489688199954 23.999999999996554 7.4123871613528855e-62
24.296875 2.5717366152861665 23.99999999999671 2.5717366152861643 23.999999999996554 3.4402769321153487e-62
24.328125 2.5725244766277573 23.999999999996703 2.5725244766277577 23.999999999996547 1.5903905636321816e-62
24.359375 2.5733125532787673 23.999999999996696 2.5733125532787695 23.999999999996554 7.321984942534789e-63
24.390625 2.5741008456742174 23.99999999999669 2.57410084567422 23.999999999996565 3.356600044717967e-63
24.421875 2.5748893542501614 23.999999999996685 2.5748893542501645 23.999999999996575 1.5319234162033377e-63
24.453125 2.5756780794436924 23.99999999999668 2.575678079443698 23.999999999996607 6.959052145299416e-64
24.484375 2.576467021692945 23.999999999996678 2.5764670216929506 23.999999999996607 3.145813634902412e-64
24.515625 2.5772561814370976 23.99999999999668 2.5772561814371024 23.999999999996582 1.414693107295441e-64
24.546875 2.57804555911638 23.999999999996685 2.578045559116377 23.999999999996525 6.326920398120275e-65
24.578125 2.5788351551720696 23.999999999996685 2.578835155172059 23.99999999999647 2.8128757645194546e-65
24.609375 2.579624970046506 23.999999999996685 2.579624970046492 23.999999999996444 1.2425942366207413e-65
24.640625 2.580415004183087 23.999999999996685 2.580415004183071 23.999999999996454 5.451008665905134e-66
24.671875 2.581205258026274 23.99999999999669 2.581205258026258 23.99999999999649 2.372921497325267e-66
24.703125 2.5819957320215927 23.999999999996675 2.5819957320215816 23.999999999996515 1.0241461876918614e-66
24.734375 2.582786426615649 23.999999999996668 2.5827864266156415 23.999999999996536 4.377446861968469e-67
24.765625 2.583577342256123 23.999999999996664 2.583577342256116 23.999999999996554 1.8502142513491473e-67
24.796875 2.5843684793917694 23.999999999996668 2.5843684793917587 23.999999999996522 7.718206623049324e-68
24.828125 2.58515983847243 23.999999999996668 2.585159838472416 23.999999999996497 3.1691289287035775e-68
24.859375 2.5859514199490294 23.999999999996668 2.5859514199490197 23.99999999999652 1.275954546258792e-68
24.890625 2.5867432242735884 23.999999999996657 2.5867432242735804 23.999999999996504 5.008720464462768e-69
24.921875 2.5875352518992236 23.999999999996646 2.5875352518992183 23.999999999996504 1.8996549218085223e-69
24.953125 2.5883275032801514 23.99999999999664 2.5883275032801474 23.999999999996525 6.85218368134225e-70
24.984375 2.5891199788716928 23.999999999996643 2.589119978871685 23.999999999996543 2.27822078484169e-70
