0.015625 2.0 0.0 2.000704548300072 24.0 -2.27822078484169e-70
0.046875 2.0 0.0 2.001408864637672 23.999999999999993 -6.85218368134225e-70
0.078125 2.0 0.0 2.0021135331268343 23.999999999999986 -1.8996549218085223e-69
0.109375 2.0 0.0 2.0028179627968115 23.99999999999999 -5.008720464462768e-69
0.140625 2.0 0.0 2.0035225795414373 23.999999999999986 -1.275954546258792e-68
0.171875 2.0 0.0 2.0042271833645406 23.99999999999998 -3.1691289287035775e-68
0.203125 2.0 0.0 2.0049318296314205 23.99999999999998 -7.718206623049324e-68
0.234375 2.0 0.0 2.0056365114143127 23.99999999999997 -1.8502142513491473e-67
0.265625 2.0 0.0 2.0063412290911806 23.99999999999997 -4.377446861968469e-67
0.296875 2.0 0.0 2.007045982695565 23.999999999999964 -1.0241461876918614e-66
0.328125 2.0 0.0 2.00775077239567 23.99999999999996 -2.372921497325267e-66
0.359375 2.0 0.0 2.0084555983201406 23.999999999999964 -5.451008665905134e-66
0.390625 2.0 0.0 2.009160460606137 23.99999999999996 -1.2425942366207413e-65
0.421875 2.0 0.0 2.0098653593897007 23.99999999999996 -2.8128757645194546e-65
0.453125 2.0 0.0 2.0105702948071187 23.999999999999957 -6.326920398120275e-65
0.484375 2.0 0.0 2.01127526699476 23.99999999999995 -1.414693107295441e-64
0.515625 2.0 0.0 2.0119802760891083 23.99999999999994 -3.145813634902412e-64
0.546875 2.0 0.0 2.0126853222267544 23.999999999999936 -6.959052145299416e-64
0.578125 2.0 0.0 2.0133904055443947 23.999999999999936 -1.5319234162033377e-63
0.609375 2.0 0.0 2.014095526178834 23.999999999999936 -3.356600044717967e-63
0.640625 2.0 0.0 2.0148006842669863 23.999999999999936 -7.321984942534789e-63
0.671875 2.0 0.0 2.0155058799458745 23.99999999999993 -1.5903905636321816e-62
0.703125 2.0 0.0 2.016211113352631 23.99999999999993 -3.4402769321153487e-62
0.734375 2.0 0.0 2.0169163846244986 23.99999999999993 -7.4123871613528855e-62
0.765625 2.0 0.0 2.0176216938988274 23.999999999999925 -1.590929990931295e-61
0.796875 2.0 0.0 2.0183270413130803 23.999999999999922 -3.401882857024736e-61
0.828125 2.0 0.0 2.0190324270048285 23.999999999999915 -7.247774453020917e-61
0.859375 2.0 0.0 2.0197378511117554 23.999999999999908 -1.5386651948267813e-60
0.890625 2.0 0.0 2.0204433137716586 23.999999999999908 -3.2551487659220895e-60
0.921875 2.0 0.0 2.0211488151224417 23.999999999999908 -6.863006283915339e-60
0.953125 2.0 0.0 2.021854355302122 23.999999999999904 -1.442119640701555e-59
0.984375 2.0 0.0 2.0225599344488296 23.9999999999999 -3.0203361416968546e-59
1.015625 2.0 0.0 2.023265552700808 23.999999999999893 -6.305182608170241e-59
1.046875 2.0 0.0 2.0239712101964127 23.99999999999989 -1.3120415267055653e-58
1.078125 2.0 0.0 2.024676907074113 23.999999999999886 -2.7215866533612825e-58
1.109375 2.0 0.0 2.0253826434724913 23.999999999999883 -5.6277758939184945e-58
1.140625 2.0 0.0 2.026088419530244 23.99999999999988 -1.1601261438237894e-57
1.171875 2.0 0.0 2.0267942353861814 23.99999999999988 -2.3841835575636754e-57
1.203125 2.0 0.0 2.0275000911792285 23.999999999999872 -4.884848740431868e-57
1.234375 2.0 0.0 2.028205987048427 23.999999999999872 -9.978129800561989e-57
1.265625 2.0 0.0 2.02891192313293 23.999999999999872 -2.0320867377757505e-56
1.296875 2.0 0.0 2.02961789957201 23.999999999999872 -4.126081146814488e-56
1.328125 2.0 0.0 2.030323916505055 23.999999999999876 -8.352991740634592e-56
1.359375 2.0 0.0 2.0310299740715667 23.99999999999988 -1.686011193240446e-55
1.390625 2.0 0.0 2.0317360724111646 23.999999999999876 -3.3931056550831865e-55
1.421875 2.0 0.0 2.032442211663585 23.99999999999987 -6.808576983337657e-55
1.453125 2.0 0.0 2.0331483919686857 23.999999999999858 -1.3621972531801136e-54
1.484375 2.0 0.0 2.0338546134664375 23.99999999999985 -2.71737836329482e-54
1.515625 2.0 0.0 2.034560876296931 23.99999999999985 -5.404899700758321e-54
1.546875 2.0 0.0 2.035267180600375 23.999999999999844 -1.07189611230049e-53
1.578125 2.0 0.0 2.035973526517097 23.999999999999844 -2.119554414886232e-53
1.609375 2.0 0.0 2.036679914187542 23.99999999999984 -4.178897469918695e-53
1.640625 2.0 0.0 2.037386343752278 23.999999999999837 -8.214889684997225e-53
1.671875 2.0 0.0 2.0380928153519893 23.999999999999837 -1.6101315822779676e-52
1.703125 2.0 0.0 2.0387993291274835 23.999999999999837 -3.1465632025112256e-52
1.734375 2.0 0.0 2.039505885219686 23.999999999999837 -6.1308674558564455e-52
1.765625 2.0 0.0 2.040212483769643 23.99999999999983 -1.1909998921582205e-51
1.796875 2.0 0.0 2.040919124918525 23.99999999999982 -2.3067406877601848e-51
1.828125 2.0 0.0 2.0416258088076225 23.99999999999982 -4.454253611117328e-51
1.859375 2.0 0.0 2.0423325355783475 23.999999999999815 -8.574936586047256e-51
1.890625 2.0 0.0 2.0430393053722335 23.999999999999808 -1.645720846417934e-50
1.921875 2.0 0.0 2.04374611833094 23.99999999999981 -3.1487547339947423e-50
1.953125 2.0 0.0 2.044452974596245 23.999999999999808 -6.005727064687491e-50
1.984375 2.0 0.0 2.045159874310051 23.9999999999998 -1.1418828486624206e-49
2.015625 2.0 0.0 2.0458668176143897 23.9999999999998 -2.164163558795051e-49
2.046875 2.0 0.0 2.04657380465141 23.9999999999998 -4.0883930329748965e-49
2.078125 2.0 0.0 2.047280835563387 23.999999999999794 -7.698188899911537e-49
2.109375 2.0 0.0 2.0479879104927243 23.999999999999794 -1.4446905109718582e-48
2.140625 2.0 0.0 2.0486950295819453 23.99999999999979 -2.702002356417873e-48
2.171875 2.0 0.0 2.0494021929737025 23.99999999999979 -5.0360797287801475e-48
2.203125 2.0 0.0 2.050109400810773 23.999999999999787 -9.353267962350299e-48
2.234375 2.0 0.0 2.050816653236062 23.999999999999787 -1.7308607822853055e-47
2.265625 2.0 0.0 2.0515239503925997 23.999999999999787 -3.1911596593010844e-47
2.296875 2.0 0.0 2.052231292423542 23.99999999999978 -5.8610728285051535e-47
2.328125 2.0 0.0 2.0529386794721756 23.99999999999978 -1.0722511834554478e-46
2.359375 2.0 0.0 2.0536461116819122 23.999999999999773 -1.9536579209753196e-46
2.390625 2.0 0.0 2.054353589196294 23.99999999999977 -3.544595714090166e-46
2.421875 2.0 0.0 2.05506111215899 23.999999999999766 -6.402876193520721e-46
2.453125 2.0 0.0 2.0557686807137987 23.999999999999766 -1.1512940178789018e-45
2.484375 2.0 0.0 2.0564762950046465 23.99999999999976 -2.060150041016556e-45
2.515625 2.0 0.0 2.0571839551755913 23.99999999999976 -3.6677085226756304e-45
2.546875 2.0 0.0 2.05789166137082 23.999999999999748 -6.494345351696857e-45
2.578125 2.0 0.0 2.05859941373465 23.999999999999744 -1.1432892156771465e-44
2.609375 2.0 0.0 2.0593072124115315 23.999999999999737 -2.0001391905388715e-44
2.640625 2.0 0.0 2.060015057546042 23.99999999999973 -3.4754386748737267e-44
2.671875 2.0 0.0 2.0607229492828947 23.99999999999973 -5.993943055649722e-44
2.703125 2.0 0.0 2.0614308877669307 23.999999999999726 -1.025195040406753e-43
2.734375 2.0 0.0 2.062138873143124 23.999999999999716 -1.7371316768754017e-43
2.765625 2.0 0.0 2.0628469055565866 23.99999999999971 -2.91205779188509e-43
2.796875 2.0 0.0 2.0635549851525568 23.999999999999705 -4.8208921257584945e-43
2.828125 2.0 0.0 2.06426311207641 23.999999999999705 -7.862381985663504e-43
2.859375 2.0 0.0 2.0649712864736527 23.9999999999997 -1.258888113997978e-42
2.890625 2.0 0.0 2.0656795084899287 23.999999999999694 -1.9689254483153933e-42
2.921875 2.0 0.0 2.0663877782710145 23.99999999999969 -2.984371359915005e-42
2.953125 2.0 0.0 2.067096095962822 23.999999999999684 -4.325788212120148e-42
2.984375 2.0 0.0 2.0678044617113986 23.99999999999968 -5.846063377957028e-42
3.015625 2.0 0.0 2.068512875662927 23.999999999999673 -6.949926403797957e-42
3.046875 2.0 0.0 2.069221337963728 23.999999999999673 -5.97690423008472e-42
3.078125 2.0 0.0 2.069929848760256 23.999999999999673 1.1041630246284527e-42
3.109375 2.0 0.0 2.0706384081991014 23.999999999999662 2.3380523158598155e-41
3.140625 2.0 0.0 2.071347016426997 23.99999999999966 8.040211368904828e-41
3.171875 2.0 0.0 2.0720556735908096 23.99999999999966 2.128823627925937e-40
3.203125 2.0 0.0 2.072764379837545 23.999999999999652 5.035814308975148e-40
3.234375 2.0 0.0 2.073473135314347 23.999999999999652 1.1175793032213454e-39
3.265625 2.0 0.0 2.074181940168499 23.999999999999652 2.379148315477548e-39
3.296875 2.0 0.0 2.0748907945474206 23.99999999999964 4.9171664344323987e-39
3.328125 2.0 0.0 2.0755996985986753 23.999999999999638 9.937973385277114e-39
3.359375 2.0 0.0 2.076308652469965 23.99999999999963 1.9733640409492698e-38
3.390625 2.0 0.0 2.077017656309134 23.99999999999963 3.862246412839405e-38
3.421875 2.0 0.0 2.0777267102641646 23.99999999999963 7.467854512244359e-38
3.453125 2.0 0.0 2.078435814483181 23.99999999999963 1.4289429136809048e-37
3.484375 2.0 0.0 2.079144969114447 23.999999999999623 2.709319313161419e-37
3.515625 2.0 0.0 2.0798541743063734 23.99999999999962 5.095304745953352e-37
3.546875 2.0 0.0 2.0805634302075102 23.999999999999616 9.512456240138327e-37
3.578125 2.0 0.0 2.081272736966551 23.999999999999616 1.764039657518716e-36
3.609375 2.0 0.0 2.081982094732334 23.999999999999616 3.251223154159321e-36
3.640625 2.0 0.0 2.0826915036538356 23.99999999999961 5.957967746992783e-36
3.671875 2.0 0.0 2.083400963880183 23.999999999999602 1.0859796109704051e-35
3.703125 2.0 0.0 2.084110475560645 23.999999999999595 1.969481613251063e-35
3.734375 2.0 0.0 2.0848200388446374 23.999999999999602 3.554705609886775e-35
3.765625 2.0 0.0 2.085529653881716 23.999999999999595 6.386682306426079e-35
3.796875 2.0 0.0 2.086239320821588 23.999999999999588 1.142489249897584e-34
3.828125 2.0 0.0 2.0869490398141033 23.999999999999588 2.0352048920353324e-34
3.859375 2.0 0.0 2.08765881100926 23.999999999999588 3.610838991254936e-34
3.890625 2.0 0.0 2.088368634557202 23.999999999999584 6.381297208125961e-34
3.921875 2.0 0.0 2.0890785106082204 23.999999999999574 1.123468433039923e-33
3.953125 2.0 0.0 2.0897884393127573 23.999999999999574 1.9706444301768363e-33
3.984375 2.0 0.0 2.0904984208214 23.999999999999574 3.444218049896123e-33
4.015625 2.0 0.0 2.0912084552848826 23.999999999999563 5.998506676741735e-33
4.046875 2.0 0.0 2.091918542854093 23.999999999999563 1.04111138669265e-32
4.078125 2.0 0.0 2.0926286836800667 23.999999999999567 1.8008638503315503e-32
4.109375 2.0 0.0 2.0933388779139843 23.99999999999956 3.104698038737646e-32
4.140625 2.0 0.0 2.094049125707186 23.999999999999556 5.335009896503985e-32
4.171875 2.0 0.0 2.094759427211155 23.999999999999556 9.137948787512768e-32
4.203125 2.0 0.0 2.0954697825775295 23.999999999999556 1.5601918693651058e-31
4.234375 2.0 0.0 2.096180191958096 23.999999999999552 2.65545774288298e-31
4.265625 2.0 0.0 2.096890655504795 23.999999999999545 4.505546363689017e-31
4.296875 2.0 0.0 2.0976011733697213 23.999999999999538 7.621057735477044e-31
4.328125 2.0 0.0 2.0983117457051197 23.99999999999953 1.2851516331372023e-30
4.359375 2.0 0.0 2.0990223726633896 23.99999999999953 2.1606037380466126e-30
4.390625 2.0 0.0 2.099733054397084 23.99999999999953 3.621484103504994e-30
4.421875 2.0 0.0 2.100443791058908 23.99999999999953 6.0519690049571036e-30
4.453125 2.0 0.0 2.1011545828017235 23.99999999999953 1.0083523940785047e-29
4.484375 2.0 0.0 2.101865429778548 23.99999999999953 1.6750947021985322e-29
4.515625 2.0 0.0 2.1025763321425517 23.999999999999524 2.774487006777097e-29
4.546875 2.0 0.0 2.1032872900470627 23.999999999999524 4.5819074330769235e-29
4.578125 2.0 0.0 2.1039983036455663 23.999999999999524 7.544549486732463e-29
4.609375 2.0 0.0 2.1047093730916995 23.999999999999517 1.238642375332453e-28
4.640625 2.0 0.0 2.105420498539263 23.99999999999951 2.027615344466844e-28
4.671875 2.0 0.0 2.1061316801422114 23.999999999999503 3.3094267750190695e-28
4.703125 2.0 0.0 2.1068429180546597 23.999999999999503 5.38576355657764e-28
4.734375 2.0 0.0 2.107554212430877 23.999999999999496 8.73912572067705e-28
4.765625 2.0 0.0 2.108265563425295 23.99999999999949 1.4138812796945444e-27
4.796875 2.0 0.0 2.1089769711925035 23.99999999999948 2.2807587812770227e-27
4.828125 2.0 0.0 2.1096884358872554 23.99999999999948 3.668289004728993e-27
4.859375 2.0 0.0 2.110399957664457 23.99999999999948 5.882486307471667e-27
4.890625 2.0 0.0 2.1111115366791804 23.999999999999474 9.405155247393542e-27
4.921875 2.0 0.0 2.1118231730866572 23.999999999999467 1.49924343140427e-26
4.953125 2.0 0.0 2.1125348670422843 23.999999999999467 2.3827139994964814e-26
4.984375 2.0 0.0 2.1132466187016137 23.999999999999467 3.775344399229274e-26
5.015625 2.0 0.0 2.1139584282203634 23.99999999999946 5.963706537766583e-26
5.046875 2.0 0.0 2.114670295754416 23.999999999999453 9.391605402168255e-26
5.078125 2.0 0.0 2.1153822214598152 23.99999999999945 1.474398097469421e-25
5.109375 2.0 0.0 2.1160942054927707 23.99999999999945 2.3074218514254646e-25
5.140625 2.0 0.0 2.116806248009654 23.99999999999945 3.599654906553355e-25
5.171875 2.0 0.0 2.1175183491670015 23.99999999999944 5.5975613110885925e-25
5.203125 2.0 0.0 2.118230509121517 23.99999999999944 8.676038409735593e-25
5.234375 2.0 0.0 2.118942728030067 23.99999999999943 1.3403152088627167e-24
5.265625 2.0 0.0 2.1196550060496886 23.999999999999424 2.063626327147327e-24
5.296875 2.0 0.0 2.1203673433375814 23.999999999999417 3.1664072085467803e-24
5.328125 2.0 0.0 2.1210797400511137 23.999999999999414 4.8415436441065506e-24
5.359375 2.0 0.0 2.121792196347821 23.99999999999941 7.376468727502132e-24
5.390625 2.0 0.0 2.122504712385405 23.999999999999403 1.1197544736359961e-23
5.421875 2.0 0.0 2.123217288321743 23.99999999999941 1.6934177460038927e-23
5.453125 2.0 0.0 2.1239299243148677 23.999999999999403 2.5510813027808987e-23
5.484375 2.0 0.0 2.1246426205229945 23.999999999999396 3.8277972523577195e-23
5.515625 2.0 0.0 2.125355377104504 23.999999999999396 5.719737357640802e-23
5.546875 2.0 0.0 2.126068194217945 23.999999999999396 8.510108664216983e-23
5.578125 2.0 0.0 2.1267810720220375 23.99999999999939 1.2605058654817386e-22
5.609375 2.0 0.0 2.127494010675675 23.999999999999382 1.8582826090560647e-22
5.640625 2.0 0.0 2.1282070103379214 23.999999999999375 2.7260073698019643e-22
5.671875 2.0 0.0 2.1289200711680145 23.999999999999375 3.977987490968176e-22
5.703125 2.0 0.0 2.129633193325363 23.999999999999375 5.77259160798956e-22
5.734375 2.0 0.0 2.1303463769695448 23.999999999999364 8.326656155385357e-22
5.765625 2.0 0.0 2.1310596222603224 23.999999999999368 1.193295339358929e-21
5.796875 2.0 0.0 2.131772929357621 23.999999999999364 1.698014209741317e-21
5.828125 2.0 0.0 2.132486298421547 23.999999999999368 2.397332648142728e-21
5.859375 2.0 0.0 2.1331997296123784 23.999999999999364 3.3550959936201877e-21
5.890625 2.0 0.0 2.1339132230905706 23.99999999999936 4.648962114637106e-21
5.921875 2.0 0.0 2.134626779016756 23.999999999999353 6.368100805829833e-21
5.953125 2.0 0.0 2.135340397551742 23.99999999999936 8.605353010410987e-21
5.984375 2.0 0.0 2.136054078856511 23.999999999999353 1.143913179228943e-20
6.015625 2.0 0.0 2.1367678230922262 23.999999999999346 1.489719778190366e-20
6.046875 2.0 0.0 2.137481630420228 23.99999999999934 1.8889436847287846e-20
6.078125 2.0 0.0 2.138195501002036 23.999999999999332 2.3088901174160298e-20
6.109375 2.0 0.0 2.1389094349993476 23.99999999999933 2.672813031849725e-20
6.140625 2.0 0.0 2.139623432574041 23.999999999999332 2.8258874022225216e-20
6.171875 2.0 0.0 2.14033749388817 23.99999999999933 2.4794409328619503e-20
6.203125 2.0 0.0 2.141051619103973 23.99999999999933 1.120966778113034e-20
6.234375 2.0 0.0 2.1417658083838695 23.999999999999325 -2.1292021952213176e-20
6.265625 2.0 0.0 2.1424800618904563 23.999999999999318 -8.743644241968582e-20
6.296875 2.0 0.0 2.143194379786518 23.99999999999931 -2.1139984100659238e-19
6.328125 2.0 0.0 2.143908762235017 23.9999999999993 -4.3225443940309184e-19
6.359375 2.0 0.0 2.1446232093991027 23.99999999999929 -8.123242558628094e-19
6.390625 2.0 0.0 2.145337721442104 23.999999999999282 -1.449916056694189e-18
6.421875 2.0 0.0 2.146052298527536 23.999999999999275 -2.498590031010466e-18
6.453125 2.0 0.0 2.146766940819096 23.99999999999926 -4.1961531058258706e-18
6.484375 2.0 0.0 2.147481648480672 23.999999999999257 -6.908033070364404e-18
6.515625 2.0 0.0 2.1481964216763307 23.999999999999257 -1.1191819602844879e-17
6.546875 2.0 0.0 2.1489112605703258 23.999999999999254 -1.7892814642745072e-17
6.578125 2.0 0.0 2.1496261653271027 23.999999999999254 -2.828480622676629e-17
6.609375 2.0 0.0 2.1503411361112867 23.999999999999254 -4.427650759039602e-17
6.640625 2.0 0.0 2.151056173087695 23.999999999999243 -6.871293963104205e-17
6.671875 2.0 0.0 2.151771276421332 23.99999999999924 -1.0581352319837788e-16
6.703125 1.9999999999999998 0.0 2.1524864462773916 23.999999999999233 -1.6180622920595578e-16
6.734375 1.9999999999999998 0.0 2.153201682821256 23.999999999999226 -2.4584179170539287e-16
6.765625 1.9999999999999996 0.0 2.1539169862184955 23.999999999999226 -3.7130643844254734e-16
6.796875 1.9999999999999993 0.0 2.1546323566348713 23.99999999999922 -5.576995431938721e-16
6.828125 1.9999999999999991 0.0 2.155347794236337 23.999999999999215 -8.333090963179003e-16
6.859375 1.9999999999999987 0.0 2.156063299189034 23.999999999999204 -1.2390097532254693e-15
6.890625 1.9999999999999982 0.0 2.1567788716592995 23.999999999999197 -1.833634667520214e-15
6.921875 1.9999999999999973 0.0 2.1574945118136593 23.99999999999919 -2.7015457262591083e-15
6.953125 1.999999999999996 0.0 2.1582102198188347 23.999999999999183 -3.963263749308563e-15
6.984375 1.9999999999999942 0.0 2.158925995841738 23.999999999999183 -5.790342783568785e-15
7.015625 1.9999999999999916 0.0 2.159641840049475 23.999999999999176 -8.426110147273168e-15
7.046875 1.9999999999999878 0.0 2.1603577526093494 23.99999999999917 -1.2214485147172358e-14
7.078125 1.9999999999999825 0.0 2.1610737336888564 23.99999999999917 -1.7639885483553146e-14
7.109375 1.9999999999999747 0.0 2.161789783455686 23.99999999999916 -2.53822982660602e-14
7.140625 1.9999999999999636 0.0 2.1625059020777284 23.99999999999916 -3.63930197719041e-14
7.171875 1.999999999999948 0.0 2.1632220897230656 23.99999999999915 -5.1998468342356297e-14
7.203125 1.999999999999926 0.0 2.1639383465599797 23.999999999999154 -7.404199539793786e-14
7.234375 1.999999999999895 0.0 2.164654672756949 23.999999999999147 -1.050769502468153e-13
7.265625 1.9999999999998515 0.0 2.165371068482652 23.999999999999147 -1.4862863863463673e-13
7.296875 1.9999999999997904 0.0 2.166087533905962 23.99999999999914 -2.0954856369736308e-13
7.328125 1.9999999999997056 0.0 2.1668040691959574 23.99999999999914 -2.9449184610589434e-13
7.359375 1.9999999999995874 0.0 2.16752067452191 23.99999999999913 -4.1255848706260836e-13
7.390625 1.9999999999994238 0.0 2.1682373500532997 23.99999999999912 -5.761517913992377e-13
7.421875 1.999999999999198 0.0 2.1689540959598057 23.99999999999912 -8.021235938183894e-13
7.453125 1.9999999999988867 0.0 2.1696709124113047 23.99999999999911 -1.113296906264696e-12
7.484375 1.9999999999984595 0.0 2.1703877995778846 23.999999999999105 -1.5404834363647938e-12
7.515625 1.9999999999978748 0.0 2.1711047576298332 23.999999999999098 -2.1251475998174054e-12
7.546875 1.999999999997077 0.0 2.1718217867376453 23.99999999999909 -2.922911974610753e-12
7.578125 1.9999999999959919 0.0 2.172538887072027 23.999999999999083 -4.008153816462366e-12
7.609375 1.99999999999452 0.0 2.173256058803888 23.999999999999076 -5.480010911465506e-12
7.640625 1.9999999999925298 0.0 2.173973302104353 23.999999999999076 -7.470200829441743e-12
7.671875 1.9999999999898468 0.0 2.1746906171447593 23.999999999999073 -1.0153164275917284e-11
7.703125 1.9999999999862408 0.0 2.1754080040966626 23.999999999999066 -1.3759175065993107e-11
7.734375 1.9999999999814089 0.0 2.176125463131842 23.99999999999907 -1.8591221278310382e-11
7.765625 1.9999999999749534 0.0 2.1768429944223016 23.999999999999055 -2.5046660111161175e-11
7.796875 1.9999999999663551 0.0 2.177560598140283 23.999999999999055 -3.364488926874075e-11
7.828125 1.9999999999549374 0.0 2.1782782744582647 23.999999999999048 -4.506256740414861e-11
7.859375 1.9999999999398217 0.0 2.1789960235489825 23.99999999999904 -6.017826279695694e-11
7.890625 1.9999999999198712 0.0 2.1797138455854332 23.99999999999904 -8.012882088826562e-11
7.921875 1.9999999998936198 0.0 2.1804317407408975 23.99999999999904 -1.0638022529341046e-10
7.953125 1.9999999998591838 0.0 2.181149709188956 23.999999999999034 -1.4081629059050188e-10
7.984375 1.9999999998141509 0.0 2.1818677511035176 23.999999999999034 -1.8584917425466984e-10
8.015625 1.9999999997554436 0.0 2.182585866658844 23.999999999999034 -2.445564327745659e-10
8.046875 1.9999999996791498 0.0 2.183304056029594 23.999999999999034 -3.2085017244722926e-10
8.078125 1.9999999995803153 0.0 2.1840223193908628 23.999999999999023 -4.196847518033573e-10
8.109375 1.9999999994526896 0.0 2.1847406569182484 23.99999999999902 -5.473104646628257e-10
8.140625 1.9999999992884183 0.0 2.185459068787912 23.999999999999012 -7.115816430660233e-10
8.171875 1.9999999990776713 0.0 2.186177555176662 23.99999999999901 -9.22328624068492e-10
8.203125 1.999999998808196 0.0 2.186896116262054 23.999999999998998 -1.191803958165589e-09
8.234375 1.999999998464786 0.0 2.1876147522225162 23.999999999998998 -1.5352140059132596e-09
8.265625 1.9999999980286525 0.0 2.1883334632374742 23.999999999998998 -1.971347542156692e-09
8.296875 1.999999997476687 0.0 2.189052249487529 23.99999999999899 -2.523312985973188e-09
8.328125 1.9999999967806048 0.0 2.189771111154644 23.999999999998984 -3.219395161131922e-09
8.359375 1.9999999959059593 0.0 2.1904900484223697 23.999999999998977 -4.094040754180995e-09
8.390625 1.9999999948110214 0.0 2.1912090614760897 23.99999999999897 -5.1889784705830064e-09
8.421875 1.9999999934455253 0.0 2.1919281505033066 23.999999999998977 -6.554474776039984e-09
8.453125 1.9999999917492817 0.0 2.19264731569395 23.99999999999897 -8.250718395545009e-09
8.484375 1.9999999896506844 0.0 2.1933665572407275 23.999999999998966 -1.0349315607112637e-08
8.515625 1.9999999870651373 0.0 2.1940858753394696 23.999999999998963 -1.2934862794373492e-08
8.546875 1.9999999838934586 0.0 2.1948052701895016 23.999999999998956 -1.610654146399652e-08
8.578125 1.9999999800203476 0.0 2.195524741993995 23.999999999998956 -1.9979652470463198e-08
8.609375 1.9999999753130313 0.0 2.1962442909602826 23.99999999999895 -2.4686968687730042e-08
8.640625 1.9999999696202633 0.0 2.1969639173001037 23.99999999999894 -3.037973662956737e-08
8.671875 1.999999962771905 0.0 2.19768362122971 23.999999999998938 -3.722809494294276e-08
8.703125 1.9999999545794018 0.0 2.1984034029697854 23.999999999998934 -4.542059821685135e-08
8.734375 1.9999999448375654 0.0 2.1991232627450783 23.999999999998934 -5.5162434587404565e-08
8.765625 1.999999933328199 0.0 2.199843200783607 23.999999999998934 -6.667180104523568e-08
8.796875 1.9999999198262535 0.0 2.200563217315316 23.999999999998927 -8.017374642759501e-08
8.828125 1.9999999041093965 0.0 2.2012833125699647 23.999999999998916 -9.589060343071351e-08
8.859375 1.9999998859720984 0.0 2.2020034867739904 23.999999999998906 -1.1402790157076528e-07
8.890625 1.999999865245624 0.0 2.2027237401460447 23.9999999999989 -1.3475437614470108e-07
8.921875 1.9999998418256435 0.0 2.203444072890804 23.999999999998895 -1.581743565263702e-07
8.953125 1.9999998157095773 0.0 2.2041644851905717 23.999999999998884 -1.842904225897277e-07
8.984375 1.9999997870462478 0.0 2.2048849771940855 23.999999999998877 -2.129537521443204e-07
9.015625 1.999999756200964 0.0 2.2056055490017994 23.99999999999887 -2.4379903603245343e-07
9.046875 1.9999997238397982 0.0 2.2063262006467874 23.999999999998874 -2.7616020174017365e-07
9.078125 1.9999996910375482 0.0 2.207046932070214 23.99999999999887 -3.089624517400078e-07
9.109375 1.9999996594147198 0.0 2.207767743090163 23.99999999999887 -3.405852802832484e-07
9.140625 1.9999996313098265 0.0 2.208488633362327 23.999999999998863 -3.686901735755997e-07
9.171875 1.9999996099943842 0.0 2.2092096023308674 23.999999999998856 -3.900056158431509e-07
9.203125 1.999999599939188 0.0 2.20993064916742 23.999999999998842 -4.00060811963365e-07
9.234375 1.9999996071418074 0.0 2.2106517726959485 23.999999999998842 -3.92858192564735e-07
9.265625 1.9999996395267108 0.0 2.211372971300727 23.999999999998842 -3.6047328921586107e-07
9.296875 1.9999997074310412 0.0 2.2120942428144303 23.999999999998835 -2.9256895874623466e-07
9.328125 1.9999998241907953 0.0 2.212815584382822 23.99999999999882 -1.75809204796358e-07
9.359375 2.000000006843995 0.0 2.2135369923021324 23.99999999999882 6.84399496390746e-09
9.390625 2.0000002769693754 0.0 2.2142584618247003 23.99999999999882 2.769693754259723e-07
9.421875 2.0000006616810917 0.0 2.214979986928043 23.999999999998817 6.6168109169794e-07
9.453125 2.0000011948019654 0.0 2.2157015600419205 23.999999999998813 1.1948019652308614e-06
9.484375 2.0000019182397706 0.0 2.216423171727553 23.999999999998813 1.91823977061019e-06
9.515625 2.0000028835929657 0.0 2.2171448103026137 23.999999999998813 2.8835929655655025e-06
9.546875 2.0000041540140114 0.0 2.217866461405184 23.999999999998806 4.154014011294916e-06
9.578125 2.000005806359934 0.0 2.218588107489497 23.999999999998796 5.806359934410772e-06
9.609375 2.0000079336609473 0.0 2.2193097272458715 23.9999999999988 7.933660947464523e-06
9.640625 2.00001064793866 0.0 2.22003129493714 23.99999999999879 1.0647938659910819e-05
9.671875 2.0000140834055493 0.0 2.2207527796436946 23.999999999998785 1.4083405549510238e-05
9.703125 2.000018400076786 0.0 2.2214741444093535 23.999999999998778 1.8400076786345152e-05
9.734375 2.0000237878240568 0.0 2.2221953452805803 23.99999999999877 2.3787824056655596e-05
9.765625 2.0000304708985603 0.0 2.22291633023202 23.999999999998764 3.047089856032277e-05
9.796875 2.0000387129466852 0.0 2.2236370379721926 23.999999999998764 3.871294668531413e-05
9.828125 2.0000488225368223 0.0 2.224357396624238 23.999999999998764 4.882253682205016e-05
9.859375 2.000061159209198 0.0 2.2250773222781595 23.999999999998757 6.115920919813026e-05
9.890625 2.0000761400523226 0.0 2.225796717412874 23.999999999998757 7.614005232250465e-05
9.921875 2.000094246799473 0.0 2.2265154691887616 23.999999999998757 9.424679947325484e-05
9.953125 2.000116033426509 0.0 2.2272334476142586 23.99999999999875 0.00011603342650898227
9.984375 2.000142134218022 0.0 2.2279505035934117 23.999999999998757 0.00014213421802187232
10.015625 2.0001732722524084 0.0 2.2286664668652127 23.999999999998742 0.00017327225240822825
10.046875 2.0002102682377827 0.0 2.229381143850083 23.999999999998735 0.00021026823778249598
10.078125 2.0002540496098318 0.0 2.230094315423808 23.999999999998735 0.00025404960983168684
10.109375 2.000305659779792 0.0 2.230805734644915 23.99999999999873 0.0003056597797921633
10.140625 2.000366267395899 0.0 2.2315151244675357 23.999999999998725 0.0003662673958988225
10.171875 2.0004371754551613 0.0 2.2322221754783316 23.999999999998725 0.00043717545516134556
10.203125 2.00051983007451 0.0 2.2329265437030106 23.999999999998725 0.0005198300745101878
10.234375 2.0006158287016733 0.0 2.2336278485351997 23.999999999998728 0.0006158287016735327
10.265625 2.000726927517148 0.0 2.2343256708477024 23.99999999999872 0.0007269275171483163
10.296875 2.0008550477499747 0.0 2.235019551353612 23.999999999998714 0.0008550477499748933
10.328125 2.0010022806024854 0.0 2.2357089892917643 23.999999999998714 0.0010022806024855794
10.359375 2.0011708904536465 0.0 2.2363934415178166 23.999999999998714 0.0011708904536466504
10.390625 2.0013633159880233 0.0 2.237072322088223 23.99999999999871 0.00136331598802327
10.421875 2.0015821688788247 0.0 2.2377450024294774 23.999999999998707 0.0015821688788247121
10.453125 2.00183022964006 0.0 2.238410812188862 23.999999999998707 0.001830229640059798
10.484375 2.002110440255724 0.0 2.239069040865248 23.9999999999987 0.0021104402557239545
10.515625 2.0024258931943457 0.0 2.2397189403189763 23.9999999999987 0.0024258931943456344
10.546875 2.002779816426327 0.0 2.2403597282580474 23.999999999998693 0.002779816426326757
10.578125 2.00317555408046 0.0 2.2409905927936746 23.999999999998693 0.0031755540804596885
10.609375 2.0036165424058465 0.0 2.241610698151173 23.99999999999868 0.003616542405846326
10.640625 2.0041062807471084 0.0 2.2422191916121053 23.999999999998668 0.004106280747108303
10.671875 2.004648297295011 0.0 2.242815211750174 23.999999999998664 0.004648297295010989
10.703125 2.005246109441955 0.0 2.2433978980065907 23.999999999998657 0.005246109441955015
10.734375 2.0059031786524746 0.0 2.2439664016303267 23.99999999999865 0.00590317865247471
10.765625 2.0066228598528646 0.0 2.2445198979847705 23.999999999998643 0.006622859852864577
10.796875 2.0074083454509157 0.0 2.245057600195157 23.999999999998643 0.007408345450915949
10.828125 2.008262604215674 0.0 2.245578774080684 23.999999999998646 0.008262604215674192
10.859375 2.0091883153768846 0.0 2.246082754282068 23.99999999999865 0.009188315376884767
10.890625 2.0101877984426997 0.0 2.246568961459718 23.99999999999865 0.01018779844269984
10.921875 2.011262939380126 0.0 2.247036920400539 23.99999999999865 0.01126293938012599
10.953125 2.012415113953013 0.0 2.2474862788331 23.999999999998646 0.012415113953013106
10.984375 2.0136451091640843 0.0 2.2479168267127516 23.99999999999864 0.013645109164084353
11.015625 2.0149530438971515 0.0 2.248328515700862 23.999999999998625 0.014953043897151557
11.046875 2.016338289999458 0.0 2.248721478527054 23.999999999998625 0.016338289999458067
11.078125 2.017799395177961 0.0 2.2490960478910664 23.99999999999862 0.017799395177961152
11.109375 2.0193340092030168 0.0 2.2494527745330393 23.999999999998618 0.019334009203016627
11.140625 2.0209388150139582 0.0 2.249792444078495 23.999999999998614 0.020938815013958157
11.171875 2.0226094663990692 0.0 2.250116092248497 23.999999999998607 0.022609466399069394
11.203125 2.0243405339731493 0.0 2.2504250180171637 23.999999999998607 0.02434053397314911
11.234375 2.026125461195244 0.0 2.250720794298946 23.999999999998607 0.026125461195244212
11.265625 2.0279565321535444 0.0 2.2510052757574837 23.999999999998604 0.027956532153544326
11.296875 2.0298248527908007 0.0 2.2512806033468813 23.999999999998593 0.02982485279080091
11.328125 2.031720347149536 0.0 2.2515492052252597 23.999999999998586 0.031720347149536324
11.359375 2.0336317700801314 0.0 2.2518137937192297 23.999999999998586 0.033631770080131254
11.390625 2.0355467376759386 0.0 2.2520773580663764 23.999999999998586 0.03554673767593849
11.421875 2.037451776478212 0.0 2.252343152720149 23.999999999998586 0.037451776478212004
11.453125 2.03933239223132 0.0 2.252614681066982 23.99999999999858 0.039332392231319985
11.484375 2.041173158668053 0.0 2.2528956744778093 23.99999999999858 0.041173158668053204
11.515625 2.0429578264696633 0.0 2.25319006669407 23.999999999998572 0.04295782646966331
11.546875 2.0446694521805715 0.0 2.253501963630303 23.999999999998572 0.04466945218057142
11.578125 2.046290546469617 0.0 2.2538356087597657 23.999999999998572 0.04629054646961692
11.609375 2.047803240725473 0.0 2.254195344334609 23.99999999999856 0.04780324072547297
11.640625 2.0491894705615774 0.0 2.254585568776048 23.999999999998558 0.04918947056157731
11.671875 2.0504311743945425 0.0 2.2550106906511322 23.99999999999855 0.05043117439454236
11.703125 2.051510504859034 0.0 2.2554750797294885 23.999999999998543 0.051510504859034176
11.734375 2.052410050441439 0.0 2.255983015684171 23.999999999998536 0.052410050441439045
11.765625 2.053113064364288 0.0 2.256538635064363 23.99999999999853 0.05311306436428788
11.796875 2.053603697443263 0.0 2.257145877222782 23.99999999999852 0.05360369744326279
11.828125 2.053867231378129 0.0 2.2578084299264773 23.99999999999851 0.05386723137812902
11.859375 2.0538903087368827 0.0 2.2585296754152937 23.999999999998508 0.05389030873688286
11.890625 2.053661155756567 0.0 2.2593126376973007 23.999999999998497 0.05366115575656725
11.921875 2.053169794021124 0.0 2.260159931884224 23.999999999998497 0.05316979402112389
11.953125 2.052408237091384 0.0 2.2610737163722927 23.999999999998487 0.05240823709138409
11.984375 2.0513706682582127 0.0 2.2620556486647514 23.99999999999848 0.05137066825821273
12.015625 2.05005359576841 0.0 2.2631068456112553 23.999999999998472 0.05005359576840977
12.046875 2.0484559821337482 0.0 2.264227848806839 23.99999999999847 0.048455982133748285
12.078125 2.0465793444739337 0.0 2.265418595848611 23.999999999998465 0.046579344473933665
12.109375 2.0444278232596726 0.0 2.2666783980923757 23.999999999998458 0.04442782325967287
12.140625 2.0420082173057845 0.0 2.26800592548354 23.999999999998458 0.04200821730578457
12.171875 2.0393299834077734 0.0 2.269399198957502 23.999999999998458 0.03932998340777328
12.203125 2.036405199608188 0.0 2.270855590814194 23.999999999998447 0.03640519960818808
12.234375 2.0332484917095064 0.0 2.272371833369891 23.99999999999845 0.033248491709506556
12.265625 2.0298769233050855 0.0 2.2739440360774887 23.999999999998447 0.02987692330508533
12.296875 2.0263098502648096 0.0 2.275567711184736 23.999999999998437 0.026309850264809496
12.328125 2.0225687412727775 0.0 2.277237807869505 23.999999999998426 0.022568741272777516
12.359375 2.0186769666557858 0.0 2.2789487546534937 23.999999999998426 0.018676966655785724
12.390625 2.0146595583488196 0.0 2.2806945097526024 23.999999999998415 0.014659558348819613
12.421875 2.0105429444030887 0.0 2.2824686188757495 23.999999999998415 0.01054294440308875
12.453125 2.0063546619401937 0.0 2.284264279836912 23.999999999998415 0.006354661940193942
12.484375 2.002123052880952 0.0 2.2860744132008346 23.999999999998415 0.002123052880951984
12.515625 1.997876947119048 0.0 2.2878917380446357 23.99999999999841 -0.002123052880951984
12.546875 1.993645338059806 0.0 2.289708851789406 23.99999999999841 -0.006354661940193942
12.578125 1.9894570555969113 0.0 2.2915183129419363 23.9999999999984 -0.01054294440308875
12.609375 1.9853404416511804 0.0 2.293312725491105 23.999999999998394 -0.014659558348819613
12.640625 1.9813230333442142 0.0 2.295084823630118 23.999999999998394 -0.018676966655785724
12.671875 1.9774312587272225 0.0 2.296827555428683 23.99999999999839 -0.022568741272777516
12.703125 1.9736901497351904 0.0 2.298534164061249 23.999999999998387 -0.026309850264809496
12.734375 1.9701230766949147 0.0 2.3001982652112103 23.999999999998387 -0.02987692330508533
12.765625 1.9667515082904934 0.0 2.3018139193179703 23.99999999999838 -0.033248491709506556
12.796875 1.963594800391812 0.0 2.3033756974142907 23.99999999999838 -0.03640519960818808
12.828125 1.9606700165922266 0.0 2.3048787394145904 23.999999999998373 -0.03932998340777328
12.859375 1.9579917826942155 0.0 2.3063188038588143 23.999999999998366 -0.04200821730578457
12.890625 1.9555721767403271 0.0 2.3076923082875718 23.999999999998362 -0.04442782325967287
12.921875 1.9534206555260663 0.0 2.308996359618198 23.99999999999836 -0.046579344473933665
12.953125 1.9515440178662518 0.0 2.3102287741023906 23.99999999999836 -0.048455982133748285
12.984375 1.9499464042315902 0.0 2.3113880866680505 23.99999999999835 -0.05005359576840977
13.015625 1.9486293317417873 0.0 2.3124735496738538 23.99999999999835 -0.05137066825821273
13.046875 1.947591762908616 0.0 2.3134851213280685 23.99999999999835 -0.05240823709138409
13.078125 1.946830205978876 0.0 2.314423444236151 23.999999999998337 -0.05316979402112389
13.109375 1.9463388442434328 0.0 2.3152898147383625 23.99999999999833 -0.05366115575656725
13.140625 1.946109691263117 0.0 2.316086143873232 23.999999999998337 -0.05389030873688286
13.171875 1.946132768621871 0.0 2.316814910950555 23.99999999999833 -0.05386723137812902
13.203125 1.9463963025567372 0.0 2.3174791108350425 23.99999999999833 -0.05360369744326279
13.234375 1.9468869356357121 0.0 2.318082196126422 23.99999999999832 -0.05311306436428788
13.265625 1.947589949558561 0.0 2.3186280154729637 23.99999999999831 -0.052410050441439045
13.296875 1.948489495140966 0.0 2.3191207492730506 23.99999999999831 -0.051510504859034176
13.328125 1.9495688256054577 0.0 2.31956484400518 23.999999999998302 -0.05043117439454236
13.359375 1.9508105294384226 0.0 2.3199649463832053 23.99999999999831 -0.04918947056157731
13.390625 1.952196759274527 0.0 2.3203258384638286 23.9999999999983 -0.04780324072547297
13.421875 1.9537094535303832 0.0 2.320652374741589 23.999999999998295 -0.04629054646961692
13.453125 1.9553305478194285 0.0 2.320949422156909 23.999999999998288 -0.04466945218057142
13.484375 1.9570421735303367 0.0 2.321221803819982 23.999999999998277 -0.04295782646966331
13.515625 1.9588268413319467 0.0 2.3214742471217304 23.999999999998266 -0.041173158668053204
13.546875 1.96066760776868 0.0 2.321711336767197 23.99999999999826 -0.039332392231319985
13.578125 1.962548223521788 0.0 2.3219374731304905 23.999999999998256 -0.037451776478212004
13.609375 1.9644532623240616 0.0 2.322156836197398 23.999999999998256 -0.03554673767593849
13.640625 1.9663682299198688 0.0 2.3223733552350385 23.999999999998256 -0.033631770080131254
13.671875 1.9682796528504636 0.0 2.3225906842099677 23.999999999998252 -0.031720347149536324
13.703125 1.970175147209199 0.0 2.3228121828689305 23.999999999998252 -0.02982485279080091
13.734375 1.9720434678464556 0.0 2.3230409033013446 23.999999999998245 -0.027956532153544326
13.765625 1.9738745388047558 0.0 2.323279581720598 23.999999999998245 -0.026125461195244212
13.796875 1.975659466026851 0.0 2.3235306351326157 23.999999999998245 -0.02434053397314911
13.828125 1.9773905336009305 0.0 2.3237961625051256 23.999999999998238 -0.022609466399069394
13.859375 1.9790611849860418 0.0 2.324077950009178 23.99999999999823 -0.020938815013958157
13.890625 1.9806659907969835 0.0 2.3243774798752277 23.99999999999823 -0.019334009203016627
13.921875 1.9822006048220389 0.0 2.3246959423886393 23.99999999999823 -0.017799395177961152
13.953125 1.983661710000542 0.0 2.325034250542866 23.999999999998217 -0.016338289999458067
13.984375 1.9850469561028485 0.0 2.3253930568716736 23.999999999998217 -0.014953043897151557
14.015625 1.9863548908359157 0.0 2.325772771993428 23.999999999998217 -0.013645109164084353
14.046875 1.987584886046987 0.0 2.3261735844195863 23.999999999998217 -0.012415113953013106
14.078125 1.988737060619874 0.0 2.326595481204718 23.99999999999821 -0.01126293938012599
14.109375 1.9898122015573 0.0 2.3270382690455804 23.99999999999821 -0.01018779844269984
14.140625 1.9908116846231152 0.0 2.327501595470845 23.99999999999821 -0.009188315376884767
14.171875 1.9917373957843258 0.0 2.3279849697999238 23.999999999998202 -0.008262604215674192
14.203125 1.992591654549084 0.0 2.328487783587848 23.999999999998202 -0.007408345450915949
14.234375 1.9933771401471354 0.0 2.32900933031262 23.9999999999982 -0.006622859852864577
14.265625 1.9940968213475252 0.0 2.329548824100872 23.999999999998195 -0.00590317865247471
14.296875 1.994753890558045 0.0 2.330105417326256 23.999999999998188 -0.005246109441955015
14.328125 1.995351702704989 0.0 2.3306782169523252 23.999999999998188 -0.004648297295010989
14.359375 1.9958937192528916 0.0 2.3312662995269315 23.99999999999818 -0.004106280747108303
14.390625 1.9963834575941537 0.0 2.331868724768113 23.99999999999817 -0.003616542405846326
14.421875 1.9968244459195403 0.0 2.3324845477116107 23.999999999998174 -0.0031755540804596885
14.453125 1.9972201835736731 0.0 2.3331128294172885 23.99999999999817 -0.002779816426326757
14.484375 1.9975741068056543 0.0 2.333752646255788 23.99999999999817 -0.0024258931943456344
14.515625 1.997889559744276 0.0 2.3344030978173578 23.99999999999816 -0.0021104402557239545
14.546875 1.9981697703599401 0.0 2.335063313502288 23.999999999998153 -0.001830229640059798
14.578125 1.9984178311211753 0.0 2.3357324578665497 23.999999999998145 -0.0015821688788247121
14.609375 1.9986366840119767 0.0 2.33640973480728 23.999999999998145 -0.00136331598802327
14.640625 1.9988291095463533 0.0 2.337094390680941 23.999999999998145 -0.0011708904536466504
14.671875 1.9989977193975144 0.0 2.337785716452294 23.999999999998145 -0.0010022806024855794
14.703125 1.999144952250025 0.0 2.3384830489752373 23.99999999999814 -0.0008550477499748933
14.734375 1.9992730724828516 0.0 2.3391857715071973 23.999999999998135 -0.0007269275171483163
14.765625 1.9993841712983265 0.0 2.3398933135574476 23.999999999998124 -0.0006158287016735327
14.796875 1.9994801699254898 0.0 2.3406051501667458 23.999999999998117 -0.0005198300745101878
14.828125 1.9995628245448387 0.0 2.341320800711289 23.999999999998114 -0.00043717545516134556
14.859375 1.9996337326041012 0.0 2.3420398273185548 23.99999999999811 -0.0003662673958988225
14.890625 1.9996943402202079 0.0 2.3427618329762474 23.999999999998096 -0.0003056597797921633
14.921875 1.9997459503901682 0.0 2.343486459408667 23.999999999998096 -0.00025404960983168684
14.953125 1.9997897317622175 0.0 2.3442133847875386 23.99999999999809 -0.00021026823778249598
14.984375 1.9998267277475918 0.0 2.3449423213369283 23.99999999999808 -0.00017327225240822825
15.015625 1.999857865781978 0.0 2.3456730128844105 23.999999999998074 -0.00014213421802187232
15.046875 1.999883966573491 0.0 2.346405232403405 23.999999999998067 -0.00011603342650898227
15.078125 1.9999057532005267 0.0 2.3471387795846246 23.99999999999806 -9.424679947325484e-05
15.109375 1.9999238599476774 0.0 2.347873478468008 23.99999999999805 -7.614005232250465e-05
15.140625 1.9999388407908019 0.0 2.3486091751603544 23.999999999998046 -6.115920919813026e-05
15.171875 1.999951177463178 0.0 2.349345735658308 23.99999999999804 -4.882253682205016e-05
15.203125 1.9999612870533148 0.0 2.3500830437912557 23.999999999998032 -3.871294668531413e-05
15.234375 1.9999695291014397 0.0 2.35082099929423 23.999999999998025 -3.047089856032277e-05
15.265625 1.9999762121759432 0.0 2.3515595160169926 23.999999999998018 -2.3787824056655596e-05
15.296875 1.9999815999232136 0.0 2.352298520272064 23.999999999998018 -1.8400076786345152e-05
15.328125 1.9999859165944505 0.0 2.3530379493216635 23.99999999999801 -1.4083405549510238e-05
15.359375 1.99998935206134 0.0 2.353777750001157 23.999999999998003 -1.0647938659910819e-05
15.390625 1.9999920663390525 0.0 2.354517877474711 23.999999999998 -7.933660947464523e-06
15.421875 1.9999941936400656 0.0 2.355258294117422 23.999999999998 -5.806359934410772e-06
15.453125 1.9999958459859888 0.0 2.35599896851705 23.99999999999799 -4.154014011294916e-06
15.484375 1.9999971164070345 0.0 2.3567398745877624 23.999999999997986 -2.8835929655655025e-06
15.515625 1.9999980817602294 0.0 2.3574809907877734 23.999999999997982 -1.91823977061019e-06
15.546875 1.9999988051980349 0.0 2.3582222994325797 23.999999999997975 -1.1948019652308614e-06
15.578125 1.9999993383189083 0.0 2.3589637860954236 23.999999999997968 -6.6168109169794e-07
15.609375 1.9999997230306246 0.0 2.359705439086758 23.99999999999796 -2.769693754259723e-07
15.640625 1.999999993156005 0.0 2.3604472490047597 23.999999999997968 -6.84399496390746e-09
15.671875 2.000000175809205 0.0 2.361189208349284 23.99999999999796 1.75809204796358e-07
15.703125 2.000000292568959 0.0 2.3619313111921363 23.99999999999796 2.9256895874623466e-07
15.734375 2.000000360473289 0.0 2.3626735528969416 23.99999999999796 3.6047328921586107e-07
15.765625 2.0000003928581926 0.0 2.363415929882506 23.99999999999796 3.92858192564735e-07
15.796875 2.000000400060812 0.0 2.3641584394240125 23.999999999997954 4.00060811963365e-07
15.828125 2.000000390005616 0.0 2.364901079486981 23.999999999997947 3.900056158431509e-07
15.859375 2.0000003686901735 0.0 2.365643848589386 23.999999999997943 3.686901735755997e-07
15.890625 2.0000003405852804 0.0 2.3663867456878673 23.99999999999794 3.405852802832484e-07
15.921875 2.0000003089624516 0.0 2.3671297700844116 23.999999999997932 3.089624517400078e-07
15.953125 2.000000276160202 0.0 2.3678729213503233 23.999999999997925 2.7616020174017365e-07
15.984375 2.000000243799036 0.0 2.368616199264717 23.999999999997925 2.4379903603245343e-07
16.015625 2.000000212953752 0.0 2.36935960376511 23.999999999997925 2.129537521443204e-07
16.046875 2.0000001842904225 0.0 2.3701031349080735 23.999999999997915 1.842904225897277e-07
16.078125 2.0000001581743567 0.0 2.3708467928381483 23.999999999997915 1.581743565263702e-07
16.109375 2.000000134754376 0.0 2.371590577763514 23.99999999999791 1.3475437614470108e-07
16.140625 2.000000114027902 0.0 2.372334489937165 23.999999999997904 1.1402790157076528e-07
16.171875 2.0000000958906035 0.0 2.373078529642508 23.999999999997897 9.589060343071351e-08
16.203125 2.0000000801737463 0.0 2.3738226971825034 23.999999999997897 8.017374642759501e-08
16.234375 2.000000066671801 0.0 2.3745669928716007 23.99999999999789 6.667180104523568e-08
16.265625 2.0000000551624346 0.0 2.3753114170298906 23.999999999997875 5.5162434587404565e-08
16.296875 2.0000000454205984 0.0 2.3760559699789647 23.999999999997875 4.542059821685135e-08
16.328125 2.000000037228095 0.0 2.376800652039078 23.999999999997875 3.722809494294276e-08
16.359375 2.0000000303797365 0.0 2.3775454635273148 23.99999999999787 3.037973662956737e-08
16.390625 2.0000000246869685 0.0 2.378290404756503 23.99999999999786 2.4686968687730042e-08
16.421875 2.0000000199796526 0.0 2.3790354760346535 23.999999999997854 1.9979652470463198e-08
16.453125 2.0000000161065414 0.0 2.379780677664792 23.99999999999785 1.610654146399652e-08
16.484375 2.000000012934863 0.0 2.3805260099450605 23.999999999997847 1.2934862794373492e-08
16.515625 2.0000000103493156 0.0 2.3812714731689892 23.999999999997847 1.0349315607112637e-08
16.546875 2.0000000082507183 0.0 2.3820170676258776 23.99999999999784 8.250718395545009e-09
16.578125 2.0000000065544747 0.0 2.3827627936012297 23.999999999997833 6.554474776039984e-09
16.609375 2.0000000051889786 0.0 2.3835086513772126 23.99999999999783 5.1889784705830064e-09
16.640625 2.0000000040940407 0.0 2.384254641233105 23.999999999997826 4.094040754180995e-09
16.671875 2.000000003219395 0.0 2.385000763445741 23.99999999999782 3.219395161131922e-09
16.703125 2.000000002523313 0.0 2.385747018289905 23.999999999997815 2.523312985973188e-09
16.734375 2.0000000019713475 0.0 2.386493406038702 23.99999999999781 1.971347542156692e-09
16.765625 2.000000001535214 0.0 2.3872399269638804 23.999999999997804 1.5352140059132596e-09
16.796875 2.000000001191804 0.0 2.38798658133613 23.999999999997797 1.191803958165589e-09
16.828125 2.0000000009223284 0.0 2.388733369425327 23.99999999999779 9.22328624068492e-10
16.859375 2.0000000007115815 0.0 2.3894802915007567 23.999999999997783 7.115816430660233e-10
16.890625 2.0000000005473106 0.0 2.390227347831299 23.999999999997776 5.473104646628257e-10
16.921875 2.0000000004196847 0.0 2.390974538685586 23.99999999999777 4.196847518033573e-10
16.953125 2.00000000032085 0.0 2.3917218643321334 23.999999999997762 3.2085017244722926e-10
16.984375 2.0000000002445564 0.0 2.392469325039455 23.999999999997762 2.445564327745659e-10
17.015625 2.000000000185849 0.0 2.3932169210761547 23.999999999997762 1.8584917425466984e-10
17.046875 2.0000000001408162 0.0 2.3939646527109995 23.999999999997762 1.4081629059050188e-10
17.078125 2.0000000001063802 0.0 2.3947125202129884 23.999999999997755 1.0638022529341046e-10
17.109375 2.000000000080129 0.0 2.3954605238514044 23.999999999997748 8.012882088826562e-11
17.140625 2.000000000060178 0.0 2.396208663895849 23.999999999997733 6.017826279695694e-11
17.171875 2.0000000000450626 0.0 2.396956940616291 23.999999999997726 4.506256740414861e-11
17.203125 2.000000000033645 0.0 2.397705354283076 23.99999999999772 3.364488926874075e-11
17.234375 2.0000000000250466 0.0 2.3984539051669627 23.999999999997705 2.5046660111161175e-11
17.265625 2.0000000000185914 0.0 2.3992025935391403 23.999999999997705 1.8591221278310382e-11
17.296875 2.000000000013759 0.0 2.3999514196712353 23.999999999997698 1.3759175065993107e-11
17.328125 2.000000000010153 0.0 2.400700383835333 23.99999999999769 1.0153164275917284e-11
17.359375 2.00000000000747 0.0 2.401449486303979 23.999999999997687 7.470200829441743e-12
17.390625 2.00000000000548 0.0 2.402198727350193 23.999999999997684 5.480010911465506e-12
17.421875 2.0000000000040083 0.0 2.402948107247476 23.999999999997677 4.008153816462366e-12
17.453125 2.000000000002923 0.0 2.4036976262698104 23.999999999997677 2.922911974610753e-12
17.484375 2.000000000002125 0.0 2.4044472846916682 23.99999999999767 2.1251475998174054e-12
17.515625 2.0000000000015405 0.0 2.4051970827880176 23.99999999999767 1.5404834363647938e-12
17.546875 2.0000000000011133 0.0 2.4059470208343194 23.999999999997662 1.113296906264696e-12
17.578125 2.000000000000802 0.0 2.406697099106538 23.99999999999767 8.021235938183894e-13
17.609375 2.000000000000576 0.0 2.4074473178811306 23.999999999997662 5.761517913992377e-13
17.640625 2.0000000000004126 0.0 2.4081976774350666 23.999999999997655 4.1255848706260836e-13
17.671875 2.0000000000002944 0.0 2.4089481780458204 23.999999999997648 2.9449184610589434e-13
17.703125 2.0000000000002096 0.0 2.409698819991373 23.999999999997634 2.0954856369736308e-13
17.734375 2.0000000000001488 0.0 2.4104496035502194 23.999999999997627 1.4862863863463673e-13
17.765625 2.0000000000001052 0.0 2.4112005290013627 23.999999999997616 1.050769502468153e-13
17.796875 2.000000000000074 0.0 2.4119515966243217 23.999999999997613 7.404199539793786e-14
17.828125 2.000000000000052 0.0 2.412702806699132 23.999999999997613 5.1998468342356297e-14
17.859375 2.0000000000000364 0.0 2.413454159506342 23.999999999997605 3.63930197719041e-14
17.890625 2.0000000000000253 0.0 2.4142056553270246 23.999999999997605 2.53822982660602e-14
17.921875 2.0000000000000178 0.0 2.4149572944427677 23.999999999997602 1.7639885483553146e-14
17.953125 2.0000000000000124 0.0 2.415709077135685 23.9999999999976 1.2214485147172358e-14
17.984375 2.0000000000000084 0.0 2.416461003688415 23.999999999997595 8.426110147273168e-15
18.015625 2.0000000000000058 0.0 2.417213074384117 23.999999999997584 5.790342783568785e-15
18.046875 2.000000000000004 0.0 2.417965289506485 23.999999999997584 3.963263749308563e-15
18.078125 2.0000000000000027 0.0 2.418717649339733 23.999999999997577 2.7015457262591083e-15
18.109375 2.0000000000000018 0.0 2.4194701541686108 23.999999999997573 1.833634667520214e-15
18.140625 2.0000000000000013 0.0 2.4202228042783993 23.99999999999757 1.2390097532254693e-15
18.171875 2.000000000000001 0.0 2.4209755999549136 23.999999999997563 8.333090963179003e-16
18.203125 2.0000000000000004 0.0 2.4217285414845007 23.999999999997563 5.576995431938721e-16
18.234375 2.0000000000000004 0.0 2.4224816291540465 23.999999999997552 3.7130643844254734e-16
18.265625 2.0000000000000004 0.0 2.423234863250981 23.99999999999755 2.4584179170539287e-16
18.296875 2.0 0.0 2.4239882440632643 23.99999999999754 1.6180622920595578e-16
18.328125 2.0 0.0 2.4247417718794058 23.999999999997534 1.0581352319837788e-16
18.359375 2.0 0.0 2.4254954469884566 23.999999999997527 6.871293963104205e-17
18.390625 2.0 0.0 2.4262492696800138 23.999999999997534 4.427650759039602e-17
18.421875 2.0 0.0 2.4270032402442165 23.999999999997527 2.828480622676629e-17
18.453125 2.0 0.0 2.427757358971758 23.999999999997517 1.7892814642745072e-17
18.484375 2.0 0.0 2.428511626153881 23.99999999999751 1.1191819602844879e-17
18.515625 2.0 0.0 2.4292660420823795 23.999999999997506 6.908033070364404e-18
18.546875 2.0 0.0 2.4300206070496015 23.999999999997502 4.1961531058258706e-18
18.578125 2.0 0.0 2.43077532134845 23.999999999997506 2.498590031010466e-18
18.609375 2.0 0.0 2.4315301852723827 23.999999999997492 1.449916056694189e-18
18.640625 2.0 0.0 2.432285199115425 23.999999999997492 8.123242558628094e-19
18.671875 2.0 0.0 2.433040363172153 23.999999999997492 4.3225443940309184e-19
18.703125 2.0 0.0 2.4337956777377094 23.999999999997492 2.1139984100659238e-19
18.734375 2.0 0.0 2.4345511431077975 23.999999999997485 8.743644241968582e-20
18.765625 2.0 0.0 2.435306759578695 23.999999999997478 2.1292021952213176e-20
18.796875 2.0 0.0 2.4360625274472385 23.99999999999747 -1.120966778113034e-20
18.828125 2.0 0.0 2.43681844701084 23.999999999997463 -2.4794409328619503e-20
18.859375 2.0 0.0 2.437574518567481 23.999999999997463 -2.8258874022225216e-20
18.890625 2.0 0.0 2.4383307424157126 23.999999999997456 -2.672813031849725e-20
18.921875 2.0 0.0 2.4390871188546646 23.99999999999745 -2.3088901174160298e-20
18.953125 2.0 0.0 2.4398436481840404 23.999999999997442 -1.8889436847287846e-20
18.984375 2.0 0.0 2.440600330704127 23.999999999997435 -1.489719778190366e-20
19.015625 2.0 0.0 2.441357166715787 23.999999999997428 -1.143913179228943e-20
19.046875 2.0 0.0 2.442114156520465 23.999999999997424 -8.605353010410987e-21
19.078125 2.0 0.0 2.442871300420191 23.99999999999742 -6.368100805829833e-21
19.109375 2.0 0.0 2.44362859871758 23.999999999997414 -4.648962114637106e-21
19.140625 2.0 0.0 2.4443860517158367 23.999999999997414 -3.3550959936201877e-21
19.171875 2.0 0.0 2.4451436597187497 23.999999999997407 -2.397332648142728e-21
19.203125 2.0 0.0 2.445901423030704 23.9999999999974 -1.698014209741317e-21
19.234375 2.0 0.0 2.446659341956678 23.999999999997392 -1.193295339358929e-21
19.265625 2.0 0.0 2.4474174168022405 23.999999999997392 -8.326656155385357e-22
19.296875 2.0 0.0 2.44817564787356 23.999999999997396 -5.77259160798956e-22
19.328125 2.0 0.0 2.4489340354774036 23.999999999997392 -3.977987490968176e-22
19.359375 2.0 0.0 2.449692579921134 23.999999999997375 -2.7260073698019643e-22
19.390625 2.0 0.0 2.450451281512728 23.99999999999737 -1.8582826090560647e-22
19.421875 2.0 0.0 2.4512101405607583 23.99999999999737 -1.2605058654817386e-22
19.453125 2.0 0.0 2.4519691573744034 23.999999999997367 -8.510108664216983e-23
19.484375 2.0 0.0 2.45272833226345 23.999999999997357 -5.719737357640802e-23
19.515625 2.0 0.0 2.4534876655382987 23.99999999999735 -3.8277972523577195e-23
19.546875 2.0 0.0 2.454247157509962 23.99999999999734 -2.5510813027808987e-23
19.578125 2.0 0.0 2.4550068084900616 23.99999999999733 -1.6934177460038927e-23
19.609375 2.0 0.0 2.4557666187908422 23.99999999999732 -1.1197544736359961e-23
19.640625 2.0 0.0 2.4565265887251586 23.999999999997318 -7.376468727502132e-24
19.671875 2.0 0.0 2.4572867186064924 23.999999999997318 -4.8415436441065506e-24
19.703125 2.0 0.0 2.458047008748939 23.999999999997314 -3.1664072085467803e-24
19.734375 2.0 0.0 2.4588074594672253 23.999999999997307 -2.063626327147327e-24
19.765625 2.0 0.0 2.4595680710767 23.999999999997303 -1.3403152088627167e-24
19.796875 2.0 0.0 2.4603288438933424 23.9999999999973 -8.676038409735593e-25
19.828125 2.0 0.0 2.4610897782337577 23.999999999997296 -5.5975613110885925e-25
19.859375 2.0 0.0 2.4618508744151866 23.999999999997296 -3.599654906553355e-25
19.890625 2.0 0.0 2.462612132755498 23.999999999997286 -2.3074218514254646e-25
19.921875 2.0 0.0 2.4633735535732044 23.99999999999728 -1.474398097469421e-25
19.953125 2.0 0.0 2.464135137187454 23.999999999997286 -9.391605402168255e-26
19.984375 2.0 0.0 2.464896883918028 23.99999999999728 -5.963706537766583e-26
20.015625 2.0 0.0 2.465658794085355 23.99999999999727 -3.775344399229274e-26
20.046875 2.0 0.0 2.46642086801051 23.999999999997264 -2.3827139994964814e-26
20.078125 2.0 0.0 2.4671831060152103 23.999999999997257 -1.49924343140427e-26
20.109375 2.0 0.0 2.4679455084218227 23.999999999997254 -9.405155247393542e-27
20.140625 2.0 0.0 2.468708075553365 23.999999999997254 -5.882486307471667e-27
20.171875 2.0 0.0 2.4694708077335017 23.99999999999725 -3.668289004728993e-27
20.203125 2.0 0.0 2.4702337052865593 23.99999999999725 -2.2807587812770227e-27
20.234375 2.0 0.0 2.470996768537516 23.999999999997243 -1.4138812796945444e-27
20.265625 2.0 0.0 2.471759997812012 23.999999999997236 -8.73912572067705e-28
20.296875 2.0 0.0 2.4725233934363446 23.99999999999723 -5.38576355657764e-28
20.328125 2.0 0.0 2.4732869557374757 23.999999999997222 -3.3094267750190695e-28
20.359375 2.0 0.0 2.474050685043035 23.999999999997222 -2.027615344466844e-28
20.390625 2.0 0.0 2.474814581681316 23.999999999997222 -1.238642375332453e-28
20.421875 2.0 0.0 2.475578645981278 23.999999999997222 -7.544549486732463e-29
20.453125 2.0 0.0 2.4763428782725567 23.999999999997215 -4.5819074330769235e-29
20.484375 2.0 0.0 2.477107278885465 23.999999999997215 -2.774487006777097e-29
20.515625 2.0 0.0 2.477871848150982 23.999999999997208 -1.6750947021985322e-29
20.546875 2.0 0.0 2.4786365864007758 23.999999999997208 -1.0083523940785047e-29
20.578125 2.0 0.0 2.4794014939671847 23.999999999997208 -6.0519690049571036e-30
20.609375 2.0 0.0 2.480166571183232 23.9999999999972 -3.621484103504994e-30
20.640625 2.0 0.0 2.480931818382629 23.999999999997193 -2.1606037380466126e-30
20.671875 2.0 0.0 2.481697235899773 23.9999999999972 -1.2851516331372023e-30
20.703125 2.0 0.0 2.4824628240697475 23.999999999997193 -7.621057735477044e-31
20.734375 2.0 0.0 2.483228583228329 23.999999999997186 -4.505546363689017e-31
20.765625 2.0 0.0 2.4839945137119908 23.99999999999718 -2.65545774288298e-31
20.796875 2.0 0.0 2.4847606158578976 23.999999999997176 -1.5601918693651058e-31
20.828125 2.0 0.0 2.4855268900039142 23.99999999999718 -9.137948787512768e-32
20.859375 2.0 0.0 2.4862933364886057 23.99999999999718 -5.335009896503985e-32
20.890625 2.0 0.0 2.487059955651235 23.999999999997172 -3.104698038737646e-32
20.921875 2.0 0.0 2.487826747831779 23.999999999997172 -1.8008638503315503e-32
20.953125 2.0 0.0 2.488593713370917 23.999999999997172 -1.04111138669265e-32
20.984375 2.0 0.0 2.4893608526100337 23.999999999997165 -5.998506676741735e-33
21.015625 2.0 0.0 2.490128165891234 23.999999999997165 -3.444218049896123e-33
21.046875 2.0 0.0 2.490895653557332 23.999999999997158 -1.9706444301768363e-33
21.078125 2.0 0.0 2.49166331595186 23.99999999999715 -1.123468433039923e-33
21.109375 2.0 0.0 2.49243115341907 23.999999999997144 -6.381297208125961e-34
21.140625 2.0 0.0 2.493199166303931 23.999999999997133 -3.610838991254936e-34
21.171875 2.0 0.0 2.493967354952141 23.999999999997122 -2.0352048920353324e-34
21.203125 2.0 0.0 2.494735719710123 23.999999999997115 -1.142489249897584e-34
21.234375 2.0 0.0 2.495504260925027 23.999999999997115 -6.386682306426079e-35
21.265625 2.0 0.0 2.4962729789447367 23.999999999997122 -3.554705609886775e-35
21.296875 2.0 0.0 2.497041874117863 23.999999999997122 -1.969481613251063e-35
21.328125 2.0 0.0 2.497810946793755 23.999999999997122 -1.0859796109704051e-35
21.359375 2.0 0.0 2.498580197322502 23.99999999999711 -5.957967746992783e-36
21.390625 2.0 0.0 2.499349626054932 23.9999999999971 -3.251223154159321e-36
21.421875 2.0 0.0 2.500119233342623 23.999999999997094 -1.764039657518716e-36
21.453125 2.0 0.0 2.500889019537887 23.999999999997087 -9.512456240138327e-37
21.484375 2.0 0.0 2.5016589849937914 23.99999999999708 -5.095304745953352e-37
21.515625 2.0 0.0 2.5024291300641517 23.99999999999708 -2.709319313161419e-37
21.546875 2.0 0.0 2.5031994551035366 23.99999999999708 -1.4289429136809048e-37
21.578125 2.0 0.0 2.50396996046727 23.999999999997073 -7.467854512244359e-38
21.609375 2.0 0.0 2.5047406465114337 23.999999999997062 -3.862246412839405e-38
21.640625 2.0 0.0 2.5055115135928725 23.99999999999706 -1.9733640409492698e-38
21.671875 2.0 0.0 2.5062825620691926 23.99999999999706 -9.937973385277114e-39
21.703125 2.0 0.0 2.5070537922987635 23.99999999999706 -4.9171664344323987e-39
21.734375 2.0 0.0 2.507825204640724 23.999999999997055 -2.379148315477548e-39
21.765625 2.0 0.0 2.508596799454982 23.99999999999704 -1.1175793032213454e-39
21.796875 2.0 0.0 2.509368577102225 23.99999999999703 -5.035814308975148e-40
21.828125 2.0 0.0 2.510140537943914 23.99999999999703 -2.128823627925937e-40
21.859375 2.0 0.0 2.5109126823422825 23.999999999997026 -8.040211368904828e-41
21.890625 2.0 0.0 2.51168501066035 23.999999999997023 -2.3380523158598155e-41
21.921875 2.0 0.0 2.512457523261917 23.999999999997016 -1.1041630246284527e-42
21.953125 2.0 0.0 2.5132302205115753 23.99999999999701 5.97690423008472e-42
21.984375 2.0 0.0 2.5140031027747005 23.999999999997 6.949926403797957e-42
22.015625 2.0 0.0 2.514776170417462 23.999999999996994 5.846063377957028e-42
22.046875 2.0 0.0 2.5155494238068234 23.999999999996994 4.325788212120148e-42
22.078125 2.0 0.0 2.5163228633105463 23.999999999996994 2.984371359915005e-42
22.109375 2.0 0.0 2.5170964892971894 23.999999999996994 1.9689254483153933e-42
22.140625 2.0 0.0 2.5178703021361146 23.999999999996994 1.258888113997978e-42
22.171875 2.0 0.0 2.5186443021974876 23.999999999996987 7.862381985663504e-43
22.203125 2.0 0.0 2.519418489852283 23.999999999996977 4.8208921257584945e-43
22.234375 2.0 0.0 2.520192865472289 23.999999999996966 2.91205779188509e-43
22.265625 2.0 0.0 2.520967429430107 23.999999999996973 1.7371316768754017e-43
22.296875 2.0 0.0 2.5217421820991426 23.999999999996966 1.025195040406753e-43
22.328125 2.0 0.0 2.5225171238536364 23.99999999999696 5.993943055649722e-44
22.359375 2.0 0.0 2.5232922550686427 23.99999999999696 3.4754386748737267e-44
22.390625 2.0 0.0 2.5240675761200375 23.999999999996955 2.0001391905388715e-44
22.421875 2.0 0.0 2.524843087384525 23.999999999996945 1.1432892156771465e-44
22.453125 2.0 0.0 2.525618789239646 23.999999999996934 6.494345351696857e-45
22.484375 2.0 0.0 2.526394682063768 23.999999999996934 3.6677085226756304e-45
22.515625 2.0 0.0 2.527170766236095 23.99999999999693 2.060150041016556e-45
22.546875 2.0 0.0 2.5279470421366685 23.999999999996923 1.1512940178789018e-45
22.578125 2.0 0.0 2.5287235101463743 23.999999999996916 6.402876193520721e-46
22.609375 2.0 0.0 2.5295001706469398 23.999999999996913 3.544595714090166e-46
22.640625 2.0 0.0 2.530277024020937 23.999999999996902 1.9536579209753196e-46
22.671875 2.0 0.0 2.531054070651796 23.999999999996895 1.0722511834554478e-46
22.703125 2.0 0.0 2.531831310923793 23.999999999996888 5.8610728285051535e-47
22.734375 2.0 0.0 2.5326087452220625 23.999999999996888 3.1911596593010844e-47
22.765625 2.0 0.0 2.5333863739325952 23.999999999996888 1.7308607822853055e-47
22.796875 2.0 0.0 2.5341641974422418 23.999999999996874 9.353267962350299e-48
22.828125 2.0 0.0 2.5349422161387265 23.999999999996867 5.0360797287801475e-48
22.859375 2.0 0.0 2.5357204304106356 23.999999999996867 2.702002356417873e-48
22.890625 2.0 0.0 2.5364988406474227 23.999999999996867 1.4446905109718582e-48
22.921875 2.0 0.0 2.5372774472394184 23.999999999996867 7.698188899911537e-49
22.953125 2.0 0.0 2.538056250577829 23.99999999999686 4.0883930329748965e-49
22.984375 2.0 0.0 2.53883525105474 23.999999999996852 2.164163558795051e-49
23.015625 2.0 0.0 2.539614449063124 23.999999999996845 1.1418828486624206e-49
23.046875 2.0 0.0 2.5403938449968324 23.999999999996838 6.005727064687491e-50
23.078125 2.0 0.0 2.5411734392506133 23.999999999996838 3.1487547339947423e-50
23.109375 2.0 0.0 2.541953232220095 23.99999999999683 1.645720846417934e-50
23.140625 2.0 0.0 2.542733224301813 23.99999999999683 8.574936586047256e-51
23.171875 2.0 0.0 2.543513415893192 23.999999999996824 4.454253611117328e-51
23.203125 2.0 0.0 2.5442938073925614 23.999999999996824 2.3067406877601848e-51
23.234375 2.0 0.0 2.545074399199156 23.999999999996817 1.1909998921582205e-51
23.265625 2.0 0.0 2.545855191713116 23.99999999999681 6.1308674558564455e-52
23.296875 2.0 0.0 2.5466361853354966 23.99999999999681 3.1465632025112256e-52
23.328125 2.0 0.0 2.547417380468259 23.99999999999681 1.6101315822779676e-52
23.359375 2.0 0.0 2.548198777514285 23.99999999999681 8.214889684997225e-53
23.390625 2.0 0.0 2.5489803768773758 23.999999999996803 4.178897469918695e-53
23.421875 2.0 0.0 2.5497621789622578 23.999999999996795 2.119554414886232e-53
23.453125 2.0 0.0 2.550544184174586 23.999999999996795 1.07189611230049e-53
23.484375 2.0 0.0 2.551326392920937 23.999999999996795 5.404899700758321e-54
23.515625 2.0 0.0 2.5521088056088272 23.99999999999678 2.71737836329482e-54
23.546875 2.0 0.0 2.5528914226467103 23.99999999999678 1.3621972531801136e-54
23.578125 2.0 0.0 2.5536742444439744 23.999999999996774 6.808576983337657e-55
23.609375 2.0 0.0 2.5544572714109544 23.999999999996767 3.3931056550831865e-55
23.640625 2.0 0.0 2.555240503958927 23.999999999996763 1.686011193240446e-55
23.671875 2.0 0.0 2.556023942500124 23.99999999999676 8.352991740634592e-56
23.703125 2.0 0.0 2.5568075874477296 23.99999999999676 4.126081146814488e-56
23.734375 2.0 0.0 2.5575914392158783 23.999999999996753 2.0320867377757505e-56
23.765625 2.0 0.0 2.558375498219669 23.999999999996746 9.978129800561989e-57
23.796875 2.0 0.0 2.5591597648751643 23.999999999996746 4.884848740431868e-57
23.828125 2.0 0.0 2.5599442395993894 23.999999999996742 2.3841835575636754e-57
23.859375 2.0 0.0 2.560728922810344 23.999999999996746 1.1601261438237894e-57
23.890625 2.0 0.0 2.5615138149269967 23.99999999999675 5.6277758939184945e-58
23.921875 2.0 0.0 2.5622989163692895 23.999999999996746 2.7215866533612825e-58
23.953125 2.0 0.0 2.5630842275581576 23.999999999996753 1.3120415267055653e-58
23.984375 2.0 0.0 2.5638697489155042 23.999999999996742 6.305182608170241e-59
24.015625 2.0 0.0 2.5646554808642295 23.99999999999673 3.0203361416968546e-59
24.046875 2.0 0.0 2.5654414238282266 23.999999999996728 1.442119640701555e-59
24.078125 2.0 0.0 2.566227578232377 23.99999999999674 6.863006283915339e-60
24.109375 2.0 0.0 2.5670139445025546 23.99999999999673 3.2551487659220895e-60
24.140625 2.0 0.0 2.567800523065644 23.999999999996724 1.5386651948267813e-60
24.171875 2.0 0.0 2.568587314349534 23.999999999996724 7.247774453020917e-61
24.203125 2.0 0.0 2.569374318783117 23.99999999999672 3.401882857024736e-61
24.234375 2.0 0.0 2.5701615367962978 23.99999999999672 1.590929990931295e-61
24.265625 2.0 0.0 2.5709489688200007 23.999999999996717 7.4123871613528855e-62
24.296875 2.0 0.0 2.5717366152861665 23.99999999999671 3.4402769321153487e-62
24.328125 2.0 0.0 2.5725244766277573 23.999999999996703 1.5903905636321816e-62
24.359375 2.0 0.0 2.5733125532787673 23.999999999996696 7.321984942534789e-63
24.390625 2.0 0.0 2.5741008456742174 23.99999999999669 3.356600044717967e-63
24.421875 2.0 0.0 2.5748893542501614 23.999999999996685 1.5319234162033377e-63
24.453125 2.0 0.0 2.5756780794436924 23.99999999999668 6.959052145299416e-64
24.484375 2.0 0.0 2.576467021692945 23.999999999996678 3.145813634902412e-64
24.515625 2.0 0.0 2.5772561814370976 23.99999999999668 1.414693107295441e-64
24.546875 2.0 0.0 2.57804555911638 23.999999999996685 6.326920398120275e-65
24.578125 2.0 0.0 2.5788351551720696 23.999999999996685 2.8128757645194546e-65
24.609375 2.0 0.0 2.579624970046506 23.999999999996685 1.2425942366207413e-65
24.640625 2.0 0.0 2.580415004183087 23.999999999996685 5.451008665905134e-66
24.671875 2.0 0.0 2.581205258026274 23.99999999999669 2.372921497325267e-66
24.703125 2.0 0.0 2.5819957320215927 23.999999999996675 1.0241461876918614e-66
24.734375 2.0 0.0 2.582786426615649 23.999999999996668 4.377446861968469e-67
24.765625 2.0 0.0 2.583577342256123 23.999999999996664 1.8502142513491473e-67
24.796875 2.0 0.0 2.5843684793917694 23.999999999996668 7.718206623049324e-68
24.828125 2.0 0.0 2.58515983847243 23.999999999996668 3.1691289287035775e-68
24.859375 2.0 0.0 2.5859514199490294 23.999999999996668 1.275954546258792e-68
24.890625 2.0 0.0 2.5867432242735884 23.999999999996657 5.008720464462768e-69
24.921875 2.0 0.0 2.5875352518992236 23.999999999996646 1.8996549218085223e-69
24.953125 2.0 0.0 2.5883275032801514 23.99999999999664 6.85218368134225e-70
24.984375 2.0 0.0 2.5891199788716928 23.999999999996643 2.27822078484169e-70
