.03125 2.0 0.0 2.000814481380492 24.0 -4.003793457677204e-70
0.09375 2.0 0.0 2.002122831534246 24.0 -3.10028924768748e-69
0.15625 2.0 0.0 2.0035209253290835 23.999999999999993 -2.0164329257222074e-68
0.21875 2.0 0.0 2.0049307958510094 23.999999999999993 -1.1971437942926539e-67
0.28125 2.0 0.0 2.006340758863 23.999999999999986 -6.704319663991951e-67
0.34375 2.0 0.0 2.0077504256201752 23.99999999999998 -3.6001438242163e-66
0.40625 2.0 0.0 2.0091601248687203 23.99999999999997 -1.8711212490761638e-65
0.46875 2.0 0.0 2.0105699573101896 23.999999999999964 -9.467542854033363e-65
0.53125 2.0 0.0 2.011979937696469 23.999999999999957 -4.681823820360618e-64
0.59375 2.0 0.0 2.0133900669568634 23.999999999999957 -2.2689000963112057e-63
0.65625 2.0 0.0 2.014800345634188 23.999999999999957 -1.0796763064909657e-62
0.71875 2.0 0.0 2.0162107746871136 23.99999999999995 -5.052285490132954e-62
0.78125 2.0 0.0 2.01762135519807 23.99999999999994 -2.3274779481577778e-61
0.84375 2.0 0.0 2.0190320882675064 23.999999999999936 -1.0564902049433007e-60
0.90625 2.0 0.0 2.020442974997315 23.999999999999936 -4.7285315304742537e-60
0.96875 2.0 0.0 2.0218540164904795 23.99999999999993 -2.0878823025968615e-59
1.03125 2.0 0.0 2.0232652138516087 23.999999999999925 -9.099039886941364e-59
1.09375 2.0 0.0 2.0246765681870924 23.999999999999925 -3.9151515696813544e-58
1.15625 2.0 0.0 2.0260880806051347 23.999999999999922 -1.6637515850317588e-57
1.21875 2.0 0.0 2.027499752215763 23.99999999999992 -6.98415315449243e-57
1.28125 2.0 0.0 2.0289115841308405 23.999999999999915 -2.896688398352563e-56
1.34375 2.0 0.0 2.030323577464074 23.999999999999915 -1.1871666588356863e-55
1.40625 2.0 0.0 2.0317357333310233 23.999999999999908 -4.808243216412138e-55
1.46875 2.0 0.0 2.0331480528491186 23.999999999999893 -1.9246606613016414e-54
1.53125 2.0 0.0 2.0345605371376685 23.99999999999989 -7.614287154550369e-54
1.59375 2.0 0.0 2.035973187317868 23.999999999999886 -2.977231559962374e-53
1.65625 2.0 0.0 2.037386004512814 23.99999999999988 -1.1505138179815468e-52
1.71875 2.0 0.0 2.038798989847514 23.99999999999988 -4.393804720150234e-52
1.78125 2.0 0.0 2.0402121444488968 23.999999999999876 -1.6581299923453183e-51
1.84375 2.0 0.0 2.0416254694458287 23.999999999999865 -6.182563431609285e-51
1.90625 2.0 0.0 2.043038965969121 23.999999999999865 -2.277278377096913e-50
1.96875 2.0 0.0 2.04445263515154 23.999999999999865 -8.284492655247021e-50
2.03125 2.0 0.0 2.045866478127821 23.999999999999858 -2.9757630384972538e-49
2.09375 2.0 0.0 2.0472804960346798 23.99999999999985 -1.0550291032482932e-48
2.15625 2.0 0.0 2.0486946900108256 23.99999999999985 -3.6904479413849395e-48
2.21875 2.0 0.0 2.0501090611969692 23.999999999999844 -1.2729509522619648e-47
2.28125 2.0 0.0 2.051523610735835 23.999999999999844 -4.3268626815565847e-47
2.34375 2.0 0.0 2.0529383397721777 23.99999999999984 -1.4480961508257759e-46
2.40625 2.0 0.0 2.0543532494527854 23.999999999999837 -4.766666883297355e-46
2.46875 2.0 0.0 2.0557683409265017 23.999999999999833 -1.541032557512438e-45
2.53125 2.0 0.0 2.057183615344231 23.999999999999822 -4.88392660333133e-45
2.59375 2.0 0.0 2.0585990738589506 23.999999999999822 -1.5134271734381545e-44
2.65625 2.0 0.0 2.0600147176257257 23.99999999999982 -4.568647830048834e-44
2.71875 2.0 0.0 2.061430547801719 23.999999999999822 -1.3361689566318357e-43
2.78125 2.0 0.0 2.0628465655462014 23.999999999999815 -3.7532028244107754e-43
2.84375 2.0 0.0 2.0642627720205704 23.999999999999808 -9.974387744360698e-43
2.90625 2.0 0.0 2.0656791683883577 23.999999999999808 -2.4351720591234945e-42
2.96875 2.0 0.0 2.067095755815239 23.999999999999808 -5.085290221773357e-42
3.03125 2.0 0.0 2.0685125354690506 23.999999999999797 -6.897034062129024e-42
3.09375 2.0 0.0 2.0699295085198033 23.999999999999794 9.4571499118777e-42
3.15625 2.0 0.0 2.0713466761396893 23.999999999999794 1.333693151761316e-40
3.21875 2.0 0.0 2.072764039503098 23.999999999999794 7.548951878250107e-40
3.28125 2.0 0.0 2.0741815997866277 23.99999999999978 3.4311887634935694e-39
3.34375 2.0 0.0 2.075599358169102 23.999999999999787 1.403178566439546e-38
3.40625 2.0 0.0 2.077017315831573 23.99999999999978 5.378068716624702e-38
3.46875 2.0 0.0 2.0784354739573443 23.99999999999978 1.9697195541396117e-37
3.53125 2.0 0.0 2.0798538337319785 23.999999999999773 6.968045095399668e-37
3.59375 2.0 0.0 2.0812723963433113 23.99999999999976 2.3966218722471593e-36
3.65625 2.0 0.0 2.0826911629814653 23.99999999999976 8.049000674182709e-36
3.71875 2.0 0.0 2.08411013483886 23.99999999999975 2.64747034316652e-35
3.78125 2.0 0.0 2.085529313110226 23.99999999999975 8.54664587042569e-35
3.84375 2.0 0.0 2.0869486989926207 23.999999999999744 2.712213722730896e-34
3.90625 2.0 0.0 2.0883682936854377 23.999999999999734 8.471067439974588e-34
3.96875 2.0 0.0 2.089788098390427 23.999999999999737 2.6064103442825064e-33
4.03125 2.0 0.0 2.0912081143116943 23.99999999999973 7.905978888239404e-33
4.09375 2.0 0.0 2.092628342655729 23.999999999999726 2.3655346031470872e-32
4.15625 2.0 0.0 2.094048784631412 23.999999999999723 6.984994830761698e-32
4.21875 2.0 0.0 2.0954694414500254 23.999999999999723 2.0362389514835817e-31
4.28125 2.0 0.0 2.096890314325271 23.999999999999723 5.862031322215626e-31
4.34375 2.0 0.0 2.0983114044732822 23.999999999999723 1.666974471735266e-30
4.40625 2.0 0.0 2.0997327131126395 23.999999999999723 4.683320222460584e-30
4.46875 2.0 0.0 2.1011542414643793 23.999999999999716 1.3001294525565887e-29
4.53125 2.0 0.0 2.1025759907520127 23.99999999999971 3.5667630039506357e-29
4.59375 2.0 0.0 2.1039979622015372 23.999999999999698 9.670497416647311e-29
4.65625 2.0 0.0 2.1054201570414506 23.999999999999694 2.5913628227116674e-28
4.71875 2.0 0.0 2.106842576502766 23.99999999999968 6.863046828850996e-28
4.78125 2.0 0.0 2.1082652218190256 23.99999999999967 1.796412949920961e-27
4.84375 2.0 0.0 2.1096880942263123 23.999999999999673 4.64700787456371e-27
4.90625 2.0 0.0 2.111111194963267 23.999999999999662 1.1879054274809626e-26
4.96875 2.0 0.0 2.112534525271101 23.999999999999662 3.0004004484834847e-26
5.03125 2.0 0.0 2.1139580863936116 23.99999999999966 7.486792811960278e-26
5.09375 2.0 0.0 2.115381879577197 23.999999999999652 1.8451945242224962e-25
5.15625 2.0 0.0 2.1168059060708657 23.99999999999964 4.490611845317189e-25
5.21875 2.0 0.0 2.11823016712626 23.999999999999638 1.0788108353212093e-24
5.28125 2.0 0.0 2.1196546639976637 23.999999999999638 2.557329998052712e-24
5.34375 2.0 0.0 2.121079397942018 23.999999999999638 5.97877898615881e-24
5.40625 2.0 0.0 2.1225043702189357 23.999999999999638 1.3776866515677294e-23
5.46875 2.0 0.0 2.1239295820907187 23.99999999999963 3.1264914036512736e-23
5.53125 2.0 0.0 2.1253550348223715 23.99999999999962 6.980618709954213e-23
5.59375 2.0 0.0 2.1267807296816175 23.999999999999616 1.5314050791412638e-22
5.65625 2.0 0.0 2.1282066679389096 23.99999999999961 3.2952537647922248e-22
5.71875 2.0 0.0 2.129632850867448 23.9999999999996 6.938397225712931e-22
5.78125 2.0 0.0 2.1310592797432015 23.999999999999584 1.4247827369012723e-21
5.84375 2.0 0.0 2.1324859558449125 23.99999999999958 2.839370569031387e-21
5.90625 2.0 0.0 2.133912880454116 23.99999999999958 5.44950890910029e-21
5.96875 2.0 0.0 2.1353400548551567 23.99999999999958 9.944158298563714e-21
6.03125 2.0 0.0 2.1367674803352044 23.999999999999584 1.683955802877859e-20
6.09375 2.0 0.0 2.138195158184268 23.99999999999958 2.5051785044004933e-20
6.15625 2.0 0.0 2.139623089695212 23.99999999999958 2.740528868930065e-20
6.21875 2.0 0.0 2.1410512761637728 23.99999999999958 -1.9289258172990763e-21
6.28125 2.0 0.0 2.1424797188885734 23.999999999999574 -1.4017862304362418e-19
6.34375 2.0 0.0 2.143908419171141 23.999999999999574 -5.9727403593566045e-19
6.40625 2.0 0.0 2.1453373783159186 23.999999999999567 -1.9104035673239254e-18
6.46875 2.0 0.0 2.1467665976302897 23.99999999999956 -5.395897040893431e-18
6.53125 2.0 0.0 2.1481960784245846 23.99999999999956 -1.4172635144106045e-17
6.59375 2.0 0.0 2.1496258220121014 23.999999999999556 -3.5429167569282213e-17
6.65625 2.0 0.0 2.1510558297091213 23.999999999999545 -8.534713940380537e-17
6.71875 1.9999999999999998 0.0 2.1524861028349305 23.999999999999538 -1.996000429606432e-16
6.78125 1.9999999999999996 0.0 2.1539166427118284 23.999999999999535 -4.553629995606369e-16
6.84375 1.999999999999999 0.0 2.155347450665146 23.999999999999535 -1.0167180356264946e-15
6.90625 1.9999999999999978 0.0 2.156778528023266 23.999999999999527 -2.226894517287864e-15
6.96875 1.9999999999999951 0.0 2.1582098761176374 23.999999999999524 -4.7928992723670935e-15
7.03125 1.9999999999999898 0.0 2.1596414962827923 23.99999999999951 -1.0149798143363878e-14
7.09375 1.999999999999979 0.0 2.1610733898563677 23.999999999999503 -2.1169426434468405e-14
7.15625 1.9999999999999565 0.0 2.162505558179113 23.999999999999503 -4.352028380639294e-14
7.21875 1.9999999999999118 0.0 2.1639380025949144 23.999999999999496 -8.824162729183831e-14
7.28125 1.9999999999998235 0.0 2.165370724450813 23.999999999999496 -1.765504987103273e-13
7.34375 1.9999999999996514 0.0 2.166803725097023 23.99999999999949 -3.4869878558211256e-13
7.40625 1.9999999999993199 0.0 2.1682370058869536 23.999999999999492 -6.800747887373828e-13
7.46875 1.99999999999869 0.0 2.169670568177227 23.99999999999949 -1.3100830926616375e-12
7.53125 1.9999999999975067 0.0 2.1711044133277158 23.99999999999949 -2.4932458599455e-12
7.59375 1.9999999999953115 0.0 2.172538542701571 23.99999999999948 -4.688392804143842e-12
7.65625 1.9999999999912879 0.0 2.1739729576652813 23.999999999999474 -8.71217953361179e-12
7.71875 1.9999999999840004 0.0 2.1754076595887395 23.999999999999467 -1.5999612188650176e-11
7.78125 1.9999999999709601 0.0 2.176842649845364 23.999999999999474 -2.9039792611471703e-11
7.84375 1.9999999999479061 0.0 2.178277929812255 23.999999999999474 -5.2093915604236066e-11
7.90625 1.9999999999076399 0.0 2.1797135008704824 23.99999999999946 -9.236014962645237e-11
7.96875 1.9999999998381668 0.0 2.1811493644055098 23.99999999999947 -1.6183318890323987e-10
8.03125 1.9999999997197775 0.0 2.182585521807833 23.999999999999456 -2.8022250166414554e-10
8.09375 1.9999999995205506 0.0 2.184021974474003 23.99999999999945 -4.794494381885033e-10
8.15625 1.9999999991895576 0.0 2.185458723808127 23.999999999999442 -8.10442429110603e-10
8.21875 1.999999998646815 0.0 2.186895771224112 23.99999999999944 -1.3531848884076558e-09
8.28125 1.9999999977687843 0.0 2.188333118148882 23.99999999999943 -2.2312156971162697e-09
8.34375 1.9999999963680257 0.0 2.1897707660269266 23.99999999999943 -3.631974219148933e-09
8.40625 1.9999999941656055 0.0 2.1912087163264706 23.999999999999428 -5.834394601838469e-09
8.46875 1.9999999907552413 0.0 2.1926469705475284 23.999999999999417 -9.244758734380355e-09
8.53125 1.9999999855593757 0.0 2.194085530231825 23.999999999999414 -1.444062428085364e-08
8.59375 1.9999999777799766 0.0 2.195524396973984 23.999999999999407 -2.2220023413817202e-08
8.65625 1.9999999663518995 0.0 2.196963572432299 23.999999999999403 -3.364810060345147e-08
8.71875 1.9999999499155405 0.0 2.198403058335355 23.999999999999396 -5.00844594839887e-08
8.78125 1.999999926840398 0.0 2.199842856477468 23.999999999999392 -7.315960195901896e-08
8.84375 1.9999998953549927 0.0 2.2012829686904585 23.99999999999939 -1.046450073705699e-07
8.90625 1.9999998538753827 0.0 2.20272339677092 23.999999999999385 -1.461246173463636e-07
8.96875 1.9999998016794465 0.0 2.2041641423295095 23.999999999999375 -1.9832055356516146e-07
9.03125 1.9999997401537202 0.0 2.20560520651048 23.999999999999375 -2.598462797269504e-07
9.09375 1.9999996749516689 0.0 2.2070465895036486 23.99999999999936 -3.250483311046408e-07
9.15625 1.99999961955562 0.0 2.2084882897353104 23.999999999999353 -3.8044437996817056e-07
9.21875 1.9999996009383936 0.0 2.2099303025767885 23.999999999999343 -3.990616064219827e-07
9.28125 1.9999996682833594 0.0 2.2113726183473954 23.999999999999332 -3.31716640591852e-07
9.34375 1.9999999060493086 0.0 2.2128152193107025 23.999999999999332 -9.39506915416835e-08
9.40625 2.000000453060324 0.0 2.214258075268746 23.99999999999934 4.530603240697041e-07
9.46875 2.0000015297539804 0.0 2.2157011372492326 23.99999999999934 1.529753980297915e-06
9.53125 2.0000034762149435 0.0 2.217144328659969 23.999999999999332 3.4762149433038535e-06
9.59375 2.0000068041203702 0.0 2.2185875331603073 23.999999999999332 6.804120370200431e-06
9.65625 2.000012266172538 0.0 2.220030578384372 23.999999999999325 1.2266172538001058e-05
9.71875 2.000020946912308 0.0 2.2214732145637246 23.999999999999325 2.0946912307718176e-05
9.78125 2.0000343788865793 0.0 2.222915087063611 23.999999999999318 3.437888657929601e-05
9.84375 2.0000546878491403 0.0 2.224355701899494 23.99999999999931 5.468784914051539e-05
9.90625 2.0000847698499293 0.0 2.2257943834776146 23.99999999999931 8.47698499292316e-05
9.96875 2.000128501542437 0.0 2.2272302241476334 23.999999999999307 0.00012850154243721726
10.03125 2.000190982645867 0.0 2.22866202570994 23.999999999999304 0.0001909826458667602
10.09375 2.0002788060977457 0.0 2.2300882338228947 23.999999999999304 0.00027880609774585296
10.15625 2.0004003469417335 0.0 2.2315068673316096 23.999999999999297 0.00040034694173355593
10.21875 2.0005660554261655 0.0 2.2329154458935587 23.999999999999297 0.0005660554261655719
10.28125 2.0007887332867798 0.0 2.2343109208793432 23.99999999999929 0.0007887332867798587
10.34375 2.0010837650681754 0.0 2.2356896163088944 23.999999999999282 0.001083765068175486
10.40625 2.0014692691192733 0.0 2.237047188422782 23.999999999999275 0.0014692691192730424
10.46875 2.0019661263086395 0.0 2.238378614206619 23.99999999999926 0.0019661263086395773
10.53125 2.0025978394800696 0.0 2.2396782205484493 23.999999999999254 0.002597839480069819
10.59375 2.003390174303655 0.0 2.240939766430434 23.999999999999247 0.0033901743036548818
10.65625 2.004370533653136 0.0 2.242156590322849 23.999999999999247 0.004370533653136037
10.71875 2.005567024104158 0.0 2.2433218334467835 23.999999999999236 0.005567024104157814
10.78125 2.007007185562589 0.0 2.2444287465305734 23.999999999999226 0.007007185562588836
10.84375 2.008716373997397 0.0 2.245471082929482 23.999999999999226 0.008716373997397405
10.90625 2.0107158128204725 0.0 2.2464435744837448 23.999999999999226 0.01071581282047236
10.96875 2.0130203599593175 0.0 2.247342478443728 23.99999999999922 0.013020359959317548
11.03125 2.015636073594931 0.0 2.2481661746150357 23.999999999999215 0.01563607359493098
11.09375 2.0185576974742765 0.0 2.248915782267077 23.99999999999921 0.01855769747427637
11.15625 2.021766223390745 0.0 2.2495957572063734 23.999999999999204 0.021766223390745052
11.21875 2.025226719910308 0.0 2.250214421879556 23.999999999999197 0.02522671991030791
11.28125 2.028886638374096 0.0 2.250784376650116 23.99999999999919 0.028886638374096246
11.34375 2.032674815330663 0.0 2.2513227399896776 23.999999999999186 0.03267481533066286
11.40625 2.0365013810842383 0.0 2.251851170188255 23.999999999999176 0.036501381084238345
11.46875 2.0402587543207287 0.0 2.2523956306218667 23.99999999999917 0.04025875432072879
11.53125 2.0438238517414975 0.0 2.2529858711299777 23.999999999999154 0.043823851741497465
11.59375 2.047061570295903 0.0 2.253654613240852 23.99999999999915 0.04706157029590306
11.65625 2.0498295112637854 0.0 2.254436448931881 23.999999999999147 0.04982951126378543
11.71875 2.051983815731629 0.0 2.2553664848886963 23.99999999999914 0.051983815731628635
11.78125 2.0533858776287497 0.0 2.2564787861428286 23.999999999999126 0.05338587762874967
11.84375 2.0539096026515002 0.0 2.2578046919464887 23.99999999999913 0.053909602651500035
11.90625 2.0534487990070067 0.0 2.2593710906711975 23.99999999999912 0.053448799007006796
11.96875 2.051924228538194 0.0 2.2611987500142776 23.999999999999112 0.05192422853819394
12.03125 2.0492898226135075 0.0 2.2633008036161253 23.99999999999911 0.04928982261350742
12.09375 2.0455375818616344 0.0 2.2656814944596615 23.99999999999911 0.04553758186163458
12.15625 2.040700734725941 0.0 2.2683352686880873 23.999999999999105 0.040700734725941205
12.21875 2.0348548252974874 0.0 2.2712463006803514 23.999999999999105 0.034854825297487284
12.28125 2.028116530264598 0.0 2.2743885114681426 23.999999999999087 0.028116530264597768
12.34375 2.0206401586194422 0.0 2.277726118098086 23.999999999999083 0.0206401586194423
12.40625 2.0126119535118834 0.0 2.281214721838089 23.999999999999087 0.012611953511883283
12.46875 2.0042424790263493 0.0 2.2848029091792865 23.999999999999083 0.004242479026349397
12.53125 1.9957575209736507 0.0 2.288434303079611 23.99999999999907 -0.004242479026349397
12.59375 1.9873880464881166 0.0 2.292049965369654 23.99999999999907 -0.012611953511883283
12.65625 1.9793598413805578 0.0 2.2955910180636705 23.999999999999062 -0.0206401586194423
12.71875 1.9718834697354022 0.0 2.2990013254271586 23.999999999999055 -0.028116530264597768
12.78125 1.9651451747025128 0.0 2.3022300640243607 23.999999999999048 -0.034854825297487284
12.84375 1.9592992652740588 0.0 2.3052340078967557 23.99999999999904 -0.040700734725941205
12.90625 1.9544624181383654 0.0 2.3079793723029884 23.999999999999048 -0.04553758186163458
12.96875 1.9507101773864925 0.0 2.3104430917647756 23.999999999999044 -0.04928982261350742
13.03125 1.948075771461806 0.0 2.312613453745243 23.999999999999034 -0.05192422853819394
13.09375 1.9465512009929933 0.0 2.3144900632302017 23.999999999999037 -0.053448799007006796
13.15625 1.9460903973485 0.0 2.3160831693239006 23.999999999999027 -0.053909602651500035
13.21875 1.9466141223712503 0.0 2.3174124360557524 23.999999999999027 -0.05338587762874967
13.28125 1.9480161842683714 0.0 2.31850527982511 23.999999999999023 -0.051983815731628635
13.34375 1.9501704887362146 0.0 2.319394921539306 23.999999999999023 -0.04982951126378543
13.40625 1.952938429704097 0.0 2.320118310372961 23.99999999999902 -0.04706157029590306
13.46875 1.9561761482585025 0.0 2.320714069906857 23.99999999999902 -0.043823851741497465
13.53125 1.959741245679271 0.0 2.321220597392942 23.999999999999012 -0.04025875432072879
13.59375 1.9634986189157617 0.0 2.3216744183736395 23.999999999999012 -0.036501381084238345
13.65625 1.9673251846693371 0.0 2.322108862020876 23.999999999999012 -0.03267481533066286
13.71875 1.9711133616259038 0.0 2.3225530933348253 23.999999999999005 -0.028886638374096246
13.78125 1.974773280089692 0.0 2.323031503132934 23.999999999999 -0.02522671991030791
13.84375 1.978233776609255 0.0 2.323563430015768 23.999999999998998 -0.021766223390745052
13.90625 1.9814423025257237 0.0 2.3241631842593296 23.99999999999899 -0.01855769747427637
13.96875 1.984363926405069 0.0 2.3248403238430777 23.99999999999899 -0.01563607359493098
14.03125 1.9869796400406825 0.0 2.325600117414459 23.99999999999898 -0.013020359959317548
14.09375 1.9892841871795277 0.0 2.326444130603064 23.999999999998984 -0.01071581282047236
14.15625 1.9912836260026026 0.0 2.3273708791848877 23.999999999998977 -0.008716373997397405
14.21875 1.9929928144374112 0.0 2.328376500188871 23.99999999999897 -0.007007185562588836
14.28125 1.9944329758958421 0.0 2.3294554005461943 23.99999999999897 -0.005567024104157814
14.34375 1.995629466346864 0.0 2.3306008523355066 23.999999999998963 -0.004370533653136037
14.40625 1.9966098256963452 0.0 2.331805513350825 23.999999999998956 -0.0033901743036548818
14.46875 1.9974021605199301 0.0 2.3330618608349596 23.99999999999895 -0.002597839480069819
14.53125 1.9980338736913603 0.0 2.3343625342082692 23.99999999999894 -0.0019661263086395773
14.59375 1.998530730880727 0.0 2.3357005891336247 23.99999999999894 -0.0014692691192730424
14.65625 1.9989162349318246 0.0 2.33706967014258 23.999999999998934 -0.001083765068175486
14.71875 1.9992112667132202 0.0 2.3384641123133223 23.999999999998927 -0.0007887332867798587
14.78125 1.9994339445738345 0.0 2.3398789842707943 23.99999999999892 -0.0005660554261655719
14.84375 1.9995996530582665 0.0 2.3413100852926796 23.999999999998913 -0.00040034694173355593
14.90625 1.9997211939022541 0.0 2.3427539088206877 23.999999999998913 -0.00027880609774585296
14.96875 1.9998090173541332 0.0 2.344207583479472 23.999999999998906 -0.0001909826458667602
15.03125 1.9998714984575627 0.0 2.345668801067921 23.9999999999989 -0.00012850154243721726
15.09375 1.9999152301500707 0.0 2.347135739148383 23.9999999999989 -8.47698499292316e-05
15.15625 1.9999453121508595 0.0 2.348606984011713 23.99999999999889 -5.468784914051539e-05
15.21875 1.9999656211134207 0.0 2.350081458081415 23.999999999998884 -3.437888657929601e-05
15.28125 1.9999790530876922 0.0 2.3515583543297804 23.999999999998884 -2.0946912307718176e-05
15.34375 1.999987733827462 0.0 2.3530370790597646 23.999999999998884 -1.2266172538001058e-05
15.40625 1.9999931958796298 0.0 2.3545172034687782 23.999999999998877 -6.804120370200431e-06
15.46875 1.9999965237850568 0.0 2.3559984237389395 23.999999999998874 -3.4762149433038535e-06
15.53125 1.9999984702460196 0.0 2.3574805289596252 23.999999999998874 -1.529753980297915e-06
15.59375 1.9999995469396759 0.0 2.3589633759406325 23.999999999998863 -4.530603240697041e-07
15.65625 2.0000000939506917 0.0 2.3604468698737993 23.999999999998863 9.39506915416835e-08
15.71875 2.0000003317166404 0.0 2.361930949805913 23.999999999998856 3.31716640591852e-07
15.78125 2.0000003990616064 0.0 2.363415577959672 23.99999999999885 3.990616064219827e-07
15.84375 2.00000038044438 0.0 2.3649007320528552 23.999999999998842 3.8044437996817056e-07
15.90625 2.000000325048331 0.0 2.366386399896217 23.999999999998835 3.250483311046408e-07
15.96875 2.0000002598462796 0.0 2.3678725756819112 23.99999999999883 2.598462797269504e-07
16.03125 2.0000001983205538 0.0 2.3693592574964404 23.999999999998828 1.9832055356516146e-07
16.09375 2.0000001461246173 0.0 2.370846445699339 23.999999999998828 1.461246173463636e-07
16.15625 2.0000001046450073 0.0 2.372334141898829 23.99999999999882 1.046450073705699e-07
16.21875 2.000000073159602 0.0 2.373822348328284 23.999999999998813 7.315960195901896e-08
16.28125 2.0000000500844597 0.0 2.375311067484139 23.999999999998806 5.00844594839887e-08
16.34375 2.0000000336481008 0.0 2.376800301928835 23.9999999999988 3.364810060345147e-08
16.40625 2.0000000222200236 0.0 2.3782900541939282 23.9999999999988 2.2220023413817202e-08
16.46875 2.0000000144406243 0.0 2.3797803267410966 23.999999999998796 1.444062428085364e-08
16.53125 2.0000000092447587 0.0 2.381271121954389 23.999999999998792 9.244758734380355e-09
16.59375 2.0000000058343947 0.0 2.3827624421476017 23.99999999999879 5.834394601838469e-09
16.65625 2.0000000036319743 0.0 2.384254289577522 23.999999999998792 3.631974219148933e-09
16.71875 2.0000000022312157 0.0 2.3857466664581093 23.99999999999879 2.2312156971162697e-09
16.78125 2.0000000013531847 0.0 2.3872395749732798 23.999999999998785 1.3531848884076558e-09
16.84375 2.0000000008104424 0.0 2.3887330172873975 23.999999999998785 8.10442429110603e-10
16.90625 2.0000000004794494 0.0 2.390226995553399 23.999999999998778 4.794494381885033e-10
16.96875 2.0000000002802225 0.0 2.391721511918825 23.999999999998767 2.8022250166414554e-10
17.03125 2.000000000161833 0.0 2.393216568530147 23.999999999998764 1.6183318890323987e-10
17.09375 2.0000000000923603 0.0 2.3947121675357907 23.99999999999877 9.236014962645237e-11
17.15625 2.000000000052094 0.0 2.3962083110881913 23.999999999998764 5.2093915604236066e-11
17.21875 2.00000000002904 0.0 2.3977050013451984 23.999999999998764 2.9039792611471703e-11
17.28125 2.0000000000159996 0.0 2.3992022404709834 23.999999999998767 1.5999612188650176e-11
17.34375 2.000000000008712 0.0 2.4007000306366457 23.999999999998764 8.71217953361179e-12
17.40625 2.0000000000046882 0.0 2.4021983740206148 23.999999999998757 4.688392804143842e-12
17.46875 2.000000000002493 0.0 2.4036972728089134 23.999999999998757 2.4932458599455e-12
17.53125 2.00000000000131 0.0 2.405196729195337 23.999999999998757 1.3100830926616375e-12
17.59375 2.00000000000068 0.0 2.4066967453815753 23.99999999999875 6.800747887373828e-13
17.65625 2.0000000000003486 0.0 2.408197323577321 23.999999999998742 3.4869878558211256e-13
17.71875 2.0000000000001767 0.0 2.409698466000332 23.999999999998746 1.765504987103273e-13
17.78125 2.0000000000000884 0.0 2.4112001748765044 23.999999999998742 8.824162729183831e-14
17.84375 2.0000000000000435 0.0 2.4127024524399276 23.999999999998735 4.352028380639294e-14
17.90625 2.0000000000000213 0.0 2.414205300932947 23.999999999998735 2.1169426434468405e-14
17.96875 2.00000000000001 0.0 2.415708722606203 23.999999999998725 1.0149798143363878e-14
18.03125 2.000000000000005 0.0 2.417212719718698 23.999999999998725 4.7928992723670935e-15
18.09375 2.000000000000002 0.0 2.4187172945378403 23.999999999998725 2.226894517287864e-15
18.15625 2.000000000000001 0.0 2.4202224493394953 23.99999999999872 1.0167180356264946e-15
18.21875 2.0000000000000004 0.0 2.4217281864080444 23.999999999998714 4.553629995606369e-16
18.28125 2.0 0.0 2.423234508036434 23.999999999998703 1.996000429606432e-16
18.34375 2.0 0.0 2.4247414165262264 23.999999999998707 8.534713940380537e-17
18.40625 2.0 0.0 2.426248914187652 23.999999999998703 3.5429167569282213e-17
18.46875 2.0 0.0 2.427757003339667 23.999999999998693 1.4172635144106045e-17
18.53125 2.0 0.0 2.4292656863100106 23.99999999999869 5.395897040893431e-18
18.59375 2.0 0.0 2.4307749654352513 23.999999999998685 1.9104035673239254e-18
18.65625 2.0 0.0 2.4322848430608426 23.999999999998685 5.9727403593566045e-19
18.71875 2.0 0.0 2.4337953215411825 23.999999999998682 1.4017862304362418e-19
18.78125 2.0 0.0 2.435306403239669 23.99999999999867 1.9289258172990763e-21
18.84375 2.0 0.0 2.4368180905287575 23.99999999999867 -2.740528868930065e-20
18.90625 2.0 0.0 2.4383303857900085 23.99999999999867 -2.5051785044004933e-20
18.96875 2.0 0.0 2.4398432914141504 23.99999999999866 -1.683955802877859e-20
19.03125 2.0 0.0 2.441356809801142 23.99999999999865 -9.944158298563714e-21
19.09375 2.0 0.0 2.442870943360222 23.999999999998643 -5.44950890910029e-21
19.15625 2.0 0.0 2.4443856945099727 23.99999999999864 -2.839370569031387e-21
19.21875 2.0 0.0 2.445901065678372 23.999999999998636 -1.4247827369012723e-21
19.28125 2.0 0.0 2.447417059302862 23.99999999999863 -6.938397225712931e-22
19.34375 2.0 0.0 2.4489336778304027 23.99999999999863 -3.2952537647922248e-22
19.40625 2.0 0.0 2.4504509237175274 23.99999999999862 -1.5314050791412638e-22
19.46875 2.0 0.0 2.451968799430417 23.999999999998618 -6.980618709954213e-23
19.53125 2.0 0.0 2.453487307444945 23.999999999998614 -3.1264914036512736e-23
19.59375 2.0 0.0 2.455006450246756 23.999999999998614 -1.3776866515677294e-23
19.65625 2.0 0.0 2.4565262303313045 23.999999999998607 -5.97877898615881e-24
19.71875 2.0 0.0 2.458046650203946 23.9999999999986 -2.557329998052712e-24
19.78125 2.0 0.0 2.4595677123799744 23.999999999998593 -1.0788108353212093e-24
19.84375 2.0 0.0 2.4610894193847006 23.99999999999858 -4.490611845317189e-25
19.90625 2.0 0.0 2.462611773753513 23.999999999998572 -1.8451945242224962e-25
19.96875 2.0 0.0 2.464134778031938 23.999999999998565 -7.486792811960278e-26
20.03125 2.0 0.0 2.465658434775707 23.999999999998558 -3.0004004484834847e-26
20.09375 2.0 0.0 2.467182746550825 23.999999999998565 -1.1879054274809626e-26
20.15625 2.0 0.0 2.4687077159336273 23.99999999999855 -4.64700787456371e-27
20.21875 2.0 0.0 2.470233345510862 23.999999999998543 -1.796412949920961e-27
20.28125 2.0 0.0 2.4717596378797433 23.99999999999854 -6.863046828850996e-28
20.34375 2.0 0.0 2.4732865956480214 23.999999999998543 -2.5913628227116674e-28
20.40625 2.0 0.0 2.47481422143405 23.999999999998536 -9.670497416647311e-29
20.46875 2.0 0.0 2.4763425178668648 23.999999999998533 -3.5667630039506357e-29
20.53125 2.0 0.0 2.4778714875862375 23.999999999998522 -1.3001294525565887e-29
20.59375 2.0 0.0 2.479401133242756 23.999999999998515 -4.683320222460584e-30
20.65625 2.0 0.0 2.4809314574978916 23.9999999999985 -1.666974471735266e-30
20.71875 2.0 0.0 2.4824624630240706 23.9999999999985 -5.862031322215626e-31
20.78125 2.0 0.0 2.483994152504742 23.999999999998487 -2.0362389514835817e-31
20.84375 2.0 0.0 2.4855265286344563 23.999999999998487 -6.984994830761698e-32
20.90625 2.0 0.0 2.4870595941189277 23.99999999999848 -2.3655346031470872e-32
20.96875 2.0 0.0 2.4885933516751155 23.99999999999847 -7.905978888239404e-33
21.03125 2.0 0.0 2.4901278040312986 23.999999999998465 -2.6064103442825064e-33
21.09375 2.0 0.0 2.491662953927144 23.999999999998458 -8.471067439974588e-34
21.15625 2.0 0.0 2.493198804113785 23.99999999999845 -2.712213722730896e-34
21.21875 2.0 0.0 2.4947353573538935 23.999999999998444 -8.54664587042569e-35
21.28125 2.0 0.0 2.4962726164217646 23.999999999998437 -2.64747034316652e-35
21.34375 2.0 0.0 2.497810584103383 23.999999999998437 -8.049000674182709e-36
21.40625 2.0 0.0 2.499349263196504 23.99999999999843 -2.3966218722471593e-36
21.46875 2.0 0.0 2.500888656510736 23.999999999998426 -6.968045095399668e-37
21.53125 2.0 0.0 2.5024287668676113 23.999999999998426 -1.9697195541396117e-37
21.59375 2.0 0.0 2.503969597100671 23.999999999998423 -5.378068716624702e-38
21.65625 2.0 0.0 2.5055111500555425 23.999999999998423 -1.403178566439546e-38
21.71875 2.0 0.0 2.507053428590023 23.999999999998405 -3.4311887634935694e-39
21.78125 2.0 0.0 2.508596435574158 23.99999999999841 -7.548951878250107e-40
21.84375 2.0 0.0 2.510140173890324 23.9999999999984 -1.333693151761316e-40
21.90625 2.0 0.0 2.5116846464333076 23.999999999998394 -9.4571499118777e-42
21.96875 2.0 0.0 2.5132298561103976 23.99999999999838 6.897034062129024e-42
22.03125 2.0 0.0 2.514775805841457 23.999999999998387 5.085290221773357e-42
22.09375 2.0 0.0 2.516322498559025 23.99999999999838 2.4351720591234945e-42
22.15625 2.0 0.0 2.517869937208368 23.99999999999837 9.974387744360698e-43
22.21875 2.0 0.0 2.5194181247476344 23.999999999998362 3.7532028244107754e-43
22.28125 2.0 0.0 2.520967064147821 23.999999999998362 1.3361689566318357e-43
22.34375 2.0 0.0 2.5225167583930643 23.99999999999835 4.568647830048834e-44
22.40625 2.0 0.0 2.524067210480376 23.999999999998348 1.5134271734381545e-44
22.46875 2.0 0.0 2.525618423420349 23.999999999998355 4.88392660333133e-45
22.53125 2.0 0.0 2.5271704002361677 23.99999999999834 1.541032557512438e-45
22.59375 2.0 0.0 2.528723143965574 23.99999999999834 4.766666883297355e-46
22.65625 2.0 0.0 2.53027665765773 23.99999999999834 1.4480961508257759e-46
22.71875 2.0 0.0 2.5318309443788563 23.99999999999834 4.3268626815565847e-47
22.78125 2.0 0.0 2.5333860072027803 23.999999999998337 1.2729509522619648e-47
22.84375 2.0 0.0 2.534941849227473 23.999999999998337 3.6904479413849395e-48
22.90625 2.0 0.0 2.5364984735468203 23.999999999998344 1.0550291032482932e-48
22.96875 2.0 0.0 2.5380558832994953 23.99999999999833 2.9757630384972538e-49
23.03125 2.0 0.0 2.539614081585033 23.999999999998327 8.284492655247021e-50
23.09375 2.0 0.0 2.541173071608692 23.999999999998316 2.277278377096913e-50
23.15625 2.0 0.0 2.542732856432144 23.999999999998316 6.182563431609285e-51
23.21875 2.0 0.0 2.5442934394032255 23.99999999999832 1.6581299923453183e-51
23.28125 2.0 0.0 2.545854823415876 23.99999999999831 4.393804720150234e-52
23.34375 2.0 0.0 2.5474170121853277 23.9999999999983 1.1505138179815468e-52
23.40625 2.0 0.0 2.5489800080515996 23.9999999999983 2.977231559962374e-53
23.46875 2.0 0.0 2.5505438157637172 23.999999999998288 7.614287154550369e-54
23.53125 2.0 0.0 2.5521084359608417 23.999999999998288 1.9246606613016414e-54
23.59375 2.0 0.0 2.5536738764027795 23.99999999999828 4.808243216412138e-55
23.65625 2.0 0.0 2.5552401326231395 23.99999999999828 1.1871666588356863e-55
23.71875 2.0 0.0 2.55680722125907 23.999999999998273 2.896688398352563e-56
23.78125 2.0 0.0 2.558375122633276 23.999999999998266 6.98415315449243e-57
23.84375 2.0 0.0 2.5599438796705627 23.999999999998256 1.6637515850317588e-57
23.90625 2.0 0.0 2.561513427490934 23.999999999998252 3.9151515696813544e-58
23.96875 2.0 0.0 2.5630838869783217 23.999999999998252 9.099039886941364e-59
24.03125 2.0 0.0 2.564655059039506 23.999999999998252 2.0878823025968615e-59
24.09375 2.0 0.0 2.566227295878729 23.999999999998245 4.7285315304742537e-60
24.15625 2.0 0.0 2.5678000000350516 23.999999999998245 1.0564902049433007e-60
24.21875 2.0 0.0 2.5693742102547024 23.999999999998245 2.3274779481577778e-61
24.28125 2.0 0.0 2.570948146900065 23.999999999998238 5.052285490132954e-62
24.34375 2.0 0.0 2.572524886853923 23.99999999999823 1.0796763064909657e-62
24.40625 2.0 0.0 2.574099143611063 23.999999999998224 2.2689000963112057e-63
24.46875 2.0 0.0 2.5756800482283158 23.999999999998217 4.681823820360618e-64
24.53125 2.0 0.0 2.5772519222295465 23.99999999999821 9.467542854033363e-65
24.59375 2.0 0.0 2.5788419080167344 23.99999999999821 1.8711212490761638e-65
24.65625 2.0 0.0 2.580403634513872 23.999999999998202 3.6001438242163e-66
24.71875 2.0 0.0 2.5820180022196304 23.9999999999982 6.704319663991951e-67
24.78125 2.0 0.0 2.583548966248575 23.999999999998195 1.1971437942926539e-67
24.84375 2.0 0.0 2.585238068396796 23.9999999999982 2.0164329257222074e-68
24.90625 2.0 0.0 2.586700812123583 23.999999999998195 3.10028924768748e-69
24.96875 2.0 0.0 2.588703451788632 23.999999999998195 4.003793457677204e-70
