0.125 4.846398929887073 23.987630193114207 4.845515508575228 23.985003703579274 -8.023378137447364e-69
0.375 4.8412983704719394 23.987630194498134 4.841655443745019 23.98500306003132 -8.237583357394523e-66
0.625 4.838314775585833 23.987630195633297 4.837769118593979 23.985001325473455 -4.960217038783217e-63
0.875 4.83401831170983 23.987630196672498 4.833865739006521 23.985002242848115 -2.2389513277987053e-60
1.125 4.830164345464904 23.987630197597923 4.829939433174605 23.985003250384754 -8.083295968589929e-58
1.375 4.826217789849597 23.9876301984561 4.8259926521151515 23.985003727888937 -2.3927033740792414e-55
1.625 4.822249225496334 23.98763019926401 4.822024352710981 23.985004425301554 -5.861267598663116e-53
1.875 4.818259082686675 23.987630200046993 4.818034323465144 23.985005172830782 -1.1883943908134718e-50
2.125 4.814246849454193 23.987630200823464 4.814022287374696 23.985005917783262 -1.976589158084722e-48
2.375 4.810212235226003 23.9876302016112 4.8099878263271165 23.985006854262863 -2.632942317395744e-46
2.625 4.806154906920396 23.987630202424818 4.805930711233381 23.985007799825365 -2.638888646042497e-44
2.875 4.802074525555883 23.98763020327665 4.80185049637754 23.985008973022985 -1.5796414191572262e-42
3.125 4.797970743858505 23.9876302041762 4.797746917867014 23.98501023784514 4.567817789604015e-41
3.375 4.793843205857163 23.987630205130017 4.793619591794759 23.985011684475758 2.7652750956800404e-38
3.625 4.789691546595833 23.987630206141407 4.789468178846417 23.98501331079477 4.404258009248603e-36
3.875 4.785515391812263 23.987630207210138 4.785292273739971 23.98501523485585 4.802503147034089e-34
4.125 4.781314357603614 23.98763020833232 4.781091398161922 23.98501770785119 4.0714940949284585e-32
4.375 4.777088050076376 23.987630209500466 4.77686504490107 23.985021037831824 2.798298194819873e-30
4.625 4.772836064979701 23.987630210703653 4.772613043250539 23.98502494554095 1.5853487713817023e-28
4.875 4.7685579873210795 23.9876302119281 4.768336145191855 23.98502744454491 7.44089836681967e-27
5.125 4.764253390963445 23.987630213157935 4.7640354895955195 23.985025796422462 2.8831502816409013e-25
5.375 4.759921838202507 23.987630214376228 4.759712459992398 23.985016918359634 9.092577194644609e-24
5.625 4.755562879323207 23.987630215566234 4.755373008861271 23.984989892608326 2.252142269674823e-22
5.875 4.75117605213414 23.987630216712745 4.751011228301294 23.984954709452794 3.954656992153136e-21
6.125 4.746760881478524 23.987630217803417 4.746613760505199 23.984934712636367 2.789761923259548e-20
6.375 4.742316878720481 23.987630218829974 4.742180212130223 23.98492726252752 -1.0909101867037715e-18
6.625 4.737843541205027 23.987630219789217 4.7377113315323385 23.98493164004755 -5.5213930824722155e-17
6.875 4.733340351690243 23.98763022068352 4.733208795873763 23.984942377190485 -1.5081395283077498e-15
7.125 4.728806777749755 23.987630221521066 4.728673302454363 23.984953620178068 -3.0406459207729985e-14
7.375 4.72424227114301 23.98763022231547 4.724102285040358 23.984968867998493 -4.87731075149774e-13
7.625 4.719746267143078 23.987630223084995 4.719489904406537 23.985000382207744 -6.400550420574792e-12
7.875 4.7151181837424625 23.987630223851298 4.71483912712666 23.985041316599442 -6.946621751012237e-11
8.125 4.710457420146851 23.98763022463794 4.710158932271268 23.985074005201227 -6.243021272063907e-10
8.375 4.705763351116383 23.987630225468614 4.705452036276821 23.985091947874047 -4.611047172371882e-09
8.625 4.701035303192383 23.98763022636536 4.700719985625815 23.985087981234265 -2.7399979986059073e-08
8.875 4.696272490205469 23.987630227346944 4.695955946349981 23.985071482066886 -1.240590773561188e-07
9.125 4.691474089115081 23.987630228427456 4.691155546180536 23.985043340087188 -3.552572240524588e-07
9.375 4.686641371573073 23.987630229615235 4.686319337803292 23.984999475332803 1.2942058380315937e-07
9.625 4.681692050663347 23.98763023091235 4.68146707106288 23.98496352605225 9.209599773068e-06
9.875 4.676922859586973 23.98763023231447 4.676697162468145 23.98495341447536 6.829060285179713e-05
10.125 4.672605685457469 23.987630233811142 4.672380306418267 23.98495507504559 0.00033476072351890226
10.375 4.6698228198448515 23.987630235386355 4.669598782065 23.984965971758257 0.0012639670514472895
10.625 4.670950565614332 23.98763023701886 4.670729794313533 23.984997734790632 0.003855097550723615
10.875 4.67967473402129 23.987630238682637 4.679460194729645 23.985065027984913 0.009678706501005496
11.125 4.6990668056828735 23.987630240348928 4.698863094655627 23.985191090818933 0.02012788497491368
11.375 4.7272832007828605 23.987630241991866 4.727096990041679 23.985403034418 0.03458962805843038
11.625 4.7537914319060866 23.987630243596634 4.7536321259770435 23.985731316913075 0.0485132950314933
11.875 4.761070242804891 23.987630245163828 4.760948942325193 23.986190543106215 0.053807929155783495
12.125 4.733283850032304 23.987630246706683 4.73320406484441 23.98668629566503 0.0432510018706274
12.375 4.667479070349807 23.98763024824523 4.667430188394767 23.987052674621516 0.01668234441309194
12.625 4.580058033134076 23.987630249801143 4.580029092730968 23.98728825820099 -0.01668234441309194
12.875 4.502799153561533 23.98763025139113 4.502782508540968 23.98743370893961 -0.0432510018706274
13.125 4.465659939984518 23.987630253016576 4.465650630369805 23.98752074370701 -0.053807929155783495
13.375 4.473892234516718 23.987630254661873 4.473887219319112 23.98757151814963 -0.0485132950314933
13.625 4.506596019039893 23.98763025631786 4.50659346780928 23.98760046030505 -0.03458962805843038
13.875 4.539697198037986 23.987630257996443 4.5396960168782545 23.98761656987697 -0.02012788497491368
14.125 4.561265819322398 23.987630259718 4.561265384771673 23.98762525627214 -0.009678706501005496
14.375 4.57049980361774 23.98763026150195 4.5704997712295565 23.98762972387263 -0.003855097550723615
14.625 4.571338779310722 23.987630263363172 4.571338950174918 23.987631890456043 -0.0012639670514472895
14.875 4.567859834898943 23.987630265311534 4.567860096034803 23.987632889263274 -0.00033476072351890226
15.125 4.562616097050429 23.9876302673525 4.5626163957008234 23.987633317876387 -6.829060285179713e-05
15.375 4.556772713110028 23.987630269488605 4.5567730279833025 23.987633457379374 -9.209599773068e-06
15.625 4.550733723997215 23.98763027172098 4.550734041468494 23.98763349649696 -1.2942058380315937e-07
15.875 4.544604660701431 23.98763027405076 4.544604977317137 23.987633550009036 3.552572240524588e-07
16.125 4.538404057643096 23.987630276479884 4.538404381311912 23.98763361217737 1.240590773561188e-07
16.375 4.532131981023765 23.98763027901141 4.532132309597048 23.9876336171902 2.7399979986059073e-08
16.625 4.525785977778904 23.98763028164918 4.5257862941681335 23.987633529738726 4.611047172371882e-09
16.875 4.5193634846892135 23.987630284396833 4.519363786618706 23.987633402723873 6.243021272063907e-10
17.125 4.512861912257229 23.987630287256202 4.512862219084807 23.98763340590494 6.946621751012237e-11
17.375 4.506278561593 23.98763029022541 4.506278892759667 23.98763372828034 6.400550420574792e-12
17.625 4.499610585962346 23.98763029329684 4.499610972764005 23.987634532706704 4.87731075149774e-13
17.875 4.492854972208576 23.987630296455265 4.492855485449361 23.987636071480335 3.0406459207729985e-14
18.125 4.486008525709253 23.98763029967672 4.486009272178737 23.987638832903503 1.5081395283077498e-15
18.375 4.479067854588289 23.987630302927982 4.479068992269107 23.987643590297935 5.5213930824722155e-17
18.625 4.472029352251176 23.98763030616712 4.472031143000798 23.987651410877366 1.0909101867037715e-18
18.875 4.464889177894472 23.9876303093449 4.46489200914794 23.98766374343944 -2.789761923259548e-20
19.125 4.457643234682139 23.987630312406946 4.457647621069726 23.987682334582345 -3.954656992153136e-21
19.375 4.450287145237444 23.987630315296304 4.450293570473043 23.98770717056908 -2.252142269674823e-22
19.625 4.442816224035935 23.987630317956217 4.442824358226952 23.987728136453363 -9.092577194644609e-24
19.875 4.435225446207038 23.98763032033278 4.435234478615664 23.987739289357066 -2.8831502816409013e-25
20.125 4.427509412156368 23.987630322377427 4.427518825991258 23.987743461433883 -7.44089836681967e-27
20.375 4.4196623073036125 23.987630324049313 4.419671806900989 23.9877437440184 -1.5853487713817023e-28
20.625 4.4116778560856265 23.98763032531777 4.411687256361429 23.987742561315464 -2.798298194819873e-30
20.875 4.40354926919374 23.98763032616492 4.4035583177094235 23.98773849615825 -4.0714940949284585e-32
21.125 4.395269182788165 23.987630326588402 4.395277503551065 23.98772993677386 -4.802503147034089e-34
21.375 4.386829588146851 23.987630326603902 4.386836654417657 23.98771502638488 -4.404258009248603e-36
21.625 4.378221749843092 23.987630326246713 4.378226986110822 23.98769307318822 -2.7652750956800404e-38
21.875 4.369436110080647 23.987630325571423 4.369439437946339 23.98766987581841 -4.567817789604015e-41
22.125 4.3604621762127165 23.98763032464907 4.3604641691772095 23.98765370865373 1.5796414191572262e-42
22.375 4.351288387684807 23.987630323561277 4.351289547845487 23.98764368869075 2.638888646042497e-44
22.625 4.3419019576047235 23.98763032239197 4.341902610058201 23.987637691948954 2.632942317395744e-46
22.875 4.332288682762454 23.98763032121807 4.3322890343393565 23.98763421934408 1.976589158084722e-48
23.125 4.322432714062214 23.98763032010139 4.3224328927374085 23.98763225846886 1.1883943908134718e-50
23.375 4.312316276792594 23.987630319083884 4.312316358877943 23.987631167920817 5.861267598663116e-53
23.625 4.301919326653241 23.987630318187684 4.301919357002099 23.987630577455146 2.3927033740792414e-55
23.875 4.291219122534852 23.987630317420248 4.291219127851 23.987630288960105 8.083295968589929e-58
24.125 4.280189690028251 23.987630316782692 4.280189686228406 23.98763018628533 2.2389513277987053e-60
24.375 4.268801139440961 23.98763031627884 4.2688011348282195 23.987630183684598 4.960217038783217e-63
24.625 4.257018786991784 23.98763031592077 4.257018784218074 23.987630217958117 8.237583357394523e-66
24.875 4.244802004971124 23.98763031573067 4.244802004902024 23.987630244588 8.023378137447364e-69
