0.125 2.0 0.0 2.0056411222444783 23.99999999999998 -8.023378137447364e-69
0.375 2.0 0.0 2.0112783059300936 23.99999999999997 -8.237583357394523e-66
0.625 2.0 0.0 2.016919427888305 23.999999999999957 -4.960217038783217e-63
0.875 2.0 0.0 2.0225629786039825 23.999999999999936 -2.2389513277987053e-60
1.125 2.0 0.0 2.028209032575471 23.999999999999915 -8.083295968589929e-58
1.375 2.0 0.0 2.033857660402343 23.999999999999897 -2.3927033740792414e-55
1.625 2.0 0.0 2.039508933603253 23.99999999999988 -5.861267598663116e-53
1.875 2.0 0.0 2.045162924180225 23.999999999999865 -1.1883943908134718e-50
2.125 2.0 0.0 2.0508197046320538 23.999999999999854 -1.976589158084722e-48
2.375 2.0 0.0 2.056479347965951 23.99999999999985 -2.632942317395744e-46
2.625 2.0 0.0 2.062141927709522 23.99999999999985 -2.638888646042497e-44
2.875 2.0 0.0 2.0678075179229527 23.99999999999983 -1.5796414191572262e-42
3.125 2.0 0.0 2.0734761932114214 23.999999999999815 4.567817789604015e-41
3.375 2.0 0.0 2.079148028737709 23.999999999999794 2.7652750956800404e-38
3.625 2.0 0.0 2.0848231002350683 23.99999999999978 4.404258009248603e-36
3.875 2.0 0.0 2.0905014840202982 23.999999999999766 4.802503147034089e-34
4.125 2.0 0.0 2.0961832570070866 23.999999999999744 4.0714940949284585e-32
4.375 2.0 0.0 2.1018684967195904 23.99999999999973 2.798298194819873e-30
4.625 2.0 0.0 2.1075572813062724 23.999999999999716 1.5853487713817023e-28
4.875 2.0 0.0 2.1132496895540083 23.9999999999997 7.44089836681967e-27
5.125 2.0 0.0 2.118945800902466 23.999999999999684 2.8831502816409013e-25
5.375 2.0 0.0 2.124645695458767 23.999999999999673 9.092577194644609e-24
5.625 2.0 0.0 2.13034945401243 23.99999999999966 2.252142269674823e-22
5.875 2.0 0.0 2.136057158050626 23.999999999999652 3.954656992153136e-21
6.125 2.0 0.0 2.1417688897737266 23.99999999999963 2.789761923259548e-20
6.375 2.0 0.0 2.1474847321111863 23.999999999999616 -1.0909101867037715e-18
6.625 2.0 0.0 2.153204768737732 23.99999999999958 -5.5213930824722155e-17
6.875 1.9999999999999984 0.0 2.1589290840899142 23.999999999999588 -1.5081395283077498e-15
7.125 1.9999999999999696 0.0 2.164657763382963 23.999999999999574 -3.0406459207729985e-14
7.375 1.9999999999995122 0.0 2.1703908926281326 23.999999999999556 -4.87731075149774e-13
7.625 1.9999999999935993 0.0 2.1761285586511985 23.999999999999538 -6.400550420574792e-12
7.875 1.9999999999305338 0.0 2.1818708491194903 23.999999999999524 -6.946621751012237e-11
8.125 1.9999999993756978 0.0 2.1876178526333936 23.99999999999951 -6.243021272063907e-10
8.375 1.999999995388953 0.0 2.1933696592119274 23.999999999999496 -4.611047172371882e-09
8.625 1.99999997260002 0.0 2.1991263625216204 23.99999999999949 -2.7399979986059073e-08
8.875 1.9999998759409225 0.0 2.2048880660730195 23.99999999999947 -1.240590773561188e-07
9.125 1.999999644742776 0.0 2.210654875918461 23.999999999999453 -3.552572240524588e-07
9.375 2.0000001294205836 0.0 2.2164266926779987 23.999999999999424 1.2942058380315937e-07
9.625 2.000009209599773 0.0 2.2222018016399887 23.999999999999417 9.209599773068e-06
9.875 2.0000682906028517 0.0 2.22797068051152 23.999999999999414 6.829060285179713e-05
10.125 2.000334760723519 0.0 2.2336964418002454 23.999999999999428 0.00033476072351890226
10.375 2.001263967051447 0.0 2.2392709137043596 23.999999999999417 0.0012639670514472895
10.625 2.0038550975507237 0.0 2.244453727606829 23.999999999999417 0.003855097550723615
10.875 2.0096787065010053 0.0 2.24886222394463 23.999999999999396 0.009678706501005496
11.125 2.020127884974914 0.0 2.252150941518411 23.99999999999939 0.02012788497491368
11.375 2.0345896280584306 0.0 2.2544594583554183 23.999999999999382 0.03458962805843038
11.625 2.0485132950314933 0.0 2.2568885059386306 23.999999999999385 0.0485132950314933
11.875 2.0538079291557834 0.0 2.261414392688893 23.999999999999368 0.053807929155783495
12.125 2.0432510018706274 0.0 2.269852235173688 23.99999999999936 0.0432510018706274
12.375 2.016682344413092 0.0 2.2823673800008706 23.99999999999934 0.01668234441309194
12.625 1.983317655586908 0.0 2.296787910184188 23.999999999999332 -0.01668234441309194
12.875 1.9567489981293726 0.0 2.3096340975523946 23.999999999999325 -0.0432510018706274
13.125 1.9461920708442164 0.0 2.318336097233199 23.999999999999318 -0.053807929155783495
13.375 1.9514867049685067 0.0 2.3227858773754946 23.9999999999993 -0.0485132950314933
13.625 1.9654103719415696 0.0 2.3248848069482815 23.99999999999929 -0.03458962805843038
13.875 1.9798721150250864 0.0 2.326830589344299 23.999999999999268 -0.02012788497491368
14.125 1.9903212934989944 0.0 2.329864332608789 23.999999999999254 -0.009678706501005496
14.375 1.9961449024492763 0.0 2.3341593989659204 23.999999999999233 -0.003855097550723615
14.625 1.9987360329485526 0.0 2.3393448475433187 23.99999999999921 -0.0012639670514472895
14.875 1.999665239276481 0.0 2.3449961828072086 23.999999999999197 -0.00033476072351890226
15.125 1.9999317093971483 0.0 2.3508398779286956 23.999999999999183 -6.829060285179713e-05
15.375 1.999990790400227 0.0 2.3567497574762184 23.999999999999172 -9.209599773068e-06
15.625 1.9999998705794162 0.0 2.362681756835892 23.99999999999917 -1.2942058380315937e-07
15.875 2.000000355257224 0.0 2.368624236501 23.999999999999172 3.552572240524588e-07
16.125 2.0000001240590772 0.0 2.3745750564640415 23.99999999999916 1.240590773561188e-07
16.375 2.00000002739998 0.0 2.3805340974651816 23.999999999999154 2.7399979986059073e-08
16.625 2.000000004611047 0.0 2.3865015085742782 23.99999999999915 4.611047172371882e-09
16.875 2.000000000624302 0.0 2.3924774399229873 23.999999999999158 6.243021272063907e-10
17.125 2.000000000069466 0.0 2.3984620320015155 23.99999999999915 6.946621751012237e-11
17.375 2.0000000000064007 0.0 2.4044554235748516 23.999999999999154 6.400550420574792e-12
17.625 2.0000000000004876 0.0 2.410457754661885 23.999999999999147 4.87731075149774e-13
17.875 2.00000000000003 0.0 2.4164691672214262 23.99999999999914 3.0406459207729985e-14
18.125 2.0000000000000013 0.0 2.422489805305224 23.99999999999914 1.5081395283077498e-15
18.375 2.0 0.0 2.4285198151230967 23.99999999999913 5.5213930824722155e-17
18.625 2.0 0.0 2.4345593450979743 23.999999999999133 1.0909101867037715e-18
18.875 2.0 0.0 2.4406085459213087 23.99999999999913 -2.789761923259548e-20
19.125 2.0 0.0 2.4466675706100878 23.999999999999105 -3.954656992153136e-21
19.375 2.0 0.0 2.452736574565602 23.999999999999083 -2.252142269674823e-22
19.625 2.0 0.0 2.458815715633995 23.999999999999076 -9.092577194644609e-24
19.875 2.0 0.0 2.4649051541687284 23.999999999999083 -2.8831502816409013e-25
20.125 2.0 0.0 2.471005053094993 23.99999999999907 -7.44089836681967e-27
20.375 2.0 0.0 2.477115577976198 23.999999999999076 -1.5853487713817023e-28
20.625 2.0 0.0 2.4832368970825085 23.999999999999062 -2.798298194819873e-30
20.875 2.0 0.0 2.4893691814616687 23.99999999999904 -4.0714940949284585e-32
21.125 2.0 0.0 2.495512605012064 23.999999999999034 -4.802503147034089e-34
21.375 2.0 0.0 2.501667344558181 23.999999999999034 -4.404258009248603e-36
21.625 2.0 0.0 2.5078335799285556 23.99999999999904 -2.7652750956800404e-38
21.875 2.0 0.0 2.5140114940363034 23.99999999999904 -4.567817789604015e-41
22.125 2.0 0.0 2.5202012729623444 23.999999999999027 1.5796414191572262e-42
22.375 2.0 0.0 2.5264031060414336 23.999999999999012 2.638888646042497e-44
22.625 2.0 0.0 2.5326171859510955 23.999999999999012 2.632942317395744e-46
22.875 2.0 0.0 2.53884370880362 23.999999999999012 1.976589158084722e-48
23.125 2.0 0.0 2.5450828742412215 23.999999999999012 1.1883943908134718e-50
23.375 2.0 0.0 2.5513348855345166 23.999999999999023 5.861267598663116e-53
23.625 2.0 0.0 2.5575999496844375 23.999999999999023 2.3927033740792414e-55
23.875 2.0 0.0 2.5638782775277713 23.999999999999012 8.083295968589929e-58
24.125 2.0 0.0 2.5701700838464445 23.99999999999901 2.2389513277987053e-60
24.375 2.0 0.0 2.5764755874807306 23.999999999999 4.960217038783217e-63
24.625 2.0 0.0 2.5827950114465703 23.999999999999 8.237583357394523e-66
24.875 2.0 0.0 2.589128583057173 23.999999999999012 8.023378137447364e-69
