0.125 2.0 0.0 2.0056427965526984 23.999999999999993 -8.023378137447364e-69
0.375 2.0 0.0 2.0112758881103527 23.999999999999993 -8.237583357394523e-66
0.625 2.0 0.0 2.0169201552112366 23.999999999999986 -4.960217038783217e-63
0.875 2.0 0.0 2.0225629709038575 23.999999999999986 -2.2389513277987053e-60
1.125 2.0 0.0 2.0282090359665075 23.99999999999997 -8.083295968589929e-58
1.375 2.0 0.0 2.033857659773557 23.99999999999997 -2.3927033740792414e-55
1.625 2.0 0.0 2.0395089338956143 23.999999999999964 -5.861267598663116e-53
1.875 2.0 0.0 2.045162924362444 23.999999999999957 -1.1883943908134718e-50
2.125 2.0 0.0 2.0508197048184744 23.99999999999995 -1.976589158084722e-48
2.375 2.0 0.0 2.056479348149538 23.999999999999957 -2.632942317395744e-46
2.625 2.0 0.0 2.0621419278917994 23.99999999999995 -2.638888646042497e-44
2.875 2.0 0.0 2.0678075181037237 23.999999999999943 -1.5796414191572262e-42
3.125 2.0 0.0 2.0734761933907278 23.99999999999994 4.567817789604015e-41
3.375 2.0 0.0 2.0791480289155713 23.999999999999936 2.7652750956800404e-38
3.625 2.0 0.0 2.084823100411505 23.999999999999936 4.404258009248603e-36
3.875 2.0 0.0 2.0905014841953298 23.99999999999993 4.802503147034089e-34
4.125 2.0 0.0 2.0961832571807326 23.999999999999925 4.0714940949284585e-32
4.375 2.0 0.0 2.1018684968918686 23.99999999999992 2.798298194819873e-30
4.625 2.0 0.0 2.1075572814772014 23.99999999999992 1.5853487713817023e-28
4.875 2.0 0.0 2.113249689723606 23.999999999999915 7.44089836681967e-27
5.125 2.0 0.0 2.118945801070751 23.999999999999908 2.8831502816409013e-25
5.375 2.0 0.0 2.1246456956257553 23.999999999999893 9.092577194644609e-24
5.625 2.0 0.0 2.1303494541781394 23.999999999999886 2.252142269674823e-22
5.875 2.0 0.0 2.136057158215074 23.99999999999988 3.954656992153136e-21
6.125 2.0 0.0 2.1417688899369343 23.99999999999988 2.789761923259548e-20
6.375 2.0 0.0 2.1474847322731696 23.999999999999876 -1.0909101867037715e-18
6.625 2.0 0.0 2.153204768898508 23.999999999999872 -5.5213930824722155e-17
6.875 1.9999999999999984 0.0 2.158929084249494 23.999999999999865 -1.5081395283077498e-15
7.125 1.9999999999999696 0.0 2.164657763541366 23.999999999999865 -3.0406459207729985e-14
7.375 1.9999999999995122 0.0 2.170390892785377 23.999999999999858 -4.87731075149774e-13
7.625 1.9999999999935993 0.0 2.176128558807301 23.999999999999858 -6.400550420574792e-12
7.875 1.9999999999305338 0.0 2.1818708492744667 23.999999999999844 -6.946621751012237e-11
8.125 1.9999999993756978 0.0 2.1876178527872883 23.999999999999844 -6.243021272063907e-10
8.375 1.999999995388953 0.0 2.193369659364925 23.999999999999833 -4.611047172371882e-09
8.625 1.99999997260002 0.0 2.199126362674522 23.99999999999983 -2.7399979986059073e-08
8.875 1.9999998759409225 0.0 2.2048880662278663 23.99999999999983 -1.240590773561188e-07
9.125 1.999999644742776 0.0 2.2106548760712688 23.999999999999822 -3.552572240524588e-07
9.375 2.0000001294205836 0.0 2.2164266927485623 23.999999999999808 1.2942058380315937e-07
9.625 2.000009209599773 0.0 2.2222018011144398 23.999999999999808 9.209599773068e-06
9.875 2.0000682906028517 0.0 2.2279706772275354 23.9999999999998 6.829060285179713e-05
10.125 2.000334760723519 0.0 2.23369642917882 23.999999999999794 0.00033476072351890226
10.375 2.001263967051447 0.0 2.2392708764297167 23.999999999999787 0.0012639670514472895
10.625 2.0038550975507237 0.0 2.2444536324967794 23.99999999999978 0.003855097550723615
10.875 2.0096787065010053 0.0 2.2488619906490497 23.999999999999787 0.009678706501005496
11.125 2.020127884974914 0.0 2.252150452350638 23.99999999999978 0.02012788497491368
11.375 2.0345896280584306 0.0 2.2544589067343654 23.99999999999978 0.03458962805843038
11.625 2.0485132950314933 0.0 2.2568886343537695 23.999999999999773 0.0485132950314933
11.875 2.0538079291557834 0.0 2.2614142277943143 23.999999999999766 0.053807929155783495
12.125 2.0432510018706274 0.0 2.2698470059487414 23.99999999999976 0.0432510018706274
12.375 2.016682344413092 0.0 2.2823563993434623 23.999999999999744 0.01668234441309194
12.625 1.983317655586908 0.0 2.2967799357361747 23.999999999999737 -0.01668234441309194
12.875 1.9567489981293726 0.0 2.309629811579435 23.99999999999973 -0.0432510018706274
13.125 1.9461920708442164 0.0 2.3183243892473113 23.999999999999726 -0.053807929155783495
13.375 1.9514867049685067 0.0 2.322769001904345 23.999999999999723 -0.0485132950314933
13.625 1.9654103719415696 0.0 2.324873766072529 23.999999999999716 -0.03458962805843038
13.875 1.9798721150250864 0.0 2.3268238833940673 23.99999999999971 -0.02012788497491368
14.125 1.9903212934989944 0.0 2.3298560943658106 23.999999999999694 -0.009678706501005496
14.375 1.9961449024492763 0.0 2.3341498177895295 23.999999999999684 -0.003855097550723615
14.625 1.9987360329485526 0.0 2.3393356896660977 23.999999999999673 -0.0012639670514472895
14.875 1.999665239276481 0.0 2.344987543651236 23.999999999999673 -0.00033476072351890226
15.125 1.9999317093971483 0.0 2.3508313685959337 23.999999999999673 -6.829060285179713e-05
15.375 1.999990790400227 0.0 2.356741239770372 23.999999999999666 -9.209599773068e-06
15.625 1.9999998705794162 0.0 2.362673220324436 23.99999999999966 -1.2942058380315937e-07
15.875 2.000000355257224 0.0 2.3686156845421404 23.99999999999965 3.552572240524588e-07
16.125 2.0000001240590772 0.0 2.3745664907722395 23.999999999999638 1.240590773561188e-07
16.375 2.00000002739998 0.0 2.3805255190032746 23.99999999999963 2.7399979986059073e-08
16.625 2.000000004611047 0.0 2.386492917714934 23.999999999999623 4.611047172371882e-09
16.875 2.000000000624302 0.0 2.39246883665632 23.99999999999962 6.243021272063907e-10
17.125 2.000000000069466 0.0 2.3984534161701765 23.99999999999962 6.946621751012237e-11
17.375 2.0000000000064007 0.0 2.4044467949838237 23.99999999999962 6.400550420574792e-12
17.625 2.0000000000004876 0.0 2.410449113108311 23.999999999999616 4.87731075149774e-13
17.875 2.00000000000003 0.0 2.4164605124993823 23.999999999999623 3.0406459207729985e-14
18.125 2.0000000000000013 0.0 2.4224811372058808 23.999999999999616 1.5081395283077498e-15
18.375 2.0 0.0 2.4285111334345357 23.999999999999616 5.5213930824722155e-17
18.625 2.0 0.0 2.43455064960506 23.999999999999616 1.0909101867037715e-18
18.875 2.0 0.0 2.4405998364056023 23.99999999999961 -2.789761923259548e-20
19.125 2.0 0.0 2.446658846849771 23.999999999999595 -3.954656992153136e-21
19.375 2.0 0.0 2.452727836335377 23.999999999999588 -2.252142269674823e-22
19.625 2.0 0.0 2.4588069627049984 23.999999999999574 -9.092577194644609e-24
19.875 2.0 0.0 2.464896386308448 23.999999999999574 -2.8831502816409013e-25
20.125 2.0 0.0 2.470996270067176 23.999999999999567 -7.44089836681967e-27
20.375 2.0 0.0 2.477106779540737 23.999999999999567 -1.5853487713817023e-28
20.625 2.0 0.0 2.4832280829953612 23.999999999999563 -2.798298194819873e-30
20.875 2.0 0.0 2.489360351474743 23.999999999999567 -4.0714940949284585e-32
21.125 2.0 0.0 2.4955037588731086 23.999999999999567 -4.802503147034089e-34
21.375 2.0 0.0 2.5016584820106766 23.999999999999556 -4.404258009248603e-36
21.625 2.0 0.0 2.5078247007116077 23.999999999999552 -2.7652750956800404e-38
21.875 2.0 0.0 2.5140025978845246 23.999999999999556 -4.567817789604015e-41
22.125 2.0 0.0 2.5201923596057303 23.999999999999556 1.5796414191572262e-42
22.375 2.0 0.0 2.5263941752052315 23.999999999999552 2.638888646042497e-44
22.625 2.0 0.0 2.532608237355676 23.999999999999552 2.632942317395744e-46
22.875 2.0 0.0 2.5388347421643465 23.999999999999545 1.976589158084722e-48
23.125 2.0 0.0 2.5450738892683082 23.999999999999538 1.1883943908134718e-50
23.375 2.0 0.0 2.5513258819328852 23.99999999999953 5.861267598663116e-53
23.625 2.0 0.0 2.5575909271535724 23.999999999999524 2.3927033740792414e-55
23.875 2.0 0.0 2.5638692357615636 23.999999999999517 8.083295968589929e-58
24.125 2.0 0.0 2.570161022533023 23.99999999999951 2.2389513277987053e-60
24.375 2.0 0.0 2.5764665063023067 23.999999999999503 4.960217038783217e-63
24.625 2.0 0.0 2.5827859100792625 23.999999999999503 8.237583357394523e-66
24.875 2.0 0.0 2.5891194611708217 23.9999999999995 8.023378137447364e-69
