0.125 2.0056427965526957 23.999999999999982 2.0056427965526957 23.999999999999982 -8.023378137447364e-69
0.375 2.0112758881103483 23.999999999999964 2.0112758881103483 23.999999999999964 -8.237583357394523e-66
0.625 2.0169201552112295 23.999999999999943 2.0169201552112295 23.999999999999943 -4.960217038783217e-63
0.875 2.022562970903847 23.999999999999922 2.022562970903847 23.999999999999922 -2.2389513277987053e-60
1.125 2.028209035966496 23.999999999999908 2.028209035966496 23.999999999999908 -8.083295968589929e-58
1.375 2.033857659773545 23.9999999999999 2.033857659773545 23.9999999999999 -2.3927033740792414e-55
1.625 2.0395089338955996 23.99999999999988 2.0395089338955996 23.99999999999988 -5.861267598663116e-53
1.875 2.0451629243624287 23.999999999999872 2.0451629243624287 23.999999999999872 -1.1883943908134718e-50
2.125 2.0508197048184567 23.99999999999985 2.0508197048184567 23.99999999999985 -1.976589158084722e-48
2.375 2.0564793481495167 23.99999999999983 2.0564793481495167 23.99999999999983 -2.632942317395744e-46
2.625 2.062141927891779 23.999999999999822 2.062141927891779 23.999999999999822 -2.638888646042497e-44
2.875 2.0678075181037023 23.999999999999808 2.0678075181037023 23.9999999999998 -1.5796414191572262e-42
3.125 2.0734761933907047 23.999999999999794 2.073476193390711 23.99999999999983 4.567817789604015e-41
3.375 2.0791480289155464 23.99999999999978 2.0791480289155437 23.99999999999974 2.7652750956800404e-38
3.625 2.0848231004114774 23.999999999999766 2.084823100411488 23.999999999999822 4.404258009248603e-36
3.875 2.0905014841953005 23.99999999999976 2.0905014841953067 23.99999999999978 4.802503147034089e-34
4.125 2.096183257180701 23.999999999999737 2.0961832571806607 23.999999999999446 4.0714940949284585e-32
4.375 2.1018684968918357 23.999999999999723 2.101868496891983 24.000000000000732 2.798298194819873e-30
4.625 2.107557281477167 23.999999999999716 2.1075572814769505 23.99999999999825 1.5853487713817023e-28
4.875 2.1132496897235695 23.9999999999997 2.113249689723606 23.999999999999872 7.44089836681967e-27
5.125 2.118945801070714 23.999999999999684 2.1189458010717344 24.000000000006708 2.8831502816409013e-25
5.375 2.124645695625719 23.99999999999968 2.124645695622906 23.999999999980503 9.092577194644609e-24
5.625 2.130349454178103 23.999999999999666 2.1303494541804966 24.000000000015774 2.252142269674823e-22
5.875 2.136057158215036 23.999999999999652 2.13605715822273 24.000000000051706 3.954656992153136e-21
6.125 2.141768889936893 23.999999999999638 2.1417688899091782 23.999999999812175 2.789761923259548e-20
6.375 2.147484732273127 23.99999999999963 2.147484732292617 24.000000000138222 -1.0909101867037715e-18
6.625 2.1532047688984655 23.999999999999616 2.1532047689905682 24.000000000584613 -5.5213930824722155e-17
6.875 2.158929084249454 23.999999999999623 2.1589290840167354 23.999999998498964 -1.5081395283077498e-15
7.125 2.1646577635413253 23.99999999999961 2.1646577634365762 23.999999999361723 -3.0406459207729985e-14
7.375 2.170390892785335 23.999999999999602 2.170390893976222 24.00000000741909 -4.87731075149774e-13
7.625 2.176228558807258 23.9999999999996 2.176128558182076 23.999999996758607 -6.400550420574792e-12
7.875 2.1819708492744234 23.999999999999584 2.1818708439986865 23.999999964934748 -6.946621751012237e-11
8.125 2.1877178527872423 23.999999999999567 2.1876178591919384 24.00000004168358 -6.243021272063907e-10
8.375 2.1934696593648764 23.999999999999538 2.1933696813991848 24.000000142889427 -4.611047172371882e-09
8.625 2.199226362674471 23.999999999999524 2.199126328891266 23.99999975791072 -2.7399979986059073e-08
8.875 2.204988066227813 23.99999999999951 2.204887975477977 23.999999485651674 -1.240590773561188e-07
9.125 2.210754876071214 23.999999999999503 2.2106549498515293 24.000000634258306 -3.552572240524588e-07
9.375 2.216526692748507 23.99999999999949 2.2164269865861996 24.00000166081825 1.2942058380315937e-07
9.625 2.222201801114381 23.999999999999467 2.2222018675906567 24.00000010193189 9.209599773068e-06
9.875 2.2279706772274768 23.999999999999467 2.22797017001806 23.999996651895536 6.829060285179713e-05
10.125 2.233696429178764 23.99999999999948 2.2336958624805487 23.999996944804106 0.00033476072351890226
10.375 2.2392708764296607 23.99999999999947 2.2392711580492817 24.0000021504148 0.0012639670514472895
10.625 2.2444536324967217 23.99999999999946 2.2444560043685864 24.00001464128964 0.003855097550723615
10.875 2.248861990648991 23.999999999999453 2.248868594305925 24.00003996315632 0.009678706501005496
11.125 2.252150452350581 23.99999999999945 2.252165148998464 24.000088481905927 0.02012788497491368
11.375 2.2544589067343077 23.999999999999446 2.254488258319788 24.000176426553143 0.03458962805843038
11.625 2.25688863435371 23.999999999999424 2.256942981719344 24.0003262801785 0.0485132950314933
11.875 2.2614142277942513 23.999999999999396 2.2615070569261175 24.000557909676555 0.053807929155783495
12.125 2.2698470059486784 23.99999999999939 2.2699732505823116 24.000751927829864 0.0432510018706274
12.375 2.2823563993434 23.999999999999382 2.282497828515946 24.00083236960316 0.01668234441309194
12.625 2.2967799357361116 23.999999999999375 2.2969263767687913 24.000864172937312 -0.01668234441309194
12.875 2.309629811579372 23.999999999999368 2.309776067563095 24.000860502193163 -0.0432510018706274
13.125 2.318324389247249 23.99999999999936 2.318464705996367 24.000826938673573 -0.053807929155783495
13.375 2.322769001904284 23.999999999999353 2.3228926549860596 24.00073693943883 -0.0485132950314933
13.625 2.324873766072465 23.999999999999346 2.3249664316760255 24.0005690929225 -0.03458962805843038
13.875 2.3268238833940034 23.999999999999332 2.3268780105724374 24.00036145728695 -0.02012788497491368
14.125 2.3298560943657467 23.999999999999318 2.3298847400183584 24.000219750816505 -0.009678706501005496
14.375 2.3341498177894673 23.99999999999931 2.334164784237386 24.000140035092436 -0.003855097550723615
14.625 2.3393356896660356 23.9999999999993 2.3393446335904713 24.000108918663287 -0.0012639670514472895
14.875 2.3449875436511727 23.99999999999929 2.3449943696188713 24.000101285560497 -0.00033476072351890226
15.125 2.3508313685958675 23.999999999999275 2.3508376231408747 24.000101173521006 -6.829060285179713e-05
15.375 2.3567412397703054 23.999999999999257 2.356747907683894 24.000107279408454 -9.209599773068e-06
15.625 2.362673220324372 23.999999999999265 2.362681090115887 24.00011901278761 -1.2942058380315937e-07
15.875 2.368615684542079 23.99999999999926 2.3686243522380472 24.000124068481746 3.552572240524588e-07
16.125 2.374566490772179 23.999999999999254 2.3745753892704724 24.0001244584716 1.240590773561188e-07
16.375 2.380525519003215 23.999999999999247 2.3805342847690696 24.00012176671723 2.7399979986059073e-08
16.625 2.3864929177148726 23.999999999999233 2.386501110867714 24.00011305126216 4.611047172371882e-09
16.875 2.392468836656257 23.999999999999226 2.3924756596741603 24.00009265676983 6.243021272063907e-10
17.125 2.3984534161701125 23.999999999999215 2.3984575073441423 24.00005252499656 6.946621751012237e-11
17.375 2.404446794983758 23.999999999999215 2.4044461753277577 23.999982991180254 6.400550420574792e-12
17.625 2.4104491131082426 23.999999999999204 2.410440977551393 23.99987155210371 4.87731075149774e-13
17.875 2.416460512499312 23.999999999999197 2.4164409224025487 23.999702129637782 3.0406459207729985e-14
18.125 2.422481137205809 23.99999999999919 2.4224467493253075 23.99948459911764 1.5081395283077498e-15
18.375 2.4285111334344647 23.99999999999919 2.4284658598265887 23.999325182924295 5.5213930824722155e-17
18.625 2.4345506496049873 23.999999999999183 2.4345000267546517 23.999247771854098 1.0909101867037715e-18
18.875 2.4405998364055286 23.99999999999917 2.440547440442363 23.99922364257928 -2.789761923259548e-20
19.125 2.4466588468496937 23.99999999999914 2.44660637830032 23.99922367080748 -3.954656992153136e-21
19.375 2.4527278363353 23.99999999999913 2.4526760399637575 23.999234473132788 -2.252142269674823e-22
19.625 2.458806962704924 23.999999999999126 2.458757415974403 23.99927025181538 -9.092577194644609e-24
19.875 2.4648963863083786 23.99999999999914 2.464852017222558 23.99934831970525 -2.8831502816409013e-25
20.125 2.4709962700671 23.999999999999112 2.470961024902392 23.999483295188938 -7.44089836681967e-27
20.375 2.4771067795406605 23.99999999999911 2.4770837955096106 23.999663455799872 -1.5853487713817023e-28
20.625 2.4832280829952866 23.99999999999912 2.48321480933853 23.999805802624014 -2.798298194819873e-30
20.875 2.489360351474665 23.999999999999105 2.489352936810255 23.999891616792006 -4.0714940949284585e-32
21.125 2.4955037588730287 23.999999999999098 2.4954997408960704 23.99994127637042 -4.802503147034089e-34
21.375 2.5016584820106016 23.99999999999911 2.501656357840905 23.999968876206523 -4.404258009248603e-36
21.625 2.5078247007115317 23.999999999999105 2.5078235968514155 23.99998364411082 -2.7652750956800404e-38
21.875 2.5140025978844465 23.99999999999909 2.5140020306494524 23.999991351642976 -4.567817789604015e-41
22.125 2.5201923596056472 23.999999999999076 2.5201920677876437 23.999995399829377 1.5796414191572262e-42
22.375 2.5263941752051426 23.999999999999055 2.5263940250378116 23.99999759395618 2.638888646042497e-44
22.625 2.532608237355584 23.999999999999034 2.532608163638136 23.999998811142962 2.632942317395744e-46
22.875 2.538834742164253 23.999999999999023 2.5388347104690983 23.99999948571892 1.976589158084722e-48
23.125 2.5450738892682176 23.999999999999023 2.545073879718814 23.99999984181875 1.1883943908134718e-50
23.375 2.5513258819327995 23.999999999999034 2.5513258822959357 24.00000000057838 5.861267598663116e-53
23.625 2.557590927153486 23.999999999999023 2.557590930135068 24.00000004266671 2.3927033740792414e-55
23.875 2.563869235761475 23.999999999999012 2.5638692379870682 24.000000032119654 8.083295968589929e-58
24.125 2.5701610225329365 23.999999999999012 2.5701610233742906 24.000000012090958 2.2389513277987053e-60
24.375 2.5764665063022205 23.999999999999012 2.5764665063158585 24.000000000183057 4.960217038783217e-63
24.625 2.582785910079175 23.999999999999012 2.5827859098736567 23.999999997094562 8.237583357394523e-66
24.875 2.5891194611707373 23.999999999999023 2.589119461068037 23.999999998002338 8.023378137447364e-69
