0.125 2.005643747915979 23.999999999999982 2.005643747915979 23.999999999999982 -8.023378137447364e-69
0.375 2.011272569580469 23.999999999999964 2.011272569580469 23.999999999999964 -8.237583357394523e-66
0.625 2.016924391263224 23.99999999999995 2.016924391263224 23.99999999999995 -4.960217038783217e-63
0.875 2.0225606360257364 23.99999999999994 2.0225606360257364 23.99999999999994 -2.2389513277987053e-60
1.125 2.0282095248589096 23.999999999999922 2.0282095248589096 23.999999999999922 -8.083295968589929e-58
1.375 2.0338576223282683 23.999999999999915 2.0338576223282683 23.999999999999915 -2.3927033740792414e-55
1.625 2.0395089552898806 23.999999999999897 2.0395089552898806 23.999999999999897 -5.861267598663116e-53
1.875 2.0451629153003372 23.99999999999988 2.0451629153003372 23.99999999999988 -1.1883943908134718e-50
2.125 2.050819707593477 23.999999999999865 2.050819707593477 23.999999999999865 -1.976589158084722e-48
2.375 2.0564793475197867 23.99999999999985 2.0564793475197867 23.99999999999985 -2.632942317395744e-46
2.625 2.0621419280285442 23.99999999999983 2.0621419280285442 23.99999999999983 -2.638888646042497e-44
2.875 2.0678075180619615 23.99999999999981 2.0678075180619615 23.99999999999981 -1.5796414191572262e-42
3.125 2.073476193404848 23.999999999999808 2.0734761934048516 23.999999999999837 4.567817789604015e-41
3.375 2.0791480289117317 23.999999999999797 2.0791480289117246 23.99999999999975 2.7652750956800404e-38
3.625 2.084823100412577 23.999999999999787 2.0848231004125846 23.999999999999844 4.404258009248603e-36
3.875 2.0905014841951584 23.99999999999977 2.090501484195164 23.99999999999981 4.802503147034089e-34
4.125 2.096183257180889 23.99999999999976 2.096183257180849 23.99999999999949 4.0714940949284585e-32
4.375 2.101868496891926 23.999999999999737 2.1018684968920707 24.00000000000072 2.798298194819873e-30
4.625 2.107557281477284 23.999999999999723 2.1075572814770647 23.99999999999823 1.5853487713817023e-28
4.875 2.1132496897236797 23.99999999999971 2.1132496897237143 23.999999999999872 7.44089836681967e-27
5.125 2.1189458010708275 23.9999999999997 2.118945801071832 24.000000000006626 2.8831502816409013e-25
5.375 2.1246456956258295 23.99999999999968 2.124645695623042 23.999999999980687 9.092577194644609e-24
5.625 2.130349454178215 23.999999999999673 2.1303494541805943 24.000000000015675 2.252142269674823e-22
5.875 2.1360571582151486 23.999999999999666 2.1360571582227705 24.000000000051323 3.954656992153136e-21
6.125 2.141768889937005 23.99999999999964 2.1417688899095277 23.999999999813774 2.789761923259548e-20
6.375 2.147484732273236 23.999999999999623 2.147484732292533 24.0000000001368 -1.0909101867037715e-18
6.625 2.153204768898574 23.999999999999602 2.1532047689901326 24.00000000058148 -5.5213930824722155e-17
6.875 2.15892908424956 23.999999999999595 2.15892908401863 23.999999998510503 -1.5081395283077498e-15
7.125 2.164657763541433 23.999999999999595 2.16465776343599 23.999999999356124 -3.0406459207729985e-14
7.375 2.170390892785444 23.999999999999595 2.1703908939704584 24.00000000738229 -4.87731075149774e-13
7.625 2.176228558807366 23.999999999999588 2.176128558192258 23.999999996827864 -6.400550420574792e-12
7.875 2.1819708492745344 23.999999999999574 2.181870844009053 23.99999996499004 -6.946621751012237e-11
8.125 2.1877178527873653 23.999999999999556 2.187617859148013 24.000000041389278 -6.243021272063907e-10
8.375 2.193469659365085 23.999999999999556 2.1933696814015056 24.000000142975544 -4.611047172371882e-09
8.625 2.199226362675026 23.999999999999545 2.199126329011144 23.999999758606812 -2.7399979986059073e-08
8.875 2.204988066229055 23.99999999999953 2.204887975419693 23.9999994851747 -1.240590773561188e-07
9.125 2.2107548760689846 23.999999999999513 2.2106549496169148 24.0000006331097 -3.552572240524588e-07
9.375 2.216526692703099 23.999999999999503 2.2164269866801436 24.000001661943045 1.2942058380315937e-07
9.625 2.2222018008244357 23.99999999999949 2.222201867697682 24.000000103859655 9.209599773068e-06
9.875 2.227970676005414 23.99999999999949 2.2279701687829623 23.99999665083862 6.829060285179713e-05
10.125 2.233696425348885 23.999999999999496 2.2336958583801 23.999996943493535 0.00033476072351890226
10.375 2.239270866266236 23.999999999999492 2.239271147835118 24.000002150794664 0.0012639670514472895
10.625 2.244453603958057 23.99999999999948 2.2444559764840806 24.00001464468675 0.003855097550723615
10.875 2.248861913575401 23.999999999999474 2.2488685183726593 24.000039969215237 0.009678706501005496
11.125 2.252150357626764 23.999999999999467 2.252165056194525 24.00008849269882 0.02012788497491368
11.375 2.2544591097418625 23.999999999999453 2.254488463579197 24.00017643981247 0.03458962805843038
11.625 2.2568891870781664 23.999999999999446 2.2569435337459285 24.000326284575703 0.0485132950314933
11.875 2.261413346244878 23.99999999999943 2.2615062004996815 24.00055819477611 0.053807929155783495
12.125 2.269844238165513 23.99999999999941 2.2699704957136744 24.00075197247648 0.0432510018706274
12.375 2.2823586108955114 23.999999999999403 2.282500005304301 24.000832078000016 0.01668234441309194
12.625 2.2967890758582907 23.999999999999396 2.2969354919349327 24.000864047301167 -0.01668234441309194
12.875 2.3096326368509423 23.99999999999939 2.3097788834168473 24.000860463915735 -0.0432510018706274
13.125 2.3183220158112317 23.999999999999375 2.318462335485116 24.0008269645648 -0.053807929155783495
13.375 2.3227784352490106 23.99999999999936 2.322902101489119 24.000737011139414 -0.0485132950314933
13.625 2.3248878817958474 23.999999999999346 2.324980567394718 24.000569161863172 -0.03458962805843038
13.875 2.326828634466163 23.999999999999332 2.3268827365753197 24.000361238987132 -0.02012788497491368
14.125 2.329858237487313 23.999999999999325 2.329886893111017 24.000219896993823 -0.009678706501005496
14.375 2.3341558514704417 23.999999999999318 2.3341708385661426 24.00014012834751 -0.003855097550723615
14.625 2.339342352746547 23.9999999999993 2.3393512950618245 24.00010885442682 -0.0012639670514472895
14.875 2.3449929079256053 23.999999999999282 2.344999725992559 24.000101237114364 -0.00033476072351890226
15.125 2.350836398316922 23.999999999999275 2.350842647511217 24.000101143544377 -6.829060285179713e-05
15.375 2.3567464562774036 23.999999999999254 2.3567531210785577 24.000107266502667 -9.209599773068e-06
15.625 2.3626785330682516 23.999999999999254 2.362686403281775 24.000119027831982 -1.2942058380315937e-07
15.875 2.368621012773673 23.999999999999254 2.368629682550082 24.000124089934367 3.552572240524588e-07
16.125 2.374571824598248 23.999999999999247 2.3745807252845776 24.00012447850376 1.240590773561188e-07
16.375 2.380530859630837 23.999999999999233 2.3805396269896724 24.000121782235375 2.7399979986059073e-08
16.625 2.3864982654454385 23.999999999999226 2.3865064594504 24.000113061331227 4.611047172371882e-09
16.875 2.392474191805465 23.999999999999215 2.392481014627454 24.00009265696358 6.243021272063907e-10
17.125 2.3984587790431666 23.999999999999204 2.398462869223082 24.000052517242608 6.946621751012237e-11
17.375 2.404452165777916 23.99999999999919 2.4044515453738784 23.999982982296416 6.400550420574792e-12
17.625 2.4104544919675064 23.999999999999183 2.4104463562628564 23.99987154727002 4.87731075149774e-13
17.875 2.4164658995546406 23.999999999999172 2.4164463097792286 23.99970213205669 3.0406459207729985e-14
18.125 2.422486532587314 23.99999999999916 2.4224521456453445 23.999484613176094 1.5081395283077498e-15
18.375 2.4285165372739668 23.99999999999916 2.428471264681342 23.9993251978955 5.5213930824722155e-17
18.625 2.4345560620363687 23.999999999999158 2.434505439712458 23.999247783274917 1.0909101867037715e-18
18.875 2.4406052575647523 23.999999999999154 2.4405528617785714 23.999223646231375 -2.789761923259548e-20
19.125 2.446664276874839 23.99999999999914 2.446611808092473 23.999223667116137 -3.954656992153136e-21
19.375 2.4527332753665974 23.99999999999912 2.452681478332149 23.99923446584407 -2.252142269674823e-22
19.625 2.4588124108848293 23.999999999999098 2.458762863431208 23.999270240956 -9.092577194644609e-24
19.875 2.464901843781622 23.99999999999911 2.4648574734713633 23.999348304162012 -2.8831502816409013e-25
20.125 2.4710017369807473 23.99999999999909 2.470966490660682 23.9994832785458 -7.44089836681967e-27
20.375 2.477112256044163 23.99999999999909 2.4770892710065526 23.99966344131028 -1.5853487713817023e-28
20.625 2.483233569240551 23.999999999999094 2.483220294937916 23.99980579305738 -2.798298194819873e-30
20.875 2.4893658476161233 23.999999999999083 2.4893584326023532 23.999891610785255 -4.0714940949284585e-32
21.125 2.4955092650676924 23.999999999999073 2.495505247054282 23.999941276344906 -4.802503147034089e-34
21.375 2.5016639984181337 23.999999999999055 2.501661874342858 23.999968878224735 -4.404258009248603e-36
21.625 2.507830227494337 23.999999999999055 2.507829123693126 23.999983644857267 -2.7652750956800404e-38
21.875 2.51400813520772 23.999999999999066 2.514007567989692 23.999991351836947 -4.567817789604015e-41
22.125 2.5201979076374537 23.999999999999055 2.520197615825612 23.999995399932807 1.5796414191572262e-42
22.375 2.526399734116504 23.999999999999048 2.526399583952114 23.999997594002036 2.638888646042497e-44
22.625 2.532613807320557 23.999999999999044 2.5326137336031778 23.99999881114011 2.632942317395744e-46
22.875 2.5388403233600076 23.99999999999904 2.5388402916648234 23.999999485720444 1.976589158084722e-48
23.125 2.5450794818751286 23.999999999999034 2.5450794723277115 23.999999841852663 1.1883943908134718e-50
23.375 2.551331486134538 23.999999999999034 2.5513314865001613 24.000000000614342 5.861267598663116e-53
23.625 2.5575965431371186 23.999999999999044 2.557596546119583 24.000000042677378 2.3927033740792414e-55
23.875 2.5638748637175377 23.99999999999904 2.5638748659427235 24.000000032113764 8.083295968589929e-58
24.125 2.570166662655553 23.999999999999048 2.5701666634962965 24.000000012082737 2.2389513277987053e-60
24.375 2.576472158789204 23.999999999999055 2.576472158802459 24.000000000177792 4.960217038783217e-63
24.625 2.5827915751321227 23.999999999999055 2.582791574926434 23.999999997091997 8.237583357394523e-66
24.875 2.589125138995146 23.999999999999027 2.5891251388924235 23.99999999800134 8.023378137447364e-69
