0.125 2.0 0.0 4.846398929887073 23.987630193114207 -8.023378137447364e-69
0.375 2.0 0.0 4.8412983704719394 23.987630194498134 -8.237583357394523e-66
0.625 2.0 0.0 4.838314775585833 23.987630195633297 -4.960217038783217e-63
0.875 2.0 0.0 4.83401831170983 23.987630196672498 -2.2389513277987053e-60
1.125 2.0 0.0 4.830164345464904 23.987630197597923 -8.083295968589929e-58
1.375 2.0 0.0 4.826217789849597 23.9876301984561 -2.3927033740792414e-55
1.625 2.0 0.0 4.822249225496334 23.98763019926401 -5.861267598663116e-53
1.875 2.0 0.0 4.818259082686675 23.987630200046993 -1.1883943908134718e-50
2.125 2.0 0.0 4.814246849454193 23.987630200823464 -1.976589158084722e-48
2.375 2.0 0.0 4.810212235226003 23.9876302016112 -2.632942317395744e-46
2.625 2.0 0.0 4.806154906920396 23.987630202424818 -2.638888646042497e-44
2.875 2.0 0.0 4.802074525555883 23.98763020327665 -1.5796414191572262e-42
3.125 2.0 0.0 4.797970743858505 23.9876302041762 4.567817789604015e-41
3.375 2.0 0.0 4.793843205857163 23.987630205130017 2.7652750956800404e-38
3.625 2.0 0.0 4.789691546595833 23.987630206141407 4.404258009248603e-36
3.875 2.0 0.0 4.785515391812263 23.987630207210138 4.802503147034089e-34
4.125 2.0 0.0 4.781314357603614 23.98763020833232 4.0714940949284585e-32
4.375 2.0 0.0 4.777088050076376 23.987630209500466 2.798298194819873e-30
4.625 2.0 0.0 4.772836064979701 23.987630210703653 1.5853487713817023e-28
4.875 2.0 0.0 4.7685579873210795 23.9876302119281 7.44089836681967e-27
5.125 2.0 0.0 4.764253390963445 23.987630213157935 2.8831502816409013e-25
5.375 2.0 0.0 4.759921838202507 23.987630214376228 9.092577194644609e-24
5.625 2.0 0.0 4.755562879323207 23.987630215566234 2.252142269674823e-22
5.875 2.0 0.0 4.75117605213414 23.987630216712745 3.954656992153136e-21
6.125 2.0 0.0 4.746760881478524 23.987630217803417 2.789761923259548e-20
6.375 2.0 0.0 4.742316878720481 23.987630218829974 -1.0909101867037715e-18
6.625 2.0 0.0 4.737843541205027 23.987630219789217 -5.5213930824722155e-17
6.875 1.9999999999999984 0.0 4.733340351690243 23.98763022068352 -1.5081395283077498e-15
7.125 1.9999999999999696 0.0 4.728806777749755 23.987630221521066 -3.0406459207729985e-14
7.375 1.9999999999995122 0.0 4.72424227114301 23.98763022231547 -4.87731075149774e-13
7.625 1.9999999999935993 0.0 4.719646267143078 23.987630223084995 -6.400550420574792e-12
7.875 1.9999999999305338 0.0 4.715018183742463 23.987630223851298 -6.946621751012237e-11
8.125 1.9999999993756978 0.0 4.710357420146852 23.98763022463794 -6.243021272063907e-10
8.375 1.999999995388953 0.0 4.7056633511163835 23.987630225468614 -4.611047172371882e-09
8.625 1.99999997260002 0.0 4.7009353031923835 23.98763022636536 -2.7399979986059073e-08
8.875 1.9999998759409225 0.0 4.696172490205469 23.987630227346944 -1.240590773561188e-07
9.125 1.999999644742776 0.0 4.691374089115081 23.987630228427456 -3.552572240524588e-07
9.375 2.0000001294205836 0.0 4.686541371573073 23.987630229615235 1.2942058380315937e-07
9.625 2.000009209599773 0.0 4.681692050663347 23.98763023091235 9.209599773068e-06
9.875 2.0000682906028517 0.0 4.676922859586973 23.98763023231447 6.829060285179713e-05
10.125 2.000334760723519 0.0 4.672605685457469 23.987630233811142 0.00033476072351890226
10.375 2.001263967051447 0.0 4.6698228198448515 23.987630235386355 0.0012639670514472895
10.625 2.0038550975507237 0.0 4.670950565614332 23.98763023701886 0.003855097550723615
10.875 2.0096787065010053 0.0 4.67967473402129 23.987630238682637 0.009678706501005496
11.125 2.020127884974914 0.0 4.6990668056828735 23.987630240348928 0.02012788497491368
11.375 2.0345896280584306 0.0 4.7272832007828605 23.987630241991866 0.03458962805843038
11.625 2.0485132950314933 0.0 4.7537914319060866 23.987630243596634 0.0485132950314933
11.875 2.0538079291557834 0.0 4.761070242804891 23.987630245163828 0.053807929155783495
12.125 2.0432510018706274 0.0 4.733283850032304 23.987630246706683 0.0432510018706274
12.375 2.016682344413092 0.0 4.667479070349807 23.98763024824523 0.01668234441309194
12.625 1.983317655586908 0.0 4.580058033134076 23.987630249801143 -0.01668234441309194
12.875 1.9567489981293726 0.0 4.502799153561533 23.98763025139113 -0.0432510018706274
13.125 1.9461920708442164 0.0 4.465659939984518 23.987630253016576 -0.053807929155783495
13.375 1.9514867049685067 0.0 4.473892234516718 23.987630254661873 -0.0485132950314933
13.625 1.9654103719415696 0.0 4.506596019039893 23.98763025631786 -0.03458962805843038
13.875 1.9798721150250864 0.0 4.539697198037986 23.987630257996443 -0.02012788497491368
14.125 1.9903212934989944 0.0 4.561265819322398 23.987630259718 -0.009678706501005496
14.375 1.9961449024492763 0.0 4.57049980361774 23.98763026150195 -0.003855097550723615
14.625 1.9987360329485526 0.0 4.571338779310722 23.987630263363172 -0.0012639670514472895
14.875 1.999665239276481 0.0 4.567859834898943 23.987630265311534 -0.00033476072351890226
15.125 1.9999317093971483 0.0 4.562616097050429 23.9876302673525 -6.829060285179713e-05
15.375 1.999990790400227 0.0 4.556772713110028 23.987630269488605 -9.209599773068e-06
15.625 1.9999998705794162 0.0 4.550733723997215 23.98763027172098 -1.2942058380315937e-07
15.875 2.000000355257224 0.0 4.544604660701431 23.98763027405076 3.552572240524588e-07
16.125 2.0000001240590772 0.0 4.538404057643096 23.987630276479884 1.240590773561188e-07
16.375 2.00000002739998 0.0 4.532131981023765 23.98763027901141 2.7399979986059073e-08
16.625 2.000000004611047 0.0 4.525785977778904 23.98763028164918 4.611047172371882e-09
16.875 2.000000000624302 0.0 4.5193634846892135 23.987630284396833 6.243021272063907e-10
17.125 2.000000000069466 0.0 4.512861912257229 23.987630287256202 6.946621751012237e-11
17.375 2.0000000000064007 0.0 4.506278561593 23.98763029022541 6.400550420574792e-12
17.625 2.0000000000004876 0.0 4.499610585962346 23.98763029329684 4.87731075149774e-13
17.875 2.00000000000003 0.0 4.492854972208576 23.987630296455265 3.0406459207729985e-14
18.125 2.0000000000000013 0.0 4.486008525709253 23.98763029967672 1.5081395283077498e-15
18.375 2.0 0.0 4.479067854588289 23.987630302927982 5.5213930824722155e-17
18.625 2.0 0.0 4.472029352251176 23.98763030616712 1.0909101867037715e-18
18.875 2.0 0.0 4.464889177894472 23.9876303093449 -2.789761923259548e-20
19.125 2.0 0.0 4.457643234682139 23.987630312406946 -3.954656992153136e-21
19.375 2.0 0.0 4.450287145237444 23.987630315296304 -2.252142269674823e-22
19.625 2.0 0.0 4.442816224035935 23.987630317956217 -9.092577194644609e-24
19.875 2.0 0.0 4.435225446207038 23.98763032033278 -2.8831502816409013e-25
20.125 2.0 0.0 4.427509412156368 23.987630322377427 -7.44089836681967e-27
20.375 2.0 0.0 4.4196623073036125 23.987630324049313 -1.5853487713817023e-28
20.625 2.0 0.0 4.4116778560856265 23.98763032531777 -2.798298194819873e-30
20.875 2.0 0.0 4.40354926919374 23.98763032616492 -4.0714940949284585e-32
21.125 2.0 0.0 4.395269182788165 23.987630326588402 -4.802503147034089e-34
21.375 2.0 0.0 4.386829588146851 23.987630326603902 -4.404258009248603e-36
21.625 2.0 0.0 4.378221749843092 23.987630326246713 -2.7652750956800404e-38
21.875 2.0 0.0 4.369436110080647 23.987630325571423 -4.567817789604015e-41
22.125 2.0 0.0 4.3604621762127165 23.98763032464907 1.5796414191572262e-42
22.375 2.0 0.0 4.351288387684807 23.987630323561277 2.638888646042497e-44
22.625 2.0 0.0 4.3419019576047235 23.98763032239197 2.632942317395744e-46
22.875 2.0 0.0 4.332288682762454 23.98763032121807 1.976589158084722e-48
23.125 2.0 0.0 4.322432714062214 23.98763032010139 1.1883943908134718e-50
23.375 2.0 0.0 4.312316276792594 23.987630319083884 5.861267598663116e-53
23.625 2.0 0.0 4.301919326653241 23.987630318187684 2.3927033740792414e-55
23.875 2.0 0.0 4.291219122534852 23.987630317420248 8.083295968589929e-58
24.125 2.0 0.0 4.280189690028251 23.987630316782692 2.2389513277987053e-60
24.375 2.0 0.0 4.268801139440961 23.98763031627884 4.960217038783217e-63
24.625 2.0 0.0 4.257018786991784 23.98763031592077 8.237583357394523e-66
24.875 2.0 0.0 4.244802004971124 23.98763031573067 8.023378137447364e-69
