0.125 4.84638434076941 23.986778319344143 4.845478825082457 23.984997206880937 -8.023378137447364e-69
0.375 4.840744557677672 23.986778320729393 4.841614492765106 23.985005033753993 -8.237583357394523e-66
0.625 4.838972301344571 23.98677832186588 4.837724749688221 23.985007109898753 -4.960217038783217e-63
0.875 4.83324314942876 23.986778322904804 4.833826809760463 23.985006447508805 -2.2389513277987053e-60
1.125 4.830325211291537 23.986778323832674 4.829898185508425 23.9850062285561 -8.083295968589929e-58
1.375 4.826062355182331 23.986778324690647 4.8259528788833475 23.985007912277013 -2.3927033740792414e-55
1.625 4.822134027676808 23.986778325499994 4.821984214538223 23.985010396908457 -5.861267598663116e-53
1.875 4.8181463806338165 23.986778326283694 4.817994307118605 23.985012510061665 -1.1883943908134718e-50
2.125 4.814132956759576 23.98677832706126 4.813982326178181 23.98501491961847 -1.976589158084722e-48
2.375 4.810098704026876 23.986778327850033 4.80994792773787 23.985017638085033 -2.632942317395744e-46
2.625 4.806041256009143 23.98677832866482 4.805890903484755 23.98502044193601 -2.638888646042497e-44
2.875 4.8019608534516705 23.98677832951788 4.801810768024657 23.985023612571613 -1.5796414191572262e-42
3.125 4.797857039695944 23.986778330418744 4.797707340786902 23.985026817810464 4.567817789604015e-41
3.375 4.79372946755704 23.98677833137398 4.793580132619051 23.98503030147829 2.7652750956800404e-38
3.625 4.78957777387267 23.98677833238685 4.789428823369202 23.985033954356076 4.404258009248603e-36
3.875 4.785401583492302 23.986778333457117 4.78525298077495 23.985037850995337 4.802503147034089e-34
4.125 4.781200512688268 23.986778334580876 4.781052155925205 23.985042059000875 4.0714940949284585e-32
4.375 4.776974167504787 23.986778335750586 4.7768258622031805 23.985046684368847 2.798298194819873e-30
4.625 4.772722143662433 23.986778336955297 4.7725739239037885 23.985051310219017 1.5853487713817023e-28
4.875 4.768444026137849 23.986778338181196 4.768296968553717 23.98505415982673 7.44089836681967e-27
5.125 4.764139388760756 23.986778339412357 4.76399601660356 23.98505265667744 2.8831502816409013e-25
5.375 4.759807793792747 23.986778340631815 4.759672863617343 23.985042919440648 9.092577194644609e-24
5.625 4.7554487914832215 23.986778341822806 4.755333287787625 23.98501432749483 2.252142269674823e-22
5.875 4.751061919603796 23.98677834297009 4.750971405980121 23.98497720956865 3.954656992153136e-21
6.125 4.746646702959209 23.98677834406132 4.746573673210291 23.984953587157424 2.789761923259548e-20
6.375 4.742202652873502 23.986778345088247 4.742139590266483 23.98494325592219 -1.0909101867037715e-18
6.625 4.737729266649953 23.986778346047675 4.737670378161798 23.984945316368638 -5.5213930824722155e-17
6.875 4.733226027003129 23.986778346942035 4.7331675216015485 23.984952382239385 -1.5081395283077498e-15
7.125 4.728692401461304 23.986778347779552 4.728631699110677 23.98496015975208 -3.0406459207729985e-14
7.375 4.724127841736615 23.986778348573907 4.724060495425192 23.984974547516607 -4.87731075149774e-13
7.625 4.71963178305277 23.98677834934342 4.719448071784015 23.98500449805297 -6.400550420574792e-12
7.875 4.715003643350729 23.986778350109866 4.714796946900116 23.985044254076943 -6.946621751012237e-11
8.125 4.710342821782406 23.986778350896834 4.71011662802183 23.985075264793814 -6.243021272063907e-10
8.375 4.705648693051908 23.986778351728073 4.705408911697374 23.98509232726768 -4.611047172371882e-09
8.625 4.700920583642464 23.98677835262567 4.700676990338465 23.985085129903084 -2.7399979986059073e-08
8.875 4.696157707323124 23.986778353608408 4.6959125358568325 23.98506544534499 -1.240590773561188e-07
9.125 4.69135924097013 23.986778354690394 4.6911116839671205 23.98503280725882 -3.552572240524588e-07
9.375 4.686526456028636 23.986778355879956 4.686274680913501 23.984981118381803 1.2942058380315937e-07
9.625 4.681577064910822 23.986778357179134 4.681419129777096 23.984907685905227 9.209599773068e-06
9.875 4.676807799090719 23.986778358583543 4.676645351103793 23.9848532390653 6.829060285179713e-05
10.125 4.672490542815232 23.98677836008271 4.672326668890727 23.984832571838364 0.00033476072351890226
10.375 4.669707581500511 23.986778361660548 4.6695438647300955 23.984832025322177 0.0012639670514472895
10.625 4.6708351813281785 23.98677836329574 4.670672607208331 23.984839250280448 0.003855097550723615
10.875 4.67955907437139 23.986778364962234 4.679399188258984 23.984865037929094 0.009678706501005496
11.125 4.698951089024925 23.98677836663119 4.698796396573911 23.98492397140553 0.02012788497491368
11.375 4.727168914592397 23.986778368276703 4.7270234304261765 23.98503635708719 0.03458962805843038
11.625 4.753678357817575 23.986778369883915 4.75354812253039 23.985224943439196 0.0485132950314933
11.875 4.760951009084671 23.986778371453468 4.76084411115781 23.985509446439863 0.053807929155783495
12.125 4.733157612233696 23.986778372998646 4.733081419170837 23.985877216843498 0.0432510018706274
12.375 4.667372668692032 23.986778374539536 4.6673243829612145 23.98620817283962 0.01668234441309194
12.625 4.579988744341676 23.986778376097817 4.5799593991300025 23.986431710773203 -0.01668234441309194
12.875 4.502711700928854 23.98677837769028 4.502694352532396 23.986573417699127 -0.0432510018706274
13.125 4.465524333958859 23.98677837931847 4.465514340660862 23.98666064918629 -0.053807929155783495
13.375 4.473819676249324 23.986778380966776 4.4738141184940075 23.986713105142776 -0.0485132950314933
13.625 4.506581712733899 23.98677838262577 4.50657877885979 23.98674395854281 -0.03458962805843038
13.875 4.539612356956055 23.986778384307467 4.539610926918446 23.986761679095505 -0.02012788497491368
14.125 4.561156459686653 23.98677838603244 4.561155870423382 23.986771541970302 -0.009678706501005496
14.375 4.570422123336053 23.986778387819886 4.570421998835862 23.986776791362622 -0.003855097550723615
14.625 4.571262756000064 23.98677838968475 4.571262874667202 23.986779435770565 -0.0012639670514472895
14.875 4.567775221642899 23.986778391636978 4.567775454921029 23.986780704737335 -0.00033476072351890226
15.125 4.56253026859853 23.986778393682002 4.562530553920683 23.986781290053145 -6.829060285179713e-05
15.375 4.5566881963348 23.986778395822324 4.556688506817151 23.986781531688553 -9.209599773068e-06
15.625 4.5506499142310854 23.98677839805906 4.550650232235212 23.986781629238983 -1.2942058380315937e-07
15.875 4.544521111053392 23.986778400393334 4.544521429802742 23.986781702061265 3.552572240524588e-07
16.125 4.5383207189257595 23.986778402827095 4.538321044385569 23.986781760062794 1.240590773561188e-07
16.375 4.532048868096659 23.98677840536342 4.532049197559669 23.986781754291265 2.7399979986059073e-08
16.625 4.52570309967086 23.98677840800613 4.525703416258786 23.986781658644514 4.611047172371882e-09
16.875 4.519280849063771 23.98677841075888 4.519281150898786 23.986781528196946 6.243021272063907e-10
17.125 4.512779526708259 23.986778413623483 4.512779833426933 23.986781531144207 6.946621751012237e-11
17.375 4.506196433611192 23.98677841659806 4.506196764730143 23.986781854224176 6.400550420574792e-12
17.625 4.499528723161494 23.986778419674923 4.499529109981895 23.98678265956916 4.87731075149774e-13
17.875 4.492773382544582 23.986778422838828 4.492773895899581 23.986784199330536 3.0406459207729985e-14
18.125 4.485927217587715 23.986778426065715 4.485927964277265 23.986786961873822 1.5081395283077498e-15
18.375 4.47898683691901 23.986778429322268 4.4789879749264205 23.986791720675427 5.5213930824722155e-17
18.625 4.471948634494016 23.986778432566453 4.471950425743059 23.986799543143146 1.0909101867037715e-18
18.875 4.464808770108902 23.986778435748928 4.464811602117025 23.98681187840097 -2.789761923259548e-20
19.125 4.45756314758283 23.986778438815215 4.457567535026174 23.986830473077024 -3.954656992153136e-21
19.375 4.450207390256818 23.986778441708296 4.4502138166502085 23.986855310407567 -2.252142269674823e-22
19.625 4.442736813394679 23.986778444371314 4.442744948248432 23.986876269833864 -9.092577194644609e-24
19.875 4.435146392993847 23.986778446750318 4.435155425675454 23.98688741730792 -2.8831502816409013e-25
20.125 4.427430730418448 23.98677844879668 4.42744014428841 23.986891586301997 -7.44089836681967e-27
20.375 4.419584012149769 23.986778450469526 4.41959351167024 23.986891867949602 -1.5853487713817023e-28
20.625 4.411599963804128 23.98677845173817 4.411609363913122 23.986890684168223 -2.798298194819873e-30
20.875 4.403471797387677 23.986778452584765 4.4034808455815675 23.986886617221884 -4.0714940949284585e-32
21.125 4.395192150531587 23.986778453007005 4.395200470729984 23.98687805497495 -4.802503147034089e-34
21.375 4.38675301616572 23.986778453020655 4.3867600815328025 23.986863140700105 -4.404258009248603e-36
21.625 4.37814566072605 23.986778452661113 4.378150895850524 23.986841184703906 -2.7652750956800404e-38
21.875 4.369360528525904 23.98677845198314 4.369363855463325 23.98681799009182 -4.567817789604015e-41
22.125 4.360387129318901 23.986778451057926 4.3603891216859605 23.986801827556793 1.5796414191572262e-42
22.375 4.3512139052957455 23.98677844996724 4.351215065100189 23.986791810418826 2.638888646042497e-44
22.625 4.3418280727210465 23.98677844879512 4.341828724956359 23.986785815324893 2.632942317395744e-46
22.875 4.33221543203639 23.98677844761859 4.3322157834732895 23.986782343930983 1.976589158084722e-48
23.125 4.322360138397327 23.9867784464995 4.32236031699939 23.986780383838273 1.1883943908134718e-50
23.375 4.312244422076926 23.986778445479796 4.312244504125987 23.98677929371828 5.861267598663116e-53
23.625 4.30184824466416 23.98677844458161 4.301848274998017 23.986778703506715 2.3927033740792414e-55
23.875 4.291148872067531 23.986778443812383 4.291148877381391 23.9867784151727 8.083295968589929e-58
24.125 4.280120338319465 23.986778443173286 4.2801203345241525 23.986778312594023 2.2389513277987053e-60
24.375 4.268732763988742 23.986778442668175 4.268732759382591 23.986778310034786 4.960217038783217e-63
24.625 4.256951477914539 23.986778442309223 4.256951475146313 23.98677834430996 8.237583357394523e-66
24.875 4.244735868116107 23.98677844211865 4.244735868048636 23.986778370927418 8.023378137447364e-69
