0.125 4.8485480920855295 23.98527897903613 4.848568075317985 23.985279098144904 -8.023378137447364e-69
0.375 4.844540328964452 23.986627612562135 4.8445604205087625 23.986627735646675 -8.237583357394523e-66
0.625 4.840623726326531 23.986920561693566 4.840643924045656 23.98692068585037 -4.960217038783217e-63
0.875 4.836725787774492 23.986967303689475 4.83674609223911 23.986967427958135 -2.2389513277987053e-60
1.125 4.832814302847483 23.986971704134735 4.832834715377846 23.98697182845412 -8.083295968589929e-58
1.375 4.8288855443278385 23.98696516967661 4.828906066274106 23.986965294217367 -2.3927033740792414e-55
1.625 4.824933965455883 23.986960954554586 4.824954598414308 23.986961079298737 -5.861267598663116e-53
1.875 4.8209614420030595 23.986955510907976 4.820982187535032 23.9869556358904 -1.1883943908134718e-50
2.125 4.816966895779104 23.986950429097718 4.816987755505532 23.98695055433887 -1.976589158084722e-48
2.375 4.8129503126497655 23.986945158568574 4.812971288208625 23.98694528411842 -2.632942317395744e-46
2.625 4.8089112566358425 23.986939915906135 4.808932349704916 23.98694004181889 -2.638888646042497e-44
2.875 4.804849437854733 23.986934621721716 4.804870650341131 23.986934747698655 -1.5796414191572262e-42
3.125 4.800764500133598 23.986929305575266 4.80078583465645 23.98692943007282 4.567817789604015e-41
3.375 4.796656100642998 23.986923955877906 4.796677560421177 23.986924076352352 2.7652750956800404e-38
3.625 4.792523879628743 23.98691857634832 4.7925454642832985 23.986918697013948 4.404258009248603e-36
3.875 4.788367471369597 23.986913164945367 4.7883891652013 23.986913318330974 4.802503147034089e-34
4.125 4.784186499623917 23.986907721763277 4.784208265323158 23.986907979528475 4.0714940949284585e-32
4.375 4.779980578882258 23.986902246078717 4.7800024103369125 23.986902622037228 2.798298194819873e-30
4.625 4.775749313416968 23.986896737456316 4.775771427360643 23.986896838367116 1.5853487713817023e-28
4.875 4.771492297136996 23.98689119533433 4.77151550410745 23.98688954257927 7.44089836681967e-27
5.125 4.767209113116298 23.98688561918003 4.767235414490903 23.98687857912327 2.8831502816409013e-25
5.375 4.762899333219449 23.986880008429175 4.7629333472432105 23.986859020046712 9.092577194644609e-24
5.625 4.758562517664533 23.986874362513294 4.758614174251351 23.986822262083678 2.252142269674823e-22
5.875 4.754198214579631 23.986868680834856 4.754275028157579 23.986772598432857 3.954656992153136e-21
6.125 4.749805959536056 23.986862962813582 4.749900298275765 23.98673666812797 2.789761923259548e-20
6.375 4.74538527504639 23.98685720776594 4.745488507860694 23.98671651878968 -1.0909101867037715e-18
6.625 4.740935670074262 23.9868514152272 4.741042400098128 23.986706013453094 -5.5213930824722155e-17
6.875 4.736456639415248 23.986845584076875 4.736563619874059 23.986701162053457 -1.5081395283077498e-15
7.125 4.73194766332432 23.98683971491524 4.732052527129127 23.986700390282103 -3.0406459207729985e-14
7.375 4.727408206350409 23.986833803645972 4.727508280445671 23.986704209832936 -4.87731075149774e-13
7.625 4.7229377181177865 23.986827859068125 4.722927041551291 23.986718892026452 -6.400550420574792e-12
7.875 4.7183356282321265 23.986821855987113 4.718301709273539 23.98675326306829 -6.946621751012237e-11
8.125 4.713701354662593 23.986815866205408 4.713642360115475 23.986791409125765 -6.243021272063907e-10
8.375 4.7090342641928435 23.986809717648544 4.708960749890583 23.98681044379372 -4.611047172371882e-09
8.625 4.704333721037311 23.986803959491247 4.704253523793217 23.98681625810647 -2.7399979986059073e-08
8.875 4.699598734009125 23.986797389658143 4.699517740669596 23.9868106116468 -1.240590773561188e-07
9.125 4.694828572271714 23.986793867366206 4.694750347512068 23.98680395343104 -3.552572240524588e-07
9.375 4.690031403234949 23.986765798578805 4.689951496331102 23.98677554117112 1.2942058380315937e-07
9.625 4.685095151190879 23.98681036888388 4.685126202543425 23.98680459521959 9.209599773068e-06
9.875 4.680482010658148 23.986399113985144 4.680509113857101 23.986402209843618 6.829060285179713e-05
10.125 4.676024996721231 23.98689375972797 4.676050621971142 23.98689759716708 0.00033476072351890226
10.375 4.675053481685775 23.982044064038828 4.675078691278891 23.98204906683054 0.0012639670514472895
10.625 4.673900228928584 23.989636228529648 4.6739249352751315 23.989642112002926 0.003855097550723615
10.875 4.682410491034837 23.991988498991983 4.682435269619102 23.99199401351244 0.009678706501005496
11.125 4.701254630634102 23.992803254877295 4.701279681036263 23.992807708970602 0.02012788497491368
11.375 4.731347793068185 23.986489886176187 4.73137376515639 23.986491900439574 0.03458962805843038
11.625 4.739666940454112 24.035230541258272 4.73969267853059 24.035232537222058 0.0485132950314933
11.875 4.765332617322342 23.975177023362622 4.765358691153519 23.97517751760773 0.053807929155783495
12.125 4.738542984301907 23.966375380739038 4.738569985173273 23.966375390280355 0.0432510018706274
12.375 4.674234295575853 23.971522854049407 4.674262610422891 23.971523317683857 0.01668234441309194
12.625 4.587339050052558 23.974303359024656 4.58736838639316 23.97430629025525 -0.01668234441309194
12.875 4.5209983727600385 23.960829197760923 4.521028163670141 23.960834319794593 -0.0432510018706274
13.125 4.488235961739504 23.949782342857233 4.488267156883303 23.94978751860801 -0.053807929155783495
13.375 4.477984284843169 23.991677774386364 4.4780175874785515 23.991681288081406 -0.0485132950314933
13.625 4.508631846059557 23.991993231330976 4.508664557043099 23.99199612136741 -0.03458962805843038
13.875 4.541252425776006 23.99257413725298 4.541283779054227 23.99257752773738 -0.02012788497491368
14.125 4.562316500658975 23.992747611355654 4.562346903011413 23.99275121931579 -0.009678706501005496
14.375 4.5711082079244445 23.994043124731 4.571139064699827 23.994045784923223 -0.003855097550723615
14.625 4.575206715459183 23.985504754152373 4.57523821009077 23.985506160213937 -0.0012639670514472895
14.875 4.572143824393029 23.9851674956182 4.572175337659526 23.985169087437065 -0.00033476072351890226
15.125 4.566573125945025 23.986229670016026 4.566603330239517 23.98623352742789 -6.829060285179713e-05
15.375 4.560723823611444 23.986502756657693 4.560754367891115 23.98650638818712 -9.209599773068e-06
15.625 4.554714029412628 23.986581802999574 4.554745604297335 23.98658425151425 -1.2942058380315937e-07
15.875 4.548629721011198 23.986596606431412 4.54866207162442 23.986598256112792 3.552572240524588e-07
16.125 4.542480559608276 23.986592747087247 4.542513333118071 23.986594303693245 1.240590773561188e-07
16.375 4.536263218783918 23.986584283751867 4.536295819772399 23.9865867141088 2.7399979986059073e-08
16.625 4.529972783821603 23.98657648156786 4.530006133843611 23.986578796114358 4.611047172371882e-09
16.875 4.523608015535693 23.986568062165524 4.523641678774906 23.986571131836765 6.243021272063907e-10
17.125 4.5171659782332725 23.9865597115983 4.517200149395341 23.986563438706717 6.946621751012237e-11
17.375 4.510644264692102 23.986551189762118 4.51067891071421 23.98655567608047 6.400550420574792e-12
17.625 4.504040078808658 23.986542585931197 4.5040752348981385 23.986547900931242 4.87731075149774e-13
17.875 4.49735056228926 23.98653386110047 4.497386276879716 23.986540484516205 3.0406459207729985e-14
18.125 4.490572649716833 23.986525024633384 4.490609044314351 23.98653420811631 1.5081395283077498e-15
18.375 4.483703104494301 23.986516067170196 4.483740394607205 23.986530089107042 5.5213930824722155e-17
18.625 4.476738483345134 23.98650698614765 4.476776968451949 23.98652910358234 1.0909101867037715e-18
18.875 4.469675125873195 23.986497776030994 4.469715139840806 23.98653188635165 -2.789761923259548e-20
19.125 4.462509131660544 23.9864884320071 4.462551007346931 23.986538448071062 -3.954656992153136e-21
19.375 4.455236338949382 23.98647894853586 4.455280348267303 23.98654781471664 -2.252142269674823e-22
19.625 4.447852299003989 23.986469319861854 4.447898554068141 23.986557850372968 -9.092577194644609e-24
19.875 4.4403522478609085 23.986459539770287 4.44040059681014 23.98656577471492 -2.8831502816409013e-25
20.125 4.432731074125816 23.986449601625896 4.432781105926644 23.98656910418864 -7.44089836681967e-27
20.375 4.424983282524257 23.986439498294658 4.425034540078352 23.98656612888699 -1.5853487713817023e-28
20.625 4.417102952344916 23.986429222103382 4.417154907499789 23.986555777004206 -2.798298194819873e-30
20.875 4.4090836899336665 23.98641876476803 4.40913575382308 23.986537535748674 -4.0714940949284585e-32
21.125 4.400918574140929 23.98640811733781 4.400970204838956 23.986512123433123 -4.802503147034089e-34
21.375 4.392600093405796 23.98639727007356 4.392650914225873 23.98648163213467 -4.404258009248603e-36
21.625 4.384120072864628 23.986386212457504 4.38416995471717 23.986449006927188 -2.7652750956800404e-38
21.875 4.375469589444672 23.98637493279226 4.375518663316459 23.986417213836287 -4.567817789604015e-41
22.125 4.366638872529194 23.986363418870162 4.366687473419674 23.986388503678338 1.5796414191572262e-42
22.375 4.357617186812401 23.98635165562067 4.357665756212545 23.986364020661185 2.638888646042497e-44
22.625 4.3483926939818724 23.98633963102194 4.3484416827915116 23.986343816217776 2.632942317395744e-46
22.875 4.33895228645228 23.9863273191445 4.339002082501558 23.986327136867658 1.976589158084722e-48
23.125 4.329281390668829 23.986314726656605 4.329332295995913 23.986312878801268 1.1883943908134718e-50
23.375 4.319363719230332 23.98630176541553 4.3194159507692 23.986299834586102 5.861267598663116e-53
23.625 4.309180983984198 23.98628861564845 4.309234694773317 23.986287289838224 2.3927033740792414e-55
23.875 4.298712452922297 23.986274776415527 4.298767775923739 23.98627415207749 8.083295968589929e-58
24.125 4.287934527716619 23.98626185218468 4.287991560985409 23.986261760883863 2.2389513277987053e-60
24.375 4.276818681817932 23.986247062190966 4.276877579277772 23.986247246251985 4.960217038783217e-63
24.625 4.265335955069636 23.98623991409236 4.265396858958017 23.986240185704727 8.237583357394523e-66
24.875 4.2534502385138175 23.986207932579017 4.253513334200093 23.986208204447763 8.023378137447364e-69
