0.03125 2.0 0.0 2.00089783457187 24.0 -4.003793457677204e-70
0.09375 2.0 0.0 2.002154413978447 24.0 -3.10028924768748e-69
0.15625 2.0 0.0 2.003529988843896 24.0 -2.0164329257222074e-68
0.21875 2.0 0.0 2.0049327705376356 23.999999999999993 -1.1971437942926539e-67
0.28125 2.0 0.0 2.006340959315903 23.999999999999993 -6.704319663991951e-67
0.34375 2.0 0.0 2.007750277628696 23.999999999999982 -3.6001438242163e-66
0.40625 2.0 0.0 2.0091599240362576 23.99999999999997 -1.8711212490761638e-65
0.46875 2.0 0.0 2.01056975043217 23.999999999999964 -9.467542854033363e-65
0.53125 2.0 0.0 2.011979730216688 23.99999999999996 -4.681823820360618e-64
0.59375 2.0 0.0 2.013389859344411 23.999999999999957 -2.2689000963112057e-63
0.65625 2.0 0.0 2.014800137956153 23.999999999999957 -1.0796763064909657e-62
0.71875 2.0 0.0 2.0162105669708152 23.999999999999957 -5.052285490132954e-62
0.78125 2.0 0.0 2.0176211474530845 23.99999999999995 -2.3274779481577778e-61
0.84375 2.0 0.0 2.0190318804961267 23.99999999999995 -1.0564902049433007e-60
0.90625 2.0 0.0 2.0204427671998353 23.99999999999994 -4.7285315304742537e-60
0.96875 2.0 0.0 2.021853808666804 23.99999999999993 -2.0878823025968615e-59
1.03125 2.0 0.0 2.0232650060015844 23.999999999999925 -9.099039886941364e-59
1.09375 2.0 0.0 2.024676360310564 23.999999999999925 -3.9151515696813544e-58
1.15625 2.0 0.0 2.026087872701946 23.999999999999922 -1.6637515850317588e-57
1.21875 2.0 0.0 2.0274995442857575 23.999999999999915 -6.98415315449243e-57
1.28125 2.0 0.0 2.0289113761738617 23.999999999999915 -2.896688398352563e-56
1.34375 2.0 0.0 2.030323369479965 23.999999999999908 -1.1871666588356863e-55
1.40625 2.0 0.0 2.031735525319627 23.9999999999999 -4.808243216412138e-55
1.46875 2.0 0.0 2.033147844810278 23.999999999999893 -1.9246606613016414e-54
1.53125 2.0 0.0 2.0345603290712253 23.999999999999893 -7.614287154550369e-54
1.59375 2.0 0.0 2.035972979223664 23.999999999999893 -2.977231559962374e-53
1.65625 2.0 0.0 2.037385796390689 23.999999999999886 -1.1505138179815468e-52
1.71875 2.0 0.0 2.0387987816973085 23.99999999999988 -4.393804720150234e-52
1.78125 2.0 0.0 2.0402119362704525 23.999999999999872 -1.6581299923453183e-51
1.84375 2.0 0.0 2.0416252612389876 23.999999999999872 -6.182563431609285e-51
1.90625 2.0 0.0 2.043038757733722 23.999999999999872 -2.277278377096913e-50
1.96875 2.0 0.0 2.0444524268874225 23.999999999999872 -8.284492655247021e-50
2.03125 2.0 0.0 2.045866269834826 23.999999999999872 -2.9757630384972538e-49
2.09375 2.0 0.0 2.0472802877126464 23.999999999999865 -1.0550291032482932e-48
2.15625 2.0 0.0 2.0486944816595907 23.999999999999858 -3.6904479413849395e-48
2.21875 2.0 0.0 2.0501088528163693 23.999999999999844 -1.2729509522619648e-47
2.28125 2.0 0.0 2.051523402325709 23.999999999999833 -4.3268626815565847e-47
2.34375 2.0 0.0 2.052938131332364 23.99999999999983 -1.4480961508257759e-46
2.40625 2.0 0.0 2.0543530409831243 23.999999999999822 -4.766666883297355e-46
2.46875 2.0 0.0 2.05576813242683 23.999999999999822 -1.541032557512438e-45
2.53125 2.0 0.0 2.057183406814384 23.99999999999981 -4.88392660333133e-45
2.59375 2.0 0.0 2.058598865298766 23.999999999999808 -1.5134271734381545e-44
2.65625 2.0 0.0 2.060014509035039 23.999999999999808 -4.568647830048834e-44
2.71875 2.0 0.0 2.0614303391803652 23.999999999999808 -1.3361689566318357e-43
2.78125 2.0 0.0 2.062846356894018 23.999999999999808 -3.7532028244107754e-43
2.84375 2.0 0.0 2.0642625633373917 23.999999999999797 -9.974387744360698e-43
2.90625 2.0 0.0 2.0656789596740177 23.999999999999797 -2.4351720591234945e-42
2.96875 2.0 0.0 2.067095547069573 23.999999999999797 -5.085290221773357e-42
3.03125 2.0 0.0 2.068512326691893 23.999999999999794 -6.897034062129024e-42
3.09375 2.0 0.0 2.069929299710987 23.999999999999787 9.4571499118777e-42
3.15625 2.0 0.0 2.0713464672990476 23.99999999999978 1.333693151761316e-40
3.21875 2.0 0.0 2.072763830630463 23.999999999999773 7.548951878250107e-40
3.28125 2.0 0.0 2.074181390881833 23.99999999999976 3.4311887634935694e-39
3.34375 2.0 0.0 2.07559914923198 23.99999999999976 1.403178566439546e-38
3.40625 2.0 0.0 2.077017106861958 23.999999999999766 5.378068716624702e-38
3.46875 2.0 0.0 2.0784352649550675 23.999999999999766 1.9697195541396117e-37
3.53125 2.0 0.0 2.079853624696872 23.999999999999766 6.968045095399668e-37
3.59375 2.0 0.0 2.0812721872752045 23.99999999999976 2.3966218722471593e-36
3.65625 2.0 0.0 2.082690953880191 23.999999999999766 8.049000674182709e-36
3.71875 2.0 0.0 2.0841099257042446 23.99999999999976 2.64747034316652e-35
3.78125 2.0 0.0 2.0855291039421013 23.99999999999976 8.54664587042569e-35
3.84375 2.0 0.0 2.0869484897908164 23.99999999999975 2.712213722730896e-34
3.90625 2.0 0.0 2.088368084449785 23.99999999999975 8.471067439974588e-34
3.96875 2.0 0.0 2.0897878891207493 23.999999999999744 2.6064103442825064e-33
4.03125 2.0 0.0 2.0912079050078214 23.999999999999737 7.905978888239404e-33
4.09375 2.0 0.0 2.0926281333174908 23.99999999999973 2.3655346031470872e-32
4.15625 2.0 0.0 2.0940485752586353 23.999999999999726 6.984994830761698e-32
4.21875 2.0 0.0 2.0954692320425368 23.999999999999723 2.0362389514835817e-31
4.28125 2.0 0.0 2.096890104882898 23.999999999999723 5.862031322215626e-31
4.34375 2.0 0.0 2.098311194995852 23.999999999999716 1.666974471735266e-30
4.40625 2.0 0.0 2.099732503599977 23.999999999999712 4.683320222460584e-30
4.46875 2.0 0.0 2.1011540319163107 23.999999999999705 1.3001294525565887e-29
4.53125 2.0 0.0 2.1025757811683645 23.999999999999705 3.5667630039506357e-29
4.59375 2.0 0.0 2.103997752582134 23.9999999999997 9.670497416647311e-29
4.65625 2.0 0.0 2.1054199473861184 23.999999999999694 2.5913628227116674e-28
4.71875 2.0 0.0 2.1068423668113283 23.999999999999694 6.863046828850996e-28
4.78125 2.0 0.0 2.1082650120913042 23.999999999999684 1.796412949920961e-27
4.84375 2.0 0.0 2.1096878844621303 23.999999999999673 4.64700787456371e-27
4.90625 2.0 0.0 2.111110985162449 23.999999999999673 1.1879054274809626e-26
4.96875 2.0 0.0 2.1125343154334697 23.999999999999673 3.0004004484834847e-26
5.03125 2.0 0.0 2.113957876518988 23.999999999999666 7.486792811960278e-26
5.09375 2.0 0.0 2.1153816696654033 23.999999999999666 1.8451945242224962e-25
5.15625 2.0 0.0 2.116805696121724 23.999999999999662 4.490611845317189e-25
5.21875 2.0 0.0 2.118229957139592 23.99999999999966 1.0788108353212093e-24
5.28125 2.0 0.0 2.119654453973287 23.999999999999652 2.557329998052712e-24
5.34375 2.0 0.0 2.1210791878797535 23.999999999999652 5.97877898615881e-24
5.40625 2.0 0.0 2.122504160118602 23.999999999999645 1.3776866515677294e-23
5.46875 2.0 0.0 2.123929371952138 23.999999999999645 3.1264914036512736e-23
5.53125 2.0 0.0 2.1253548246453624 23.999999999999638 6.980618709954213e-23
5.59375 2.0 0.0 2.1267805194659966 23.999999999999634 1.5314050791412638e-22
5.65625 2.0 0.0 2.1282064576844952 23.99999999999963 3.2952537647922248e-22
5.71875 2.0 0.0 2.1296326405740604 23.999999999999623 6.938397225712931e-22
5.78125 2.0 0.0 2.1310590694106564 23.999999999999616 1.4247827369012723e-21
5.84375 2.0 0.0 2.1324857454730255 23.999999999999616 2.839370569031387e-21
5.90625 2.0 0.0 2.133912670042702 23.999999999999602 5.44950890910029e-21
5.96875 2.0 0.0 2.1353398444040304 23.999999999999588 9.944158298563714e-21
6.03125 2.0 0.0 2.1367672698441824 23.99999999999958 1.683955802877859e-20
6.09375 2.0 0.0 2.138194947653167 23.999999999999588 2.5051785044004933e-20
6.15625 2.0 0.0 2.139622879123846 23.999999999999584 2.740528868930065e-20
6.21875 2.0 0.0 2.141051065551956 23.999999999999577 -1.9289258172990763e-21
6.28125 2.0 0.0 2.142479508236119 23.999999999999574 -1.4017862304362418e-19
6.34375 2.0 0.0 2.143908208477863 23.999999999999574 -5.9727403593566045e-19
6.40625 2.0 0.0 2.1453371675816317 23.999999999999567 -1.9104035673239254e-18
6.46875 2.0 0.0 2.1467663868548046 23.999999999999567 -5.395897040893431e-18
6.53125 2.0 0.0 2.1481958676077126 23.999999999999567 -1.4172635144106045e-17
6.59375 2.0 0.0 2.149625611153652 23.999999999999556 -3.5429167569282213e-17
6.65625 2.0 0.0 2.1510556188089094 23.999999999999552 -8.534713940380537e-17
6.71875 1.9999999999999998 0.0 2.1524858918927645 23.999999999999545 -1.996000429606432e-16
6.78125 1.9999999999999996 0.0 2.1539164317275166 23.999999999999535 -4.553629995606369e-16
6.84375 1.999999999999999 0.0 2.1553472396384974 23.999999999999524 -1.0167180356264946e-15
6.90625 1.9999999999999978 0.0 2.1567783169540906 23.999999999999517 -2.226894517287864e-15
6.96875 1.9999999999999951 0.0 2.158209665005743 23.999999999999503 -4.7928992723670935e-15
7.03125 1.9999999999999898 0.0 2.159641285127991 23.999999999999503 -1.0149798143363878e-14
7.09375 1.999999999999979 0.0 2.161073178658466 23.9999999999995 -2.1169426434468405e-14
7.15625 1.9999999999999565 0.0 2.162505346937917 23.999999999999496 -4.352028380639294e-14
7.21875 1.9999999999999118 0.0 2.1639377913102296 23.99999999999949 -8.824162729183831e-14
7.28125 1.9999999999998235 0.0 2.165370513122447 23.99999999999949 -1.765504987103273e-13
7.34375 1.9999999999996514 0.0 2.1668035137247807 23.99999999999948 -3.4869878558211256e-13
7.40625 1.9999999999993199 0.0 2.168236794470636 23.999999999999467 -6.800747887373828e-13
7.46875 1.99999999999869 0.0 2.169670356716641 23.99999999999946 -1.3100830926616375e-12
7.53125 1.9999999999975067 0.0 2.1711042018226623 23.999999999999456 -2.4932458599455e-12
7.59375 1.9999999999953115 0.0 2.172538331151853 23.999999999999446 -4.688392804143842e-12
7.65625 1.9999999999912879 0.0 2.173972746070697 23.99999999999944 -8.71217953361179e-12
7.71875 1.9999999999840004 0.0 2.1754074479490813 23.99999999999943 -1.5999612188650176e-11
7.78125 1.9999999999709601 0.0 2.176842438160417 23.999999999999417 -2.9039792611471703e-11
7.84375 1.9999999999479061 0.0 2.178277718081799 23.99999999999941 -5.2093915604236066e-11
7.90625 1.9999999999076399 0.0 2.179713289094285 23.999999999999396 -9.236014962645237e-11
7.96875 1.9999999998381668 0.0 2.181149152583308 23.999999999999382 -1.6183318890323987e-10
8.03125 1.9999999997197775 0.0 2.1825853099393413 23.999999999999368 -2.8022250166414554e-10
8.09375 1.9999999995205506 0.0 2.184021762558886 23.99999999999936 -4.794494381885033e-10
8.15625 1.9999999991895576 0.0 2.1854585118459866 23.99999999999935 -8.10442429110603e-10
8.21875 1.999999998646815 0.0 2.1868955592144577 23.99999999999934 -1.3531848884076558e-09
8.28125 1.9999999977687843 0.0 2.1883329060911096 23.999999999999332 -2.2312156971162697e-09
8.34375 1.9999999963680257 0.0 2.1897705539202894 23.99999999999932 -3.631974219148933e-09
8.40625 1.9999999941656055 0.0 2.191208504170061 23.999999999999325 -5.834394601838469e-09
8.46875 1.9999999907552413 0.0 2.19264675834028 23.99999999999931 -9.244758734380355e-09
8.53125 1.9999999855593757 0.0 2.1940853179725774 23.999999999999297 -1.444062428085364e-08
8.59375 1.9999999777799766 0.0 2.1955241846616476 23.99999999999929 -2.2220023413817202e-08
8.65625 1.9999999663518995 0.0 2.1969633600661957 23.999999999999275 -3.364810060345147e-08
8.71875 1.9999999499155405 0.0 2.198402845915877 23.99999999999926 -5.00844594839887e-08
8.78125 1.999999926840398 0.0 2.1998426440072167 23.999999999999247 -7.315960195901896e-08
8.84375 1.9999998953549927 0.0 2.201282756176142 23.99999999999924 -1.046450073705699e-07
8.90625 1.9999998538753827 0.0 2.2027231842263824 23.999999999999233 -1.461246173463636e-07
8.96875 1.9999998016794465 0.0 2.204163929780397 23.999999999999222 -1.9832055356516146e-07
9.03125 1.9999997401537202 0.0 2.205604994001224 23.99999999999922 -2.598462797269504e-07
9.09375 1.9999996749516689 0.0 2.2070463771076163 23.999999999999215 -3.250483311046408e-07
9.15625 1.99999961955562 0.0 2.2084880775691893 23.99999999999921 -3.8044437996817056e-07
9.21875 1.9999996009383936 0.0 2.209930090820447 23.99999999999921 -3.990616064219827e-07
9.28125 1.9999996682833594 0.0 2.2113724072706242 23.999999999999197 -3.31716640591852e-07
9.34375 1.9999999060493086 0.0 2.2128150093083168 23.99999999999919 -9.39506915416835e-08
9.40625 2.000000453060324 0.0 2.214257866905501 23.999999999999172 4.530603240697041e-07
9.46875 2.0000015297539804 0.0 2.2157009313158325 23.99999999999916 1.529753980297915e-06
9.53125 2.0000034762149435 0.0 2.217144126241026 23.999999999999154 3.4762149433038535e-06
9.59375 2.0000068041203702 0.0 2.2185873357147115 23.999999999999147 6.804120370200431e-06
9.65625 2.000012266172538 0.0 2.2200303878378795 23.99999999999914 1.2266172538001058e-05
9.71875 2.000020946912308 0.0 2.22147303341322 23.99999999999913 2.0946912307718176e-05
9.78125 2.0000343788865793 0.0 2.2229149184925125 23.999999999999126 3.437888657929601e-05
9.84375 2.0000546878491403 0.0 2.2243555499046517 23.999999999999115 5.468784914051539e-05
9.90625 2.0000847698499293 0.0 2.225794253010167 23.999999999999112 8.47698499292316e-05
9.96875 2.000128501542437 0.0 2.227230121273835 23.99999999999911 0.00012850154243721726
10.03125 2.000190982645867 0.0 2.2286619578027533 23.999999999999098 0.0001909826458667602
10.09375 2.0002788060977457 0.0 2.2300882098001624 23.999999999999098 0.00027880609774585296
10.15625 2.0004003469417335 0.0 2.2315068979595583 23.999999999999098 0.00040034694173355593
10.21875 2.0005660554261655 0.0 2.2329155441717967 23.999999999999098 0.0005660554261655719
10.28125 2.0007887332867798 0.0 2.234311102510202 23.999999999999083 0.0007887332867798587
10.34375 2.0010837650681754 0.0 2.2356899002239405 23.999999999999076 0.001083765068175486
10.40625 2.0014692691192733 0.0 2.2370475972867867 23.99999999999907 0.0014692691192730424
10.46875 2.0019661263086395 0.0 2.2383791747391752 23.999999999999066 0.0019661263086395773
10.53125 2.0025978394800696 0.0 2.2396789633965115 23.999999999999062 0.002597839480069819
10.59375 2.003390174303655 0.0 2.240940725192246 23.999999999999055 0.0033901743036548818
10.65625 2.004370533653136 0.0 2.2421577991887096 23.999999999999048 0.004370533653136037
10.71875 2.005567024104158 0.0 2.2433233227867975 23.99999999999904 0.005567024104157814
10.78125 2.007007185562589 0.0 2.2444305357229153 23.999999999999034 0.007007185562588836
10.84375 2.008716373997397 0.0 2.245473169734402 23.999999999999034 0.008716373997397405
10.90625 2.0107158128204725 0.0 2.2464459207234952 23.999999999999027 0.01071581282047236
10.96875 2.0130203599593175 0.0 2.247344992301037 23.99999999999902 0.013020359959317548
11.03125 2.015636073594931 0.0 2.2481686920740156 23.999999999999012 0.01563607359493098
11.09375 2.0185576974742765 0.0 2.2489180525150125 23.999999999999005 0.01855769747427637
11.15625 2.021766223390745 0.0 2.2495974447396003 23.99999999999899 0.021766223390745052
11.21875 2.025226719910308 0.0 2.2502151449870995 23.99999999999899 0.02522671991030791
11.28125 2.028886638374096 0.0 2.250783822226979 23.99999999999898 0.028886638374096246
11.34375 2.032674815330663 0.0 2.251320887467563 23.99999999999898 0.03267481533066286
11.40625 2.0365013810842383 0.0 2.251848606247263 23.99999999999898 0.036501381084238345
11.46875 2.0402587543207287 0.0 2.2523936232878867 23.999999999998977 0.04025875432072879
11.53125 2.0438238517414975 0.0 2.2529859362026587 23.99999999999897 0.043823851741497465
11.59375 2.047061570295903 0.0 2.253657927305995 23.999999999998977 0.04706157029590306
11.65625 2.0498295112637854 0.0 2.2544435287277658 23.99999999999897 0.04982951126378543
11.71875 2.051983815731629 0.0 2.2553771859290457 23.99999999999897 0.051983815731628635
11.78125 2.0533858776287497 0.0 2.256492475121261 23.999999999998884 0.05338587762874967
11.84375 2.0539096026515002 0.0 2.257820457564458 23.99999999999924 0.053909602651500035
11.90625 2.0534487990070067 0.0 2.259387924953117 23.999999999998863 0.053448799007006796
11.96875 2.051924228538194 0.0 2.261215681862073 23.999999999997822 0.05192422853819394
12.03125 2.0492898226135075 0.0 2.2633169889927043 23.99999999999823 0.04928982261350742
12.09375 2.0455375818616344 0.0 2.2656962733583126 23.999999999690637 0.04553758186163458
12.15625 2.040700734725941 0.0 2.268348198018963 24.000000005086974 0.040700734725941205
12.21875 2.0348548252974874 0.0 2.271257162436364 23.999999977184167 0.034854825297487284
12.28125 2.028116530264598 0.0 2.274397319720059 23.99999991355071 0.028116530264597768
12.34375 2.0206401586194422 0.0 2.2777331650018358 24.00000109817355 0.0206401586194423
12.40625 2.0126119535118834 0.0 2.28122031508788 23.99999771110882 0.012611953511883283
12.46875 2.0042424790263493 0.0 2.2848067912463694 23.999994670412107 0.004242479026349397
12.53125 1.9957575209736507 0.0 2.2884393372300633 24.000028291319907 -0.004242479026349397
12.59375 1.9873880464881166 0.0 2.292057143903214 23.999959894332964 -0.012611953511883283
12.65625 1.9793598413805578 0.0 2.295587975523088 23.999984597594192 -0.0206401586194423
12.71875 1.9718834697354022 0.0 2.2990204179103726 24.00016334571899 -0.028116530264597768
12.78125 1.9651451747025128 0.0 2.3022424267426436 23.99970748726465 -0.034854825297487284
12.84375 1.9592992652740588 0.0 2.3052187438798537 24.000103880323437 -0.040700734725941205
12.90625 1.9544624181383654 0.0 2.3080438711012645 24.00041724476989 -0.04553758186163458
12.96875 1.9507101773864925 0.0 2.3104519879685714 23.999203955935403 -0.04928982261350742
13.03125 1.948075771461806 0.0 2.3125967013293276 24.000227398184975 -0.05192422853819394
13.09375 1.9465512009929933 0.0 2.3145913518636387 24.000738075903364 -0.053448799007006796
13.15625 1.9460903973485 0.0 2.3160947921587947 23.99897834195078 -0.053909602651500035
13.21875 1.9466141223712503 0.0 2.3173843588129146 23.999908124786224 -0.05338587762874967
13.28125 1.9480161842683714 0.0 2.3185853060184005 24.000864674797903 -0.051983815731628635
13.34375 1.9501704887362146 0.0 2.3194403498502454 23.99951750930022 -0.04982951126378543
13.40625 1.952938429704097 0.0 2.3200812260056756 23.999482618028747 -0.04706157029590306
13.46875 1.9561761482585025 0.0 2.3207406725699142 24.00034939678151 -0.043823851741497465
13.53125 1.959741245679271 0.0 2.321259998705052 24.000364404505483 -0.04025875432072879
13.59375 1.9634986189157617 0.0 2.3216659780346975 23.999724019882887 -0.036501381084238345
13.65625 1.9673251846693371 0.0 2.3220872277657403 23.999720905680693 -0.03267481533066286
13.71875 1.9711133616259038 0.0 2.3225509575083305 24.00001549575257 -0.028886638374096246
13.78125 1.974773280089692 0.0 2.3230414872141774 24.00019302100553 -0.02522671991030791
13.84375 1.978233776609255 0.0 2.3235758024753714 24.00015299395062 -0.021766223390745052
13.90625 1.9814423025257237 0.0 2.3241649790304963 23.999952956830818 -0.01855769747427637
13.96875 1.984363926405069 0.0 2.3248354749102256 23.99983480474753 -0.01563607359493098
14.03125 1.9869796400406825 0.0 2.3255960804526774 23.999902743581213 -0.013020359959317548
14.09375 1.9892841871795277 0.0 2.3264494724055895 24.00005621033242 -0.01071581282047236
14.15625 1.9912836260026026 0.0 2.3273797573503527 24.000123956309153 -0.008716373997397405
14.21875 1.9929928144374112 0.0 2.328383934304361 24.00004771151375 -0.007007185562588836
14.28125 1.9944329758958421 0.0 2.32945295879426 23.999922212361636 -0.005567024104157814
14.34375 1.995629466346864 0.0 2.330596625705459 23.999905865435068 -0.004370533653136037
14.40625 1.9966098256963452 0.0 2.331804842844515 23.999998928295028 -0.0033901743036548818
14.46875 1.9974021605199301 0.0 2.333066020955116 24.000077118225114 -0.002597839480069819
14.53125 1.9980338736913603 0.0 2.3343670166109405 24.000052699650986 -0.0019661263086395773
14.59375 1.998530730880727 0.0 2.3356993700013127 23.999967630691103 -0.0014692691192730424
14.65625 1.9989162349318246 0.0 2.3370661967266724 23.999942033719904 -0.001083765068175486
14.71875 1.9992112667132202 0.0 2.3384624077073464 23.999998995938313 -0.0007887332867798587
14.78125 1.9994339445738345 0.0 2.339880947050926 24.00005097518325 -0.0005660554261655719
14.84375 1.9995996530582665 0.0 2.3413122667531066 24.00003019677985 -0.00040034694173355593
14.90625 1.9997211939022541 0.0 2.3427519442383145 23.999971638552374 -0.00027880609774585296
14.96875 1.9998090173541332 0.0 2.3442043486233013 23.999959710246248 -0.0001909826458667602
15.03125 1.9998714984575627 0.0 2.3456673781929216 24.000002114608158 -0.00012850154243721726
15.09375 1.9999152301500707 0.0 2.347136508326983 24.000032407698477 -8.47698499292316e-05
15.15625 1.9999453121508595 0.0 2.348607578957594 24.000012149890036 -5.468784914051539e-05
15.21875 1.9999656211134207 0.0 2.35007916938335 23.999975220799023 -3.437888657929601e-05
15.28125 1.9999790530876922 0.0 2.3515556898281993 23.999975245879 -2.0946912307718176e-05
15.34375 1.999987733827462 0.0 2.3530360937367396 24.000005098815965 -1.2266172538001058e-05
15.40625 1.9999931958796298 0.0 2.3545173221133937 24.000020862150528 -6.804120370200431e-06
15.46875 1.9999965237850568 0.0 2.355998283719423 24.000007506187636 -3.4762149433038535e-06
15.53125 1.9999984702460196 0.0 2.3574790197980198 23.999989724248373 -1.529753980297915e-06
15.59375 1.9999995469396759 0.0 2.3589618316926235 23.99999400371998 -4.530603240697041e-07
15.65625 2.0000000939506917 0.0 2.360446378412847 24.000009711624596 9.39506915416835e-08
15.71875 2.0000003317166404 0.0 2.3619307567171393 24.00001266603849 3.31716640591852e-07
15.78125 2.0000003990616064 0.0 2.363414771017553 24.000000844456032 3.990616064219827e-07
15.84375 2.00000038044438 0.0 2.364899301730707 23.999992512348648 3.8044437996817056e-07
15.90625 2.000000325048331 0.0 2.3663850923156535 23.99999632555202 3.250483311046408e-07
15.96875 2.0000002598462796 0.0 2.367871715187107 24.00000286357403 2.598462797269504e-07
16.03125 2.0000001983205538 0.0 2.369358343574156 24.000001354902857 1.9832055356516146e-07
16.09375 2.0000001461246173 0.0 2.3708450631646043 23.999994523111173 1.461246173463636e-07
16.15625 2.0000001046450073 0.0 2.372332552630933 23.999991560290535 1.046450073705699e-07
16.21875 2.000000073159602 0.0 2.3738209517694715 23.999994867350097 7.315960195901896e-08
16.28125 2.0000000500844597 0.0 2.375310013068262 23.999999673264995 5.00844594839887e-08
16.34375 2.0000000336481008 0.0 2.376799398375644 24.00000182568256 3.364810060345147e-08
16.40625 2.0000000222200236 0.0 2.3782891664629298 24.00000200190374 2.2220023413817202e-08
16.46875 2.0000000144406243 0.0 2.3797794707150786 24.00000250648759 1.444062428085364e-08
16.53125 2.0000000092447587 0.0 2.3812703552383043 24.000003833261815 9.244758734380355e-09
16.59375 2.0000000058343947 0.0 2.3827617382463546 24.000004729367408 5.834394601838469e-09
16.65625 2.0000000036319743 0.0 2.384253561090534 24.000004320439654 3.631974219148933e-09
16.71875 2.0000000022312157 0.0 2.385745843114226 24.000002891331015 2.2312156971162697e-09
16.78125 2.0000000013531847 0.0 2.387238628225906 24.000001048345386 1.3531848884076558e-09
16.84375 2.0000000008104424 0.0 2.3887319348703597 23.99999900937265 8.10442429110603e-10
16.90625 2.0000000004794494 0.0 2.390225772509365 23.999996886529956 4.794494381885033e-10
16.96875 2.0000000002802225 0.0 2.391720173674326 23.999995142287318 2.8022250166414554e-10
17.03125 2.000000000161833 0.0 2.393215182380909 23.9999944136688 1.6183318890323987e-10
17.09375 2.0000000000923603 0.0 2.3947108185283676 23.99999496537091 9.236014962645237e-11
17.15625 2.000000000052094 0.0 2.3962070649191256 23.999996484237258 5.2093915604236066e-11
17.21875 2.00000000002904 0.0 2.3977038874267107 23.99999843386339 2.9039792611471703e-11
17.28125 2.0000000000159996 0.0 2.3992012646914276 24.00000047646764 1.5999612188650176e-11
17.34375 2.000000000008712 0.0 2.4006991909126807 24.000002493955247 8.71217953361179e-12
17.40625 2.0000000000046882 0.0 2.4021976579290136 24.00000433125378 4.688392804143842e-12
17.46875 2.000000000002493 0.0 2.40369664376081 24.000005628982606 2.4932458599455e-12
17.53125 2.00000000000131 0.0 2.4051961198023477 24.000005924617163 1.3100830926616375e-12
17.59375 2.00000000000068 0.0 2.4066960689826256 24.00000493194488 6.800747887373828e-13
17.65625 2.0000000000003486 0.0 2.408196500465348 24.00000277319849 3.4869878558211256e-13
17.71875 2.0000000000001767 0.0 2.4096974515308522 23.99999996947218 1.765504987103273e-13
17.78125 2.0000000000000884 0.0 2.41119897233533 23.999997211029534 8.824162729183831e-14
17.84375 2.0000000000000435 0.0 2.412701106235502 23.99999510809242 4.352028380639294e-14
17.90625 2.0000000000000213 0.0 2.414203879705582 23.99999403320516 2.1169426434468405e-14
17.96875 2.00000000000001 0.0 2.415707300753027 23.99999406927659 1.0149798143363878e-14
18.03125 2.000000000000005 0.0 2.4172113632050385 23.99999507906765 4.7928992723670935e-15
18.09375 2.000000000000002 0.0 2.4187160547863598 23.999996842953365 2.226894517287864e-15
18.15625 2.000000000000001 0.0 2.420221362487454 23.999999136318415 1.0167180356264946e-15
18.21875 2.0000000000000004 0.0 2.4217272702335837 24.000001689677433 4.553629995606369e-16
18.28125 2.0 0.0 2.4232337535042445 24.000004110047968 1.996000429606432e-16
18.34375 2.0 0.0 2.424740779558663 24.000005879080934 8.534713940380537e-17
18.40625 2.0 0.0 2.4262483168136693 24.000006483716565 3.5429167569282213e-17
18.46875 2.0 0.0 2.4277563490490857 24.000005646922855 1.4172635144106045e-17
18.53125 2.0 0.0 2.4292648869447158 24.00000351704017 5.395897040893431e-18
18.59375 2.0 0.0 2.4307739690650965 24.00000063427396 1.9104035673239254e-18
18.65625 2.0 0.0 2.4322836461338184 23.99999769045203 5.9727403593566045e-19
18.71875 2.0 0.0 2.433793962043512 23.99999529541252 1.4017862304362418e-19
18.78125 2.0 0.0 2.435304945919188 23.999993856400632 1.9289258172990763e-21
18.84375 2.0 0.0 2.436816611700523 23.999993546955526 -2.740528868930065e-20
18.90625 2.0 0.0 2.4383289606420395 23.99999434186192 -2.5051785044004933e-20
18.96875 2.0 0.0 2.4398419848232376 23.999996081712748 -1.683955802877859e-20
19.03125 2.0 0.0 2.4413556692937433 23.99999851026384 -9.944158298563714e-21
19.09375 2.0 0.0 2.442869991628652 24.00000126661702 -5.44950890910029e-21
19.15625 2.0 0.0 2.444384921535036 24.000003876188412 -2.839370569031387e-21
19.21875 2.0 0.0 2.4459004246310325 24.000005797337945 -1.4247827369012723e-21
19.28125 2.0 0.0 2.44741647144961 24.000006549494028 -6.938397225712931e-22
19.34375 2.0 0.0 2.4489330485276173 24.00000589781938 -3.2952537647922248e-22
19.40625 2.0 0.0 2.4504501667339227 24.000003989013372 -1.5314050791412638e-22
19.46875 2.0 0.0 2.4519678609843334 24.000001307218305 -6.980618709954213e-23
19.53125 2.0 0.0 2.4534861771991987 23.99999847429841 -3.1264914036512736e-23
19.59375 2.0 0.0 2.4550051570398317 23.99999606157804 -1.3776866515677294e-23
19.65625 2.0 0.0 2.4565248310403924 23.99999449076236 -5.97877898615881e-24
19.71875 2.0 0.0 2.458045217164465 23.999993994491234 -2.557329998052712e-24
19.78125 2.0 0.0 2.4595663209147407 23.999994611135435 -1.0788108353212093e-24
19.84375 2.0 0.0 2.4610881361125982 23.999996204073014 -4.490611845317189e-25
19.90625 2.0 0.0 2.462610646293985 23.999998492449564 -1.8451945242224962e-25
19.96875 2.0 0.0 2.4641338267720845 24.000001082299658 -7.486792811960278e-26
20.03125 2.0 0.0 2.46565764764018 24.000003503337584 -3.0004004484834847e-26
20.09375 2.0 0.0 2.4671820786025287 24.000005271845033 -1.1879054274809626e-26
20.15625 2.0 0.0 2.4687070960283983 24.000005995038514 -4.64700787456371e-27
20.21875 2.0 0.0 2.4702326906596017 24.000005499303857 -1.796412949920961e-27
20.28125 2.0 0.0 2.471758872863924 24.0000039120647 -6.863046828850996e-28
20.34375 2.0 0.0 2.4732856714862645 24.000001621310602 -2.5913628227116674e-28
20.40625 2.0 0.0 2.4748131245701916 23.9999991346174 -9.670497416647311e-29
20.46875 2.0 0.0 2.476341268480243 23.999996940160887 -3.5667630039506357e-29
20.53125 2.0 0.0 2.477870131842602 23.999995422046336 -1.3001294525565887e-29
20.59375 2.0 0.0 2.479399733163792 23.99999481540376 -4.683320222460584e-30
20.65625 2.0 0.0 2.4809300797867087 23.99999518485732 -1.666974471735266e-30
20.71875 2.0 0.0 2.48246116775137 23.999996426034784 -5.862031322215626e-31
20.78125 2.0 0.0 2.4839929830200527 23.999998291508312 -2.0362389514835817e-31
20.84375 2.0 0.0 2.485525504312978 24.0000004339722 -6.984994830761698e-32
20.90625 2.0 0.0 2.487058707025546 24.000002457914334 -2.3655346031470872e-32
20.96875 2.0 0.0 2.488592567752086 24.00000398079164 -7.905978888239404e-33
21.03125 2.0 0.0 2.490127069290647 24.000004707687175 -2.6064103442825064e-33
21.09375 2.0 0.0 2.491662205370975 24.000004507347914 -8.471067439974588e-34
21.15625 2.0 0.0 2.4931979834258478 24.000003454191308 -2.712213722730896e-34
21.21875 2.0 0.0 2.4947344234936613 24.000001803317286 -8.54664587042569e-35
21.28125 2.0 0.0 2.4962715528934774 23.99999990927571 -2.64747034316652e-35
21.34375 2.0 0.0 2.4978093995852118 23.999998136212373 -8.049000674182709e-36
21.40625 2.0 0.0 2.4993479874155833 23.999996792169807 -2.3966218722471593e-36
21.46875 2.0 0.0 2.500887333540874 23.999996088517385 -6.968045095399668e-37
21.53125 2.0 0.0 2.5024274470668857 23.99999611678163 -1.9697195541396117e-37
21.59375 2.0 0.0 2.503968328540549 23.999996841510686 -5.378068716624702e-38
21.65625 2.0 0.0 2.5055099705177257 23.999998111765425 -1.403178566439546e-38
21.71875 2.0 0.0 2.5070523594382434 23.999999690376278 -3.4311887634935694e-39
21.78125 2.0 0.0 2.508595478550828 24.000001294913623 -7.548951878250107e-40
21.84375 2.0 0.0 2.510139311290321 24.000002644250603 -1.333693151761316e-40
21.90625 2.0 0.0 2.511683844618275 24.000003506832687 -9.4571499118777e-42
21.96875 2.0 0.0 2.51322907189331 24.000003744451327 6.897034062129024e-42
22.03125 2.0 0.0 2.5147749946536218 24.000003339534707 5.085290221773357e-42
22.09375 2.0 0.0 2.5163216226499543 24.000002393876244 2.4351720591234945e-42
22.15625 2.0 0.0 2.517868971934041 24.000001098418938 9.974387744360698e-43
22.21875 2.0 0.0 2.519417061745199 23.999999688435523 3.7532028244107754e-43
22.28125 2.0 0.0 2.5209659114395566 23.9999984008426 1.3361689566318357e-43
22.34375 2.0 0.0 2.5225155381398983 23.999997440688226 4.568647830048834e-44
22.40625 2.0 0.0 2.524065955021981 23.999996955463583 1.5134271734381545e-44
22.46875 2.0 0.0 2.5256171700263854 23.999997015494607 4.88392660333133e-45
22.53125 2.0 0.0 2.527169185076241 23.99999760271805 1.541032557512438e-45
22.59375 2.0 0.0 2.528721996116464 23.999998612499304 4.766666883297355e-46
22.65625 2.0 0.0 2.5302755942093107 23.99999987050377 1.4480961508257759e-46
22.71875 2.0 0.0 2.5318299675472877 24.000001161413756 4.3268626815565847e-47
22.78125 2.0 0.0 2.5333851039289517 24.00000226364754 1.2729509522619648e-47
22.84375 2.0 0.0 2.5349409932508715 24.00000298513036 3.6904479413849395e-48
22.90625 2.0 0.0 2.5364976297077355 24.000003195997174 1.0550291032482932e-48
22.96875 2.0 0.0 2.5380550134087216 24.000002852830264 2.9757630384972538e-49
23.03125 2.0 0.0 2.5396131510633646 24.000002008052203 8.284492655247021e-50
23.09375 2.0 0.0 2.541172055472451 24.00000080109613 2.277278377096913e-50
23.15625 2.0 0.0 2.5427317438912693 23.99999943427619 6.182563431609285e-51
23.21875 2.0 0.0 2.544292235699936 23.999998140177873 1.6581299923453183e-51
23.28125 2.0 0.0 2.5458535498444665 23.99999714577315 4.393804720150234e-52
23.34375 2.0 0.0 2.5474157022892086 23.999996635414526 1.1505138179815468e-52
23.40625 2.0 0.0 2.548978703668969 23.999996715676136 2.977231559962374e-53
23.46875 2.0 0.0 2.550542557535609 23.999997389496485 7.614287154550369e-54
23.53125 2.0 0.0 2.5521072597841283 23.999998549400296 1.9246606613016414e-54
23.59375 2.0 0.0 2.5536727996926776 23.999999994323538 4.808243216412138e-55
23.65625 2.0 0.0 2.5552391624149258 24.000001465057835 1.1871666588356863e-55
23.71875 2.0 0.0 2.5568063322354546 24.000002689109017 2.896688398352563e-56
23.78125 2.0 0.0 2.5583742959366433 24.00000342866165 6.98415315449243e-57
23.84375 2.0 0.0 2.559943045941924 24.00000352725955 1.6637515850317588e-57
23.90625 2.0 0.0 2.561512582715552 24.00000294676103 3.9151515696813544e-58
23.96875 2.0 0.0 2.563082915991288 24.000001781731946 9.099039886941364e-59
24.03125 2.0 0.0 2.5646540635320023 24.00000024347024 2.0878823025968615e-59
24.09375 2.0 0.0 2.5662260492485656 23.999998619292867 4.7285315304742537e-60
24.15625 2.0 0.0 2.5677988968527266 23.999997220210552 1.0564902049433007e-60
24.21875 2.0 0.0 2.569372632628241 23.999996325564993 2.3274779481577778e-61
24.28125 2.0 0.0 2.570947263783381 23.99999612824846 5.052285490132954e-62
24.34375 2.0 0.0 2.5725228235747624 23.99999668871827 1.0796763064909657e-62
24.40625 2.0 0.0 2.574099240997797 23.999997914220927 2.2689000963112057e-63
24.46875 2.0 0.0 2.575676686172857 23.999999574293014 4.681823820360618e-64
24.53125 2.0 0.0 2.577254651485793 24.00000134979668 9.467542854033363e-65
24.59375 2.0 0.0 2.578834424405673 24.0000028893935 1.8711212490761638e-65
24.65625 2.0 0.0 2.5804124886399333 24.000003886756016 3.6001438242163e-66
24.71875 2.0 0.0 2.581998221164996 24.000004100843967 6.704319663991951e-67
24.78125 2.0 0.0 2.583566664021175 24.000003514206863 1.1971437942926539e-67
24.84375 2.0 0.0 2.5851861222485617 24.000002251961675 2.0164329257222074e-68
24.90625 2.0 0.0 2.5866809928628185 24.000000171961105 3.10028924768748e-69
24.96875 2.0 0.0 2.5891173980648254 23.99999784261914 4.003793457677204e-70
