0.125 2.0 0.0 2.005643747915979 23.999999999999982 -8.023378137447364e-69
0.375 2.0 0.0 2.011272569580469 23.999999999999964 -8.237583357394523e-66
0.625 2.0 0.0 2.016924391263224 23.99999999999995 -4.960217038783217e-63
0.875 2.0 0.0 2.0225606360257364 23.99999999999994 -2.2389513277987053e-60
1.125 2.0 0.0 2.0282095248589096 23.999999999999922 -8.083295968589929e-58
1.375 2.0 0.0 2.0338576223282683 23.999999999999915 -2.3927033740792414e-55
1.625 2.0 0.0 2.0395089552898806 23.999999999999897 -5.861267598663116e-53
1.875 2.0 0.0 2.0451629153003372 23.99999999999988 -1.1883943908134718e-50
2.125 2.0 0.0 2.050819707593477 23.999999999999865 -1.976589158084722e-48
2.375 2.0 0.0 2.0564793475197867 23.99999999999985 -2.632942317395744e-46
2.625 2.0 0.0 2.0621419280285442 23.99999999999983 -2.638888646042497e-44
2.875 2.0 0.0 2.0678075180619615 23.99999999999981 -1.5796414191572262e-42
3.125 2.0 0.0 2.073476193404848 23.999999999999808 4.567817789604015e-41
3.375 2.0 0.0 2.0791480289117317 23.999999999999797 2.7652750956800404e-38
3.625 2.0 0.0 2.084823100412577 23.999999999999787 4.404258009248603e-36
3.875 2.0 0.0 2.0905014841951584 23.99999999999977 4.802503147034089e-34
4.125 2.0 0.0 2.096183257180889 23.99999999999976 4.0714940949284585e-32
4.375 2.0 0.0 2.101868496891926 23.999999999999737 2.798298194819873e-30
4.625 2.0 0.0 2.107557281477284 23.999999999999723 1.5853487713817023e-28
4.875 2.0 0.0 2.1132496897236797 23.99999999999971 7.44089836681967e-27
5.125 2.0 0.0 2.1189458010708275 23.9999999999997 2.8831502816409013e-25
5.375 2.0 0.0 2.1246456956258295 23.99999999999968 9.092577194644609e-24
5.625 2.0 0.0 2.130349454178215 23.999999999999673 2.252142269674823e-22
5.875 2.0 0.0 2.1360571582151486 23.999999999999666 3.954656992153136e-21
6.125 2.0 0.0 2.141768889937005 23.99999999999964 2.789761923259548e-20
6.375 2.0 0.0 2.147484732273236 23.999999999999623 -1.0909101867037715e-18
6.625 2.0 0.0 2.153204768898574 23.999999999999602 -5.5213930824722155e-17
6.875 1.9999999999999984 0.0 2.15892908424956 23.999999999999595 -1.5081395283077498e-15
7.125 1.9999999999999696 0.0 2.164657763541433 23.999999999999595 -3.0406459207729985e-14
7.375 1.9999999999995122 0.0 2.170390892785444 23.999999999999595 -4.87731075149774e-13
7.625 1.9999999999935993 0.0 2.176128558807366 23.999999999999588 -6.400550420574792e-12
7.875 1.9999999999305338 0.0 2.1818708492745342 23.999999999999574 -6.946621751012237e-11
8.125 1.9999999993756978 0.0 2.187617852787365 23.999999999999556 -6.243021272063907e-10
8.375 1.999999995388953 0.0 2.193369659365085 23.999999999999556 -4.611047172371882e-09
8.625 1.99999997260002 0.0 2.1991263626750257 23.999999999999545 -2.7399979986059073e-08
8.875 1.9999998759409225 0.0 2.2048880662290546 23.99999999999953 -1.240590773561188e-07
9.125 1.999999644742776 0.0 2.2106548760689844 23.999999999999513 -3.552572240524588e-07
9.375 2.0000001294205836 0.0 2.2164266927030987 23.999999999999503 1.2942058380315937e-07
9.625 2.000009209599773 0.0 2.2222018008244357 23.99999999999949 9.209599773068e-06
9.875 2.0000682906028517 0.0 2.227970676005414 23.99999999999949 6.829060285179713e-05
10.125 2.000334760723519 0.0 2.233696425348885 23.999999999999496 0.00033476072351890226
10.375 2.001263967051447 0.0 2.239270866266236 23.999999999999492 0.0012639670514472895
10.625 2.0038550975507237 0.0 2.244453603958057 23.99999999999948 0.003855097550723615
10.875 2.0096787065010053 0.0 2.248861913575401 23.999999999999474 0.009678706501005496
11.125 2.020127884974914 0.0 2.252150357626764 23.999999999999467 0.02012788497491368
11.375 2.0345896280584306 0.0 2.2544591097418625 23.999999999999453 0.03458962805843038
11.625 2.0485132950314933 0.0 2.2568891870781664 23.999999999999446 0.0485132950314933
11.875 2.0538079291557834 0.0 2.261413346244878 23.99999999999943 0.053807929155783495
12.125 2.0432510018706274 0.0 2.269844238165513 23.99999999999941 0.0432510018706274
12.375 2.016682344413092 0.0 2.2823586108955114 23.999999999999403 0.01668234441309194
12.625 1.983317655586908 0.0 2.2967890758582907 23.999999999999396 -0.01668234441309194
12.875 1.9567489981293726 0.0 2.3096326368509423 23.99999999999939 -0.0432510018706274
13.125 1.9461920708442164 0.0 2.3183220158112317 23.999999999999375 -0.053807929155783495
13.375 1.9514867049685067 0.0 2.3227784352490106 23.99999999999936 -0.0485132950314933
13.625 1.9654103719415696 0.0 2.3248878817958474 23.999999999999346 -0.03458962805843038
13.875 1.9798721150250864 0.0 2.326828634466163 23.999999999999332 -0.02012788497491368
14.125 1.9903212934989944 0.0 2.329858237487313 23.999999999999325 -0.009678706501005496
14.375 1.9961449024492763 0.0 2.3341558514704417 23.999999999999318 -0.003855097550723615
14.625 1.9987360329485526 0.0 2.339342352746547 23.9999999999993 -0.0012639670514472895
14.875 1.999665239276481 0.0 2.3449929079256053 23.999999999999282 -0.00033476072351890226
15.125 1.9999317093971483 0.0 2.350836398316922 23.999999999999275 -6.829060285179713e-05
15.375 1.999990790400227 0.0 2.3567464562774036 23.999999999999254 -9.209599773068e-06
15.625 1.9999998705794162 0.0 2.3626785330682516 23.999999999999254 -1.2942058380315937e-07
15.875 2.000000355257224 0.0 2.368621012773673 23.999999999999254 3.552572240524588e-07
16.125 2.0000001240590772 0.0 2.374571824598248 23.999999999999247 1.240590773561188e-07
16.375 2.00000002739998 0.0 2.380530859630837 23.999999999999233 2.7399979986059073e-08
16.625 2.000000004611047 0.0 2.3864982654454385 23.999999999999226 4.611047172371882e-09
16.875 2.000000000624302 0.0 2.392474191805465 23.999999999999215 6.243021272063907e-10
17.125 2.000000000069466 0.0 2.3984587790431666 23.999999999999204 6.946621751012237e-11
17.375 2.0000000000064007 0.0 2.404452165777916 23.99999999999919 6.400550420574792e-12
17.625 2.0000000000004876 0.0 2.4104544919675064 23.999999999999183 4.87731075149774e-13
17.875 2.00000000000003 0.0 2.4164658995546406 23.999999999999172 3.0406459207729985e-14
18.125 2.0000000000000013 0.0 2.422486532587314 23.99999999999916 1.5081395283077498e-15
18.375 2.0 0.0 2.4285165372739668 23.99999999999916 5.5213930824722155e-17
18.625 2.0 0.0 2.4345560620363687 23.999999999999158 1.0909101867037715e-18
18.875 2.0 0.0 2.4406052575647523 23.999999999999154 -2.789761923259548e-20
19.125 2.0 0.0 2.446664276874839 23.99999999999914 -3.954656992153136e-21
19.375 2.0 0.0 2.4527332753665974 23.99999999999912 -2.252142269674823e-22
19.625 2.0 0.0 2.4588124108848293 23.999999999999098 -9.092577194644609e-24
19.875 2.0 0.0 2.464901843781622 23.99999999999911 -2.8831502816409013e-25
20.125 2.0 0.0 2.4710017369807473 23.99999999999909 -7.44089836681967e-27
20.375 2.0 0.0 2.477112256044163 23.99999999999909 -1.5853487713817023e-28
20.625 2.0 0.0 2.483233569240551 23.999999999999094 -2.798298194819873e-30
20.875 2.0 0.0 2.4893658476161233 23.999999999999083 -4.0714940949284585e-32
21.125 2.0 0.0 2.4955092650676924 23.999999999999073 -4.802503147034089e-34
21.375 2.0 0.0 2.5016639984181337 23.999999999999055 -4.404258009248603e-36
21.625 2.0 0.0 2.507830227494337 23.999999999999055 -2.7652750956800404e-38
21.875 2.0 0.0 2.51400813520772 23.999999999999066 -4.567817789604015e-41
22.125 2.0 0.0 2.5201979076374537 23.999999999999055 1.5796414191572262e-42
22.375 2.0 0.0 2.526399734116504 23.999999999999048 2.638888646042497e-44
22.625 2.0 0.0 2.532613807320557 23.999999999999044 2.632942317395744e-46
22.875 2.0 0.0 2.5388403233600076 23.99999999999904 1.976589158084722e-48
23.125 2.0 0.0 2.5450794818751286 23.999999999999034 1.1883943908134718e-50
23.375 2.0 0.0 2.551331486134538 23.999999999999034 5.861267598663116e-53
23.625 2.0 0.0 2.5575965431371186 23.999999999999044 2.3927033740792414e-55
23.875 2.0 0.0 2.5638748637175377 23.99999999999904 8.083295968589929e-58
24.125 2.0 0.0 2.570166662655553 23.999999999999048 2.2389513277987053e-60
24.375 2.0 0.0 2.576472158789204 23.999999999999055 4.960217038783217e-63
24.625 2.0 0.0 2.5827915751321227 23.999999999999055 8.237583357394523e-66
24.875 2.0 0.0 2.589125138995146 23.999999999999027 8.023378137447364e-69
