0.125 3.0056427965526984 23.999999999999993 3.0079047371612306 24.000000244899187 -8.023378137447364e-69
0.375 3.0112758881103527 23.999999999999993 3.0158412715396707 24.00000124187707 -8.237583357394523e-66
0.625 3.0169201552112366 23.999999999999986 3.0238359849311074 23.999997858264074 -4.960217038783217e-63
0.875 3.0225629709038575 23.999999999999986 3.0318674487122124 23.999975285754893 -2.2389513277987053e-60
1.125 3.0282090359665075 23.99999999999997 3.0399161862993425 23.99986828690637 -8.083295968589929e-58
1.375 3.033857659773557 23.99999999999997 3.0478812056923443 23.99943449574747 -2.3927033740792414e-55
1.625 3.0395089338956143 23.999999999999964 3.05545147468958 23.99793707263778 -5.861267598663116e-53
1.875 3.045162924362444 23.999999999999957 3.06181022917567 23.9934687998903 -1.1883943908134718e-50
2.125 3.0508197048184744 23.99999999999995 3.0669539011657467 23.986080113661775 -1.976589158084722e-48
2.375 3.056479348149538 23.999999999999957 3.071869347379184 23.978116581760652 -2.632942317395744e-46
2.625 3.0621419278917994 23.99999999999995 3.076963336975552 23.970527103046905 -2.638888646042497e-44
2.875 3.0678075181037237 23.999999999999943 3.0821852612988376 23.963188151337874 -1.5796414191572262e-42
3.125 3.0734761933907278 23.99999999999994 3.0874141472235666 23.95582046796238 4.567817789604015e-41
3.375 3.0791480289155713 23.999999999999936 3.092623049627263 23.948363071619603 2.7652750956800404e-38
3.625 3.084823100411505 23.999999999999936 3.0978278902167844 23.94085209642563 4.404258009248603e-36
3.875 3.0905014841953298 23.99999999999993 3.103034798190713 23.93330112834567 4.802503147034089e-34
4.125 3.0961832571807326 23.999999999999925 3.108240869202106 23.925703563861877 4.0714940949284585e-32
4.375 3.1018684968918686 23.99999999999992 3.11344495490812 23.918056678162348 2.798298194819873e-30
4.625 3.1075572814772014 23.99999999999992 3.118648136636149 23.910362805150438 1.5853487713817023e-28
4.875 3.113249689723606 23.999999999999915 3.123850261518058 23.902621883394072 7.44089836681967e-27
5.125 3.118945801070751 23.999999999999908 3.129051307776778 23.89483362804023 2.8831502816409013e-25
5.375 3.1246456956257553 23.999999999999893 3.1342518431619317 23.88699815585238 9.092577194644609e-24
5.625 3.1303494541781394 23.999999999999886 3.139451429233962 23.879114530512073 2.252142269674823e-22
5.875 3.136057158215074 23.99999999999988 3.1446498179047797 23.871184569127188 3.954656992153136e-21
6.125 3.1417688899369343 23.99999999999988 3.149847439850843 23.863209901811178 2.789761923259548e-20
6.375 3.1474847322731696 23.999999999999876 3.1550449494564132 23.85518644549679 -1.0909101867037715e-18
6.625 3.153204768898508 23.999999999999872 3.160243124296552 23.847110395779772 -5.5213930824722155e-17
6.875 3.158929084249494 23.999999999999865 3.1654412793189888 23.838989199408328 -1.5081395283077498e-15
7.125 3.164657763541366 23.999999999999865 3.1706381460637036 23.830839862337356 -3.0406459207729985e-14
7.375 3.170390892785377 23.999999999999858 3.1758352729500827 23.822660820611688 -4.87731075149774e-13
7.625 3.176128558807301 23.999999999999858 3.1810319071122795 23.814398030509672 -6.400550420574792e-12
7.875 3.1818708492744667 23.999999999999844 3.1862215594006913 23.805986195272066 -6.946621751012237e-11
8.125 3.1876178527872883 23.999999999999844 3.191405049444981 23.797466890671537 -6.243021272063907e-10
8.375 3.193369659364925 23.999999999999833 3.196599550279396 23.789041112666382 -4.611047172371882e-09
8.625 3.199126362674522 23.99999999999983 3.2018279853437646 23.780994574659807 -2.7399979986059073e-08
8.875 3.2048880662278663 23.99999999999983 3.207110203376861 23.773606423027626 -1.240590773561188e-07
9.125 3.2106548760712688 23.999999999999822 3.212476741731638 23.767211795946 -3.552572240524588e-07
9.375 3.2164266927485623 23.999999999999808 3.2179718416874334 23.762493967817342 1.2942058380315937e-07
9.625 3.2222018011144398 23.999999999999808 3.2236312330076906 23.7599464499511 9.209599773068e-06
9.875 3.2279706772275354 23.9999999999998 3.2293435589470487 23.758972759333396 6.829060285179713e-05
10.125 3.23369642917882 23.999999999999794 3.2348115194014873 23.758624722549424 0.00033476072351890226
10.375 3.2392708764297167 23.999999999999787 3.239316031482658 23.758093135407684 0.0012639670514472895
10.625 3.2444536324967794 23.99999999999978 3.241399296949931 23.75725735619151 0.003855097550723615
10.875 3.2488619906490497 23.999999999999787 3.2388520028006025 23.756218643885205 0.009678706501005496
11.125 3.252150452350638 23.99999999999978 3.23008453952452 23.75579305721644 0.02012788497491368
11.375 3.2544589067343654 23.99999999999978 3.216575297319605 23.75615623947459 0.03458962805843038
11.625 3.2568886343537695 23.999999999999773 3.204963782752545 23.758084179351144 0.0485132950314933
11.875 3.2614142277943143 23.999999999999766 3.207139003731392 23.763125402789306 0.053807929155783495
12.125 2.2698470059487414 23.99999999999976 3.237599717494173 23.77994228301326 0.0432510018706274
12.375 2.2823563993434623 23.999999999999744 3.299774818670281 23.80380466596329 0.01668234441309194
12.625 2.2967799357361747 23.999999999999737 3.3683357486063334 23.807883708284027 -0.01668234441309194
12.875 2.309629811579435 23.99999999999973 3.3874365394356984 23.754109639691393 -0.0432510018706274
13.125 2.3183243892473113 23.999999999999726 3.291203392038165 23.586420300740755 -0.053807929155783495
13.375 2.322769001904345 23.999999999999723 3.1456037562917816 23.344739972428584 -0.0485132950314933
13.625 2.324873766072529 23.999999999999716 3.000553677132876 23.064512964040855 -0.03458962805843038
13.875 2.3268238833940673 23.99999999999971 2.867745167499675 22.75623568314944 -0.02012788497491368
14.125 2.3298560943658106 23.999999999999694 2.7470092854268313 22.422538674624857 -0.009678706501005496
14.375 2.3341498177895295 23.999999999999684 2.6353334958140646 22.06503806408267 -0.003855097550723615
14.625 2.3393356896660977 23.999999999999673 2.5301800473963967 21.686837802088917 -0.0012639670514472895
14.875 2.344987543651236 23.999999999999673 2.430453766997972 21.29244276818845 -0.00033476072351890226
15.125 2.3508313685959337 23.999999999999673 2.337133731376506 20.891825476041703 -6.829060285179713e-05
15.375 2.356741239770372 23.999999999999666 2.252492591550858 20.502255647760254 -9.209599773068e-06
15.625 2.362673220324436 23.99999999999966 2.1789353829550047 20.139933709970588 -1.2942058380315937e-07
15.875 2.3686156845421404 23.99999999999965 2.1229477482385017 19.841843139107667 3.552572240524588e-07
16.125 2.3745664907722395 23.999999999999638 2.093826877412611 19.67108051213738 1.240590773561188e-07
16.375 2.3805255190032746 23.99999999999963 2.086488045517297 19.60237749080342 2.7399979986059073e-08
16.625 2.386492917714934 23.999999999999623 2.0875785350364655 19.570069768326057 4.611047172371882e-09
16.875 2.39246883665632 23.99999999999962 2.0915974215155395 19.55167129974332 6.243021272063907e-10
17.125 2.3984534161701765 23.99999999999962 2.0964589110328657 19.540600229512695 6.946621751012237e-11
17.375 2.4044467949838237 23.99999999999962 2.100978908810764 19.52970985235713 6.400550420574792e-12
17.625 2.410449113108311 23.999999999999616 2.1044628013452598 19.51458315808109 4.87731075149774e-13
17.875 2.4164605124993823 23.999999999999623 2.107729056589904 19.49741355294028 3.0406459207729985e-14
18.125 2.4224811372058808 23.999999999999616 2.1114925731087677 19.47981040125987 1.5081395283077498e-15
18.375 2.4285111334345357 23.999999999999616 2.1156678431874805 19.461590943399493 5.5213930824722155e-17
18.625 2.43455064960506 23.999999999999616 2.119943179419921 19.44374419389562 1.0909101867037715e-18
18.875 2.4405998364056023 23.99999999999961 2.124141791810196 19.427875910942337 -2.789761923259548e-20
19.125 2.446658846849771 23.999999999999595 2.1282856539323536 19.41445228544861 -3.954656992153136e-21
19.375 2.452727836335377 23.999999999999588 2.132438917756275 19.401447859919102 -2.252142269674823e-22
19.625 2.4588069627049984 23.999999999999574 2.1364449190753705 19.385115888903606 -9.092577194644609e-24
19.875 2.464896386308448 23.999999999999574 2.139845937139333 19.358375467957355 -2.8831502816409013e-25
20.125 2.470996270067176 23.999999999999567 2.1425296720736755 19.321323812615947 -7.44089836681967e-27
20.375 2.477106779540737 23.999999999999567 2.145345262492236 19.286500067583738 -1.5853487713817023e-28
20.625 2.4832280829953612 23.999999999999563 2.149333806247087 19.26781484097618 -2.798298194819873e-30
20.875 2.489360351474743 23.999999999999567 2.155366905028416 19.277852571029705 -4.0714940949284585e-32
21.125 2.4955037588731086 23.999999999999567 2.1666904975023815 19.359421541790383 -4.802503147034089e-34
21.375 2.5016584820106766 23.999999999999556 2.1896134675345453 19.59583513266694 -4.404258009248603e-36
21.625 2.5078247007116077 23.999999999999552 2.2317717926436087 20.09510450164711 -2.7652750956800404e-38
21.875 2.5140025978845246 23.999999999999556 2.2909484668125795 20.83214633676507 -4.567817789604015e-41
22.125 2.5201923596057303 23.999999999999556 2.3578154576992816 21.682356560597096 1.5796414191572262e-42
22.375 2.5263941752052315 23.999999999999552 2.4229570227551402 22.516345064181966 2.638888646042497e-44
22.625 2.532608237355676 23.999999999999552 2.477925570396269 23.212579833331528 2.632942317395744e-46
22.875 2.5388347421643465 23.999999999999545 2.515634211809861 23.66538642441597 1.976589158084722e-48
23.125 2.5450738892683082 23.999999999999538 2.536010904531082 23.86929441713465 1.1883943908134718e-50
23.375 2.5513258819328852 23.99999999999953 2.5479255878365987 23.95097083854231 5.861267598663116e-53
23.625 2.5575909271535724 23.999999999999524 2.5563433607707804 23.98202644089242 2.3927033740792414e-55
23.875 2.5638692357615636 23.999999999999517 2.5634451594133463 23.99389903699372 8.083295968589929e-58
24.125 2.570161022533023 23.99999999999951 2.5700125297176033 23.997863014039343 2.2389513277987053e-60
24.375 2.5764665063023067 23.999999999999503 2.5764218261601215 23.999361897292594 4.960217038783217e-63
24.625 2.5827859100792625 23.999999999999503 2.582769918961694 23.99976541188286 8.237583357394523e-66
24.875 2.5891194611708217 23.9999999999995 2.5891147664498435 23.999942971427192 8.023378137447364e-69
