0.125 2.0032576138136085 23.99999999999999 2.0032576138136107 24.0 -8.023378137447364e-69
0.375 2.008490360725644 23.99999999999997 2.00849036072565 24.00000000000003 -8.237583357394523e-66
0.625 2.014085523576755 23.999999999999986 2.0140855235767567 23.999999999999982 -4.960217038783217e-63
0.875 2.01973030018267 23.999999999999986 2.01973030018267 23.99999999999995 -2.2389513277987053e-60
1.125 2.025377392501455 23.999999999999968 2.025377392501467 24.000000000000057 -8.083295968589929e-58
1.375 2.031025229750198 23.99999999999998 2.031025229750216 24.000000000000043 -2.3927033740792414e-55
1.625 2.036675213764127 23.999999999999915 2.0366752137641324 24.0 -5.861267598663116e-53
1.875 2.0423278257492283 24.00000000000006 2.042327825749265 24.0000000000003 -1.1883943908134718e-50
2.125 2.0479831947347056 23.999999999999886 2.0479831947346216 23.99999999999914 -1.976589158084722e-48
2.375 2.05364139286434 23.99999999999984 2.0536413928644386 24.000000000000917 -2.632942317395744e-46
2.625 2.059302491107002 24.000000000000476 2.0593024911070343 23.99999999999996 -2.638888646042497e-44
2.875 2.0649665626722706 23.999999999998728 2.064966562672422 24.000000000000618 -1.5796414191572262e-42
3.125 2.070633681834049 24.000000000001712 2.070633681834278 24.000000000003254 4.567817789604015e-41
3.375 2.076303923465591 23.999999999998952 2.0763039234651375 23.999999999993292 2.7652750956800404e-38
3.625 2.0819773630386953 23.999999999996493 2.081977363039281 24.000000000007788 4.404258009248603e-36
3.875 2.087654076539576 24.0000000000137 2.087654076537453 23.9999999999861 4.802503147034089e-34
4.125 2.0933341406427113 23.999999999971735 2.0933341406460864 24.000000000007848 4.0714940949284585e-32
4.375 2.0990176324590495 24.000000000034248 2.099017632455185 24.000000000013593 2.798298194819873e-30
4.625 2.1047046300104877 23.999999999999744 2.104704630008441 23.999999999925134 1.5853487713817023e-28
4.875 2.1103952114138593 23.999999999876646 2.1103952114285947 24.000000000131728 7.44089836681967e-27
5.125 2.116089456429241 24.000000000366576 2.116089456399869 23.999999999929152 2.8831502816409013e-25
5.375 2.1217874436433517 23.999999999356806 2.121787443668577 23.999999999674195 9.092577194644609e-24
5.625 2.1274892555610503 24.000000000584073 2.127489255600448 24.000000001273754 2.252142269674823e-22
5.875 2.1331949699351127 24.000000000586482 2.133194969736624 23.999999997459373 3.954656992153136e-21
6.125 2.1389046738921795 23.999999996170505 2.138904674320738 24.000000002835627 2.789761923259548e-20
6.375 2.144618441860735 24.000000009160644 2.14461844132329 24.000000000796458 -1.0909101867037715e-18
6.625 2.1503363702992186 23.99999998688007 2.1503363703258107 23.999999987469522 -5.5213930824722155e-17
6.875 2.156058519454953 24.000000005354238 2.1560585213413574 24.000000033973887 -1.5081395283077498e-15
7.125 2.161785021853439 24.00000003206432 2.1617850161847967 23.99999994531602 -3.0406459207729985e-14
7.375 2.1675158650846242 23.999999886967686 2.167515874676469 24.00000003792873 -4.87731075149774e-13
7.625 2.17335132598791 24.00000020903964 2.1732513193471164 24.000000083235093 -6.400550420574792e-12
7.875 2.179091161030427 23.999999811987564 2.178991146166573 23.999999646098516 -6.946621751012237e-11
8.125 2.1848359593361013 23.999999816464765 2.184736015720138 24.000000645270383 -6.243021272063907e-10
8.375 2.1905851185886234 24.00000099164555 2.19048504156513 23.99999944181781 -4.611047172371882e-09
8.625 2.196339771725446 23.999998235268848 2.1962397735660253 23.999999722532863 -2.7399979986059073e-08
8.875 2.2020980684850175 24.0000016893228 2.2019982248342878 24.000001768965344 -1.240590773561188e-07
9.125 2.207864121403745 23.999999465290003 2.2077638363187777 23.999996523025253 -3.552572240524588e-07
9.375 2.213629912887194 23.999998422084108 2.2135302051067725 24.00000475791737 1.2942058380315937e-07
9.625 2.219307893998529 24.00000518096011 2.2193077991466073 23.99999521262051 9.209599773068e-06
9.875 2.2250644456049633 23.999989343198934 2.2250640407490003 24.00000243699731 6.829060285179713e-05
10.125 2.2308032137159173 24.000016564049755 2.2308048048808 24.00000344746322 0.00033476072351890226
10.375 2.236352022421241 23.99998173237189 2.236348953341929 23.99998383738056 0.0012639670514472895
10.625 2.2415889134940885 24.000021335593416 2.241592985065944 24.000041193465677 0.003855097550723615
10.875 2.2459197069134342 24.000002620919318 2.2459159981849552 23.999935659265482 0.009678706501005496
11.125 2.2493876487875686 23.99996634283059 2.249394190168122 24.000114579564134 0.02012788497491368
11.375 2.251598629786113 24.000096343500505 2.251598686765106 24.000008254340713 0.03458962805843038
11.625 2.2541043010149218 23.999986899643183 2.254096039977033 23.99993460760231 0.0485132950314933
11.875 2.258640290358977 24.000513989973033 2.2586837789895817 23.999831229278104 0.053807929155783495
12.125 2.2670525455579202 23.998024575149568 2.2668589863546877 23.99940122117786 0.0432510018706274
12.375 2.2794381735988436 24.001834479277136 2.279828786007145 24.003270508856097 0.01668234441309194
12.625 2.294526015227527 23.99988372055828 2.294150099265294 23.99404234240054 -0.01668234441309194
12.875 2.3067285947163385 23.997901738352198 2.307189330321298 24.00644149663066 -0.0432510018706274
13.125 2.316489519054242 24.007586703794203 2.3166218184682617 23.99462056327916 -0.053807929155783495
13.375 2.320055896186105 23.989423602736952 2.3191909347181388 23.994447962093957 -0.0485132950314933
13.625 2.3214795404125104 23.996580560445437 2.3224816712535117 24.006741732003892 -0.03458962805843038
13.875 2.324203971416777 24.005167362807853 2.3243644715632614 24.006661604908437 -0.02012788497491368
14.125 2.327314879059008 24.006340970456108 2.3270159348646233 23.999043683485837 -0.009678706501005496
14.375 2.331242139056733 23.999735448948023 2.330988858334491 23.993965881068682 -0.003855097550723615
14.625 2.3360117976133012 23.993899272007422 2.3363185686089776 23.99750571968601 -0.0012639670514472895
14.875 2.3418002127798334 23.995939491674697 2.342340894912523 24.004542623701013 -0.00033476072351890226
15.125 2.3480600354081083 24.002844234992445 2.348344789619966 24.006529147536654 -6.829060285179713e-05
15.375 2.3541744460775496 24.005862791096014 2.3539306419280672 24.000901536140574 -9.209599773068e-06
15.625 2.359809910073555 24.001253881700407 2.3594548411740055 23.994742068150142 -1.2942058380315937e-07
15.875 2.365346423771951 23.994907292050133 2.365425828110225 23.99618613069071 3.552572240524588e-07
16.125 2.3712548421079895 23.994824042409473 2.371743433070831 24.00296807579554 1.240590773561188e-07
16.375 2.377585095110553 24.001185062438704 2.3779237332811816 24.006086081731173 2.7399979986059073e-08
16.625 2.383871173156295 24.005740344979092 2.3836342590539763 24.00144513015262 4.611047172371882e-09
16.875 2.38968249496742 24.002570023910522 2.389227580898152 23.99535593007095 6.243021272063907e-10
17.125 2.3952664318598282 23.995899167874335 2.3952003716540426 23.995871389287302 6.946621751012237e-11
17.375 2.401106181878849 23.994394632584182 2.4015617614022613 24.002206058734902 6.400550420574792e-12
17.625 2.4074277402798514 24.000176015030807 2.4078463599586684 24.005899183374382 4.87731075149774e-13
17.875 2.413789234666842 24.00547396946571 2.4136328760649133 24.0018874104098 3.0406459207729985e-14
18.125 2.419704239265444 24.00336382988258 2.419232057003249 23.995476185416326 1.5081395283077498e-15
18.375 2.425340757616705 23.99688814339787 2.425178290414318 23.994937441215985 5.5213930824722155e-17
18.625 2.4311922968717328 23.99467607485483 2.431571198518161 24.00090860287058 1.0909101867037715e-18
18.875 2.4375358935233025 23.99977653958729 2.4379149391326136 24.005114749117585 -2.789761923259548e-20
19.125 2.4439579097941593 24.00515729279618 2.443760900225825 24.00163427550529 -3.954656992153136e-21
19.375 2.449964745110201 24.00377015555167 2.4494201334516594 23.995321738945357 -2.252142269674823e-22
19.625 2.455674004479884 23.99780508718203 2.455448425223928 23.99493876305352 -9.092577194644609e-24
19.875 2.4615534047130274 23.995341479663487 2.461916267045091 24.00118711746013 -2.8831502816409013e-25
20.125 2.4678959958863307 23.999739607675938 2.4683119194939023 24.005634622168643 -7.44089836681967e-27
20.375 2.4743434176351435 24.004692658684995 2.4742175769516734 24.002297610759694 -1.5853487713817023e-28
20.625 2.480414026644728 24.003415739343176 2.479930293673703 23.995754249707694 -2.798298194819873e-30
20.875 2.486194753375143 23.997818988080823 2.485955203470125 23.99476708449597 -4.0714940949284585e-32
21.125 2.492134940026456 23.995406196564787 2.4924508000093515 24.000893127405682 -4.802503147034089e-34
21.375 2.4985112549598387 23.999386498489617 2.498950772229864 24.005937331605146 -4.404258009248603e-36
21.625 2.504985122042603 24.003882322553473 2.5049673957470775 24.00317879667016 -2.7652750956800404e-38
21.875 2.511097643246105 24.002481750454542 2.5107260914837726 23.99646692170493 -4.567817789604015e-41
22.125 2.5169429255991402 23.997232971173112 2.5167573011248727 23.995013478108255 1.5796414191572262e-42
22.375 2.522983217980178 23.99546982556373 2.5233204050244575 24.001121782084276 2.638888646042497e-44
22.625 2.5294412427318798 23.999706128924736 2.5298985223226382 24.00631343763007 2.632942317395744e-46
22.875 2.5359785160340484 24.003940304696865 2.5359676505470183 24.00333673562866 1.976589158084722e-48
23.125 2.5421140331765804 24.002406162030837 2.541681015743027 23.995797932156513 1.1883943908134718e-50
23.375 2.5480834452689773 23.997469443336172 2.5477083040188058 23.992412900312928 5.861267598663116e-53
23.625 2.5541254844425056 23.99587376880858 2.554163071247592 23.996560226408747 2.3927033740792414e-55
23.875 2.5607413087323514 23.999672849550873 2.560935534410331 24.00257805758541 8.083295968589929e-58
24.125 2.5671350216543836 24.003555815327005 2.56707037764203 24.00273708640308 2.2389513277987053e-60
24.375 2.573770005272941 24.002192138193546 2.573437289039373 23.997128129163855 4.960217038783217e-63
24.625 2.5793383882869767 23.998523469587752 2.579205420972947 23.996175755226542 8.237583357394523e-66
24.875 2.5872943736271896 23.997937615871983 2.5873456394808056 23.999783861591503 8.023378137447364e-69
