0.03125 2.000814481380492 24.0 2.000814481380492 24.0 -4.003793457677204e-70
0.09375 2.002122831534246 24.0 2.002122831534246 24.0 -3.10028924768748e-69
0.15625 2.0035209253290835 23.999999999999993 2.0035209253290835 23.999999999999993 -2.0164329257222074e-68
0.21875 2.0049307958510094 23.999999999999993 2.0049307958510094 23.999999999999993 -1.1971437942926539e-67
0.28125 2.006340758863 23.999999999999986 2.006340758863 23.999999999999986 -6.704319663991951e-67
0.34375 2.0077504256201752 23.99999999999998 2.0077504256201752 23.99999999999998 -3.6001438242163e-66
0.40625 2.0091601248687203 23.99999999999997 2.0091601248687203 23.99999999999997 -1.8711212490761638e-65
0.46875 2.0105699573101896 23.999999999999964 2.0105699573101896 23.999999999999964 -9.467542854033363e-65
0.53125 2.011979937696469 23.999999999999957 2.011979937696469 23.999999999999957 -4.681823820360618e-64
0.59375 2.0133900669568634 23.999999999999957 2.0133900669568634 23.999999999999957 -2.2689000963112057e-63
0.65625 2.014800345634188 23.999999999999957 2.014800345634188 23.999999999999957 -1.0796763064909657e-62
0.71875 2.0162107746871136 23.99999999999995 2.0162107746871136 23.99999999999995 -5.052285490132954e-62
0.78125 2.01762135519807 23.99999999999994 2.01762135519807 23.99999999999994 -2.3274779481577778e-61
0.84375 2.0190320882675064 23.999999999999936 2.0190320882675064 23.999999999999936 -1.0564902049433007e-60
0.90625 2.020442974997315 23.999999999999936 2.020442974997315 23.999999999999936 -4.7285315304742537e-60
0.96875 2.0218540164904795 23.99999999999993 2.0218540164904795 23.99999999999993 -2.0878823025968615e-59
1.03125 2.0232652138516087 23.999999999999925 2.0232652138516087 23.999999999999925 -9.099039886941364e-59
1.09375 2.0246765681870924 23.999999999999925 2.0246765681870924 23.999999999999922 -3.9151515696813544e-58
1.15625 2.0260880806051347 23.999999999999922 2.0260880806051347 23.999999999999922 -1.6637515850317588e-57
1.21875 2.027499752215763 23.99999999999992 2.027499752215763 23.99999999999992 -6.98415315449243e-57
1.28125 2.0289115841308405 23.999999999999915 2.0289115841308414 23.999999999999922 -2.896688398352563e-56
1.34375 2.030323577464074 23.999999999999915 2.030323577464073 23.999999999999915 -1.1871666588356863e-55
1.40625 2.0317357333310233 23.999999999999908 2.0317357333310238 23.999999999999915 -4.808243216412138e-55
1.46875 2.0331480528491186 23.999999999999893 2.0331480528491204 23.999999999999908 -1.9246606613016414e-54
1.53125 2.0345605371376685 23.99999999999989 2.0345605371376703 23.9999999999999 -7.614287154550369e-54
1.59375 2.035973187317868 23.999999999999886 2.035973187317868 23.999999999999886 -2.977231559962374e-53
1.65625 2.037386004512814 23.99999999999988 2.037386004512814 23.99999999999988 -1.1505138179815468e-52
1.71875 2.038798989847514 23.99999999999988 2.038798989847513 23.999999999999876 -4.393804720150234e-52
1.78125 2.0402121444488968 23.999999999999876 2.0402121444488976 23.999999999999876 -1.6581299923453183e-51
1.84375 2.0416254694458287 23.999999999999865 2.0416254694458305 23.999999999999876 -6.182563431609285e-51
1.90625 2.043038965969121 23.999999999999865 2.0430389659691217 23.99999999999987 -2.277278377096913e-50
1.96875 2.04445263515154 23.999999999999865 2.044452635151541 23.999999999999865 -8.284492655247021e-50
2.03125 2.045866478127821 23.999999999999858 2.045866478127823 23.999999999999865 -2.9757630384972538e-49
2.09375 2.0472804960346798 23.99999999999985 2.0472804960346833 23.999999999999865 -1.0550291032482932e-48
2.15625 2.0486946900108256 23.99999999999985 2.048694690010829 23.99999999999986 -3.6904479413849395e-48
2.21875 2.0501090611969692 23.999999999999844 2.050109061196972 23.999999999999858 -1.2729509522619648e-47
2.28125 2.051523610735835 23.999999999999844 2.0515236107358374 23.99999999999985 -4.3268626815565847e-47
2.34375 2.0529383397721777 23.99999999999984 2.0529383397721794 23.999999999999844 -1.4480961508257759e-46
2.40625 2.0543532494527854 23.999999999999837 2.054353249452789 23.99999999999985 -4.766666883297355e-46
2.46875 2.0557683409265017 23.999999999999833 2.0557683409265053 23.99999999999984 -1.541032557512438e-45
2.53125 2.057183615344231 23.999999999999822 2.057183615344235 23.999999999999837 -4.88392660333133e-45
2.59375 2.0585990738589506 23.999999999999822 2.0585990738589546 23.999999999999833 -1.5134271734381545e-44
2.65625 2.0600147176257257 23.99999999999982 2.06001471762573 23.999999999999833 -4.568647830048834e-44
2.71875 2.061430547801719 23.999999999999822 2.0614305478017214 23.999999999999822 -1.3361689566318357e-43
2.78125 2.0628465655462014 23.999999999999815 2.062846565546204 23.99999999999982 -3.7532028244107754e-43
2.84375 2.0642627720205704 23.999999999999808 2.064262772020574 23.999999999999815 -9.974387744360698e-43
2.90625 2.0656791683883577 23.999999999999808 2.0656791683883604 23.999999999999808 -2.4351720591234945e-42
2.96875 2.067095755815239 23.999999999999808 2.0670957558152416 23.999999999999815 -5.085290221773357e-42
3.03125 2.0685125354690506 23.999999999999797 2.068512535469055 23.999999999999815 -6.897034062129024e-42
3.09375 2.0699295085198033 23.999999999999794 2.069929508519806 23.99999999999979 9.4571499118777e-42
3.15625 2.0713466761396893 23.999999999999794 2.071346676139693 23.999999999999808 1.333693151761316e-40
3.21875 2.072764039503098 23.999999999999794 2.0727640395031015 23.9999999999998 7.548951878250107e-40
3.28125 2.0741815997866277 23.99999999999978 2.0741815997866295 23.999999999999787 3.4311887634935694e-39
3.34375 2.075599358169102 23.999999999999787 2.0755993581691032 23.999999999999783 1.403178566439546e-38
3.40625 2.077017315831573 23.99999999999978 2.077017315831575 23.999999999999776 5.378068716624702e-38
3.46875 2.0784354739573443 23.99999999999978 2.078435473957346 23.999999999999766 1.9697195541396117e-37
3.53125 2.0798538337319785 23.999999999999773 2.0798538337319794 23.999999999999748 6.968045095399668e-37
3.59375 2.0812723963433113 23.99999999999976 2.081272396343313 23.999999999999755 2.3966218722471593e-36
3.65625 2.0826911629814653 23.99999999999976 2.0826911629814666 23.99999999999975 8.049000674182709e-36
3.71875 2.08411013483886 23.99999999999975 2.0841101348388613 23.999999999999755 2.64747034316652e-35
3.78125 2.085529313110226 23.99999999999975 2.0855293131102304 23.999999999999766 8.54664587042569e-35
3.84375 2.0869486989926207 23.999999999999744 2.0869486989926282 23.999999999999773 2.712213722730896e-34
3.90625 2.0883682936854377 23.999999999999734 2.0883682936854475 23.999999999999776 8.471067439974588e-34
3.96875 2.089788098390427 23.999999999999737 2.089788098390435 23.99999999999977 2.6064103442825064e-33
4.03125 2.0912081143116943 23.99999999999973 2.0912081143117014 23.99999999999975 7.905978888239404e-33
4.09375 2.092628342655729 23.999999999999726 2.0926283426557353 23.999999999999734 2.3655346031470872e-32
4.15625 2.094048784631412 23.999999999999723 2.094048784631414 23.9999999999997 6.984994830761698e-32
4.21875 2.0954694414500254 23.999999999999723 2.095469441450029 23.999999999999726 2.0362389514835817e-31
4.28125 2.096890314325271 23.999999999999723 2.0968903143252766 23.99999999999973 5.862031322215626e-31
4.34375 2.0983114044732822 23.999999999999723 2.0983114044732867 23.999999999999705 1.666974471735266e-30
4.40625 2.0997327131126395 23.999999999999723 2.0997327131126444 23.999999999999716 4.683320222460584e-30
4.46875 2.1011542414643793 23.999999999999716 2.101154241464385 23.999999999999734 1.3001294525565887e-29
4.53125 2.1025759907520127 23.99999999999971 2.102575990752018 23.999999999999712 3.5667630039506357e-29
4.59375 2.1039979622015372 23.999999999999698 2.1039979622015412 23.999999999999687 9.670497416647311e-29
4.65625 2.1054201570414506 23.999999999999694 2.1054201570414586 23.999999999999698 2.5913628227116674e-28
4.71875 2.106842576502766 23.99999999999968 2.10684257650278 23.99999999999973 6.863046828850996e-28
4.78125 2.1082652218190256 23.99999999999967 2.108265221819043 23.99999999999975 1.796412949920961e-27
4.84375 2.1096880942263123 23.999999999999673 2.109688094226332 23.99999999999978 4.64700787456371e-27
4.90625 2.111111194963267 23.999999999999662 2.1111111949632866 23.99999999999977 1.1879054274809626e-26
4.96875 2.112534525271101 23.999999999999662 2.1125345252711147 23.999999999999698 3.0004004484834847e-26
5.03125 2.1139580863936116 23.99999999999966 2.11395808639362 23.999999999999634 7.486792811960278e-26
5.09375 2.115381879577197 23.999999999999652 2.1153818795772037 23.99999999999962 1.8451945242224962e-25
5.15625 2.1168059060708657 23.99999999999964 2.1168059060708724 23.999999999999616 4.490611845317189e-25
5.21875 2.11823016712626 23.999999999999638 2.1182301671262667 23.999999999999623 1.0788108353212093e-24
5.28125 2.1196546639976637 23.999999999999638 2.119654663997672 23.999999999999645 2.557329998052712e-24
5.34375 2.121079397942018 23.999999999999638 2.1210793979420264 23.999999999999645 5.97877898615881e-24
5.40625 2.1225043702189357 23.999999999999638 2.1225043702189397 23.999999999999602 1.3776866515677294e-23
5.46875 2.1239295820907187 23.99999999999963 2.123929582090719 23.999999999999574 3.1264914036512736e-23
5.53125 2.1253550348223715 23.99999999999962 2.125355034822376 23.999999999999616 6.980618709954213e-23
5.59375 2.1267807296816175 23.999999999999616 2.126780729681629 23.999999999999666 1.5314050791412638e-22
5.65625 2.1282066679389096 23.99999999999961 2.128206667938924 23.999999999999666 3.2952537647922248e-22
5.71875 2.129632850867448 23.9999999999996 2.129632850867468 23.999999999999662 6.938397225712931e-22
5.78125 2.1310592797432015 23.999999999999584 2.131059279743222 23.99999999999965 1.4247827369012723e-21
5.84375 2.1324859558449125 23.99999999999958 2.13248595584493 23.999999999999623 2.839370569031387e-21
5.90625 2.133912880454116 23.99999999999958 2.1339128804541323 23.99999999999963 5.44950890910029e-21
5.96875 2.1353400548551567 23.99999999999958 2.135340054855175 23.999999999999652 9.944158298563714e-21
6.03125 2.1367674803352044 23.999999999999584 2.136767480335222 23.99999999999964 1.683955802877859e-20
6.09375 2.138195158184268 23.99999999999958 2.1381951581842853 23.99999999999964 2.5051785044004933e-20
6.15625 2.139623089695212 23.99999999999958 2.1396230896952306 23.99999999999965 2.740528868930065e-20
6.21875 2.1410512761637728 23.99999999999958 2.1410512761637923 23.999999999999652 -1.9289258172990763e-21
6.28125 2.1424797188885734 23.999999999999574 2.142479718888592 23.999999999999638 -1.4017862304362418e-19
6.34375 2.143908419171141 23.999999999999574 2.14390841917116 23.99999999999964 -5.9727403593566045e-19
6.40625 2.1453373783159186 23.999999999999567 2.1453373783159426 23.999999999999662 -1.9104035673239254e-18
6.46875 2.1467665976302897 23.99999999999956 2.1467665976303105 23.999999999999638 -5.395897040893431e-18
6.53125 2.1481960784245846 23.99999999999956 2.1481960784245997 23.99999999999961 -1.4172635144106045e-17
6.59375 2.1496258220121014 23.999999999999556 2.1496258220121174 23.99999999999961 -3.5429167569282213e-17
6.65625 2.1510558297091213 23.999999999999545 2.1510558297091404 23.999999999999595 -8.534713940380537e-17
6.71875 2.1524861028349305 23.999999999999538 2.1524861028349527 23.99999999999959 -1.996000429606432e-16
6.78125 2.1539166427118284 23.999999999999535 2.1539166427118484 23.999999999999588 -4.553629995606369e-16
6.84375 2.155347450665146 23.999999999999535 2.155347450665163 23.99999999999956 -1.0167180356264946e-15
6.90625 2.156778528023266 23.999999999999527 2.156778528023282 23.999999999999556 -2.226894517287864e-15
6.96875 2.1582098761176374 23.999999999999524 2.1582098761176542 23.999999999999556 -4.7928992723670935e-15
7.03125 2.1596414962827923 23.99999999999951 2.159641496282811 23.999999999999552 -1.0149798143363878e-14
7.09375 2.1610733898563677 23.999999999999503 2.1610733898563876 23.999999999999563 -2.1169426434468405e-14
7.15625 2.162505558179113 23.999999999999503 2.162505558179136 23.9999999999996 -4.352028380639294e-14
7.21875 2.1639380025949144 23.999999999999496 2.16393800259494 23.999999999999616 -8.824162729183831e-14
7.28125 2.165370724450813 23.999999999999496 2.1653707244508373 23.999999999999595 -1.765504987103273e-13
7.34375 2.166803725097023 23.99999999999949 2.166803725097047 23.99999999999958 -3.4869878558211256e-13
7.40625 2.1682370058869536 23.999999999999492 2.1682370058869758 23.999999999999574 -6.800747887373828e-13
7.46875 2.169670568177227 23.99999999999949 2.169670568177248 23.999999999999545 -1.3100830926616375e-12
7.53125 2.171204413327716 23.99999999999949 2.1711044133277326 23.999999999999506 -2.4932458599455e-12
7.59375 2.1726385427015713 23.99999999999948 2.172538542701594 23.999999999999538 -4.688392804143842e-12
7.65625 2.1740729576652815 23.999999999999474 2.173972957665307 23.999999999999538 -8.71217953361179e-12
7.71875 2.1755076595887397 23.999999999999467 2.175407659588764 23.999999999999524 -1.5999612188650176e-11
7.78125 2.176942649845364 23.999999999999474 2.1768426498453843 23.999999999999506 -2.9039792611471703e-11
7.84375 2.1783779298122554 23.999999999999474 2.1782779298122716 23.999999999999503 -5.2093915604236066e-11
7.90625 2.1798135008704826 23.99999999999946 2.179713500870504 23.999999999999538 -9.236014962645237e-11
7.96875 2.18124936440551 23.99999999999947 2.1811493644055293 23.99999999999952 -1.6183318890323987e-10
8.03125 2.182685521807833 23.999999999999456 2.1825855218078463 23.99999999999948 -2.8022250166414554e-10
8.09375 2.184121974474003 23.99999999999945 2.1840219744740135 23.999999999999467 -4.794494381885033e-10
8.15625 2.185558723808127 23.999999999999442 2.185458723808142 23.99999999999948 -8.10442429110603e-10
8.21875 2.186995771224112 23.99999999999944 2.1868957712241226 23.99999999999944 -1.3531848884076558e-09
8.28125 2.188433118148882 23.99999999999943 2.188333118148896 23.99999999999943 -2.2312156971162697e-09
8.34375 2.1898707660269268 23.99999999999943 2.1897707660269523 23.99999999999949 -3.631974219148933e-09
8.40625 2.191308716326471 23.999999999999428 2.1912087163264813 23.99999999999938 -5.834394601838469e-09
8.46875 2.1927469705475287 23.999999999999417 2.1926469705475182 23.999999999999236 -9.244758734380355e-09
8.53125 2.194185530231825 23.999999999999414 2.194085530231866 23.999999999999567 -1.444062428085364e-08
8.59375 2.1956243969739844 23.999999999999407 2.1955243969740432 23.99999999999969 -2.2220023413817202e-08
8.65625 2.1970635724322993 23.999999999999403 2.196963572432244 23.99999999999897 -3.364810060345147e-08
8.71875 2.1985030583353553 23.999999999999396 2.198403058335354 23.999999999999297 -5.00844594839887e-08
8.78125 2.199942856477468 23.999999999999392 2.1998428564776953 24.000000000000718 -7.315960195901896e-08
8.84375 2.2013829686904587 23.99999999999939 2.201282968690438 23.999999999999158 -1.046450073705699e-07
8.90625 2.20282339677092 23.999999999999385 2.2027233967705113 23.999999999996724 -1.461246173463636e-07
8.96875 2.2042641423295097 23.999999999999375 2.2041641423298213 24.000000000001215 -1.9832055356516146e-07
9.03125 2.2057052065104803 23.999999999999375 2.2056052065113074 24.000000000004416 -2.598462797269504e-07
9.09375 2.207146589503649 23.99999999999936 2.20704658950257 23.999999999992546 -3.250483311046408e-07
9.15625 2.2085882897353106 23.999999999999353 2.2084882897341114 23.99999999999178 -3.8044437996817056e-07
9.21875 2.2100303025767887 23.999999999999343 2.2099303025796075 24.000000000016733 -3.990616064219827e-07
9.28125 2.2114726183473956 23.999999999999332 2.2113726183492504 24.000000000010765 -3.31716640591852e-07
9.34375 2.2129152193107027 23.999999999999332 2.2128152193034936 23.999999999954603 -9.39506915416835e-08
9.40625 2.214358075268746 23.99999999999934 2.214258075267473 23.99999999999128 4.530603240697041e-07
9.46875 2.2158011372492328 23.99999999999934 2.215701137266159 24.000000000103682 1.529753980297915e-06
9.53125 2.217144328659969 23.999999999999332 2.217144328656014 23.99999999997503 3.4762149433038535e-06
9.59375 2.2185875331603073 23.999999999999332 2.2185875331264517 23.999999999790695 6.804120370200431e-06
9.65625 2.220030578384372 23.999999999999325 2.220030578400481 24.000000000098062 1.2266172538001058e-05
9.71875 2.2214732145637246 23.999999999999325 2.221473214633481 24.000000000427466 2.0946912307718176e-05
9.78125 2.222915087063611 23.999999999999318 2.222915087019081 23.999999999726587 3.437888657929601e-05
9.84375 2.224355701899494 23.99999999999931 2.224355701745947 23.999999999059767 5.468784914051539e-05
9.90625 2.2257943834776146 23.99999999999931 2.2257943836027376 24.00000000076175 8.47698499292316e-05
9.96875 2.2272302241476334 23.999999999999307 2.227230224475525 24.0000000020025 0.00012850154243721726
10.03125 2.22866202570994 23.999999999999304 2.2286620253933385 23.999999998071775 0.0001909826458667602
10.09375 2.2300882338228947 23.999999999999304 2.230088233151866 23.999999995910507 0.00027880609774585296
10.15625 2.2315068673316096 23.999999999999297 2.2315068679953414 24.000000004033694 0.00040034694173355593
10.21875 2.2329154458935587 23.999999999999297 2.232915447304852 24.000000008562985 0.0005660554261655719
10.28125 2.2343109208793432 23.99999999999929 2.234310919756213 23.999999993214708 0.0007887332867798587
10.34375 2.2356896163088944 23.999999999999282 2.2356896131529673 23.99999998086368 0.001083765068175486
10.40625 2.237047188422782 23.999999999999275 2.237047189754785 24.000000008028017 0.0014692691192730424
10.46875 2.238378614206619 23.99999999999926 2.2383786213164925 24.00000004301347 0.0019661263086395773
10.53125 2.2396782205484493 23.999999999999254 2.239678220907542 24.00000000210791 0.002597839480069819
10.59375 2.240939766430434 23.999999999999247 2.2409397516791723 23.999999911257028 0.0033901743036548818
10.65625 2.242156590322849 23.999999999999247 2.2421565805506996 23.999999940863013 0.004370533653136037
10.71875 2.2433218334467835 23.999999999999236 2.2433218573610056 24.00000014377658 0.005567024104157814
10.78125 2.2444287465305734 23.999999999999226 2.24442878688527 24.00000024290345 0.007007185562588836
10.84375 2.245471082929482 23.999999999999226 2.245471069463669 23.999999918854733 0.008716373997397405
10.90625 2.2464435744837448 23.999999999999226 2.2464434604514603 23.999999318783605 0.01071581282047236
10.96875 2.247342478443728 23.99999999999922 2.2473423338193736 23.99999913092424 0.013020359959317548
11.03125 2.2481661746150357 23.999999999999215 2.248166229765722 24.000000326814202 0.01563607359493098
11.09375 2.248915782267077 23.99999999999921 2.2489163931168643 24.000003650168406 0.01855769747427637
11.15625 2.2495957572063734 23.999999999999204 2.249597330560241 24.000009403997637 0.021766223390745052
11.21875 2.250214421879556 23.999999999999197 2.2502173885020507 24.000017757144615 0.02522671991030791
11.28125 2.250784376650116 23.99999999999919 2.250789196568876 24.000028825045792 0.028886638374096246
11.34375 2.2513227399896776 23.999999999999186 2.2513299212511084 24.00004299981446 0.03267481533066286
11.40625 2.251851170188255 23.999999999999176 2.2518613058504715 24.00006067029574 0.036501381084238345
11.46875 2.2523956306218667 23.99999999999917 2.2524095952979053 24.000083586145657 0.04025875432072879
11.53125 2.2529858711299777 23.999999999999154 2.2530048787331234 24.000113834598462 0.043823851741497465
11.59375 2.253654613240852 23.99999999999915 2.2536798089754657 24.00015067875839 0.04706157029590306
11.65625 2.254436448931881 23.999999999999147 2.25446889512186 24.000194356054184 0.04982951126378543
11.71875 2.2553664848886963 23.99999999999914 2.2554079365961597 24.00024771413924 0.051983815731628635
11.78125 2.2564787861428286 23.999999999999126 2.2565336418939603 24.000327617026542 0.05338587762874967
11.84375 2.2578046919464887 23.99999999999913 2.2578803705533708 24.000451382381126 0.053909602651500035
11.90625 2.2593710906711975 23.99999999999912 2.259472423784996 24.000603076110284 0.053448799007006796
11.96875 2.2611987500142776 23.999999999999112 2.2613248726270223 24.00075031528703 0.05192422853819394
12.03125 2.2633008036161253 23.99999999999911 2.263444952196044 24.000856266902176 0.04928982261350742
12.09375 2.2656814944596615 23.99999999999911 2.265834948642125 24.00091105625002 0.04553758186163458
12.15625 2.2683352686880873 23.999999999999105 2.2684930547929048 24.000936367062234 0.040700734725941205
12.21875 2.2712463006803514 23.999999999999105 2.271406136180647 24.000947779488932 0.034854825297487284
12.28125 2.2743885114681426 23.999999999999087 2.274549313945806 24.00095253073658 0.028116530264597768
12.34375 2.277726118098086 23.999999999999083 2.277887425187547 24.000954344952664 0.0206401586194423
12.40625 2.281214721838089 23.999999999999087 2.281376417125377 24.000955316575233 0.012611953511883283
12.46875 2.2848029091792865 23.999999999999083 2.284965051055212 24.000956522693286 0.004242479026349397
12.53125 2.288434303079611 23.99999999999907 2.2885969795066936 24.000958171210314 -0.004242479026349397
12.59375 2.292049965369654 23.99999999999907 2.2922131840096176 24.00095984655532 -0.012611953511883283
12.65625 2.2955910180636705 23.999999999999062 2.295754683039606 24.00096095956205 -0.0206401586194423
12.71875 2.2990013254271586 23.999999999999055 2.299165382861747 24.000961962508494 -0.028116530264597768
12.78125 2.3022300640243607 23.999999999999048 2.302394619122718 24.000963911411294 -0.034854825297487284
12.84375 2.3052340078967557 23.99999999999904 2.305399136553496 24.000966032197738 -0.040700734725941205
12.90625 2.3079793723029884 23.999999999999048 2.3081449608879003 24.000967924502262 -0.04553758186163458
12.96875 2.3104430917647756 23.999999999999044 2.310608703565111 24.000968337806484 -0.04928982261350742
13.03125 2.312613453745243 23.999999999999034 2.3127780836700493 24.000962009733787 -0.05192422853819394
13.09375 2.3144900632302017 23.999999999999037 2.314652769546667 24.00095117679126 -0.053448799007006796
13.15625 2.3160831693239006 23.999999999999027 2.316243431078387 24.000941258458692 -0.053909602651500035
13.21875 2.3174124360557524 23.999999999999027 2.3175692107274872 24.000920560240974 -0.05338587762874967
13.28125 2.31850527982511 23.999999999999023 2.318656930813259 24.00088844805683 -0.051983815731628635
13.34375 2.319394921539306 23.999999999999023 2.319541125983591 24.000865768061548 -0.04982951126378543
13.40625 2.320118310372961 23.99999999999902 2.3202575023986354 24.000830426507964 -0.04706157029590306
13.46875 2.320714069906857 23.99999999999902 2.3208405998143338 24.00075840262241 -0.043823851741497465
13.53125 2.321220597392942 23.999999999999012 2.3213323814854454 24.000673917621675 -0.04025875432072879
13.59375 2.3216744183736395 23.999999999999012 2.321770630772975 24.000587610925436 -0.036501381084238345
13.65625 2.322108862020876 23.999999999999012 2.3221884230495657 24.000498479315326 -0.03267481533066286
13.71875 2.3225530933348253 23.999999999999005 2.3226152242653435 24.000405908128595 -0.028886638374096246
13.78125 2.323031503132934 23.999999999999 2.3230768213131805 24.00031399994888 -0.02522671991030791
13.84375 2.323563430015768 23.999999999998998 2.3235945164649445 24.00023249783336 -0.021766223390745052
13.90625 2.3241631842593296 23.99999999999899 2.3241843748433135 24.000174803969607 -0.01855769747427637
13.96875 2.3248403238430777 23.99999999999899 2.3248559846316907 24.00014406370821 -0.01563607359493098
14.03125 2.325600117414459 23.99999999999898 2.325612999960666 24.00013146233188 -0.013020359959317548
14.09375 2.326444130603064 23.999999999998984 2.326455576817009 24.000126956653666 -0.01071581282047236
14.15625 2.3273708791848877 23.999999999998977 2.3273813797292826 24.00012249528222 -0.008716373997397405
14.21875 2.328376500188871 23.99999999999897 2.3283860661374045 24.00011474776675 -0.007007185562588836
14.28125 2.3294554005461943 23.99999999999897 2.3294641565011 24.000107584967374 -0.005567024104157814
14.34375 2.3306008523355066 23.999999999998963 2.330609297542713 24.000107201771083 -0.004370533653136037
14.40625 2.331805513350825 23.999999999998956 2.331814213311321 24.000114684426144 -0.0033901743036548818
14.46875 2.3330618608349596 23.99999999999895 2.3330709250398183 24.000122293078576 -0.002597839480069819
14.53125 2.3343625342082692 23.99999999999894 2.334371428501018 24.000119603777772 -0.0019661263086395773
14.59375 2.3357005891336247 23.99999999999894 2.3357088769762226 24.000108728634718 -0.0014692691192730424
14.65625 2.33706967014258 23.999999999998934 2.3370778193105273 24.000106787669676 -0.001083765068175486
14.71875 2.3384641123133223 23.999999999998927 2.33847339862632 24.00012250997172 -0.0007887332867798587
14.78125 2.3398789842707943 23.99999999999892 2.339889481246553 24.0001389881456 -0.0005660554261655719
14.84375 2.3413100852926796 23.999999999998913 2.341320445293424 24.000135030225074 -0.00040034694173355593
14.90625 2.3427539088206877 23.999999999998913 2.34276281882423 24.000112329704915 -0.00027880609774585296
14.96875 2.344207583479472 23.999999999998906 2.3442152576455833 24.000096493494347 -0.0001909826458667602
15.03125 2.345668801067921 23.9999999999989 2.345676847848445 24.00010705627238 -0.00012850154243721726
15.09375 2.347135739148383 23.9999999999989 2.347144841008446 24.00012860260899 -8.47698499292316e-05
15.15625 2.348606984011713 23.99999999999889 2.3486162678090468 24.000131182089387 -5.468784914051539e-05
15.21875 2.350081458081415 23.999999999998884 2.350089446258271 24.000109416718697 -3.437888657929601e-05
15.28125 2.3515583543297804 23.999999999998884 2.351565210268132 24.000097010680356 -2.0946912307718176e-05
15.34375 2.3530370790597646 23.999999999998884 2.3530449937512845 24.00011892624426 -1.2266172538001058e-05
15.40625 2.3545172034687782 23.999999999998877 2.3545264482164487 24.000134975975044 -6.804120370200431e-06
15.46875 2.3559984237389395 23.999999999998874 2.3560064700210406 24.00011157969464 -3.4762149433038535e-06
15.53125 2.3574805289596252 23.999999999998874 2.3574866890268416 24.000083495090355 -1.529753980297915e-06
15.59375 2.3589633759406325 23.999999999998863 2.3589700854797235 24.00009628985312 -4.530603240697041e-07
15.65625 2.3604468698737993 23.999999999998863 2.3604560789330753 24.00013728264306 9.39506915416835e-08
15.71875 2.361930949805913 23.999999999998856 2.361941335301894 24.000150991715223 3.31716640591852e-07
15.78125 2.363415577959672 23.99999999999885 2.3634238373561507 24.00011592168029 3.990616064219827e-07
15.84375 2.3649007320528552 23.999999999998842 2.364906179563296 24.000074436498423 3.8044437996817056e-07
15.90625 2.366386399896217 23.999999999998835 2.3663918497085756 24.000080347497416 3.250483311046408e-07
15.96875 2.3678725756819112 23.99999999999883 2.367881075662408 24.000128590852214 2.598462797269504e-07
16.03125 2.3693592574964404 23.999999999998828 2.369370149712404 24.000158039977922 1.9832055356516146e-07
16.09375 2.370846445699339 23.999999999998828 2.3708556147495097 24.000129301298095 1.461246173463636e-07
16.15625 2.372334141898829 23.99999999999882 2.37234000229426 24.000081310140683 1.046450073705699e-07
16.21875 2.373822348328284 23.999999999998813 2.3738278486802527 24.00008125239328 7.315960195901896e-08
16.28125 2.375311067484139 23.999999999998806 2.3753198634439916 24.00013061210133 5.00844594839887e-08
16.34375 2.376800301928835 23.9999999999988 2.376811606046887 24.00015983498065 3.364810060345147e-08
16.40625 2.3782900541939282 23.9999999999988 2.3782992924483985 24.000125702180345 2.2220023413817202e-08
16.46875 2.3797803267410966 23.999999999998796 2.3797860239408513 24.000076500397004 1.444062428085364e-08
16.53125 2.381271121954389 23.999999999998792 2.3812765865503174 24.000080399791912 9.244758734380355e-09
16.59375 2.3827624421476017 23.99999999999879 2.3827711794321793 24.00013315284779 5.834394601838469e-09
16.65625 2.384254289577522 23.999999999998792 2.3842654254753595 24.000156707418817 3.631974219148933e-09
16.71875 2.3857466664581093 23.99999999999879 2.385755364929129 24.00011054124148 2.2312156971162697e-09
16.78125 2.3872395749732798 23.999999999998785 2.3872453235475364 24.0000737189157 1.3531848884076558e-09
16.84375 2.3887330172873975 23.999999999998785 2.3887404056809833 24.000107462601353 8.10442429110603e-10
16.90625 2.390226995553399 23.999999999998778 2.3902379162176564 24.000160812201713 4.794494381885033e-10
16.96875 2.391721511918825 23.999999999998767 2.391732580745441 24.000153098262636 2.8022250166414554e-10
17.03125 2.393216568530147 23.999999999998764 2.393223280848563 24.00008586370485 1.6183318890323987e-10
17.09375 2.3947121675357907 23.99999999999877 2.394716078206738 24.00004860038607 9.236014962645237e-11
17.15625 2.3962083110881913 23.999999999998764 2.3962138931897266 24.000083947413177 5.2093915604236066e-11
17.21875 2.3977050013451984 23.999999999998764 2.3977124013166344 24.000102760759418 2.9039792611471703e-11
17.28125 2.3992022404709834 23.999999999998767 2.399209158252625 24.000092835980887 1.5999612188650176e-11
17.34375 2.4007000306366457 23.999999999998764 2.4007097894038085 24.00017138481777 8.71217953361179e-12
17.40625 2.4021983740206148 23.999999999998757 2.402213617539733 24.000209178827095 4.688392804143842e-12
17.46875 2.4036972728089134 23.999999999998757 2.403704295417812 24.00006795334005 2.4932458599455e-12
17.53125 2.405196729195337 23.999999999998757 2.4051948183688876 23.999958695006974 1.3100830926616375e-12
17.59375 2.4066967453815753 23.99999999999875 2.4067001032835043 24.0000487457175 6.800747887373828e-13
17.65625 2.408197323577321 23.999999999998742 2.408212287627244 24.00023079239306 3.4869878558211256e-13
17.71875 2.409698466000332 23.999999999998746 2.409716951164253 24.000263286357974 1.765504987103273e-13
17.78125 2.4112001748765044 23.999999999998742 2.4112070428902044 24.000078961386546 8.824162729183831e-14
17.84375 2.4127024524399276 23.999999999998735 2.4126972728847926 23.999902856423184 4.352028380639294e-14
17.90625 2.414205300932947 23.999999999998735 2.414203892863865 23.999980022116716 2.1169426434468405e-14
17.96875 2.415708722606203 23.999999999998725 2.4157236206041253 24.000238755834268 1.0149798143363878e-14
18.03125 2.417212719718698 23.999999999998725 2.4172382166576014 24.000360235748797 4.7928992723670935e-15
18.09375 2.4187172945378403 23.999999999998725 2.41872971959983 24.000168865317008 2.226894517287864e-15
18.15625 2.4202224493394953 23.99999999999872 2.420207530436512 23.999766402234524 1.0167180356264946e-15
18.21875 2.4217281864080444 23.999999999998714 2.4216826108424003 23.999312117502324 4.553629995606369e-16
18.28125 2.423234508036434 23.999999999998703 2.423164592506591 23.998956362540735 1.996000429606432e-16
18.34375 2.4247414165262264 23.999999999998707 2.424658707179763 23.998768690307124 8.534713940380537e-17
18.40625 2.426248914187652 23.999999999998703 2.426164206489174 23.998737746768775 3.5429167569282213e-17
18.46875 2.427757003339667 23.999999999998693 2.427677607097773 23.998822588826002 1.4172635144106045e-17
18.53125 2.4292656863100106 23.99999999999869 2.429194817947975 23.998953444408073 5.395897040893431e-18
18.59375 2.4307749654352513 23.999999999998685 2.4307105038544927 23.99904317466178 1.9104035673239254e-18
18.65625 2.4322848430608426 23.999999999998685 2.432220916149324 23.999054303360264 5.9727403593566045e-19
18.71875 2.4337953215411825 23.999999999998682 2.43372835862697 23.99900535950108 1.4017862304362418e-19
18.78125 2.435306403239669 23.99999999999867 2.4352358662396574 23.998951449827906 1.9289258172990763e-21
18.84375 2.4368180905287575 23.99999999999867 2.436747641873688 23.998953672471373 -2.740528868930065e-20
18.90625 2.4383303857900085 23.99999999999867 2.4382623173919464 23.998996908208028 -2.5051785044004933e-20
18.96875 2.4398432914141504 23.99999999999866 2.4397761282868027 23.999000810927228 -1.683955802877859e-20
19.03125 2.441356809801142 23.99999999999865 2.441285317573129 23.998936902885422 -9.944158298563714e-21
19.09375 2.442870943360222 23.999999999998643 2.4427950658114144 23.998874979134357 -5.44950890910029e-21
19.15625 2.4443856945099727 23.99999999999864 2.4443103410752984 23.998888748896004 -2.839370569031387e-21
19.21875 2.445901065678372 23.999999999998636 2.4458308785608396 23.998971040482985 -1.4247827369012723e-21
19.28125 2.447417059302862 23.99999999999863 2.447351179110374 23.999029133032792 -6.938397225712931e-22
19.34375 2.4489336778304027 23.99999999999863 2.448864995321698 23.998984054993215 -3.2952537647922248e-22
19.40625 2.4504509237175274 23.99999999999862 2.450374851070039 23.99887048825562 -1.5314050791412638e-22
19.46875 2.451968799430417 23.999999999998618 2.4518873678532156 23.998800357913513 -6.980618709954213e-23
19.53125 2.453487307444945 23.999999999998614 2.453409466875123 23.998856485470753 -3.1264914036512736e-23
19.59375 2.455006450246756 23.999999999998614 2.4549372199449135 23.99899296519618 -1.3776866515677294e-23
19.65625 2.4565262303313045 23.999999999998607 2.4564630277195443 23.99907097328355 -5.97877898615881e-24
19.71875 2.458046650203946 23.9999999999986 2.457978457562154 23.99899562709472 -2.557329998052712e-24
19.78125 2.4595677123799744 23.999999999998593 2.459488950883639 23.998830909951003 -1.0788108353212093e-24
19.84375 2.4610894193847006 23.99999999999858 2.4610032062472422 23.998738471804188 -4.490611845317189e-25
19.90625 2.462611773753513 23.999999999998572 2.4625310759534527 23.998822361026654 -1.8451945242224962e-25
19.96875 2.464134778031938 23.999999999998565 2.4640703886358213 23.99905680837009 -7.486792811960278e-26
20.03125 2.465658434775707 23.999999999998558 2.4656163260736834 23.99938585793219 -3.0004004484834847e-26
20.09375 2.467182746550825 23.999999999998565 2.467163848754813 23.999726182833125 -1.1879054274809626e-26
20.15625 2.4687077159336273 23.99999999999855 2.468707128072031 23.99999227647369 -4.64700787456371e-27
20.21875 2.470233345510862 23.999999999998543 2.4702431374000495 24.000143914449488 -1.796412949920961e-27
20.28125 2.4717596378797433 23.99999999999854 2.4717722714457855 24.00018695811911 -6.863046828850996e-28
20.34375 2.4732865956480214 23.999999999998543 2.473296464408082 24.000145516338687 -2.5913628227116674e-28
20.40625 2.47481422143405 23.999999999998536 2.474818298145074 24.000056555523862 -9.670497416647311e-29
20.46875 2.4763425178668648 23.999999999998533 2.476340796530057 23.999972919727572 -3.5667630039506357e-29
20.53125 2.4778714875862375 23.999999999998522 2.4778668417653695 23.99993158693883 -1.3001294525565887e-29
20.59375 2.479401133242756 23.999999999998515 2.479396772777568 23.99993485692938 -4.683320222460584e-30
20.65625 2.4809314574978916 23.9999999999985 2.4809291740653796 23.999967732517543 -1.666974471735266e-30
20.71875 2.4824624630240706 23.9999999999985 2.4824627465646696 24.000005533278106 -5.862031322215626e-31
20.78125 2.483994152504742 23.999999999998487 2.4839959114025487 24.000026026190604 -2.0362389514835817e-31
20.84375 2.4855265286344563 23.999999999998487 2.4855282227060425 24.00002539343707 -6.984994830761698e-32
20.90625 2.4870595941189277 23.99999999999848 2.4870604337522066 24.00001172359972 -2.3655346031470872e-32
20.96875 2.4885933516751155 23.99999999999847 2.4885931978444047 23.999997247244657 -7.905978888239404e-33
21.03125 2.4901278040312986 23.999999999998465 2.4901272000411097 23.999991046392253 -2.6064103442825064e-33
21.09375 2.491662953927144 23.999999999998458 2.4916624735455395 23.999992957449486 -8.471067439974588e-34
21.15625 2.493198804113785 23.99999999999845 2.49319865854921 23.999998031752398 -2.712213722730896e-34
21.21875 2.4947353573538935 23.999999999998444 2.4947354637228565 24.00000158820603 -8.54664587042569e-35
21.28125 2.4962726164217646 23.999999999998437 2.49627276570835 24.000002177420555 -2.64747034316652e-35
21.34375 2.497810584103383 23.999999999998437 2.49781065965683 24.000001092593315 -8.049000674182709e-36
21.40625 2.499349263196504 23.99999999999843 2.4993492611095793 23.99999996627951 -2.3966218722471593e-36
21.46875 2.500888656510736 23.999999999998426 2.5008886246056585 23.999999535665438 -6.968045095399668e-37
21.53125 2.5024287668676113 23.999999999998426 2.502428743806848 23.99999966463395 -1.9697195541396117e-37
21.59375 2.503969597100671 23.999999999998423 2.503969592616392 23.999999934900025 -5.378068716624702e-38
21.65625 2.5055111500555425 23.999999999998423 2.5055111558059444 24.00000008363603 -1.403178566439546e-38
21.71875 2.507053428590023 23.999999999998405 2.5070534344450994 24.00000008509727 -3.4311887634935694e-39
21.78125 2.508596435574158 23.99999999999841 2.5085964374901266 24.00000002782567 -7.548951878250107e-40
21.84375 2.510140173890324 23.9999999999984 2.510140172984878 23.999999986838457 -1.333693151761316e-40
21.90625 2.5116846464333076 23.999999999998394 2.511684645087504 23.999999980454376 -9.4571499118777e-42
21.96875 2.5132298561103976 23.99999999999838 2.5132298555439165 23.99999999177678 6.897034062129024e-42
22.03125 2.514775805841457 23.999999999998387 2.514775805968018 24.00000000183677 5.085290221773357e-42
22.09375 2.516322498559025 23.99999999999838 2.5163224988521793 24.0000000042518 2.4351720591234945e-42
22.15625 2.517869937208368 23.99999999999837 2.5178699373510978 24.00000000206796 9.974387744360698e-43
22.21875 2.5194181247476344 23.999999999998362 2.5194181247312675 23.999999999760437 3.7532028244107754e-43
22.28125 2.520967064147821 23.999999999998362 2.520967064085651 23.99999999909685 1.3361689566318357e-43
22.34375 2.5225167583930643 23.99999999999835 2.5225167583604415 23.99999999952542 4.568647830048834e-44
22.40625 2.524067210480376 23.999999999998348 2.524067210482736 24.000000000032337 1.5134271734381545e-44
22.46875 2.525618423420349 23.999999999998355 2.5256184234334143 24.00000000018735 4.88392660333133e-45
22.53125 2.5271704002361677 23.99999999999834 2.527170400243132 24.000000000098954 1.541032557512438e-45
22.59375 2.528723143965574 23.99999999999834 2.528723143965083 23.999999999991076 4.766666883297355e-46
22.65625 2.53027665765773 23.99999999999834 2.5302766576550155 23.99999999995896 1.4480961508257759e-46
22.71875 2.5318309443788563 23.99999999999834 2.5318309443774707 23.99999999997825 4.3268626815565847e-47
22.78125 2.5333860072027803 23.999999999998337 2.5333860072029313 24.00000000000051 1.2729509522619648e-47
22.84375 2.534941849227473 23.999999999998337 2.5349418492280313 24.00000000000641 3.6904479413849395e-48
22.90625 2.5364984735468203 23.999999999998344 2.5364984735470744 24.00000000000202 1.0550291032482932e-48
22.96875 2.5380558832994953 23.99999999999833 2.538055883299447 23.99999999999758 2.9757630384972538e-49
23.03125 2.539614081585033 23.999999999998327 2.5396140815849275 23.99999999999667 8.284492655247021e-50
23.09375 2.541173071608692 23.999999999998316 2.541173071608661 23.99999999999772 2.277278377096913e-50
23.15625 2.542732856432144 23.999999999998316 2.542732856432176 23.999999999998614 6.182563431609285e-51
23.21875 2.5442934394032255 23.99999999999832 2.544293439403265 23.999999999998757 1.6581299923453183e-51
23.28125 2.545854823415876 23.99999999999831 2.5458548234159 23.999999999998522 4.393804720150234e-52
23.34375 2.5474170121853277 23.9999999999983 2.5474170121853374 23.99999999999833 1.1505138179815468e-52
23.40625 2.5489800080515996 23.9999999999983 2.5489800080516067 23.999999999998295 2.977231559962374e-53
23.46875 2.5505438157637172 23.999999999998288 2.550543815763728 23.999999999998334 7.614287154550369e-54
23.53125 2.5521084359608417 23.999999999998288 2.552108435960848 23.999999999998323 1.9246606613016414e-54
23.59375 2.5536738764027795 23.99999999999828 2.553673876402781 23.9999999999983 4.808243216412138e-55
23.65625 2.5552401326231395 23.99999999999828 2.5552401326231418 23.999999999998288 1.1871666588356863e-55
23.71875 2.55680722125907 23.999999999998273 2.556807221259074 23.99999999999829 2.896688398352563e-56
23.78125 2.558375122633276 23.999999999998266 2.558375122633281 23.9999999999983 6.98415315449243e-57
23.84375 2.5599438796705627 23.999999999998256 2.5599438796705707 23.99999999999831 1.6637515850317588e-57
23.90625 2.561513427490934 23.999999999998252 2.561513427490942 23.9999999999983 3.9151515696813544e-58
23.96875 2.5630838869783217 23.999999999998252 2.5630838869783323 23.9999999999983 9.099039886941364e-59
24.03125 2.564655059039506 23.999999999998252 2.564655059039519 23.99999999999831 2.0878823025968615e-59
24.09375 2.566227295878729 23.999999999998245 2.5662272958787424 23.99999999999831 4.7285315304742537e-60
24.15625 2.5678000000350516 23.999999999998245 2.567800000035062 23.999999999998288 1.0564902049433007e-60
24.21875 2.5693742102547024 23.999999999998245 2.5693742102547104 23.99999999999828 2.3274779481577778e-61
24.28125 2.570948146900065 23.999999999998238 2.57094814690007 23.999999999998252 5.052285490132954e-62
24.34375 2.572524886853923 23.99999999999823 2.572524886853931 23.999999999998252 1.0796763064909657e-62
24.40625 2.574099143611063 23.999999999998224 2.574099143611072 23.999999999998245 2.2689000963112057e-63
24.46875 2.5756800482283158 23.999999999998217 2.575680048228322 23.99999999999823 4.681823820360618e-64
24.53125 2.5772519222295465 23.99999999999821 2.5772519222295527 23.999999999998217 9.467542854033363e-65
24.59375 2.5788419080167344 23.99999999999821 2.578841908016736 23.9999999999982 1.8711212490761638e-65
24.65625 2.580403634513872 23.999999999998202 2.5804036345138757 23.999999999998202 3.6001438242163e-66
24.71875 2.5820180022196304 23.9999999999982 2.582018002219632 23.999999999998188 6.704319663991951e-67
24.78125 2.583548966248575 23.999999999998195 2.583548966248579 23.99999999999819 1.1971437942926539e-67
24.84375 2.585238068396796 23.9999999999982 2.5852380683967997 23.999999999998195 2.0164329257222074e-68
24.90625 2.586700812123583 23.999999999998195 2.586700812123587 23.99999999999819 3.10028924768748e-69
24.96875 2.588703451788632 23.999999999998195 2.588703451788636 23.999999999998195 4.003793457677204e-70
