0.125 3.0032576138136085 23.99999999999999 3.004558782278085 24.00001098872286 -8.023378137447364e-69
0.375 3.008490360725644 23.99999999999997 3.011911517529337 23.99996532468966 -8.237583357394523e-66
0.625 3.014085523576755 23.999999999999986 3.0198098546080123 24.000001897346554 -4.960217038783217e-63
0.875 3.01973030018267 23.999999999999986 3.0278314642791146 24.0000324586739 -2.2389513277987053e-60
1.125 3.025377392501455 23.999999999999968 3.0358473842304705 23.999798464518797 -8.083295968589929e-58
1.375 3.031025229750198 23.99999999999998 3.0438497117678356 23.99960261252414 -2.3927033740792414e-55
1.625 3.036675213764127 23.999999999999915 3.051653572386404 23.99875135588674 -5.861267598663116e-53
1.875 3.0423278257492283 24.00000000000006 3.0586593294340165 23.995779775334483 -1.1883943908134718e-50
2.125 3.0479831947347056 23.999999999999886 3.064339813717799 23.98968101381715 -1.976589158084722e-48
2.375 3.05364139286434 23.99999999999984 3.0693580941541505 23.98203186316177 -2.632942317395744e-46
2.625 3.059302491107002 24.000000000000476 3.074384991361862 23.974331993997907 -2.638888646042497e-44
2.875 3.0649665626722706 23.999999999998728 3.0795605865970925 23.966872255451296 -1.5796414191572262e-42
3.125 3.070633681834049 24.000000000001712 3.08478621186398 23.959459181663732 4.567817789604015e-41
3.375 3.076303923465591 23.999999999998952 3.0900016425982524 23.95201637246492 2.7652750956800404e-38
3.625 3.0819773630386953 23.999999999996493 3.095211786867546 23.944574985194954 4.404258009248603e-36
3.875 3.087654076539576 24.0000000000137 3.100424326750686 23.93711330868397 4.802503147034089e-34
4.125 3.0933341406427113 23.999999999971735 3.105633694815938 23.92956505813313 4.0714940949284585e-32
4.375 3.0990176324590495 24.000000000034248 3.110836031847844 23.92190719217527 2.798298194819873e-30
4.625 3.1047046300104877 23.999999999999744 3.116034967296997 23.91418123899821 1.5853487713817023e-28
4.875 3.1103952114138593 23.999999999876646 3.121235932346366 23.906442477774018 7.44089836681967e-27
5.125 3.116089456429241 24.000000000366576 3.1264406565458294 23.89870730338583 2.8831502816409013e-25
5.375 3.1217874436433517 23.999999999356806 3.131646171079977 23.89094430654752 9.092577194644609e-24
5.625 3.1274892555610503 24.000000000584073 3.1368480899743525 23.88310742232566 2.252142269674823e-22
5.875 3.1331949699351127 24.000000000586482 3.142045093245399 23.875178676006733 3.954656992153136e-21
6.125 3.1389046738921795 23.999999996170505 3.147240035432822 23.867183277650696 2.789761923259548e-20
6.375 3.144618441860735 24.000000009160644 3.1524365353375163 23.859161898819732 -1.0909101867037715e-18
6.625 3.1503363702992186 23.99999998688007 3.157635351669801 23.85112711147245 -5.5213930824722155e-17
6.875 3.156058519454953 24.000000005354238 3.162834170444782 23.843053992265467 -1.5081395283077498e-15
7.125 3.161785021853439 24.00000003206432 3.168031963215315 23.834927128640174 -3.0406459207729985e-14
7.375 3.1675158650846242 23.999999886967686 3.1732314160468156 23.82677908000913 -4.87731075149774e-13
7.625 3.1732513259879096 24.00000020903964 3.1784353795017823 23.818642991979477 -6.400550420574792e-12
7.875 3.1789911610304267 23.999999811987564 3.18363798730397 23.810440131618087 -6.946621751012237e-11
8.125 3.184735959336101 23.999999816464765 3.188824208456463 23.801979630694614 -6.243021272063907e-10
8.375 3.190485118588623 24.00000099164555 3.193988241856089 23.793170348445503 -4.611047172371882e-09
8.625 3.1962397717254456 23.999998235268848 3.199150019503954 23.784299075042977 -2.7399979986059073e-08
8.875 3.2019980684850173 24.0000016893228 3.204368034245376 23.77607930107532 -1.240590773561188e-07
9.125 3.207764121403745 23.999999465290003 3.2097009417186255 23.769357238484968 -3.552572240524588e-07
9.375 3.2135299128871937 23.999998422084108 3.215200156404563 23.764660308564874 1.2942058380315937e-07
9.625 3.219307893998529 24.00000518096011 3.220829732134201 23.761903744397507 9.209599773068e-06
9.875 3.2250644456049633 23.999989343198934 3.2265177910886753 23.760481757386515 6.829060285179713e-05
10.125 3.2308032137159173 24.000016564049755 3.2319362288141282 23.759630231431956 0.00033476072351890226
10.375 3.236352022421241 23.99998173237189 3.236530131874689 23.758770929004108 0.0012639670514472895
10.625 3.2415889134940885 24.000021335593416 3.2384549964778016 23.75776677757046 0.003855097550723615
10.875 3.2459197069134342 24.000002620919318 3.2359104138032153 23.756844289635065 0.009678706501005496
11.125 3.2493876487875686 23.99996634283059 3.227457661203422 23.756346312818074 0.02012788497491368
11.375 3.251598629786113 24.000096343500505 3.2133774214880164 23.75673140724197 0.03458962805843038
11.625 3.2541043010149218 23.999986899643183 3.202098364482553 23.758521961977902 0.0485132950314933
11.875 3.258640290358977 24.000513989973033 3.2050471246064793 23.76340663979081 0.053807929155783495
12.125 2.2670525455579202 23.998024575149568 3.235040393877173 23.780373901589527 0.0432510018706274
12.375 2.2794381735988436 24.001834479277136 3.2983073480598333 23.806068234848773 0.01668234441309194
12.625 2.294526015227527 23.99988372055828 3.36667207471178 23.808141612170825 -0.01668234441309194
12.875 2.3067285947163385 23.997901738352198 3.382183376710132 23.754696025079372 -0.0432510018706274
13.125 2.316489519054242 24.007586703794203 3.2897219758176073 23.585471401305103 -0.053807929155783495
13.375 2.320055896186105 23.989423602736952 3.1453146181603833 23.350080337932404 -0.0485132950314933
13.625 2.3214795404125104 23.996580560445437 3.001678773430359 23.07174927513745 -0.03458962805843038
13.875 2.324203971416777 24.005167362807853 2.8686944486074664 22.762804052764093 -0.02012788497491368
14.125 2.327314879059008 24.006340970456108 2.747648733226656 22.42848140934332 -0.009678706501005496
14.375 2.331242139056733 23.999735448948023 2.6358013018214557 22.070677791111102 -0.003855097550723615
14.625 2.3360117976133012 23.993899272007422 2.5304858238531596 21.691942841466496 -0.0012639670514472895
14.875 2.3418002127798334 23.995939491674697 2.4307826635648393 21.297786038804293 -0.00033476072351890226
15.125 2.3480600354081083 24.002844234992445 2.337111834394716 20.895934887993903 -6.829060285179713e-05
15.375 2.3541744460775496 24.005862791096014 2.251038038599338 20.49971964873227 -9.209599773068e-06
15.625 2.359809910073555 24.001253881700407 2.1762450569053824 20.13065545662693 -1.2942058380315937e-07
15.875 2.365346423771951 23.994907292050133 2.1207258034224594 19.83639133983911 3.552572240524588e-07
16.125 2.3712548421079895 23.994824042409473 2.0925280918448816 19.667419887402495 1.240590773561188e-07
16.375 2.377585095110553 24.001185062438704 2.0842301905480367 19.59185257524217 2.7399979986059073e-08
16.625 2.383871173156295 24.005740344979092 2.0843052315958794 19.557348218398943 4.611047172371882e-09
16.875 2.38968249496742 24.002570023910522 2.0878215492825225 19.539680701024142 6.243021272063907e-10
17.125 2.3952664318598282 23.995899167874335 2.092416380054912 19.527283700039803 6.946621751012237e-11
17.375 2.401106181878849 23.994394632584182 2.0967985536854665 19.513603634084138 6.400550420574792e-12
17.625 2.4074277402798514 24.000176015030807 2.100392070159846 19.49597426096636 4.87731075149774e-13
17.875 2.413789234666842 24.00547396946571 2.103706018608531 19.47694397448207 3.0406459207729985e-14
18.125 2.419704239265444 24.00336382988258 2.107426397723284 19.460195585873326 1.5081395283077498e-15
18.375 2.425340757616705 23.99688814339787 2.1117261886678285 19.446360767073532 5.5213930824722155e-17
18.625 2.4311922968717328 23.99467607485483 2.1160916356001485 19.431056870911714 1.0909101867037715e-18
18.875 2.4375358935233025 23.99977653958729 2.1200276354679413 19.410647118464393 -2.789761923259548e-20
19.125 2.4439579097941593 24.00515729279618 2.1238244188953703 19.390414926158492 -3.954656992153136e-21
19.375 2.449964745110201 24.00377015555167 2.1282292115474366 19.38070410900116 -2.252142269674823e-22
19.625 2.455674004479884 23.99780508718203 2.1329266596509684 19.37275821416649 -9.092577194644609e-24
19.875 2.4615534047130274 23.995341479663487 2.136367864357825 19.34464718664401 -2.8831502816409013e-25
20.125 2.4678959958863307 23.999739607675938 2.137778089205094 19.29355055414953 -7.44089836681967e-27
20.375 2.4743434176351435 24.004692658684995 2.1393333488419826 19.24211263598324 -1.5853487713817023e-28
20.625 2.480414026644728 24.003415739343176 2.142602120150218 19.21582911427043 -2.798298194819873e-30
20.875 2.486194753375143 23.997818988080823 2.1494626225604914 19.237142728215495 -4.0714940949284585e-32
21.125 2.492134940026456 23.995406196564787 2.1625582445829865 19.33871572804525 -4.802503147034089e-34
21.375 2.4985112549598387 23.999386498489617 2.18655654125624 19.59100243969585 -4.404258009248603e-36
21.625 2.504985122042603 24.003882322553473 2.228451494152943 20.089094078310165 -2.7652750956800404e-38
21.875 2.511097643246105 24.002481750454542 2.2875264085259444 20.824990328347685 -4.567817789604015e-41
22.125 2.5169429255991402 23.997232971173112 2.354822354530142 21.68237021175792 1.5796414191572262e-42
22.375 2.522983217980178 23.99546982556373 2.420329806554374 22.52069238441578 2.638888646042497e-44
22.625 2.5294412427318798 23.999706128924736 2.474886032629505 23.21429704917309 2.632942317395744e-46
22.875 2.5359785160340484 24.003940304696865 2.5106196999260115 23.634728413709283 1.976589158084722e-48
23.125 2.5421140331765804 24.002406162030837 2.530360877678998 23.833929382701122 1.1883943908134718e-50
23.375 2.5480834452689773 23.997469443336172 2.542961120587289 23.921635004342583 5.861267598663116e-53
23.625 2.5541254844425056 23.99587376880858 2.552303932688651 23.970084965277355 2.3927033740792414e-55
23.875 2.5607413087323514 23.999672849550873 2.5604144415777093 23.993918172716526 8.083295968589929e-58
24.125 2.5671350216543836 24.003555815327005 2.5672708062520844 24.005295897128267 2.2389513277987053e-60
24.375 2.573770005272941 24.002192138193546 2.574042958139673 24.006542980841342 4.960217038783217e-63
24.625 2.5793383882869767 23.998523469587752 2.5795254434081256 24.001976465865773 8.237583357394523e-66
24.875 2.5872943736271896 23.997937615871983 2.5873040570253876 23.997395613695026 8.023378137447364e-69
