0.125 2.0035864254720153 24.0 2.0035864254720153 24.000000000000004 -8.023378137447364e-69
0.375 2.008612792854023 23.999999999999993 2.008612792854023 23.999999999999993 -8.237583357394523e-66
0.625 2.0141189890414957 23.999999999999986 2.0141189890414957 23.999999999999986 -4.960217038783217e-63
0.875 2.0197357329942784 23.99999999999997 2.0197357329942784 23.99999999999997 -2.2389513277987053e-60
1.125 2.0253757862509527 23.99999999999996 2.0253757862509527 23.99999999999996 -8.083295968589929e-58
1.375 2.0310222414462835 23.999999999999947 2.0310222414462835 23.99999999999995 -2.3927033740792414e-55
1.625 2.036672016988489 23.99999999999993 2.03667201698849 23.999999999999936 -5.861267598663116e-53
1.875 2.0423246043409025 23.999999999999915 2.0423246043409047 23.99999999999993 -1.1883943908134718e-50
2.125 2.047979969119595 23.999999999999908 2.047979969119596 23.999999999999915 -1.976589158084722e-48
2.375 2.053638164485964 23.999999999999908 2.0536381644859656 23.999999999999922 -2.632942317395744e-46
2.625 2.0592992601061866 23.999999999999893 2.0592992601061884 23.999999999999915 -2.638888646042497e-44
2.875 2.0649633291103813 23.999999999999893 2.0649633291103786 23.999999999999886 -1.5796414191572262e-42
3.125 2.0706304457070406 23.999999999999886 2.0706304457070406 23.999999999999897 4.567817789604015e-41
3.375 2.076300684755049 23.99999999999988 2.0763006847550516 23.999999999999908 2.7652750956800404e-38
3.625 2.08197412169549 23.999999999999872 2.0819741216954712 23.99999999999976 4.404258009248603e-36
3.875 2.0876508325497483 23.999999999999865 2.087650832549774 24.000000000000053 4.802503147034089e-34
4.125 2.0933308939299886 23.99999999999985 2.0933308939299966 23.999999999999936 4.0714940949284585e-32
4.375 2.0990143830521055 23.99999999999983 2.0990143830519985 23.999999999999066 2.798298194819873e-30
4.625 2.1047013777493726 24.000000000000036 2.104701377749577 24.000000000001407 1.5853487713817023e-28
4.875 2.1103919564862466 23.999999999999346 2.1103919564862577 23.99999999999968 7.44089836681967e-27
5.125 2.116086198372998 23.99999999999966 2.116086198372383 23.99999999999521 2.8831502816409013e-25
5.375 2.121784183179911 24.000000000005308 2.1217841831807682 24.00000000000995 9.092577194644609e-24
5.625 2.127485991350195 23.999999999980485 2.1274859913508823 23.999999999992202 2.252142269674823e-22
5.875 2.1331917040232558 24.00000000001838 2.13319170402064 23.99999999998341 3.954656992153136e-21
6.125 2.138901403043945 24.00000000012549 2.1389014030431444 24.000000000125983 2.789761923259548e-20
6.375 2.144615170902724 23.99999999932709 2.144615170918292 23.99999999955484 -1.0909101867037715e-18
6.625 2.150333091146623 24.000000001300492 2.150333091082602 24.00000000036693 -5.5213930824722155e-17
6.875 2.1560552475445127 24.000000001916835 2.156055247757732 24.00000000418759 -1.5081395283077498e-15
7.125 2.161781723583995 23.999999979174802 2.161781723277309 23.99999997828864 -3.0406459207729985e-14
7.375 2.1675126124620445 24.000000059628817 2.1675126115799563 24.00000004104867 -4.87731075149774e-13
7.625 2.1733479876696813 23.999999992962334 2.1732479923521133 24.000000067662803 -6.400550420574792e-12
7.875 2.179087904032205 23.99999943071966 2.178987901977023 23.999999358258044 -6.946621751012237e-11
8.125 2.184832645719566 24.00000179579814 2.184732612368 24.00000136274638 -6.243021272063907e-10
8.375 2.190582141028902 23.999999412618553 2.1904822046256998 24.000001270149188 -4.611047172371882e-09
8.625 2.1963355528152726 23.99999222426841 2.1962358089444955 23.999990180805995 -2.7399979986059073e-08
8.875 2.202095368891627 24.000018562452837 2.2019948561092084 24.00001615098547 -1.240590773561188e-07
9.125 2.2078619680429985 23.999977562776003 2.2077630991996706 23.999993355341918 -3.552572240524588e-07
9.375 2.2136222808533335 24.00001070969058 2.213523056021356 23.999988825663515 1.2942058380315937e-07
9.625 2.2193167432894785 24.000052641613486 2.219316204470601 24.00011287800669 9.209599773068e-06
9.875 2.225050497118054 23.99975905659942 2.2250678470675016 23.999735612887847 6.829060285179713e-05
10.125 2.230808998264832 24.00054933381615 2.2307934685669775 24.000506231354837 0.00033476072351890226
10.375 2.2364442307370402 23.99915607526645 2.2364844887056936 23.999644752034378 0.0012639670514472895
10.625 2.241527999726328 24.00025327983648 2.2415368404855376 23.999658704511333 0.003855097550723615
10.875 2.2462245350891132 24.001497826014056 2.2461935400305038 24.002116424068696 0.009678706501005496
11.125 2.249405834083113 23.99806082568118 2.2495405982093954 23.99885308033562 0.02012788497491368
11.375 2.251394002970706 23.998938585018774 2.2514296412525883 23.998828209229266 0.03458962805843038
11.625 2.254236957794536 24.000396093950222 2.254250696434274 24.000137940592094 0.0485132950314933
11.875 2.2592314618099767 24.001097939612606 2.259286035366492 24.00118653670235 0.053807929155783495
12.125 2.2677922634381296 24.001165671674208 2.2678468516679264 24.001575737194635 0.0432510018706274
12.375 2.28006883068291 24.00045586232511 2.2800257907749786 24.000996710629252 0.01668234441309194
12.625 2.2939776595326387 23.99463605269336 2.29471166313981 24.006294716764433 -0.01668234441309194
12.875 2.3074000332605378 24.010236344238272 2.3077293298090114 23.9859160097984 -0.0432510018706274
13.125 2.317194001437418 23.99763433206084 2.3145433138134406 23.993869160352535 -0.053807929155783495
13.375 2.3190487176369423 23.985220995233604 2.3213385198421723 24.016581199431954 -0.0485132950314933
13.625 2.3216267007245817 23.9982513785804 2.3230799919163188 24.01039204168757 -0.03458962805843038
13.875 2.324492056831642 24.00676960992798 2.3237123649203193 23.993214927124427 -0.02012788497491368
14.125 2.327585855704416 24.008650176229963 2.3266318886557467 23.989568482920937 -0.009678706501005496
14.375 2.3317379918276737 24.00430680167426 2.3309323686240244 23.993618380068952 -0.003855097550723615
14.625 2.336220260150378 23.993218298064168 2.336529236472709 24.001265443796484 -0.0012639670514472895
14.875 2.341561432958697 23.991218218552795 2.3424969693075735 24.00726615662989 -0.00033476072351890226
15.125 2.347660496923675 23.997948556334812 2.348432312276361 24.00779269472241 -6.829060285179713e-05
15.375 2.354064544615924 24.004513236348096 2.353832252412225 23.99782248871569 -9.209599773068e-06
15.625 2.3600999117240598 24.0061980366723 2.3592423593547913 23.99212382055121 -1.2942058380315937e-07
15.875 2.3657678936210846 23.999598836578432 2.365254922344662 23.996484230585253 3.552572240524588e-07
16.125 2.3712379519626774 23.99393489886935 2.371718394599898 24.002627601857448 1.240590773561188e-07
16.375 2.3772134498622437 23.996712848097147 2.377818546560387 24.0053337165725 2.7399979986059073e-08
16.625 2.3835882039845435 24.00184689773646 2.3837270888871807 24.001771514412805 4.611047172371882e-09
16.875 2.389699480247995 24.00428600180508 2.389210619332794 23.99552807182684 6.243021272063907e-10
17.125 2.395650612202446 24.001573194741994 2.3951311167901688 23.996315238637003 6.946621751012237e-11
17.375 2.4012254985085644 23.99635037954278 2.401433445579655 24.000904095890125 6.400550420574792e-12
17.625 2.4071506205396314 23.996627871217605 2.407678720436565 24.004291601068545 4.87731075149774e-13
17.875 2.413389683996778 24.000305230895485 2.413734170776867 24.003915273613963 3.0406459207729985e-14
18.125 2.419589947739154 24.002884285118924 2.4194403712367123 23.99883773607677 1.5081395283077498e-15
18.375 2.425631982598924 24.001949774248274 2.4252415568632175 23.99605794463668 5.5213930824722155e-17
18.625 2.431392294095194 23.997920608871922 2.431292383607027 23.997699313356453 1.0909101867037715e-18
18.875 2.437325534611968 23.996955937403744 2.437554552151228 24.000448693140168 -2.789761923259548e-20
19.125 2.4434831626759816 23.99943955779131 2.443660200343976 24.00077665205547 -3.954656992153136e-21
19.375 2.449750333208902 24.0019164839618 2.4495667950409556 23.997726684847517 -2.252142269674823e-22
19.625 2.4558599689524474 24.001857936951872 2.455485593404592 23.995964422143643 -9.092577194644609e-24
19.875 2.461778319124092 23.99900793362223 2.4616019746383 23.997923231438858 -2.8831502816409013e-25
20.125 2.4677550317931543 23.99755961481941 2.4679563907563207 24.000915570194366 -7.44089836681967e-27
20.375 2.473885506139922 23.999061889241332 2.4741453953766417 24.00232907011404 -1.5853487713817023e-28
20.625 2.480186774441127 24.001232043876165 2.4802546933247807 24.001205843968574 -2.798298194819873e-30
20.875 2.48635548661502 24.00163734509991 2.486196189771656 23.99887034885765 -4.0714940949284585e-32
21.125 2.4924045196027027 23.999711153600536 2.49228987939812 23.99872753899614 -4.802503147034089e-34
21.375 2.4984274321188105 23.998171484133696 2.498535223520829 24.000439652704895 -4.404258009248603e-36
21.625 2.504588773026725 23.998963794413385 2.5047827140890755 24.001600062582018 -2.7652750956800404e-38
21.875 2.5109017507619438 24.000726015241646 2.510951379221426 24.000756464263933 -4.567817789604015e-41
22.125 2.517130847924425 24.00130508775446 2.5169797248705286 23.998806256555962 1.5796414191572262e-42
22.375 2.523286251489729 24.00005654841094 2.5231321501198805 23.998487236571695 2.638888646042497e-44
22.625 2.5293816194121215 23.99869100251268 2.5294058506972457 23.999836199973977 2.632942317395744e-46
22.875 2.535593873512145 23.999046055279237 2.5357249178106924 24.00104197756108 1.976589158084722e-48
23.125 2.5419275658585594 24.000415059130397 2.5419698746789843 24.00083194041843 1.1883943908134718e-50
23.375 2.548221178244627 24.001025892919756 2.548127855628295 23.999469693280812 5.861267598663116e-53
23.625 2.5544566240235556 24.000214657152796 2.5543329711062035 23.99890381025296 2.3927033740792414e-55
23.875 2.560651561626756 23.999056038130043 2.5606445456516647 23.999671046342435 8.083295968589929e-58
24.125 2.566870155296493 23.99922150605315 2.5669583317365037 24.00061085312002 2.2389513277987053e-60
24.375 2.5733977333426385 24.000314751975402 2.57342162457238 24.000546350696165 4.960217038783217e-63
24.625 2.5793724688972572 24.00058119512155 2.5793178144174944 23.999914638360988 8.237583357394523e-66
24.875 2.5890846851006524 24.000220841509055 2.589030740496061 23.999526842195248 8.023378137447364e-69
