0.125 4.846286690872759 23.98844481118805 4.8455079486759205 23.98500031573383 -8.023378137447364e-69
0.375 4.841780934110226 23.988444812576844 4.841646601955961 23.98500097921872 -8.237583357394523e-66
0.625 4.838056680587096 23.988444813715304 4.8377615188203045 23.985001783184487 -4.960217038783217e-63
0.875 4.834151543470722 23.988444814758747 4.833856475251334 23.985002980243245 -2.2389513277987053e-60
1.125 4.830225449003917 23.988444815686364 4.829930539661921 23.98500427449862 -8.083295968589929e-58
1.375 4.826278228090197 23.988444816546846 4.825983594544997 23.98500532984983 -2.3927033740792414e-55
1.625 4.822309567245066 23.988444817356175 4.822015127238575 23.985006556123984 -5.861267598663116e-53
1.875 4.818319158355582 23.988444818140174 4.818024931864646 23.98500776102957 -1.1883943908134718e-50
2.125 4.814306685986432 23.988444818917117 4.814012699945562 23.985008935851305 -1.976589158084722e-48
2.375 4.810271827114165 23.988444819704902 4.809978046715214 23.985010200672242 -2.632942317395744e-46
2.625 4.806214250872728 23.98844482051816 4.805920710473666 23.985011427229868 -2.638888646042497e-44
2.875 4.802133618284694 23.988444821369296 4.801840305444719 23.985012705597626 -1.5796414191572262e-42
3.125 4.798029581981485 23.98844482226785 4.797736511780207 23.985013985940753 4.567817789604015e-41
3.375 4.793901785910745 23.988444823220455 4.793608963586243 23.985015288823476 2.7652750956800404e-38
3.625 4.789749865030633 23.988444824230466 4.789457294688484 23.985016617684632 4.404258009248603e-36
3.875 4.785573444990095 23.98844482529774 4.785281097556477 23.985018030930597 4.802503147034089e-34
4.125 4.781372141794313 23.988444826418473 4.781079912412316 23.985019659875068 4.0714940949284585e-32
4.375 4.7771455614545 23.98844482758522 4.776853289097602 23.98502158882308 2.798298194819873e-30
4.625 4.772893299621034 23.98844482878716 4.772601065807905 23.98502335351417 1.5853487713817023e-28
4.875 4.7686149411990115 23.98844483001055 4.768323670011143 23.98502345370752 7.44089836681967e-27
5.125 4.7643100599451405 23.988444831239583 4.764022036340817 23.98501939611451 2.8831502816409013e-25
5.375 4.7599782180449095 23.98844483245736 4.759698696157471 23.9850058597307 9.092577194644609e-24
5.625 4.755618965668869 23.988444833647165 4.755358577154147 23.984973468820012 2.252142269674823e-22
5.875 4.75123184050681 23.988444834793743 4.750995808922314 23.984931635574366 3.954656992153136e-21
6.125 4.746816367278546 23.988444835884724 4.7465975359480845 23.98490393446589 2.789761923259548e-20
6.375 4.742372057219935 23.988444836911775 4.742162704261345 23.984889611491123 -1.0909101867037715e-18
6.625 4.73789840754263 23.988444837871583 4.737692891195746 23.98488411054003 -5.5213930824722155e-17
6.875 4.7333949008659495 23.98844483876644 4.733189587674623 23.984885137226772 -1.5081395283077498e-15
7.125 4.72886100461913 23.988444839604423 4.728653141231461 23.984890532029212 -3.0406459207729985e-14
7.375 4.72429617041125 23.988444840399023 4.724081541609038 23.984902555100245 -4.87731075149774e-13
7.625 4.71979983335871 23.98844484116842 4.719469968325901 23.984928141233624 -6.400550420574792e-12
7.875 4.71517141129068 23.988444841934204 4.714816510953992 23.984969134092236 -6.946621751012237e-11
8.125 4.7105103032423905 23.988444842719865 4.710135895443816 23.98499904167438 -6.243021272063907e-10
8.375 4.705815883795366 23.988444843549086 4.705429467840062 23.98501354917807 -4.611047172371882e-09
8.625 4.701087479301256 23.988444844443944 4.700696692069732 23.985009126607856 -2.7399979986059073e-08
8.875 4.696324303385801 23.988444845423253 4.695932389310668 23.98499301729357 -1.240590773561188e-07
9.125 4.691525532823136 23.98844484650117 4.691133022526518 23.984979217981845 -3.552572240524588e-07
9.375 4.686692439456831 23.98844484768616 4.686299829098781 23.98497656787493 1.2942058380315937e-07
9.625 4.681742738817512 23.98844484898041 4.681450351914492 23.98497932460986 9.209599773068e-06
9.875 4.676973175467786 23.98844485037973 4.676681630247386 23.98498694808756 6.829060285179713e-05
10.125 4.672655673305411 23.988444851873812 4.6723660600918695 23.985006146092957 0.00033476072351890226
10.375 4.669872616469386 23.98844485344676 4.66958683063684 23.98504586794904 0.0012639670514472895
10.625 4.671000516573757 23.988444855077432 4.670721667368161 23.98512041617827 0.003855097550723615
10.875 4.679725611036471 23.98844485673989 4.679458279970691 23.98525002338101 0.009678706501005496
11.125 4.699119650033335 23.9884448584054 4.698870413772757 23.985462687512708 0.02012788497491368
11.375 4.727337377343716 23.988444860048098 4.727115523743487 23.985793077731618 0.03458962805843038
11.625 4.753843931651315 23.988444861653107 4.753661775908651 23.986274529878308 0.0485132950314933
11.875 4.7611249109712315 23.988444863220913 4.760994061390938 23.986892119509005 0.053807929155783495
12.125 4.733357995118631 23.98844486476461 4.733274762932028 23.987460073510107 0.0432510018706274
12.375 4.667578360077524 23.988444866304135 4.667527981748375 23.987849414642383 0.01668234441309194
12.625 4.580146469568882 23.988444867861052 4.58011701911106 23.988096676468512 -0.01668234441309194
12.875 4.502852546336529 23.988444869452046 4.502835837897359 23.988247517206524 -0.0432510018706274
13.125 4.465748241730839 23.988444871078368 4.4657390347957095 23.988336602838302 -0.053807929155783495
13.375 4.474032752584346 23.988444872724163 4.47402787549909 23.98838782024638 -0.0485132950314933
13.625 4.506695206041859 23.98844487438029 4.506692774764678 23.98841654399536 -0.03458962805843038
13.875 4.539762996639807 23.98844487605882 4.53976190256298 23.988432252666154 -0.02012788497491368
14.125 4.561345150835731 23.98844487778004 4.56134477415254 23.988440564889896 -0.009678706501005496
14.375 4.570587414978494 23.988444879563346 4.570587418404224 23.988444752931688 -0.003855097550723615
14.625 4.5714229211037996 23.988444881423717 4.571423112564975 23.988446737532712 -0.0012639670514472895
14.875 4.567940776773475 23.988444883371052 4.567941048743122 23.988447629213994 -0.00033476072351890226
15.125 4.562696177957939 23.988444885410853 4.562696481449236 23.988447992303843 -6.829060285179713e-05
15.375 4.556852625646033 23.98844488754566 4.556852941605777 23.988448088224928 -9.209599773068e-06
15.625 4.550813479976199 23.98844488977664 4.550813796622238 23.98844810469876 -1.2942058380315937e-07
15.875 4.544684224214125 23.988444892104916 4.544684539627651 23.988448153686956 3.552572240524588e-07
16.125 4.538483411462866 23.98844489453242 4.538483734344503 23.988448220667447 1.240590773561188e-07
16.375 4.53221111354406 23.988444897062216 4.532211441838248 23.988448231743643 2.7399979986059073e-08
16.625 4.525864880234527 23.988444899698138 4.525865196636767 23.988448147962206 4.611047172371882e-09
16.875 4.519442149895513 23.988444902443817 4.5194424519273575 23.988448021915534 6.243021272063907e-10
17.125 4.512940333416234 23.988444905301137 4.512940640319218 23.988448024623622 6.946621751012237e-11
17.375 4.50635673172266 23.988444908268256 4.506357062888513 23.988448346276872 6.400550420574792e-12
17.625 4.499688497717363 23.98844491133762 4.499688884445331 23.988449149931117 4.87731075149774e-13
17.875 4.49293261782354 23.988444914494146 4.492933130927502 23.98845068780819 3.0406459207729985e-14
18.125 4.486085896962089 23.988444917713956 4.486086643193365 23.98845344812566 1.5081395283077498e-15
18.375 4.479144942761668 23.988444920963993 4.479146080056204 23.988458204016194 5.5213930824722155e-17
18.625 4.47210614808909 23.98844492420248 4.4721079382654185 23.98846602238858 1.0909101867037715e-18
18.875 4.46496567155354 23.988444927380307 4.464968501953071 23.988478351718694 -2.789761923259548e-20
19.125 4.457719415677017 23.988444930443208 4.457723800813491 23.988496938497576 -3.954656992153136e-21
19.375 4.450363002379451 23.98844493333433 4.450369426115012 23.988521771480343 -2.252142269674823e-22
19.625 4.442891745363897 23.988444935996956 4.44289987835435 23.988542740894694 -9.092577194644609e-24
19.875 4.435300618909059 23.98844493837717 4.435309650415716 23.98855389811299 -2.8831502816409013e-25
20.125 4.4275842224810535 23.98844494042639 4.4275936356043175 23.988558073432102 -7.44089836681967e-27
20.375 4.419736740458935 23.988444942103687 4.419746239514598 23.988558357369783 -1.5853487713817023e-28
20.625 4.411751896123219 23.988444943378273 4.411761295991889 23.988557176153485 -2.798298194819873e-30
20.875 4.403622898876019 23.98844494423209 4.4036319471895595 23.98855311331483 -4.0714940949284585e-32
21.125 4.3953423834350325 23.9884449446626 4.395350704303539 23.988544557524992 -4.802503147034089e-34
21.375 4.386902339457954 23.988444944685252 4.386909406269247 23.988529652180073 -4.404258009248603e-36
21.625 4.378294029690743 23.988444944335058 4.378299266872244 23.988507703384194 -2.7652750956800404e-38
21.875 4.369507894267175 23.988444943666376 4.369511222953662 23.9884845048038 -4.567817789604015e-41
22.125 4.36053343818451 23.988444942750014 4.360535431685862 23.98846833377305 1.5796414191572262e-42
22.375 4.351359098193162 23.988444941667417 4.3513602586807565 23.988458310883292 2.638888646042497e-44
22.625 4.341972084300917 23.98844494050242 4.341972736934934 23.988452312311008 2.632942317395744e-46
22.875 4.332358189710618 23.988444939331984 4.332358541385194 23.98844883867178 1.976589158084722e-48
23.125 4.322501561148736 23.988444938218073 4.322501739874068 23.988446877220014 1.1883943908134718e-50
23.375 4.312384419003757 23.988444937202786 4.312384501112527 23.988445786359126 5.861267598663116e-53
23.625 4.30198671318314 23.988444936308454 4.30198674354061 23.988445195718356 2.3927033740792414e-55
23.875 4.29128569567205 23.988444935542674 4.291285700988615 23.988444907118186 8.083295968589929e-58
24.125 4.28025538374993 23.988444934906624 4.280255379946441 23.988444804381217 2.2389513277987053e-60
24.375 4.268865877614494 23.988444934404058 4.268865872997036 23.988444801750262 4.960217038783217e-63
24.625 4.2570824810403245 23.988444934046946 4.257082478262744 23.988444836017095 8.237583357394523e-66
24.875 4.2448645507936 23.988444933857362 4.244864550723224 23.988444862651786 8.023378137447364e-69
