0.125 2.0 0.0 2.0032576138136085 23.99999999999999 -8.023378137447364e-69
0.375 2.0 0.0 2.008490360725644 23.99999999999997 -8.237583357394523e-66
0.625 2.0 0.0 2.014085523576755 23.999999999999986 -4.960217038783217e-63
0.875 2.0 0.0 2.01973030018267 23.999999999999986 -2.2389513277987053e-60
1.125 2.0 0.0 2.025377392501455 23.999999999999968 -8.083295968589929e-58
1.375 2.0 0.0 2.031025229750198 23.99999999999998 -2.3927033740792414e-55
1.625 2.0 0.0 2.036675213764127 23.999999999999915 -5.861267598663116e-53
1.875 2.0 0.0 2.0423278257492283 24.00000000000006 -1.1883943908134718e-50
2.125 2.0 0.0 2.0479831947347056 23.999999999999886 -1.976589158084722e-48
2.375 2.0 0.0 2.05364139286434 23.99999999999984 -2.632942317395744e-46
2.625 2.0 0.0 2.059302491107002 24.000000000000476 -2.638888646042497e-44
2.875 2.0 0.0 2.0649665626722706 23.999999999998728 -1.5796414191572262e-42
3.125 2.0 0.0 2.070633681834049 24.000000000001712 4.567817789604015e-41
3.375 2.0 0.0 2.076303923465591 23.999999999998952 2.7652750956800404e-38
3.625 2.0 0.0 2.0819773630386953 23.999999999996493 4.404258009248603e-36
3.875 2.0 0.0 2.087654076539576 24.0000000000137 4.802503147034089e-34
4.125 2.0 0.0 2.0933341406427113 23.999999999971735 4.0714940949284585e-32
4.375 2.0 0.0 2.0990176324590495 24.000000000034248 2.798298194819873e-30
4.625 2.0 0.0 2.1047046300104877 23.999999999999744 1.5853487713817023e-28
4.875 2.0 0.0 2.1103952114138593 23.999999999876646 7.44089836681967e-27
5.125 2.0 0.0 2.116089456429241 24.000000000366576 2.8831502816409013e-25
5.375 2.0 0.0 2.1217874436433517 23.999999999356806 9.092577194644609e-24
5.625 2.0 0.0 2.1274892555610503 24.000000000584073 2.252142269674823e-22
5.875 2.0 0.0 2.1331949699351127 24.000000000586482 3.954656992153136e-21
6.125 2.0 0.0 2.1389046738921795 23.999999996170505 2.789761923259548e-20
6.375 2.0 0.0 2.144618441860735 24.000000009160644 -1.0909101867037715e-18
6.625 2.0 0.0 2.1503363702992186 23.99999998688007 -5.5213930824722155e-17
6.875 1.9999999999999984 0.0 2.156058519454953 24.000000005354238 -1.5081395283077498e-15
7.125 1.9999999999999696 0.0 2.161785021853439 24.00000003206432 -3.0406459207729985e-14
7.375 1.9999999999995122 0.0 2.1675158650846242 23.999999886967686 -4.87731075149774e-13
7.625 1.9999999999935993 0.0 2.1732513259879096 24.00000020903964 -6.400550420574792e-12
7.875 1.9999999999305338 0.0 2.1789911610304267 23.999999811987564 -6.946621751012237e-11
8.125 1.9999999993756978 0.0 2.184735959336101 23.999999816464765 -6.243021272063907e-10
8.375 1.999999995388953 0.0 2.190485118588623 24.00000099164555 -4.611047172371882e-09
8.625 1.99999997260002 0.0 2.1962397717254456 23.999998235268848 -2.7399979986059073e-08
8.875 1.9999998759409225 0.0 2.2019980684850173 24.0000016893228 -1.240590773561188e-07
9.125 1.999999644742776 0.0 2.207764121403745 23.999999465290003 -3.552572240524588e-07
9.375 2.0000001294205836 0.0 2.2135299128871937 23.999998422084108 1.2942058380315937e-07
9.625 2.000009209599773 0.0 2.219307893998529 24.00000518096011 9.209599773068e-06
9.875 2.0000682906028517 0.0 2.2250644456049633 23.999989343198934 6.829060285179713e-05
10.125 2.000334760723519 0.0 2.2308032137159173 24.000016564049755 0.00033476072351890226
10.375 2.001263967051447 0.0 2.236352022421241 23.99998173237189 0.0012639670514472895
10.625 2.0038550975507237 0.0 2.2415889134940885 24.000021335593416 0.003855097550723615
10.875 2.0096787065010053 0.0 2.2459197069134342 24.000002620919318 0.009678706501005496
11.125 2.020127884974914 0.0 2.2493876487875686 23.99996634283059 0.02012788497491368
11.375 2.0345896280584306 0.0 2.251598629786113 24.000096343500505 0.03458962805843038
11.625 2.0485132950314933 0.0 2.2541043010149218 23.999986899643183 0.0485132950314933
11.875 2.0538079291557834 0.0 2.258640290358977 24.000513989973033 0.053807929155783495
12.125 2.0432510018706274 0.0 2.2670525455579202 23.998024575149568 0.0432510018706274
12.375 2.016682344413092 0.0 2.2794381735988436 24.001834479277136 0.01668234441309194
12.625 1.983317655586908 0.0 2.294526015227527 23.99988372055828 -0.01668234441309194
12.875 1.9567489981293726 0.0 2.3067285947163385 23.997901738352198 -0.0432510018706274
13.125 1.9461920708442164 0.0 2.316489519054242 24.007586703794203 -0.053807929155783495
13.375 1.9514867049685067 0.0 2.320055896186105 23.989423602736952 -0.0485132950314933
13.625 1.9654103719415696 0.0 2.3214795404125104 23.996580560445437 -0.03458962805843038
13.875 1.9798721150250864 0.0 2.324203971416777 24.005167362807853 -0.02012788497491368
14.125 1.9903212934989944 0.0 2.327314879059008 24.006340970456108 -0.009678706501005496
14.375 1.9961449024492763 0.0 2.331242139056733 23.999735448948023 -0.003855097550723615
14.625 1.9987360329485526 0.0 2.3360117976133012 23.993899272007422 -0.0012639670514472895
14.875 1.999665239276481 0.0 2.3418002127798334 23.995939491674697 -0.00033476072351890226
15.125 1.9999317093971483 0.0 2.3480600354081083 24.002844234992445 -6.829060285179713e-05
15.375 1.999990790400227 0.0 2.3541744460775496 24.005862791096014 -9.209599773068e-06
15.625 1.9999998705794162 0.0 2.359809910073555 24.001253881700407 -1.2942058380315937e-07
15.875 2.000000355257224 0.0 2.365346423771951 23.994907292050133 3.552572240524588e-07
16.125 2.0000001240590772 0.0 2.3712548421079895 23.994824042409473 1.240590773561188e-07
16.375 2.00000002739998 0.0 2.377585095110553 24.001185062438704 2.7399979986059073e-08
16.625 2.000000004611047 0.0 2.383871173156295 24.005740344979092 4.611047172371882e-09
16.875 2.000000000624302 0.0 2.38968249496742 24.002570023910522 6.243021272063907e-10
17.125 2.000000000069466 0.0 2.3952664318598282 23.995899167874335 6.946621751012237e-11
17.375 2.0000000000064007 0.0 2.401106181878849 23.994394632584182 6.400550420574792e-12
17.625 2.0000000000004876 0.0 2.4074277402798514 24.000176015030807 4.87731075149774e-13
17.875 2.00000000000003 0.0 2.413789234666842 24.00547396946571 3.0406459207729985e-14
18.125 2.0000000000000013 0.0 2.419704239265444 24.00336382988258 1.5081395283077498e-15
18.375 2.0 0.0 2.425340757616705 23.99688814339787 5.5213930824722155e-17
18.625 2.0 0.0 2.4311922968717328 23.99467607485483 1.0909101867037715e-18
18.875 2.0 0.0 2.4375358935233025 23.99977653958729 -2.789761923259548e-20
19.125 2.0 0.0 2.4439579097941593 24.00515729279618 -3.954656992153136e-21
19.375 2.0 0.0 2.449964745110201 24.00377015555167 -2.252142269674823e-22
19.625 2.0 0.0 2.455674004479884 23.99780508718203 -9.092577194644609e-24
19.875 2.0 0.0 2.4615534047130274 23.995341479663487 -2.8831502816409013e-25
20.125 2.0 0.0 2.4678959958863307 23.999739607675938 -7.44089836681967e-27
20.375 2.0 0.0 2.4743434176351435 24.004692658684995 -1.5853487713817023e-28
20.625 2.0 0.0 2.480414026644728 24.003415739343176 -2.798298194819873e-30
20.875 2.0 0.0 2.486194753375143 23.997818988080823 -4.0714940949284585e-32
21.125 2.0 0.0 2.492134940026456 23.995406196564787 -4.802503147034089e-34
21.375 2.0 0.0 2.4985112549598387 23.999386498489617 -4.404258009248603e-36
21.625 2.0 0.0 2.504985122042603 24.003882322553473 -2.7652750956800404e-38
21.875 2.0 0.0 2.511097643246105 24.002481750454542 -4.567817789604015e-41
22.125 2.0 0.0 2.5169429255991402 23.997232971173112 1.5796414191572262e-42
22.375 2.0 0.0 2.522983217980178 23.99546982556373 2.638888646042497e-44
22.625 2.0 0.0 2.5294412427318798 23.999706128924736 2.632942317395744e-46
22.875 2.0 0.0 2.5359785160340484 24.003940304696865 1.976589158084722e-48
23.125 2.0 0.0 2.5421140331765804 24.002406162030837 1.1883943908134718e-50
23.375 2.0 0.0 2.5480834452689773 23.997469443336172 5.861267598663116e-53
23.625 2.0 0.0 2.5541254844425056 23.99587376880858 2.3927033740792414e-55
23.875 2.0 0.0 2.5607413087323514 23.999672849550873 8.083295968589929e-58
24.125 2.0 0.0 2.5671350216543836 24.003555815327005 2.2389513277987053e-60
24.375 2.0 0.0 2.573770005272941 24.002192138193546 4.960217038783217e-63
24.625 2.0 0.0 2.5793383882869767 23.998523469587752 8.237583357394523e-66
24.875 2.0 0.0 2.5872943736271896 23.997937615871983 8.023378137447364e-69
