0.125 2.0056427965526984 23.999999999999993 2.0056427965527126 24.000000000000107 -8.023378137447364e-69
0.375 2.0112758881103527 23.999999999999993 2.0112758881103447 23.999999999999936 -8.237583357394523e-66
0.625 2.0169201552112366 23.999999999999986 2.0169201552112597 24.00000000000015 -4.960217038783217e-63
0.875 2.0225629709038575 23.999999999999986 2.0225629709038366 23.999999999999837 -2.2389513277987053e-60
1.125 2.0282090359665075 23.99999999999997 2.0282090359665292 24.000000000000092 -8.083295968589929e-58
1.375 2.033857659773557 23.99999999999997 2.033857659773565 24.000000000000043 -2.3927033740792414e-55
1.625 2.0395089338956143 23.999999999999964 2.039508933895542 23.999999999999403 -5.861267598663116e-53
1.875 2.045162924362444 23.999999999999957 2.0451629243626277 24.000000000001293 -1.1883943908134718e-50
2.125 2.0508197048184744 23.99999999999995 2.050819704818141 23.999999999997584 -1.976589158084722e-48
2.375 2.056479348149538 23.999999999999957 2.056479348149962 24.000000000002824 -2.632942317395744e-46
2.625 2.0621419278917994 23.99999999999995 2.0621419278915423 23.999999999998494 -2.638888646042497e-44
2.875 2.0678075181037237 23.999999999999943 2.0678075181032494 23.999999999995836 -1.5796414191572262e-42
3.125 2.0734761933907278 23.99999999999994 2.0734761933927484 24.00000000001541 4.567817789604015e-41
3.375 2.0791480289155713 23.999999999999936 2.079148028911626 23.99999999997062 2.7652750956800404e-38
3.625 2.084823100411505 23.999999999999936 2.084823100416074 24.000000000033495 4.404258009248603e-36
3.875 2.0905014841953298 23.99999999999993 2.0905014841948573 23.99999999999619 4.802503147034089e-34
4.125 2.0961832571807326 23.999999999999925 2.096183257169185 23.99999999991696 4.0714940949284585e-32
4.375 2.1018684968918686 23.99999999999992 2.101868496920837 24.000000000209823 2.798298194819873e-30
4.625 2.1075572814772014 23.99999999999992 2.1075572814419172 23.999999999734747 1.5853487713817023e-28
4.875 2.113249689723606 23.999999999999915 2.113249689722857 24.00000000003709 7.44089836681967e-27
5.125 2.118945801070751 23.999999999999908 2.1189458011693727 24.000000000605045 2.8831502816409013e-25
5.375 2.1246456956257553 23.999999999999893 2.1246456954243977 23.999999998716383 9.092577194644609e-24
5.625 2.1303494541781394 23.999999999999886 2.1303494542985173 24.000000000759137 2.252142269674823e-22
5.875 2.136057158215074 23.99999999999988 2.1360571585719206 24.00000000231995 3.954656992153136e-21
6.125 2.1417688899369343 23.99999999999988 2.1417688888985915 23.99999999341984 2.789761923259548e-20
6.375 2.1474847322731696 23.999999999999876 2.1474847330943723 24.0000000046697 -1.0909101867037715e-18
6.625 2.153204768898508 23.999999999999872 2.1532047706697135 24.000000012991386 -5.5213930824722155e-17
6.875 2.158929084249494 23.999999999999865 2.158929078559595 23.999999960645063 -1.5081395283077498e-15
7.125 2.164657763541366 23.999999999999865 2.1646577675501883 24.000000028803985 -3.0406459207729985e-14
7.375 2.170390892785377 23.999999999999858 2.170390903414323 24.000000067750765 -4.87731075149774e-13
7.625 2.1762285588073014 23.999999999999858 2.176128533566902 23.99999982581116 -6.400550420574792e-12
7.875 2.181970849274467 23.999999999999844 2.1818708502554367 24.000000035221724 -6.946621751012237e-11
8.125 2.1877178527872885 23.999999999999844 2.1876179097025514 24.00000035425736 -6.243021272063907e-10
8.375 2.193469659364925 23.999999999999833 2.193369617798019 23.999999668693164 -4.611047172371882e-09
8.625 2.1992263626745223 23.99999999999983 2.1991262807368743 23.999999532138958 -2.7399979986059073e-08
8.875 2.2049880662278665 23.99999999999983 2.2048881687819115 24.000000745474757 -1.240590773561188e-07
9.125 2.210754876071269 23.999999999999822 2.210654969029461 24.000000471760305 -3.552572240524588e-07
9.375 2.2165266927485625 23.999999999999808 2.216426520828458 23.999998851441088 1.2942058380315937e-07
9.625 2.2222018011144398 23.999999999999808 2.222201693603026 23.99999947488746 9.209599773068e-06
9.875 2.2279706772275354 23.9999999999998 2.227970931899792 24.00000163883375 6.829060285179713e-05
10.125 2.23369642917882 23.999999999999794 2.2336965999661627 24.000000871597273 0.00033476072351890226
10.375 2.2392708764297167 23.999999999999787 2.2392704664777945 23.99999743406799 0.0012639670514472895
10.625 2.2444536324967794 23.99999999999978 2.2444530015248567 23.9999964573813 0.003855097550723615
10.875 2.2488619906490497 23.999999999999787 2.2488624909530737 24.00000330058776 0.009678706501005496
11.125 2.252150452350638 23.99999999999978 2.2521552012342627 24.000028610561504 0.02012788497491368
11.375 2.2544589067343654 23.99999999999978 2.2544759510330312 24.00010204038706 0.03458962805843038
11.625 2.2568886343537695 23.999999999999773 2.256937078113216 24.00028939913336 0.0485132950314933
11.875 2.2614142277943143 23.999999999999766 2.2615067852725197 24.000552202385645 0.053807929155783495
12.125 2.2698470059487414 23.99999999999976 2.2699784635917073 24.000781256581355 0.0432510018706274
12.375 2.2823563993434623 23.999999999999744 2.2825119443020228 24.00091840150312 0.01668234441309194
12.625 2.2967799357361747 23.999999999999737 2.296947146380343 24.000980018467295 -0.01668234441309194
12.875 2.309629811579435 23.99999999999973 2.309798889648077 24.00098691265578 -0.0432510018706274
13.125 2.3183243892473113 23.999999999999726 2.318482574349006 24.00092617765897 -0.053807929155783495
13.375 2.322769001904345 23.999999999999723 2.322895707109562 24.000754732087593 -0.0485132950314933
13.625 2.324873766072529 23.999999999999716 2.324953697060165 24.00050241707981 -0.03458962805843038
13.875 2.3268238833940673 23.99999999999971 2.326860559021539 24.000262961167074 -0.02012788497491368
14.125 2.3298560943658106 23.999999999999694 2.3298698766951045 24.000130479457056 -0.009678706501005496
14.375 2.3341498177895295 23.999999999999684 2.334158134138047 24.000106192162 -0.003855097550723615
14.625 2.3393356896660977 23.999999999999673 2.3393432560111753 24.000107394508365 -0.0012639670514472895
14.875 2.344987543651236 23.999999999999673 2.3449957330430022 24.000114986107594 -0.00033476072351890226
15.125 2.3508313685959337 23.999999999999673 2.3508403648687644 24.000120757848055 -6.829060285179713e-05
15.375 2.356741239770372 23.999999999999666 2.356750158793047 24.000117613263377 -9.209599773068e-06
15.625 2.362673220324436 23.99999999999966 2.362681390972158 24.000110751438648 -1.2942058380315937e-07
15.875 2.3686156845421404 23.99999999999965 2.3686232221401533 24.000106172101383 3.552572240524588e-07
16.125 2.3745664907722395 23.999999999999638 2.3745740593940665 24.000108487794073 1.240590773561188e-07
16.375 2.3805255190032746 23.99999999999963 2.3805337375264752 24.000116882495725 2.7399979986059073e-08
16.625 2.386492917714934 23.999999999999623 2.386501863551521 24.000125031888032 4.611047172371882e-09
16.875 2.39246883665632 23.99999999999962 2.392478081717178 24.00012795310061 6.243021272063907e-10
17.125 2.3984534161701765 23.99999999999962 2.3984621867258387 24.000121434219196 6.946621751012237e-11
17.375 2.4044467949838237 23.99999999999962 2.4044536342605842 24.000093569370357 6.400550420574792e-12
17.625 2.410449113108311 23.999999999999616 2.4104504925740615 24.0000123724314 4.87731075149774e-13
17.875 2.4164605124993823 23.999999999999623 2.4164498601957765 23.99983407161917 3.0406459207729985e-14
18.125 2.4224811372058808 23.999999999999616 2.42245360340067 23.99958511484911 1.5081395283077498e-15
18.375 2.4285111334345357 23.999999999999616 2.42846616625346 23.99932891591387 5.5213930824722155e-17
18.625 2.43455064960506 23.999999999999616 2.434491032328729 23.99911463510968 1.0909101867037715e-18
18.875 2.4405998364056023 23.99999999999961 2.4405302805927036 23.99897045010847 -2.789761923259548e-20
19.125 2.446658846849771 23.999999999999595 2.446585165740336 23.998912216194576 -3.954656992153136e-21
19.375 2.452727836335377 23.999999999999588 2.452656998357312 23.998956498667997 -2.252142269674823e-22
19.625 2.4588069627049984 23.999999999999574 2.458746495359601 23.999110938131672 -9.092577194644609e-24
19.875 2.464896386308448 23.999999999999574 2.464851763895563 23.99934503082509 -2.8831502816409013e-25
20.125 2.470996270067176 23.999999999999567 2.4709690790828183 23.999601530105238 -7.44089836681967e-27
20.375 2.477106779540737 23.999999999999567 2.4770940121417917 23.999813168059177 -1.5853487713817023e-28
20.625 2.4832280829953612 23.999999999999563 2.483223196585799 23.999928534265436 -2.798298194819873e-30
20.875 2.489360351474743 23.999999999999567 2.489358458834359 23.999972276133903 -4.0714940949284585e-32
21.125 2.4955037588731086 23.999999999999567 2.495503037000462 23.999989302449237 -4.802503147034089e-34
21.375 2.5016584820106766 23.999999999999556 2.5016582187176115 23.999996011457505 -4.404258009248603e-36
21.625 2.5078247007116077 23.999999999999552 2.5078246145939915 23.9999987069543 -2.7652750956800404e-38
21.875 2.5140025978845246 23.999999999999556 2.5140025803651214 23.99999974742601 -4.567817789604015e-41
22.125 2.5201923596057303 23.999999999999556 2.5201923644489947 24.000000078221206 1.5796414191572262e-42
22.375 2.5263941752052315 23.999999999999552 2.5263941821788105 24.000000105804368 2.638888646042497e-44
22.625 2.532608237355676 23.999999999999552 2.5326082400321077 24.00000003993394 2.632942317395744e-46
22.875 2.5388347421643465 23.999999999999545 2.538834741506026 23.99999999050814 1.976589158084722e-48
23.125 2.5450738892683082 23.999999999999538 2.5450738880672708 23.99999998266313 1.1883943908134718e-50
23.375 2.5513258819328852 23.99999999999953 2.5513258815201234 23.999999994058186 5.861267598663116e-53
23.625 2.5575909271535724 23.999999999999524 2.55759092731933 24.00000000239037 2.3927033740792414e-55
23.875 2.5638692357615636 23.999999999999517 2.5638692359674233 24.00000000296041 8.083295968589929e-58
24.125 2.570161022533023 23.99999999999951 2.570161022578734 24.000000000654186 2.2389513277987053e-60
24.375 2.5764665063023067 23.999999999999503 2.5764665062628263 23.999999999436113 4.960217038783217e-63
24.625 2.5827859100792625 23.999999999999503 2.582785910050741 23.999999999572797 8.237583357394523e-66
24.875 2.5891194611708217 23.9999999999995 2.5891194611658364 23.99999999991617 8.023378137447364e-69
