0.125 2.0056411222444783 23.99999999999998 2.0056411222444783 23.99999999999998 -8.023378137447364e-69
0.375 2.0112783059300936 23.99999999999997 2.0112783059300936 23.99999999999997 -8.237583357394523e-66
0.625 2.016919427888305 23.999999999999957 2.016919427888305 23.999999999999957 -4.960217038783217e-63
0.875 2.0225629786039825 23.999999999999936 2.0225629786039825 23.999999999999936 -2.2389513277987053e-60
1.125 2.028209032575471 23.999999999999915 2.028209032575471 23.999999999999915 -8.083295968589929e-58
1.375 2.033857660402343 23.999999999999897 2.033857660402343 23.999999999999897 -2.3927033740792414e-55
1.625 2.039508933603253 23.99999999999988 2.039508933603253 23.99999999999988 -5.861267598663116e-53
1.875 2.045162924180225 23.999999999999865 2.045162924180225 23.999999999999865 -1.1883943908134718e-50
2.125 2.0508197046320538 23.999999999999854 2.0508197046320538 23.999999999999854 -1.976589158084722e-48
2.375 2.056479347965951 23.99999999999985 2.056479347965951 23.99999999999985 -2.632942317395744e-46
2.625 2.062141927709522 23.99999999999985 2.062141927709522 23.99999999999985 -2.638888646042497e-44
2.875 2.0678075179229527 23.99999999999983 2.0678075179229527 23.99999999999983 -1.5796414191572262e-42
3.125 2.0734761932114214 23.999999999999815 2.0734761932114267 23.999999999999858 4.567817789604015e-41
3.375 2.079148028737709 23.999999999999794 2.0791480287377064 23.999999999999776 2.7652750956800404e-38
3.625 2.0848231002350683 23.99999999999978 2.084823100235078 23.999999999999844 4.404258009248603e-36
3.875 2.0905014840202982 23.999999999999766 2.0905014840203053 23.99999999999981 4.802503147034089e-34
4.125 2.0961832570070866 23.999999999999744 2.0961832570070484 23.999999999999478 4.0714940949284585e-32
4.375 2.1018684967195904 23.99999999999973 2.1018684967197423 24.000000000000767 2.798298194819873e-30
4.625 2.1075572813062724 23.999999999999716 2.107557281306061 23.999999999998284 1.5853487713817023e-28
4.875 2.1132496895540083 23.9999999999997 2.113249689554042 23.999999999999865 7.44089836681967e-27
5.125 2.118945800902466 23.999999999999684 2.1189458009035027 24.00000000000683 2.8831502816409013e-25
5.375 2.124645695458767 23.999999999999673 2.124645695455943 23.999999999980425 9.092577194644609e-24
5.625 2.13034945401243 23.99999999999966 2.1303494540148074 24.000000000015717 2.252142269674823e-22
5.875 2.136057158050626 23.999999999999652 2.136057158058444 24.000000000052545 3.954656992153136e-21
6.125 2.1417688897737266 23.99999999999963 2.141768889745835 23.999999999810974 2.789761923259548e-20
6.375 2.1474847321111863 23.999999999999616 2.147484732130546 24.000000000137646 -1.0909101867037715e-18
6.625 2.153204768737732 23.99999999999958 2.153204768830856 24.000000000590937 -5.5213930824722155e-17
6.875 2.1589290840899142 23.999999999999588 2.158929083855996 23.99999999849095 -1.5081395283077498e-15
7.125 2.164657763382963 23.999999999999574 2.164657763275738 23.99999999934661 -3.0406459207729985e-14
7.375 2.1703908926281326 23.999999999999556 2.170390893827605 24.00000000747488 -4.87731075149774e-13
7.625 2.1762285586511987 23.999999999999538 2.1761285580260985 23.999999996755854 -6.400550420574792e-12
7.875 2.1819708491194905 23.999999999999524 2.1818708438070855 23.999999964690097 -6.946621751012237e-11
8.125 2.187717852633394 23.99999999999951 2.1876178590722968 24.000000041963645 -6.243021272063907e-10
8.375 2.1934696592119276 23.999999999999496 2.1933696813628396 24.00000014354901 -4.611047172371882e-09
8.625 2.1992263625216206 23.99999999999949 2.1991263285751694 23.999999756626895 -2.7399979986059073e-08
8.875 2.2049880660730197 23.99999999999947 2.2048879749982535 23.999999484156668 -1.240590773561188e-07
9.125 2.2107548759184614 23.999999999999453 2.2106549499267896 24.000000636440426 -3.552572240524588e-07
9.375 2.216526692677999 23.999999999999424 2.2164269871113955 24.000001663801587 1.2942058380315937e-07
9.625 2.2222018016399887 23.999999999999417 2.2222018681743085 24.000000101384934 9.209599773068e-06
9.875 2.22797068051152 23.999999999999414 2.2279701727236634 23.999996648773035 6.829060285179713e-05
10.125 2.2336964418002454 23.999999999999428 2.2336958745862923 23.999996942518862 0.00033476072351890226
10.375 2.2392709137043596 23.999999999999417 2.2392711950197453 24.000002148651575 0.0012639670514472895
10.625 2.244453727606829 23.999999999999417 2.2444560990072944 24.000014638612065 0.003855097550723615
10.875 2.24886222394463 23.999999999999396 2.248868826851579 24.000039960056455 0.009678706501005496
11.125 2.252150941518411 23.99999999999939 2.2521656373340395 24.000088480683225 0.02012788497491368
11.375 2.2544594583554183 23.999999999999382 2.254488809987124 24.00017643516801 0.03458962805843038
11.625 2.2568885059386306 23.999999999999385 2.256942860038139 24.00032633327648 0.0485132950314933
11.875 2.261414392688893 23.999999999999368 2.2615072286840867 24.000557903246374 0.053807929155783495
12.125 2.269852235173688 23.99999999999936 2.269978448959218 24.000751689571896 0.0432510018706274
12.375 2.2823673800008706 23.99999999999934 2.2825087988583683 24.000832380090035 0.01668234441309194
12.625 2.296787910184188 23.999999999999332 2.2969343586289934 24.00086426084114 -0.01668234441309194
12.875 2.3096340975523946 23.999999999999325 2.309780363285582 24.00086056829883 -0.0432510018706274
13.125 2.318336097233199 23.999999999999318 2.3184764240837934 24.000826982829814 -0.053807929155783495
13.375 2.3227858773754946 23.9999999999993 2.322909541441673 24.00073696937092 -0.0485132950314933
13.625 2.3248848069482815 23.99999999999929 2.324977468481288 24.000569037364794 -0.03458962805843038
13.875 2.326830589344299 23.999999999999268 2.3268847176657808 24.000361531198354 -0.02012788497491368
14.125 2.329864332608789 23.999999999999254 2.3298929900398027 24.000219787226406 -0.009678706501005496
14.375 2.3341593989659204 23.999999999999233 2.3341743619027593 24.00013992918283 -0.003855097550723615
14.625 2.3393448475433187 23.99999999999921 2.33935378364259 24.000108839635182 -0.0012639670514472895
14.875 2.3449961828072086 23.999999999999197 2.3450030024085873 24.00010122800647 -0.00033476072351890226
15.125 2.3508398779286956 23.999999999999183 2.3508461271044423 24.000101130703435 -6.829060285179713e-05
15.375 2.3567497574762184 23.999999999999172 2.3567564225055957 24.00010726839164 -9.209599773068e-06
15.625 2.362681756835892 23.99999999999917 2.3626896282735577 24.000119044554232 -1.2942058380315937e-07
15.875 2.368624236501 23.999999999999172 2.3686329073840215 24.00012411208608 3.552572240524588e-07
16.125 2.3745750564640415 23.99999999999916 2.3745839586441413 24.000124504504505 1.240590773561188e-07
16.375 2.3805340974651816 23.999999999999154 2.380542866837726 24.000121812683297 2.7399979986059073e-08
16.625 2.3865015085742782 23.99999999999915 2.386509704747918 24.000113091238017 4.611047172371882e-09
16.875 2.3924774399229873 23.999999999999158 2.3924842647111264 24.00009268373104 6.243021272063907e-10
17.125 2.3984620320015155 23.99999999999915 2.398466123596573 24.00005253471851 6.946621751012237e-11
17.375 2.4044554235748516 23.999999999999154 2.404454803188195 23.999982981974885 6.400550420574792e-12
17.625 2.410457754661885 23.999999999999147 2.410449617158437 23.999871522191828 4.87731075149774e-13
17.875 2.4164691672214262 23.99999999999914 2.4164495737641225 23.9997020790171 3.0406459207729985e-14
18.125 2.422489805305224 23.99999999999914 2.42245541449858 23.999484558150726 1.5081395283077498e-15
18.375 2.4285198151230967 23.99999999999913 2.428474540729966 23.99932517438728 5.5213930824722155e-17
18.625 2.4345593450979743 23.999999999999133 2.4345087221004302 23.999247770814414 1.0909101867037715e-18
18.875 2.4406085459213087 23.99999999999913 2.440556149743217 23.9992236400869 -2.789761923259548e-20
19.125 2.4466675706100878 23.999999999999105 2.4466151017766835 23.999223667653503 -3.954656992153136e-21
19.375 2.452736574565602 23.999999999999083 2.4526847778674874 23.999234469143744 -2.252142269674823e-22
19.625 2.458815715633995 23.999999999999076 2.458766168558984 23.999270249892987 -9.092577194644609e-24
19.875 2.4649051541687284 23.999999999999083 2.464860785243003 23.999348323875957 -2.8831502816409013e-25
20.125 2.471005053094993 23.99999999999907 2.470969808537509 23.99948330486376 -7.44089836681967e-27
20.375 2.477115577976198 23.999999999999076 2.4770925945305553 23.99966346444966 -1.5853487713817023e-28
20.625 2.4832368970825085 23.999999999999062 2.483223623651652 23.99980580492823 -2.798298194819873e-30
20.875 2.4893691814616687 23.99999999999904 2.4893617670549624 23.99989162076561 -4.0714940949284585e-32
21.125 2.495512605012064 23.999999999999034 2.495508587380114 23.999941282207995 -4.802503147034089e-34
21.375 2.501667344558181 23.999999999999034 2.501665220697991 23.999968881093196 -4.404258009248603e-36
21.625 2.5078335799285556 23.99999999999904 2.5078324762892787 23.999983647461956 -2.7652750956800404e-38
21.875 2.5140114940363034 23.99999999999904 2.5140109269448523 23.999991353790925 -4.567817789604015e-41
22.125 2.5202012729623444 23.999999999999027 2.520200981230776 23.999995401137774 1.5796414191572262e-42
22.375 2.5264031060414336 23.999999999999012 2.5264029559230217 23.999997594711587 2.638888646042497e-44
22.625 2.5326171859510955 23.999999999999012 2.532617112261185 23.999998811579328 2.632942317395744e-46
22.875 2.53884370880362 23.999999999999012 2.538843677124892 23.99999948598274 1.976589158084722e-48
23.125 2.5450828742412215 23.999999999999012 2.545082864701367 23.99999984197009 1.1883943908134718e-50
23.375 2.5513348855345166 23.999999999999023 2.551334885902073 24.00000000064736 5.861267598663116e-53
23.625 2.5575999496844375 23.999999999999023 2.5575999526671986 24.00000004268573 2.3927033740792414e-55
23.875 2.5638782775277713 23.999999999999012 2.563878279753221 24.0000000321188 8.083295968589929e-58
24.125 2.5701700838464445 23.99999999999901 2.5701700846874624 24.000000012086744 2.2389513277987053e-60
24.375 2.5764755874807306 23.999999999999 2.5764755874941367 24.00000000017966 4.960217038783217e-63
24.625 2.5827950114465703 23.999999999999 2.5827950112408997 23.99999999709213 8.237583357394523e-66
24.875 2.589128583057173 23.999999999999012 2.5891285829544137 23.999999998000902 8.023378137447364e-69
