0.03125 2.00089783457187 24.0 2.00089783457187 24.0 -4.003793457677204e-70
0.09375 2.002154413978447 24.0 2.002154413978447 24.0 -3.10028924768748e-69
0.15625 2.003529988843896 24.0 2.003529988843896 24.0 -2.0164329257222074e-68
0.21875 2.0049327705376356 23.999999999999993 2.0049327705376356 23.999999999999993 -1.1971437942926539e-67
0.28125 2.006340959315903 23.999999999999993 2.006340959315903 23.999999999999993 -6.704319663991951e-67
0.34375 2.007750277628696 23.999999999999982 2.007750277628696 23.999999999999982 -3.6001438242163e-66
0.40625 2.0091599240362576 23.99999999999997 2.0091599240362576 23.99999999999997 -1.8711212490761638e-65
0.46875 2.01056975043217 23.999999999999964 2.01056975043217 23.999999999999964 -9.467542854033363e-65
0.53125 2.011979730216688 23.99999999999996 2.011979730216688 23.99999999999996 -4.681823820360618e-64
0.59375 2.013389859344411 23.999999999999957 2.013389859344411 23.999999999999957 -2.2689000963112057e-63
0.65625 2.014800137956153 23.999999999999957 2.014800137956153 23.999999999999957 -1.0796763064909657e-62
0.71875 2.0162105669708152 23.999999999999957 2.0162105669708152 23.999999999999954 -5.052285490132954e-62
0.78125 2.0176211474530845 23.99999999999995 2.0176211474530845 23.999999999999954 -2.3274779481577778e-61
0.84375 2.0190318804961267 23.99999999999995 2.0190318804961267 23.999999999999947 -1.0564902049433007e-60
0.90625 2.0204427671998353 23.99999999999994 2.0204427671998353 23.999999999999943 -4.7285315304742537e-60
0.96875 2.021853808666804 23.99999999999993 2.021853808666804 23.99999999999994 -2.0878823025968615e-59
1.03125 2.0232650060015844 23.999999999999925 2.0232650060015844 23.999999999999932 -9.099039886941364e-59
1.09375 2.024676360310564 23.999999999999925 2.024676360310564 23.999999999999925 -3.9151515696813544e-58
1.15625 2.026087872701946 23.999999999999922 2.026087872701946 23.999999999999915 -1.6637515850317588e-57
1.21875 2.0274995442857575 23.999999999999915 2.0274995442857575 23.999999999999915 -6.98415315449243e-57
1.28125 2.0289113761738617 23.999999999999915 2.0289113761738617 23.999999999999915 -2.896688398352563e-56
1.34375 2.030323369479965 23.999999999999908 2.030323369479965 23.999999999999908 -1.1871666588356863e-55
1.40625 2.031735525319627 23.9999999999999 2.031735525319627 23.9999999999999 -4.808243216412138e-55
1.46875 2.033147844810278 23.999999999999893 2.033147844810278 23.999999999999893 -1.9246606613016414e-54
1.53125 2.0345603290712253 23.999999999999893 2.0345603290712253 23.99999999999989 -7.614287154550369e-54
1.59375 2.035972979223664 23.999999999999893 2.035972979223664 23.999999999999897 -2.977231559962374e-53
1.65625 2.037385796390689 23.999999999999886 2.037385796390689 23.999999999999886 -1.1505138179815468e-52
1.71875 2.0387987816973085 23.99999999999988 2.0387987816973085 23.99999999999988 -4.393804720150234e-52
1.78125 2.0402119362704525 23.999999999999872 2.0402119362704525 23.999999999999872 -1.6581299923453183e-51
1.84375 2.0416252612389876 23.999999999999872 2.0416252612389876 23.999999999999872 -6.182563431609285e-51
1.90625 2.043038757733722 23.999999999999872 2.043038757733722 23.999999999999872 -2.277278377096913e-50
1.96875 2.0444524268874225 23.999999999999872 2.0444524268874225 23.999999999999872 -8.284492655247021e-50
2.03125 2.045866269834826 23.999999999999872 2.045866269834826 23.999999999999872 -2.9757630384972538e-49
2.09375 2.0472802877126464 23.999999999999865 2.0472802877126464 23.999999999999865 -1.0550291032482932e-48
2.15625 2.0486944816595907 23.999999999999858 2.0486944816595907 23.999999999999858 -3.6904479413849395e-48
2.21875 2.0501088528163693 23.999999999999844 2.0501088528163693 23.999999999999844 -1.2729509522619648e-47
2.28125 2.051523402325709 23.999999999999833 2.051523402325709 23.999999999999833 -4.3268626815565847e-47
2.34375 2.052938131332364 23.99999999999983 2.052938131332364 23.99999999999983 -1.4480961508257759e-46
2.40625 2.0543530409831243 23.999999999999822 2.0543530409831243 23.999999999999822 -4.766666883297355e-46
2.46875 2.05576813242683 23.999999999999822 2.05576813242683 23.999999999999822 -1.541032557512438e-45
2.53125 2.057183406814384 23.99999999999981 2.057183406814384 23.99999999999981 -4.88392660333133e-45
2.59375 2.058598865298766 23.999999999999808 2.058598865298766 23.999999999999808 -1.5134271734381545e-44
2.65625 2.060014509035039 23.999999999999808 2.060014509035039 23.999999999999808 -4.568647830048834e-44
2.71875 2.0614303391803652 23.999999999999808 2.0614303391803652 23.999999999999808 -1.3361689566318357e-43
2.78125 2.062846356894018 23.999999999999808 2.062846356894018 23.9999999999998 -3.7532028244107754e-43
2.84375 2.0642625633373917 23.999999999999797 2.0642625633373917 23.9999999999998 -9.974387744360698e-43
2.90625 2.0656789596740177 23.999999999999797 2.0656789596740177 23.9999999999998 -2.4351720591234945e-42
2.96875 2.067095547069573 23.999999999999797 2.067095547069573 23.999999999999794 -5.085290221773357e-42
3.03125 2.068512326691893 23.999999999999794 2.068512326691893 23.999999999999794 -6.897034062129024e-42
3.09375 2.069929299710987 23.999999999999787 2.069929299710987 23.999999999999787 9.4571499118777e-42
3.15625 2.0713464672990476 23.99999999999978 2.0713464672990476 23.99999999999978 1.333693151761316e-40
3.21875 2.072763830630463 23.999999999999773 2.072763830630463 23.999999999999773 7.548951878250107e-40
3.28125 2.074181390881833 23.99999999999976 2.074181390881833 23.99999999999976 3.4311887634935694e-39
3.34375 2.07559914923198 23.99999999999976 2.07559914923198 23.99999999999976 1.403178566439546e-38
3.40625 2.077017106861958 23.999999999999766 2.077017106861958 23.999999999999766 5.378068716624702e-38
3.46875 2.0784352649550675 23.999999999999766 2.0784352649550675 23.999999999999766 1.9697195541396117e-37
3.53125 2.079853624696872 23.999999999999766 2.079853624696872 23.999999999999766 6.968045095399668e-37
3.59375 2.0812721872752045 23.99999999999976 2.0812721872752045 23.99999999999976 2.3966218722471593e-36
3.65625 2.082690953880191 23.999999999999766 2.082690953880191 23.999999999999766 8.049000674182709e-36
3.71875 2.0841099257042446 23.99999999999976 2.0841099257042446 23.99999999999976 2.64747034316652e-35
3.78125 2.0855291039421013 23.99999999999976 2.0855291039421013 23.99999999999976 8.54664587042569e-35
3.84375 2.0869484897908164 23.99999999999975 2.0869484897908164 23.99999999999975 2.712213722730896e-34
3.90625 2.088368084449785 23.99999999999975 2.088368084449785 23.999999999999755 8.471067439974588e-34
3.96875 2.0897878891207493 23.999999999999744 2.0897878891207493 23.999999999999744 2.6064103442825064e-33
4.03125 2.0912079050078214 23.999999999999737 2.0912079050078214 23.99999999999973 7.905978888239404e-33
4.09375 2.0926281333174908 23.99999999999973 2.0926281333174908 23.99999999999973 2.3655346031470872e-32
4.15625 2.0940485752586353 23.999999999999726 2.0940485752586353 23.999999999999726 6.984994830761698e-32
4.21875 2.0954692320425368 23.999999999999723 2.0954692320425368 23.999999999999723 2.0362389514835817e-31
4.28125 2.096890104882898 23.999999999999723 2.096890104882898 23.999999999999723 5.862031322215626e-31
4.34375 2.098311194995852 23.999999999999716 2.098311194995852 23.999999999999716 1.666974471735266e-30
4.40625 2.099732503599977 23.999999999999712 2.099732503599977 23.999999999999712 4.683320222460584e-30
4.46875 2.1011540319163107 23.999999999999705 2.1011540319163107 23.999999999999705 1.3001294525565887e-29
4.53125 2.1025757811683645 23.999999999999705 2.1025757811683645 23.999999999999705 3.5667630039506357e-29
4.59375 2.103997752582134 23.9999999999997 2.103997752582134 23.9999999999997 9.670497416647311e-29
4.65625 2.1054199473861184 23.999999999999694 2.1054199473861184 23.999999999999694 2.5913628227116674e-28
4.71875 2.1068423668113283 23.999999999999694 2.1068423668113283 23.999999999999694 6.863046828850996e-28
4.78125 2.1082650120913042 23.999999999999684 2.1082650120913042 23.999999999999684 1.796412949920961e-27
4.84375 2.1096878844621303 23.999999999999673 2.1096878844621303 23.999999999999673 4.64700787456371e-27
4.90625 2.111110985162449 23.999999999999673 2.111110985162449 23.999999999999673 1.1879054274809626e-26
4.96875 2.1125343154334697 23.999999999999673 2.1125343154334697 23.999999999999673 3.0004004484834847e-26
5.03125 2.113957876518988 23.999999999999666 2.113957876518988 23.999999999999666 7.486792811960278e-26
5.09375 2.1153816696654033 23.999999999999666 2.1153816696654033 23.999999999999666 1.8451945242224962e-25
5.15625 2.116805696121724 23.999999999999662 2.116805696121724 23.999999999999662 4.490611845317189e-25
5.21875 2.118229957139592 23.99999999999966 2.118229957139592 23.99999999999966 1.0788108353212093e-24
5.28125 2.119654453973287 23.999999999999652 2.119654453973287 23.999999999999652 2.557329998052712e-24
5.34375 2.1210791878797535 23.999999999999652 2.1210791878797535 23.999999999999652 5.97877898615881e-24
5.40625 2.122504160118602 23.999999999999645 2.122504160118602 23.999999999999645 1.3776866515677294e-23
5.46875 2.123929371952138 23.999999999999645 2.123929371952138 23.999999999999645 3.1264914036512736e-23
5.53125 2.1253548246453624 23.999999999999638 2.1253548246453624 23.999999999999638 6.980618709954213e-23
5.59375 2.1267805194659966 23.999999999999634 2.1267805194659966 23.999999999999634 1.5314050791412638e-22
5.65625 2.1282064576844952 23.99999999999963 2.1282064576844952 23.99999999999963 3.2952537647922248e-22
5.71875 2.1296326405740604 23.999999999999623 2.1296326405740604 23.999999999999623 6.938397225712931e-22
5.78125 2.1310590694106564 23.999999999999616 2.1310590694106564 23.999999999999616 1.4247827369012723e-21
5.84375 2.1324857454730255 23.999999999999616 2.1324857454730255 23.999999999999616 2.839370569031387e-21
5.90625 2.133912670042702 23.999999999999602 2.133912670042702 23.999999999999602 5.44950890910029e-21
5.96875 2.1353398444040304 23.999999999999588 2.1353398444040304 23.999999999999588 9.944158298563714e-21
6.03125 2.1367672698441824 23.99999999999958 2.1367672698441824 23.99999999999958 1.683955802877859e-20
6.09375 2.138194947653167 23.999999999999588 2.138194947653165 23.999999999999574 2.5051785044004933e-20
6.15625 2.139622879123846 23.999999999999584 2.139622879123843 23.999999999999567 2.740528868930065e-20
6.21875 2.141051065551956 23.999999999999577 2.141051065551954 23.999999999999567 -1.9289258172990763e-21
6.28125 2.142479508236119 23.999999999999574 2.142479508236119 23.999999999999567 -1.4017862304362418e-19
6.34375 2.143908208477863 23.999999999999574 2.1439082084778622 23.999999999999563 -5.9727403593566045e-19
6.40625 2.1453371675816317 23.999999999999567 2.14533716758163 23.99999999999956 -1.9104035673239254e-18
6.46875 2.1467663868548046 23.999999999999567 2.146766386854802 23.999999999999552 -5.395897040893431e-18
6.53125 2.1481958676077126 23.999999999999567 2.148195867607707 23.999999999999538 -1.4172635144106045e-17
6.59375 2.149625611153652 23.999999999999556 2.149625611153647 23.99999999999953 -3.5429167569282213e-17
6.65625 2.1510556188089094 23.999999999999552 2.151055618808906 23.99999999999953 -8.534713940380537e-17
6.71875 2.1524858918927645 23.999999999999545 2.152485891892762 23.999999999999524 -1.996000429606432e-16
6.78125 2.1539164317275166 23.999999999999535 2.1539164317275157 23.999999999999524 -4.553629995606369e-16
6.84375 2.1553472396384974 23.999999999999524 2.1553472396384983 23.999999999999524 -1.0167180356264946e-15
6.90625 2.1567783169540906 23.999999999999517 2.1567783169540924 23.999999999999513 -2.226894517287864e-15
6.96875 2.158209665005743 23.999999999999503 2.1582096650057467 23.99999999999951 -4.7928992723670935e-15
7.03125 2.159641285127991 23.999999999999503 2.159641285127992 23.99999999999949 -1.0149798143363878e-14
7.09375 2.161073178658466 23.9999999999995 2.1610731786584654 23.99999999999948 -2.1169426434468405e-14
7.15625 2.162505346937917 23.999999999999496 2.1625053469379165 23.99999999999948 -4.352028380639294e-14
7.21875 2.1639377913102296 23.99999999999949 2.1639377913102313 23.99999999999948 -8.824162729183831e-14
7.28125 2.165370513122447 23.99999999999949 2.1653705131224497 23.99999999999948 -1.765504987103273e-13
7.34375 2.1668035137247807 23.99999999999948 2.166803513724785 23.99999999999949 -3.4869878558211256e-13
7.40625 2.168236794470636 23.999999999999467 2.1682367944706424 23.99999999999948 -6.800747887373828e-13
7.46875 2.169670356716641 23.99999999999946 2.1696703567166473 23.999999999999474 -1.3100830926616375e-12
7.53125 2.1712042018226625 23.999999999999456 2.1711042018226685 23.999999999999467 -2.4932458599455e-12
7.59375 2.172638331151853 23.999999999999446 2.172538331151859 23.999999999999467 -4.688392804143842e-12
7.65625 2.174072746070697 23.99999999999944 2.173972746070704 23.999999999999467 -8.71217953361179e-12
7.71875 2.1755074479490815 23.99999999999943 2.17540744794909 23.99999999999946 -1.5999612188650176e-11
7.78125 2.176942438160417 23.999999999999417 2.1768424381604268 23.99999999999946 -2.9039792611471703e-11
7.84375 2.178377718081799 23.99999999999941 2.1782777180818114 23.99999999999946 -5.2093915604236066e-11
7.90625 2.179813289094285 23.999999999999396 2.179713289094299 23.99999999999946 -9.236014962645237e-11
7.96875 2.1812491525833084 23.999999999999382 2.181149152583324 23.99999999999945 -1.6183318890323987e-10
8.03125 2.1826853099393415 23.999999999999368 2.182585309939359 23.999999999999446 -2.8022250166414554e-10
8.09375 2.184121762558886 23.99999999999936 2.1840217625589053 23.99999999999944 -4.794494381885033e-10
8.15625 2.185558511845987 23.99999999999935 2.185458511846007 23.99999999999944 -8.10442429110603e-10
8.21875 2.186995559214458 23.99999999999934 2.186895559214479 23.99999999999943 -1.3531848884076558e-09
8.28125 2.18843290609111 23.999999999999332 2.188332906091132 23.999999999999424 -2.2312156971162697e-09
8.34375 2.1898705539202896 23.99999999999932 2.1897705539203125 23.999999999999417 -3.631974219148933e-09
8.40625 2.191308504170061 23.999999999999325 2.191208504170083 23.999999999999414 -5.834394601838469e-09
8.46875 2.1927467583402804 23.99999999999931 2.192646758340304 23.999999999999414 -9.244758734380355e-09
8.53125 2.1941853179725777 23.999999999999297 2.1940853179726028 23.999999999999414 -1.444062428085364e-08
8.59375 2.1956241846616478 23.99999999999929 2.195524184661675 23.999999999999417 -2.2220023413817202e-08
8.65625 2.197063360066196 23.999999999999275 2.1969633600662273 23.999999999999424 -3.364810060345147e-08
8.71875 2.1985028459158773 23.99999999999926 2.1984028459159153 23.999999999999442 -5.00844594839887e-08
8.78125 2.199942644007217 23.999999999999247 2.1998426440072594 23.99999999999946 -7.315960195901896e-08
8.84375 2.2013827561761423 23.99999999999924 2.201282756176181 23.99999999999944 -1.046450073705699e-07
8.90625 2.2028231842263826 23.999999999999233 2.2027231842264134 23.999999999999375 -1.461246173463636e-07
8.96875 2.204263929780397 23.999999999999222 2.204163929780444 23.999999999999456 -1.9832055356516146e-07
9.03125 2.2057049940012243 23.99999999999922 2.205604994001302 23.99999999999964 -2.598462797269504e-07
9.09375 2.2071463771076165 23.999999999999215 2.2070463771076674 23.99999999999947 -3.250483311046408e-07
9.15625 2.2085880775691895 23.99999999999921 2.2084880775691174 23.999999999998707 -3.8044437996817056e-07
9.21875 2.2100300908204473 23.99999999999921 2.2099300908203756 23.9999999999987 -3.990616064219827e-07
9.28125 2.2114724072706244 23.999999999999197 2.211372407270921 24.000000000000973 -3.31716640591852e-07
9.34375 2.212915009308317 23.99999999999919 2.212815009308869 24.000000000002558 -9.39506915416835e-08
9.40625 2.2143578669055013 23.999999999999172 2.2142578669051574 23.99999999999701 4.530603240697041e-07
9.46875 2.2158009313158327 23.99999999999916 2.215700931314023 23.99999999998793 1.529753980297915e-06
9.53125 2.217144126241026 23.999999999999154 2.217144126240623 23.99999999999656 3.4762149433038535e-06
9.59375 2.2185873357147115 23.999999999999147 2.218587335719838 24.000000000030603 6.804120370200431e-06
9.65625 2.2200303878378795 23.99999999999914 2.2200303878441603 24.000000000037826 1.2266172538001058e-05
9.71875 2.22147303341322 23.99999999999913 2.2214730334047745 23.999999999947338 2.0946912307718176e-05
9.78125 2.2229149184925125 23.999999999999126 2.222914918465542 23.99999999983376 3.437888657929601e-05
9.84375 2.2243555499046517 23.999999999999115 2.2243555498992267 23.99999999996492 5.468784914051539e-05
9.90625 2.225794253010167 23.999999999999112 2.2257942530796306 24.00000000041925 8.47698499292316e-05
9.96875 2.227230121273835 23.99999999999911 2.227230121376695 24.000000000642252 0.00012850154243721726
10.03125 2.2286619578027533 23.999999999999098 2.2286619577321116 23.999999999581263 0.0001909826458667602
10.09375 2.2300882098001624 23.999999999999098 2.2300882094189567 23.99999999748139 0.00027880609774585296
10.15625 2.2315068979595583 23.999999999999098 2.231506897681943 23.9999999989089 0.00040034694173355593
10.21875 2.2329155441717967 23.999999999999098 2.232915544894637 24.000000004698762 0.0005660554261655719
10.28125 2.234311102510202 23.999999999999083 2.2343111029125775 23.99999999311793 0.0007887332867798587
10.34375 2.2356899002239405 23.999999999999076 2.235689903862979 24.000000050310774 0.001083765068175486
10.40625 2.2370475972867867 23.99999999999907 2.237047599594733 24.000000034433096 0.0014692691192730424
10.46875 2.2383791747391752 23.999999999999066 2.238379129724219 23.99999933861644 0.0019661263086395773
10.53125 2.2396789633965115 23.999999999999062 2.239678980166754 24.000001013056764 0.002597839480069819
10.59375 2.240940725192246 23.999999999999055 2.2409409746393 24.000002882738084 0.0033901743036548818
10.65625 2.2421577991887096 23.999999999999048 2.2421577077494033 23.999989809427753 0.004370533653136037
10.71875 2.2433233227867975 23.99999999999904 2.243322096946918 24.000001826432094 0.005567024104157814
10.78125 2.2444305357229153 23.999999999999034 2.244432583272588 24.000032464035918 0.007007185562588836
10.84375 2.245473169734402 23.999999999999034 2.24547423944832 23.99996010201313 0.008716373997397405
10.90625 2.2464459207234952 23.999999999999027 2.2464414331445677 23.99997783555209 0.01071581282047236
10.96875 2.247344992301037 23.99999999999902 2.247350513641026 24.00010491025999 0.013020359959317548
11.03125 2.2481686920740156 23.999999999999012 2.2481763640213375 23.99997096199241 0.01563607359493098
11.09375 2.2489180525150125 23.999999999999005 2.2489136270815813 23.99991619655297 0.01855769747427637
11.15625 2.2495974447396003 23.99999999999899 2.2496059912586475 24.000131970285207 0.021766223390745052
11.21875 2.2502151449870995 23.99999999999899 2.2502325723018295 24.000122175309286 0.02522671991030791
11.28125 2.250783822226979 23.99999999999898 2.2507917551321395 23.99995415197211 0.028886638374096246
11.34375 2.251320887467563 23.99999999999898 2.251328902676201 24.00002015609637 0.03267481533066286
11.40625 2.251848606247263 23.99999999999898 2.2518712528623697 24.000170076816477 0.036501381084238345
11.46875 2.2523936232878867 23.999999999998977 2.2524222126802664 24.000210649212235 0.04025875432072879
11.53125 2.2529859362026587 23.99999999999897 2.2530177000926352 24.000177973552873 0.043823851741497465
11.59375 2.253657927305995 23.999999999998977 2.2536936825878033 24.000165978791635 0.04706157029590306
11.65625 2.2544435287277658 23.99999999999897 2.254487505656115 24.00023456583069 0.04982951126378543
11.71875 2.2553771859290457 23.99999999999897 2.2554342934133276 24.000344142034816 0.051983815731628635
11.78125 2.256492475121261 23.999999999998884 2.2565602828415967 24.000425412334685 0.05338587762874967
11.84375 2.257820457564458 23.99999999999924 2.2578977827891906 24.000472123997323 0.053909602651500035
11.90625 2.259387924953117 23.999999999998863 2.259475059179546 24.00050658827502 0.053448799007006796
11.96875 2.261215681862073 23.999999999997822 2.2613143521836 24.000567341172214 0.05192422853819394
12.03125 2.2633169889927043 23.99999999999823 2.263431289685292 24.000668958090188 0.04928982261350742
12.09375 2.2656962733583126 23.999999999690637 2.2658254526538384 24.000767767397043 0.04553758186163458
12.15625 2.268348198018963 24.000000005086974 2.2684883489849783 24.00083624650162 0.040700734725941205
12.21875 2.271257162436364 23.999999977184167 2.2714047655618934 24.000874254442593 0.034854825297487284
12.28125 2.274397319720059 23.99999991355071 2.274549924117754 24.000894858300803 0.028116530264597768
12.34375 2.2777331650018358 24.00000109817355 2.277889328368603 24.000913525734347 0.0206401586194423
12.40625 2.28122031508788 23.99999771110882 2.2813796059370457 24.00093623270082 0.012611953511883283
12.46875 2.2848067912463694 23.999994670412107 2.2849686609896924 24.000946910184524 0.004242479026349397
12.53125 2.2884393372300633 24.000028291319907 2.288600850062915 24.000962528689087 -0.004242479026349397
12.59375 2.292057143903214 23.999959894332964 2.2922216470798498 24.000973994633327 -0.012611953511883283
12.65625 2.295587975523088 23.999984597594192 2.29575905295643 24.000881748045842 -0.0206401586194423
12.71875 2.2990204179103726 24.00016334571899 2.299168692156634 24.001097753361293 -0.028116530264597768
12.78125 2.3022424267426436 23.99970748726465 2.3024280081996804 24.000941206149356 -0.034854825297487284
12.84375 2.3052187438798537 24.000103880323437 2.305381171259139 24.000654319120283 -0.040700734725941205
12.90625 2.3080438711012645 24.00041724476989 2.308164038271846 24.001525601812585 -0.04553758186163458
12.96875 2.3104519879685714 23.999203955935403 2.3106717735639 24.000650676398685 -0.04928982261350742
13.03125 2.3125967013293276 24.000227398184975 2.3127268707769257 24.000282866112208 -0.05192422853819394
13.09375 2.3145913518636387 24.000738075903364 2.314694165813964 24.001814449819264 -0.053448799007006796
13.15625 2.3160947921587947 23.99897834195078 2.3163395338141544 24.000836060973704 -0.053909602651500035
13.21875 2.3173843588129146 23.999908124786224 2.317517310234706 23.999778335012387 -0.05338587762874967
13.28125 2.3185853060184005 24.000864674797903 2.3186554630678256 24.001271111043252 -0.051983815731628635
13.34375 2.3194403498502454 23.99951750930022 2.3196253912136893 24.00161165801581 -0.04982951126378543
13.40625 2.3200812260056756 23.999482618028747 2.3202411516646344 23.999991398889634 -0.04706157029590306
13.46875 2.3207406725699142 24.00034939678151 2.3207961509384085 24.000346786388263 -0.043823851741497465
13.53125 2.321259998705052 24.000364404505483 2.321359550558757 24.001116999530296 -0.04025875432072879
13.59375 2.3216659780346975 23.999724019882887 2.321807625426988 24.001004963746027 -0.036501381084238345
13.65625 2.3220872277657403 23.999720905680693 2.3221629193668236 24.000011275253655 -0.03267481533066286
13.71875 2.3225509575083305 24.00001549575257 2.3225759493124833 23.999801141833665 -0.028886638374096246
13.78125 2.3230414872141774 24.00019302100553 2.3230664307848103 24.00017521074324 -0.02522671991030791
13.84375 2.3235758024753714 24.00015299395062 2.3236256899755534 24.000584576952225 -0.021766223390745052
13.90625 2.3241649790304963 23.999952956830818 2.324232450963758 24.000769018182627 -0.01855769747427637
13.96875 2.3248354749102256 23.99983480474753 2.324908162745033 24.00062686799054 -0.01563607359493098
14.03125 2.3255960804526774 23.999902743581213 2.3256401781911653 24.000214251839875 -0.013020359959317548
14.09375 2.3264494724055895 24.00005621033242 2.3264673519923313 23.999964957872002 -0.01071581282047236
14.15625 2.3273797573503527 24.000123956309153 2.3273930919478087 24.000082895006663 -0.008716373997397405
14.21875 2.328383934304361 24.00004771151375 2.3284203709176254 24.00041560764827 -0.007007185562588836
14.28125 2.32945295879426 23.999922212361636 2.3295126616392543 24.000634803747147 -0.005567024104157814
14.34375 2.330596625705459 23.999905865435068 2.330661759266226 24.00062878910868 -0.004370533653136037
14.40625 2.331804842844515 23.999998928295028 2.3318536338825337 24.000409580175486 -0.0033901743036548818
14.46875 2.333066020955116 24.000077118225114 2.3330953417596954 24.000230781173205 -0.002597839480069819
14.53125 2.3343670166109405 24.000052699650986 2.3343890367608218 24.000188223248564 -0.0019661263086395773
14.59375 2.3356993700013127 23.999967630691103 2.3357230355893916 24.00019320312081 -0.0014692691192730424
14.65625 2.3370661967266724 23.999942033719904 2.3370832785327034 24.00011299532383 -0.001083765068175486
14.71875 2.3384624077073464 23.999998995938313 2.3384637892427835 23.999998176203164 -0.0007887332867798587
14.78125 2.339880947050926 24.00005097518325 2.339872049787047 23.999974467394615 -0.0005660554261655719
14.84375 2.3413122667531066 24.00003019677985 2.341304348585581 24.000079075986413 -0.00040034694173355593
14.90625 2.3427519442383145 23.999971638552374 2.3427535175746117 24.000161386675266 -0.00027880609774585296
14.96875 2.3442043486233013 23.999959710246248 2.3442066598939246 24.000083286332952 -0.0001909826458667602
15.03125 2.3456673781929216 24.000002114608158 2.345657660764701 23.999928737289743 -0.00012850154243721726
15.09375 2.347136508326983 24.000032407698477 2.3471238217793666 23.999899363281386 -8.47698499292316e-05
15.15625 2.348607578957594 24.000012149890036 2.3486032524840015 24.00004181622979 -5.468784914051539e-05
15.21875 2.35007916938335 23.999975220799023 2.3500925011810763 24.000203099039595 -3.437888657929601e-05
15.28125 2.3515556898281993 23.999975245879 2.3515743865696566 24.00024787792962 -2.0946912307718176e-05
15.34375 2.3530360937367396 24.000005098815965 2.353050440219441 24.000141255070545 -1.2266172538001058e-05
15.40625 2.3545173221133937 24.000020862150528 2.354519736228971 24.00000885151598 -6.804120370200431e-06
15.46875 2.355998283719423 24.000007506187636 2.3559969930679276 23.999969209396927 -3.4762149433038535e-06
15.53125 2.3574790197980198 23.999989724248373 2.357478781629305 24.0000309128431 -1.529753980297915e-06
15.59375 2.3589618316926235 23.99999400371998 2.3589672518773526 24.000119688417577 -4.530603240697041e-07
15.65625 2.360446378412847 24.000009711624596 2.3604520418005883 24.000154896563494 9.39506915416835e-08
15.71875 2.3619307567171393 24.00001266603849 2.3619349561419183 24.00011290136357 3.31716640591852e-07
15.78125 2.363414771017553 24.000000844456032 2.363412740951735 24.000029642127657 3.990616064219827e-07
15.84375 2.364899301730707 23.999992512348648 2.3648928176261297 23.999955921345407 3.8044437996817056e-07
15.90625 2.3663850923156535 23.99999632555202 2.3663757860464685 23.999904177421556 3.250483311046408e-07
15.96875 2.367871715187107 24.00000286357403 2.367861621067856 23.99991198115847 2.598462797269504e-07
16.03125 2.369358343574156 24.000001354902857 2.3693528604549963 23.999976591555452 1.9832055356516146e-07
16.09375 2.3708450631646043 23.999994523111173 2.370842627547105 24.000002420671994 1.461246173463636e-07
16.15625 2.372332552630933 23.999991560290535 2.372328602870044 23.999947754279333 1.046450073705699e-07
16.21875 2.3738209517694715 23.999994867350097 2.3738134620053057 23.99993274833811 7.315960195901896e-08
16.28125 2.375310013068262 23.999999673264995 2.375308570176119 24.00005501012447 5.00844594839887e-08
16.34375 2.376799398375644 24.00000182568256 2.376806047065107 24.000142262637894 3.364810060345147e-08
16.40625 2.3782891664629298 24.00000200190374 2.3782935117994866 23.999983277351916 2.2220023413817202e-08
16.46875 2.3797794707150786 24.00000250648759 2.3797558932638414 23.999639949884774 1.444062428085364e-08
16.53125 2.3812703552383043 24.000003833261815 2.381229515327575 23.999394928929963 9.244758734380355e-09
16.59375 2.3827617382463546 24.000004729367408 2.382717015864829 23.999419005305647 5.834394601838469e-09
16.65625 2.384253561090534 24.000004320439654 2.384225863376069 23.9996922339561 3.631974219148933e-09
16.71875 2.385745843114226 24.000002891331015 2.385739256135969 23.999957836528004 2.2312156971162697e-09
16.78125 2.387238628225906 24.000001048345386 2.3872410169116973 24.000097671703543 1.3531848884076558e-09
16.84375 2.3887319348703597 23.99999900937265 2.3887359671780195 24.000073875429578 8.10442429110603e-10
16.90625 2.390225772509365 23.999996886529956 2.390223953293933 23.999977598955212 4.794494381885033e-10
16.96875 2.391720173674326 23.999995142287318 2.3917179511906737 23.99996711505967 2.8022250166414554e-10
17.03125 2.393215182380909 23.9999944136688 2.3932147720497463 23.99993412828838 1.6183318890323987e-10
17.09375 2.3947108185283676 23.99999496537091 2.3946961220488845 23.99970077450377 9.236014962645237e-11
17.15625 2.3962070649191256 23.999996484237258 2.396173094512643 23.999457302131958 5.2093915604236066e-11
17.21875 2.3977038874267107 23.99999843386339 2.397665581687831 23.999576455712052 2.9039792611471703e-11
17.28125 2.3992012646914276 24.00000047646764 2.3991976189760593 24.000055439887603 1.5999612188650176e-11
17.34375 2.4006991909126807 24.000002493955247 2.40073356369348 24.000530749095514 8.71217953361179e-12
17.40625 2.4021976579290136 24.00000433125378 2.402255673489318 24.000903821160918 4.688392804143842e-12
17.46875 2.40369664376081 24.000005628982606 2.4037635729925113 24.00101682863223 2.4932458599455e-12
17.53125 2.4051961198023477 24.000005924617163 2.4052478238197246 24.000555537043134 1.3100830926616375e-12
17.59375 2.4066960689826256 24.00000493194488 2.4066886503893574 23.99982609582824 6.800747887373828e-13
17.65625 2.408196500465348 24.00000277319849 2.408169653160869 23.999570026028678 3.4869878558211256e-13
17.71875 2.4096974515308522 23.99999996947218 2.409679352672706 23.9999631453429 1.765504987103273e-13
17.78125 2.41119897233533 23.999997211029534 2.411236520586766 24.000605012590327 8.824162729183831e-14
17.84375 2.412701106235502 23.99999510809242 2.4127777643995296 24.00114348381858 4.352028380639294e-14
17.90625 2.414203879705582 23.99999403320516 2.414306837371803 24.001554117023716 2.1169426434468405e-14
17.96875 2.415707300753027 23.99999406927659 2.4158191938104885 24.001649797611503 1.0149798143363878e-14
18.03125 2.4172113632050385 23.99999507906765 2.4173047047821896 24.001138279304676 4.7928992723670935e-15
18.09375 2.4187160547863598 23.999996842953365 2.4187386988309507 24.00027158607309 2.226894517287864e-15
18.15625 2.420221362487454 23.999999136318415 2.4201851866443436 23.999473195252733 1.0167180356264946e-15
18.21875 2.4217272702335837 24.000001689677433 2.421641517392707 23.998741494413796 4.553629995606369e-16
18.28125 2.4232337535042445 24.000004110047968 2.4231085690923058 23.998121676408 1.996000429606432e-16
18.34375 2.424740779558663 24.000005879080934 2.4245955595277837 23.99777150152243 8.534713940380537e-17
18.40625 2.4262483168136693 24.000006483716565 2.4260990516705983 23.997904470712022 3.5429167569282213e-17
18.46875 2.4277563490490857 24.000005646922855 2.4276413853935725 23.998377366999517 1.4172635144106045e-17
18.53125 2.4292648869447158 24.00000351704017 2.429183122729765 23.998807726604266 5.395897040893431e-18
18.59375 2.4307739690650965 24.00000063427396 2.4307165288605757 23.99917035787395 1.9104035673239254e-18
18.65625 2.4322836461338184 23.99999769045203 2.4322417981195676 23.99942625382341 5.9727403593566045e-19
18.71875 2.433793962043512 23.99999529541252 2.4337564917635337 23.99937934971798 1.4017862304362418e-19
18.78125 2.435304945919188 23.999993856400632 2.4352415084207664 23.99896409824468 1.9289258172990763e-21
18.84375 2.436816611700523 23.999993546955526 2.4367242221435177 23.998581055594624 -2.740528868930065e-20
18.90625 2.4383289606420395 23.99999434186192 2.438229494092108 23.998513635135318 -2.5051785044004933e-20
18.96875 2.4398419848232376 23.999996081712748 2.4397538245375845 23.998796596645054 -1.683955802877859e-20
19.03125 2.4413556692937433 23.99999851026384 2.4412892339386714 23.999077728219724 -9.944158298563714e-21
19.09375 2.442869991628652 24.00000126661702 2.442806604355538 23.998965574995935 -5.44950890910029e-21
19.15625 2.444384921535036 24.000003876188412 2.444284542853311 23.998439805417835 -2.839370569031387e-21
19.21875 2.4459004246310325 24.000005797337945 2.4457772051833238 23.998127868088446 -1.4247827369012723e-21
19.28125 2.44741647144961 24.000006549494028 2.447292366075438 23.99838000799719 -6.938397225712931e-22
19.34375 2.4489330485276173 24.00000589781938 2.4488586282342606 23.998988201834045 -3.2952537647922248e-22
19.40625 2.4504501667339227 24.000003989013372 2.450419105751254 23.999544227457463 -1.5314050791412638e-22
19.46875 2.4519678609843334 24.000001307218305 2.4519641296417607 23.999971676727228 -6.980618709954213e-23
19.53125 2.4534861771991987 23.99999847429841 2.453491340147372 24.000069936767556 -3.1264914036512736e-23
19.59375 2.4550051570398317 23.99999606157804 2.4549873925662 23.999500328957136 -1.3776866515677294e-23
19.65625 2.4565248310403924 23.99999449076236 2.456432064360813 23.99859294987654 -5.97877898615881e-24
19.71875 2.458045217164465 23.999993994491234 2.4579129435705562 23.997994140401136 -2.557329998052712e-24
19.78125 2.4595663209147407 23.999994611135435 2.459425626042757 23.99794725174206 -1.0788108353212093e-24
19.84375 2.4610881361125982 23.999996204073014 2.4609701268942024 23.99840796053556 -4.490611845317189e-25
19.90625 2.462610646293985 23.999998492449564 2.4625377651000235 23.99894977352988 -1.8451945242224962e-25
19.96875 2.4641338267720845 24.000001082299658 2.464092002577318 23.999395560988688 -7.486792811960278e-26
20.03125 2.46565764764018 24.000003503337584 2.4656430485863923 23.99979578677748 -3.0004004484834847e-26
20.09375 2.4671820786025287 24.000005271845033 2.467192360030605 24.000158601997175 -1.1879054274809626e-26
20.15625 2.4687070960283983 24.000005995038514 2.468738376714889 24.00046840786671 -4.64700787456371e-27
20.21875 2.4702326906596017 24.000005499303857 2.4702777041810426 24.000688864219335 -1.796412949920961e-27
20.28125 2.471758872863924 24.0000039120647 2.471808328070681 24.00074067380057 -6.863046828850996e-28
20.34375 2.4732856714862645 24.000001621310602 2.473328099539877 24.000540111814367 -2.5913628227116674e-28
20.40625 2.4748131245701916 23.9999991346174 2.474830516764716 24.00024118991143 -9.670497416647311e-29
20.46875 2.476341268480243 23.999996940160887 2.4763418464176192 24.00000254155961 -3.5667630039506357e-29
20.53125 2.477870131842602 23.999995422046336 2.4778593131123783 23.999825160119975 -1.3001294525565887e-29
20.59375 2.479399733163792 23.99999481540376 2.4793834755511197 23.999732916436088 -4.683320222460584e-30
20.65625 2.4809300797867087 23.99999518485732 2.480912703479232 23.999769580828897 -1.666974471735266e-30
20.71875 2.48246116775137 23.999996426034784 2.4824533322629874 23.99990196032156 -5.862031322215626e-31
20.78125 2.4839929830200527 23.999998291508312 2.4839941994047128 24.000018999107013 -2.0362389514835817e-31
20.84375 2.485525504312978 24.0000004339722 2.4855320069777393 24.000100636508055 -6.984994830761698e-32
20.90625 2.487058707025546 24.000002457914334 2.487067234349261 24.000138009038466 -2.3655346031470872e-32
20.96875 2.488592567752086 24.00000398079164 2.4886012021463295 24.00011417070899 -7.905978888239404e-33
21.03125 2.490127069290647 24.000004707687175 2.4901306318067635 24.00004826341857 -2.6064103442825064e-33
21.09375 2.491662205370975 24.000004507347914 2.491661552281604 23.999992636259986 -8.471067439974588e-34
21.15625 2.4931979834258478 24.000003454191308 2.4931949511601146 23.9999556554098 -2.712213722730896e-34
21.21875 2.4947344234936613 24.000001803317286 2.4947305713263432 23.999940659164906 -8.54664587042569e-35
21.28125 2.4962715528934774 23.99999990927571 2.4962678725167335 23.999951406735992 -2.64747034316652e-35
21.34375 2.4978093995852118 23.999998136212373 2.4978077727606967 23.999976505200227 -8.049000674182709e-36
21.40625 2.4993479874155833 23.999996792169807 2.4993479455226253 23.99999685058434 -2.3966218722471593e-36
21.46875 2.500887333540874 23.999996088517385 2.500888224775222 24.000010025041277 -6.968045095399668e-37
21.53125 2.5024274470668857 23.99999611678163 2.5024287683038655 24.000016225179884 -1.9697195541396117e-37
21.59375 2.503968328540549 23.999996841510686 2.503969650210031 24.000016259532437 -5.378068716624702e-38
21.65625 2.5055099705177257 23.999998111765425 2.5055109658638113 24.00001257225731 -1.403178566439546e-38
21.71875 2.5070523594382434 23.999999690376278 2.5070529289516603 24.000008107725247 -3.4311887634935694e-39
21.78125 2.508595478550828 24.000001294913623 2.508595673927691 24.00000433191421 -7.548951878250107e-40
21.84375 2.510139311290321 24.000002644250603 2.510139216314471 24.000001507666838 -1.333693151761316e-40
21.90625 2.511683844618275 24.000003506832687 2.5116835462009917 23.999999462136905 -9.4571499118777e-42
21.96875 2.51322907189331 24.000003744451327 2.5132286501531866 23.9999979464457 6.897034062129024e-42
22.03125 2.5147749946536218 24.000003339534707 2.5147745226024742 23.999996836836264 5.085290221773357e-42
22.09375 2.5163216226499543 24.000002393876244 2.516321169162898 23.999996173857966 2.4351720591234945e-42
22.15625 2.517868971934041 24.000001098418938 2.517868601339627 23.999996082307128 9.974387744360698e-43
22.21875 2.519417061745199 23.999999688435523 2.519416828686964 23.99999665726587 3.7532028244107754e-43
22.28125 2.5209659114395566 23.9999984008426 2.520965852898825 23.999997877946303 1.3361689566318357e-43
22.34375 2.5225155381398983 23.999997440688226 2.52251566567684 23.999999579548497 4.568647830048834e-44
22.40625 2.524065955021981 23.999996955463583 2.524066250580617 24.000001482599806 1.5134271734381545e-44
22.46875 2.5256171700263854 23.999997015494607 2.525617587534787 24.000003255572953 4.88392660333133e-45
22.53125 2.527169185076241 23.99999760271805 2.5271696578924288 24.00000458486783 1.541032557512438e-45
22.59375 2.528721996116464 23.999998612499304 2.528722448725718 24.000005238299046 4.766666883297355e-46
22.65625 2.5302755942093107 23.99999987050377 2.5302759558053953 24.00000511214413 1.4480961508257759e-46
22.71875 2.5318299675472877 24.000001161413756 2.5318301847166547 24.000004247542094 4.3268626815565847e-47
22.78125 2.5333851039289517 24.00000226364754 2.533385149563594 24.00000280744549 1.2729509522619648e-47
22.84375 2.5349409932508715 24.00000298513036 2.534940869565767 24.00000102529372 3.6904479413849395e-48
22.90625 2.5364976297077355 24.000003195997174 2.5364973651312446 23.999999150559276 1.0550291032482932e-48
22.96875 2.5380550134087216 24.000002852830264 2.5380546549676493 23.999997408969968 2.9757630384972538e-49
23.03125 2.5396131510633646 24.000002008052203 2.5396127545385503 23.999995979827162 8.284492655247021e-50
23.09375 2.541172055472451 24.00000080109613 2.541171675420687 23.999994985632416 2.277278377096913e-50
23.15625 2.5427317438912693 23.99999943427619 2.542731425181787 23.999994489801075 6.182563431609285e-51
23.21875 2.544292235699936 23.999998140177873 2.544292007639465 23.999994500596834 1.6581299923453183e-51
23.28125 2.5458535498444665 23.99999714577315 2.5458534234688956 23.999994980467317 4.393804720150234e-52
23.34375 2.5474157022892086 23.999996635414526 2.547415671072213 23.999995859035973 1.1505138179815468e-52
23.40625 2.548978703668969 23.999996715676136 2.548978747484961 23.999997046253952 2.977231559962374e-53
23.46875 2.550542557535609 23.999997389496485 2.5505426490320184 23.99999844171424 7.614287154550369e-54
23.53125 2.5521072597841283 23.999998549400296 2.5521073715673572 23.99999993801144 1.9246606613016414e-54
23.59375 2.5536727996926776 23.999999994323538 2.5536729103917617 24.000001419562096 4.808243216412138e-55
23.65625 2.5552391624149258 24.000001465057835 2.5552392601779093 24.000002761551826 1.1871666588356863e-55
23.71875 2.5568063322354546 24.000002689109017 2.5568064153075603 24.000003834703428 2.896688398352563e-56
23.78125 2.5583742959366433 24.00000342866165 2.558374370842769 24.000004519373608 6.98415315449243e-57
23.84375 2.559943045941924 24.00000352725955 2.5599431240545965 24.00000472757418 1.6637515850317588e-57
23.90625 2.561512582715552 24.00000294676103 2.5615126759433817 24.00000442589935 3.9151515696813544e-58
23.96875 2.563082915991288 24.000001781731946 2.5630830323453075 24.00000364934273 9.099039886941364e-59
24.03125 2.5646540635320023 24.00000024347024 2.5646542034605435 24.000002498744017 2.0878823025968615e-59
24.09375 2.5662260492485656 23.999998619292867 2.56622620354826 24.000001122508493 4.7285315304742537e-60
24.15625 2.5677988968527266 23.999997220210552 2.567799046573886 23.999999690599438 1.0564902049433007e-60
24.21875 2.569372632628241 23.999996325564993 2.569372751185403 23.999998370083365 2.3274779481577778e-61
24.28125 2.570947263783381 23.99999612824846 2.5709473215015386 23.999997307559653 5.052285490132954e-62
24.34375 2.5725228235747624 23.99999668871827 2.5725227944885685 23.99999661805186 1.0796763064909657e-62
24.40625 2.574099240997797 23.999997914220927 2.5740991106731324 23.999996377822754 2.2689000963112057e-63
24.46875 2.575676686172857 23.999999574293014 2.575676458292456 23.999996616166424 4.681823820360618e-64
24.53125 2.577254651485793 24.00000134979668 2.5772543502850422 23.99999730774019 9.467542854033363e-65
24.59375 2.578834424405673 24.0000028893935 2.578834092948881 23.999998368524057 1.8711212490761638e-65
24.65625 2.5804124886399333 24.000003886756016 2.580412180484057 23.999999646504442 3.6001438242163e-66
24.71875 2.581998221164996 24.000004100843967 2.5819979957794423 24.000000988445393 6.704319663991951e-67
24.78125 2.583566664021175 24.000003514206863 2.583566560019967 24.000002066855977 1.1971437942926539e-67
24.84375 2.5851861222485617 24.000002251961675 2.585186148429557 24.000003022262845 2.0164329257222074e-68
24.90625 2.5866809928628185 24.000000171961105 2.58668129650521 24.000003246082443 3.10028924768748e-69
24.96875 2.5891173980648254 23.99999784261914 2.589117736337238 24.000002499254386 4.003793457677204e-70
