0.125 2.0 0.0 4.8485480920855295 23.98527897903613 -8.023378137447364e-69
0.375 2.0 0.0 4.844540328964452 23.986627612562135 -8.237583357394523e-66
0.625 2.0 0.0 4.840623726326531 23.986920561693566 -4.960217038783217e-63
0.875 2.0 0.0 4.836725787774492 23.986967303689475 -2.2389513277987053e-60
1.125 2.0 0.0 4.832814302847483 23.986971704134735 -8.083295968589929e-58
1.375 2.0 0.0 4.8288855443278385 23.98696516967661 -2.3927033740792414e-55
1.625 2.0 0.0 4.824933965455883 23.986960954554586 -5.861267598663116e-53
1.875 2.0 0.0 4.8209614420030595 23.986955510907976 -1.1883943908134718e-50
2.125 2.0 0.0 4.816966895779104 23.986950429097718 -1.976589158084722e-48
2.375 2.0 0.0 4.8129503126497655 23.986945158568574 -2.632942317395744e-46
2.625 2.0 0.0 4.8089112566358425 23.986939915906135 -2.638888646042497e-44
2.875 2.0 0.0 4.804849437854733 23.986934621721716 -1.5796414191572262e-42
3.125 2.0 0.0 4.800764500133598 23.986929305575266 4.567817789604015e-41
3.375 2.0 0.0 4.796656100642998 23.986923955877906 2.7652750956800404e-38
3.625 2.0 0.0 4.792523879628743 23.98691857634832 4.404258009248603e-36
3.875 2.0 0.0 4.788367471369597 23.986913164945367 4.802503147034089e-34
4.125 2.0 0.0 4.784186499623917 23.986907721763277 4.0714940949284585e-32
4.375 2.0 0.0 4.779980578882258 23.986902246078717 2.798298194819873e-30
4.625 2.0 0.0 4.775749313416968 23.986896737456316 1.5853487713817023e-28
4.875 2.0 0.0 4.771492297136996 23.98689119533433 7.44089836681967e-27
5.125 2.0 0.0 4.767209113116298 23.98688561918003 2.8831502816409013e-25
5.375 2.0 0.0 4.762899333219449 23.986880008429175 9.092577194644609e-24
5.625 2.0 0.0 4.758562517664533 23.986874362513294 2.252142269674823e-22
5.875 2.0 0.0 4.754198214579631 23.986868680834856 3.954656992153136e-21
6.125 2.0 0.0 4.749805959536056 23.986862962813582 2.789761923259548e-20
6.375 2.0 0.0 4.74538527504639 23.98685720776594 -1.0909101867037715e-18
6.625 2.0 0.0 4.740935670074262 23.9868514152272 -5.5213930824722155e-17
6.875 1.9999999999999984 0.0 4.736456639415248 23.986845584076875 -1.5081395283077498e-15
7.125 1.9999999999999696 0.0 4.73194766332432 23.98683971491524 -3.0406459207729985e-14
7.375 1.9999999999995122 0.0 4.727408206350409 23.986833803645972 -4.87731075149774e-13
7.625 1.9999999999935993 0.0 4.722837718117787 23.986827859068125 -6.400550420574792e-12
7.875 1.9999999999305338 0.0 4.718235628232127 23.986821855987113 -6.946621751012237e-11
8.125 1.9999999993756978 0.0 4.713601354662593 23.986815866205408 -6.243021272063907e-10
8.375 1.999999995388953 0.0 4.708934264192844 23.986809717648544 -4.611047172371882e-09
8.625 1.99999997260002 0.0 4.704233721037311 23.986803959491247 -2.7399979986059073e-08
8.875 1.9999998759409225 0.0 4.699498734009126 23.986797389658143 -1.240590773561188e-07
9.125 1.999999644742776 0.0 4.694728572271714 23.986793867366206 -3.552572240524588e-07
9.375 2.0000001294205836 0.0 4.689931403234949 23.986765798578805 1.2942058380315937e-07
9.625 2.000009209599773 0.0 4.685095151190879 23.98681036888388 9.209599773068e-06
9.875 2.0000682906028517 0.0 4.680482010658148 23.986399113985144 6.829060285179713e-05
10.125 2.000334760723519 0.0 4.676024996721231 23.98689375972797 0.00033476072351890226
10.375 2.001263967051447 0.0 4.675053481685775 23.982044064038828 0.0012639670514472895
10.625 2.0038550975507237 0.0 4.673900228928584 23.989636228529648 0.003855097550723615
10.875 2.0096787065010053 0.0 4.682410491034837 23.991988498991983 0.009678706501005496
11.125 2.020127884974914 0.0 4.701254630634102 23.992803254877295 0.02012788497491368
11.375 2.0345896280584306 0.0 4.731347793068185 23.986489886176187 0.03458962805843038
11.625 2.0485132950314933 0.0 4.739666940454112 24.035230541258272 0.0485132950314933
11.875 2.0538079291557834 0.0 4.765332617322342 23.975177023362622 0.053807929155783495
12.125 2.0432510018706274 0.0 4.738542984301907 23.966375380739038 0.0432510018706274
12.375 2.016682344413092 0.0 4.674234295575853 23.971522854049407 0.01668234441309194
12.625 1.983317655586908 0.0 4.587339050052558 23.974303359024656 -0.01668234441309194
12.875 1.9567489981293726 0.0 4.5209983727600385 23.960829197760923 -0.0432510018706274
13.125 1.9461920708442164 0.0 4.488235961739504 23.949782342857233 -0.053807929155783495
13.375 1.9514867049685067 0.0 4.477984284843169 23.991677774386364 -0.0485132950314933
13.625 1.9654103719415696 0.0 4.508631846059557 23.991993231330976 -0.03458962805843038
13.875 1.9798721150250864 0.0 4.541252425776006 23.99257413725298 -0.02012788497491368
14.125 1.9903212934989944 0.0 4.562316500658975 23.992747611355654 -0.009678706501005496
14.375 1.9961449024492763 0.0 4.5711082079244445 23.994043124731 -0.003855097550723615
14.625 1.9987360329485526 0.0 4.575206715459183 23.985504754152373 -0.0012639670514472895
14.875 1.999665239276481 0.0 4.572143824393029 23.9851674956182 -0.00033476072351890226
15.125 1.9999317093971483 0.0 4.566573125945025 23.986229670016026 -6.829060285179713e-05
15.375 1.999990790400227 0.0 4.560723823611444 23.986502756657693 -9.209599773068e-06
15.625 1.9999998705794162 0.0 4.554714029412628 23.986581802999574 -1.2942058380315937e-07
15.875 2.000000355257224 0.0 4.548629721011198 23.986596606431412 3.552572240524588e-07
16.125 2.0000001240590772 0.0 4.542480559608276 23.986592747087247 1.240590773561188e-07
16.375 2.00000002739998 0.0 4.536263218783918 23.986584283751867 2.7399979986059073e-08
16.625 2.000000004611047 0.0 4.529972783821603 23.98657648156786 4.611047172371882e-09
16.875 2.000000000624302 0.0 4.523608015535693 23.986568062165524 6.243021272063907e-10
17.125 2.000000000069466 0.0 4.5171659782332725 23.9865597115983 6.946621751012237e-11
17.375 2.0000000000064007 0.0 4.510644264692102 23.986551189762118 6.400550420574792e-12
17.625 2.0000000000004876 0.0 4.504040078808658 23.986542585931197 4.87731075149774e-13
17.875 2.00000000000003 0.0 4.49735056228926 23.98653386110047 3.0406459207729985e-14
18.125 2.0000000000000013 0.0 4.490572649716833 23.986525024633384 1.5081395283077498e-15
18.375 2.0 0.0 4.483703104494301 23.986516067170196 5.5213930824722155e-17
18.625 2.0 0.0 4.476738483345134 23.98650698614765 1.0909101867037715e-18
18.875 2.0 0.0 4.469675125873195 23.986497776030994 -2.789761923259548e-20
19.125 2.0 0.0 4.462509131660544 23.9864884320071 -3.954656992153136e-21
19.375 2.0 0.0 4.455236338949382 23.98647894853586 -2.252142269674823e-22
19.625 2.0 0.0 4.447852299003989 23.986469319861854 -9.092577194644609e-24
19.875 2.0 0.0 4.4403522478609085 23.986459539770287 -2.8831502816409013e-25
20.125 2.0 0.0 4.432731074125816 23.986449601625896 -7.44089836681967e-27
20.375 2.0 0.0 4.424983282524257 23.986439498294658 -1.5853487713817023e-28
20.625 2.0 0.0 4.417102952344916 23.986429222103382 -2.798298194819873e-30
20.875 2.0 0.0 4.4090836899336665 23.98641876476803 -4.0714940949284585e-32
21.125 2.0 0.0 4.400918574140929 23.98640811733781 -4.802503147034089e-34
21.375 2.0 0.0 4.392600093405796 23.98639727007356 -4.404258009248603e-36
21.625 2.0 0.0 4.384120072864628 23.986386212457504 -2.7652750956800404e-38
21.875 2.0 0.0 4.375469589444672 23.98637493279226 -4.567817789604015e-41
22.125 2.0 0.0 4.366638872529194 23.986363418870162 1.5796414191572262e-42
22.375 2.0 0.0 4.357617186812401 23.98635165562067 2.638888646042497e-44
22.625 2.0 0.0 4.3483926939818724 23.98633963102194 2.632942317395744e-46
22.875 2.0 0.0 4.33895228645228 23.9863273191445 1.976589158084722e-48
23.125 2.0 0.0 4.329281390668829 23.986314726656605 1.1883943908134718e-50
23.375 2.0 0.0 4.319363719230332 23.98630176541553 5.861267598663116e-53
23.625 2.0 0.0 4.309180983984198 23.98628861564845 2.3927033740792414e-55
23.875 2.0 0.0 4.298712452922297 23.986274776415527 8.083295968589929e-58
24.125 2.0 0.0 4.287934527716619 23.98626185218468 2.2389513277987053e-60
24.375 2.0 0.0 4.276818681817932 23.986247062190966 4.960217038783217e-63
24.625 2.0 0.0 4.265335955069636 23.98623991409236 8.237583357394523e-66
24.875 2.0 0.0 4.2534502385138175 23.986207932579017 8.023378137447364e-69
