0.125 1.999999999999999 4.42 2.0000046886717033 4.420000009125837 -8.023378137447364e-69
0.375 1.999999999999999 4.42 2.000004745236348 4.419999791034554 -8.237583357394523e-66
0.625 1.999999999999999 4.42 2.0000048314571472 4.41999950591692 -4.960217038783217e-63
0.875 1.999999999999999 4.42 2.0000047285455977 4.419999731787356 -2.2389513277987053e-60
1.125 1.999999999999999 4.42 2.0000046061725643 4.420000031333302 -8.083295968589929e-58
1.375 1.999999999999999 4.42 2.000004518528568 4.420000306277501 -2.3927033740792414e-55
1.625 1.999999999999999 4.42 2.0000043738072053 4.420000744423984 -5.861267598663116e-53
1.875 1.999999999999999 4.42 2.000004130356756 4.420001426829912 -1.1883943908134718e-50
2.125 1.999999999999999 4.42 2.000003985168881 4.420001922410007 -1.976589158084722e-48
2.375 1.999999999999999 4.42 2.000004239688375 4.420001479006483 -2.632942317395744e-46
2.625 1.999999999999999 4.42 2.000004812275875 4.420000318765372 -2.638888646042497e-44
2.875 1.999999999999999 4.42 2.0000052235577366 4.419999507989466 -1.5796414191572262e-42
3.125 1.999999999999999 4.42 2.0000052803066604 4.419999420560732 4.567817789604015e-41
3.375 1.999999999999999 4.42 2.000005182582285 4.41999964558509 2.7652750956800404e-38
3.625 1.999999999999999 4.42 2.0000050290386646 4.419999929964408 4.404258009248603e-36
3.875 1.999999999999999 4.42 2.0000047174227666 4.4200005502012285 4.802503147034089e-34
4.125 1.999999999999999 4.42 2.0000042068955337 4.420001533980125 4.0714940949284585e-32
4.375 1.999999999999999 4.42 2.000003877879048 4.420002111697212 2.798298194819873e-30
4.625 1.999999999999999 4.42 2.000004063052059 4.420001520804586 1.5853487713817023e-28
4.875 1.999999999999999 4.42 2.000004430246404 4.420000487196889 7.44089836681967e-27
5.125 1.999999999999999 4.42 2.000004367657829 4.420000412968923 2.8831502816409013e-25
5.375 1.999999999999999 4.42 2.0000039023127263 4.420001184025836 9.092577194644609e-24
5.625 1.999999999999999 4.42 2.000003691466416 4.420001362893685 2.252142269674823e-22
5.875 1.999999999999999 4.42 2.000003925050903 4.420000661975126 3.954656992153136e-21
6.125 1.999999999999999 4.42 2.00000394097811 4.420000334085853 2.789761923259548e-20
6.375 1.999999999999999 4.42 2.000003431539575 4.420001186035527 -1.0909101867037715e-18
6.625 1.999999999999999 4.42 2.0000031833277676 4.420001473231581 -5.5213930824722155e-17
6.875 1.9999999999999991 4.42 2.0000043916854886 4.4199985956989725 -1.5081395283077498e-15
7.125 1.9999999999999607 4.42 2.0000054200832342 4.419996140208385 -3.0406459207729985e-14
7.375 1.9999999999993494 4.42 2.0000046202498005 4.419997774213735 -4.87731075149774e-13
7.625 1.9999999999914786 4.42 2.000003509801431 4.420000188266567 -6.400550420574792e-12
7.875 1.999999999907516 4.42 2.0000042325968077 4.419998633395242 -6.946621751012237e-11
8.125 1.9999999991688338 4.42 2.000005773267553 4.419995290717416 -6.243021272063907e-10
8.375 1.9999999938610729 4.42 2.0000048906523515 4.419997491156523 -4.611047172371882e-09
8.625 1.9999999635209753 4.42 2.0000021346785326 4.4200036204312685 -2.7399979986059073e-08
8.875 1.9999998348336523 4.42 2.0000026350269757 4.420002648339662 -1.240590773561188e-07
9.125 1.999999527027414 4.42 2.000006637185392 4.419992588443247 -3.552572240524588e-07
9.375 2.0000001723043885 4.42 2.000006373457602 4.4199965868439905 1.2942058380315937e-07
9.625 2.000012261184625 4.42 2.0000123338150377 4.420017197707149 9.209599773068e-06
9.875 2.000090916798193 4.42 2.0000915910723798 4.4200238355428105 6.829060285179713e-05
10.125 2.000445635126551 4.42 2.0004509397035823 4.4200208579726965 0.00033476072351890226
10.375 2.001682083101676 4.42 2.001686691687697 4.420022637172579 0.0012639670514472895
10.625 2.00512598540328 4.42 2.005139807861014 4.419987675631328 0.003855097550723615
10.875 2.012845112568688 4.42 2.012870370748672 4.419894339175997 0.009678706501005496
11.125 2.026624222670182 4.42 2.026600184674912 4.420044329062399 0.02012788497491368
11.375 2.0455505747316267 4.42 2.0455403767832907 4.420132389610955 0.03458962805843038
11.625 2.0636233536458644 4.42 2.063649405947693 4.42003453777453 0.0485132950314933
11.875 2.0704590708615243 4.42 2.070330885142316 4.420903954422124 0.053807929155783495
12.125 2.0568096161460683 4.42 2.056884741634108 4.419629529865941 0.0432510018706274
12.375 2.022090566290612 4.42 2.0221095224675087 4.419669924564052 0.01668234441309194
12.625 1.9776640676065038 4.42 1.9777263983781304 4.419744764530993 -0.01668234441309194
12.875 1.941533818670759 4.42 1.9416595026605277 4.419392000197762 -0.0432510018706274
13.125 1.9269696433315944 4.42 1.9269637329370255 4.420328529455438 -0.053807929155783495
13.375 1.934289648496716 4.42 1.934255895137171 4.420187273085441 -0.0485132950314933
13.625 1.9533918901662037 4.42 1.953389589712372 4.420115922529746 -0.03458962805843038
13.875 1.9730184644515014 4.42 1.9730141930180691 4.42004998047575 -0.02012788497491368
14.125 1.9870723380192024 4.42 1.987105752203481 4.419931647521458 -0.009678706501005496
14.375 1.9948609210956887 4.42 1.9948305606814765 4.419985041311779 -0.003855097550723615
14.625 1.9983165094233506 4.42 1.9983178724872774 4.419930694597244 -0.0012639670514472895
14.875 1.9995542661463435 4.42 1.9995014544401835 4.420460475150184 -0.00033476072351890226
15.125 1.9999090790932463 4.42 1.9998989567377725 4.419886550262921 -6.829060285179713e-05
15.375 1.9999877387406584 4.42 1.999968634453889 4.419873317582338 -9.209599773068e-06
15.625 1.9999998276955975 4.42 2.000013927539265 4.420091519419459 -1.2942058380315937e-07
15.875 2.00000047297247 4.42 2.0000205938979354 4.42013616649545 3.552572240524588e-07
16.125 2.0000001651663326 4.42 1.9999945044725838 4.419964678481529 1.240590773561188e-07
16.375 2.000000036479027 4.42 1.9999816516394187 4.419879031574766 2.7399979986059073e-08
16.625 2.0000000061389285 4.42 1.9999975928238882 4.419984489298541 4.611047172371882e-09
16.875 2.000000000831167 4.42 2.0000132726742015 4.420087832140145 6.243021272063907e-10
17.125 2.0000000000924842 4.42 2.000006981302918 4.420045937099042 6.946621751012237e-11
17.375 2.000000000008522 4.42 1.9999925375939294 4.419950040339964 6.400550420574792e-12
17.625 2.0000000000006493 4.42 1.9999928505623994 4.419952275066201 4.87731075149774e-13
17.875 2.0000000000000426 4.42 2.000004004598858 4.420026365193046 3.0406459207729985e-14
18.125 2.000000000000004 4.42 2.0000075324249917 4.420049700134427 1.5081395283077498e-15
18.375 1.999999999999999 4.42 1.999999776976131 4.419997985689328 5.5213930824722155e-17
18.625 1.999999999999999 4.42 1.999993948686738 4.419959067626232 1.0909101867037715e-18
18.875 1.999999999999999 4.42 1.999997453454605 4.419982328730718 -2.789761923259548e-20
19.125 1.999999999999999 4.42 2.0000033751735136 4.420022060599685 -3.954656992153136e-21
19.375 1.999999999999999 4.42 2.0000025223485083 4.420017254606762 -2.252142269674823e-22
19.625 1.999999999999999 4.42 1.9999978260450668 4.4199869698883685 -9.092577194644609e-24
19.875 1.999999999999999 4.42 1.9999969827896042 4.419981939535473 -2.8831502816409013e-25
20.125 1.999999999999999 4.42 2.0000003969080002 4.4200047208449575 -7.44089836681967e-27
20.375 1.999999999999999 4.42 2.0000023561718585 4.42001753012611 -1.5853487713817023e-28
20.625 1.999999999999999 4.42 2.000000297194473 4.42000354782181 -2.798298194819873e-30
20.875 1.999999999999999 4.42 1.99999769400574 4.419985921688735 -4.0714940949284585e-32
21.125 1.999999999999999 4.42 1.9999984007310267 4.419990342184122 -4.802503147034089e-34
21.375 1.999999999999999 4.42 2.0000007707103973 4.4200059714741915 -4.404258009248603e-36
21.625 1.999999999999999 4.42 2.000001256686622 4.420009117865709 -2.7652750956800404e-38
21.875 1.999999999999999 4.42 2.0000000102882582 4.420000477180034 -4.567817789604015e-41
22.125 1.999999999999999 4.42 1.9999994725870105 4.419996183887383 1.5796414191572262e-42
22.375 1.999999999999999 4.42 2.0000002853724412 4.4200008609107275 2.638888646042497e-44
22.625 1.999999999999999 4.42 2.0000009337277462 4.420004740943728 2.632942317395744e-46
22.875 1.999999999999999 4.42 2.0000003250959977 4.420000531837262 1.976589158084722e-48
23.125 1.999999999999999 4.42 1.9999992622330738 4.419993522685479 1.1883943908134718e-50
23.375 1.999999999999999 4.42 1.9999991151685892 4.419993124146923 5.861267598663116e-53
23.625 1.999999999999999 4.42 1.9999996457810518 4.419998137868105 2.3927033740792414e-55
23.875 1.999999999999999 4.42 1.9999997351846184 4.420000765153514 8.083295968589929e-58
24.125 1.999999999999999 4.42 1.999999469758873 4.4199999505343 2.2389513277987053e-60
24.375 1.999999999999999 4.42 1.9999996595666005 4.419999846355587 4.960217038783217e-63
24.625 1.999999999999999 4.42 2.0000005951114215 4.420003250847689 8.237583357394523e-66
24.875 1.999999999999999 4.42 2.000000636633929 4.420004912157211 8.023378137447364e-69
